"No.","Time","Source","Destination","Protocol","Length","Info"
"2655","13.086279703","192.168.15.4","192.168.15.3","MQTT","90","Connect Command"
"2656","13.086414638","192.168.15.4","192.168.15.3","MQTT","68","Disconnect Req"
"2661","13.089032002","192.168.15.4","192.168.15.3","MQTT","90","Connect Command"
"2662","13.089284649","192.168.15.3","192.168.15.4","MQTT","70","Connect Ack"
"2667","13.091416667","192.168.15.4","192.168.15.3","MQTT","97","Publish Message (id=1) [Deviceb'Device - 2']"
"2668","13.091873009","192.168.15.3","192.168.15.4","MQTT","70","Connect Ack"
"2671","13.094316785","192.168.15.3","192.168.15.4","MQTT","70","Publish Ack (id=1)"
"2673","13.094756285","192.168.15.4","192.168.15.3","MQTT","68","Disconnect Req"
"2685","14.098085132","192.168.15.4","192.168.15.3","MQTT","90","Connect Command"
"2687","14.101079278","192.168.15.4","192.168.15.3","MQTT","97","Publish Message (id=2) [Deviceb'Device - 2']"
"2688","14.101536883","192.168.15.3","192.168.15.4","MQTT","70","Connect Ack"
"2691","14.103963587","192.168.15.3","192.168.15.4","MQTT","70","Publish Ack (id=2)"
"2693","14.104349175","192.168.15.4","192.168.15.3","MQTT","68","Disconnect Req"
"2709","15.107728041","192.168.15.4","192.168.15.3","MQTT","90","Connect Command"
"2711","15.110691169","192.168.15.4","192.168.15.3","MQTT","97","Publish Message (id=3) [Deviceb'Device - 2']"
"2712","15.111178890","192.168.15.3","192.168.15.4","MQTT","70","Connect Ack"
"2715","15.113950255","192.168.15.3","192.168.15.4","MQTT","70","Publish Ack (id=3)"
"2717","15.114272504","192.168.15.4","192.168.15.3","MQTT","68","Disconnect Req"
"2729","16.118379178","192.168.15.4","192.168.15.3","MQTT","90","Connect Command"
"2731","16.122623145","192.168.15.4","192.168.15.3","MQTT","97","Publish Message (id=4) [Deviceb'Device - 2']"
"2732","16.122979188","192.168.15.3","192.168.15.4","MQTT","70","Connect Ack"
"2735","16.125457980","192.168.15.3","192.168.15.4","MQTT","70","Publish Ack (id=4)"
"2737","16.125822188","192.168.15.4","192.168.15.3","MQTT","68","Disconnect Req"
"2765","17.129437848","192.168.15.4","192.168.15.3","MQTT","90","Connect Command"
"2767","17.132463623","192.168.15.4","192.168.15.3","MQTT","97","Publish Message (id=5) [Deviceb'Device - 2']"
"2768","17.132942819","192.168.15.3","192.168.15.4","MQTT","70","Connect Ack"
"2771","17.135337392","192.168.15.3","192.168.15.4","MQTT","70","Publish Ack (id=5)"
"2773","17.136104411","192.168.15.4","192.168.15.3","MQTT","68","Disconnect Req"
"2789","18.140313034","192.168.15.4","192.168.15.3","MQTT","90","Connect Command"
"2791","18.143137781","192.168.15.4","192.168.15.3","MQTT","97","Publish Message (id=6) [Deviceb'Device - 2']"
"2793","18.147600060","192.168.15.3","192.168.15.4","MQTT","70","Connect Ack"
"2795","18.150028227","192.168.15.3","192.168.15.4","MQTT","70","Publish Ack (id=6)"
"2797","18.150400580","192.168.15.4","192.168.15.3","MQTT","68","Disconnect Req"
"2813","19.154186637","192.168.15.4","192.168.15.3","MQTT","90","Connect Command"
"2815","19.157175673","192.168.15.4","192.168.15.3","MQTT","97","Publish Message (id=7) [Deviceb'Device - 2']"
"2816","19.157650970","192.168.15.3","192.168.15.4","MQTT","70","Connect Ack"
"2819","19.159944213","192.168.15.3","192.168.15.4","MQTT","70","Publish Ack (id=7)"
"2821","19.160646990","192.168.15.4","192.168.15.3","MQTT","68","Disconnect Req"
"2833","20.164897411","192.168.15.4","192.168.15.3","MQTT","90","Connect Command"
"2835","20.167872841","192.168.15.4","192.168.15.3","MQTT","97","Publish Message (id=8) [Deviceb'Device - 2']"
"2836","20.168340925","192.168.15.3","192.168.15.4","MQTT","70","Connect Ack"
"2839","20.170829577","192.168.15.3","192.168.15.4","MQTT","70","Publish Ack (id=8)"
"2841","20.171253027","192.168.15.4","192.168.15.3","MQTT","68","Disconnect Req"
"3053","21.178878256","192.168.15.4","192.168.15.3","MQTT","90","Connect Command"
"3126","21.185492530","192.168.15.4","192.168.15.3","MQTT","97","Publish Message (id=9) [Deviceb'Device - 2']"
"3138","21.186512537","192.168.15.3","192.168.15.4","MQTT","70","Connect Ack"
"3195","21.191687553","192.168.15.3","192.168.15.4","MQTT","70","Publish Ack (id=9)"
"3203","21.192304398","192.168.15.4","192.168.15.3","MQTT","68","Disconnect Req"
"4214","22.195704450","192.168.15.4","192.168.15.3","MQTT","90","Connect Command"
"4216","22.198735857","192.168.15.4","192.168.15.3","MQTT","97","Publish Message (id=10) [Deviceb'Device - 2']"
"4217","22.199296926","192.168.15.3","192.168.15.4","MQTT","70","Connect Ack"
"4220","22.201543961","192.168.15.3","192.168.15.4","MQTT","70","Publish Ack (id=10)"
"4222","22.201949076","192.168.15.4","192.168.15.3","MQTT","68","Disconnect Req"
"4237","23.205773642","192.168.15.4","192.168.15.3","MQTT","90","Connect Command"
"4239","23.208812913","192.168.15.4","192.168.15.3","MQTT","97","Publish Message (id=11) [Deviceb'Device - 2']"
"4241","23.213258351","192.168.15.3","192.168.15.4","MQTT","70","Connect Ack"
"4243","23.215617878","192.168.15.3","192.168.15.4","MQTT","70","Publish Ack (id=11)"
"4245","23.216058691","192.168.15.4","192.168.15.3","MQTT","68","Disconnect Req"
"4265","24.220315415","192.168.15.4","192.168.15.3","MQTT","90","Connect Command"
"4267","24.223218179","192.168.15.4","192.168.15.3","MQTT","97","Publish Message (id=12) [Deviceb'Device - 2']"
"4268","24.223753039","192.168.15.3","192.168.15.4","MQTT","70","Connect Ack"
"4271","24.225994493","192.168.15.3","192.168.15.4","MQTT","70","Publish Ack (id=12)"
"4273","24.226407223","192.168.15.4","192.168.15.3","MQTT","68","Disconnect Req"
"4291","25.231164807","192.168.15.4","192.168.15.3","MQTT","90","Connect Command"
"4293","25.234002968","192.168.15.4","192.168.15.3","MQTT","97","Publish Message (id=13) [Deviceb'Device - 2']"
"4294","25.235180653","192.168.15.3","192.168.15.4","MQTT","70","Connect Ack"
"4297","25.236683913","192.168.15.3","192.168.15.4","MQTT","70","Publish Ack (id=13)"
"4299","25.237387141","192.168.15.4","192.168.15.3","MQTT","68","Disconnect Req"
"4312","26.240909267","192.168.15.4","192.168.15.3","MQTT","90","Connect Command"
"4314","26.243924513","192.168.15.4","192.168.15.3","MQTT","97","Publish Message (id=14) [Deviceb'Device - 2']"
"4315","26.244438715","192.168.15.3","192.168.15.4","MQTT","70","Connect Ack"
"4318","26.246856802","192.168.15.3","192.168.15.4","MQTT","70","Publish Ack (id=14)"
"4320","26.247747405","192.168.15.4","192.168.15.3","MQTT","68","Disconnect Req"
"4332","27.252175676","192.168.15.4","192.168.15.3","MQTT","90","Connect Command"
"4334","27.256328400","192.168.15.4","192.168.15.3","MQTT","97","Publish Message (id=15) [Deviceb'Device - 2']"
"4335","27.256344411","192.168.15.3","192.168.15.4","MQTT","70","Connect Ack"
"4338","27.259179326","192.168.15.3","192.168.15.4","MQTT","70","Publish Ack (id=15)"
"4340","27.259594059","192.168.15.4","192.168.15.3","MQTT","68","Disconnect Req"
"4351","28.263215389","192.168.15.4","192.168.15.3","MQTT","90","Connect Command"
"4353","28.266079199","192.168.15.4","192.168.15.3","MQTT","97","Publish Message (id=16) [Deviceb'Device - 2']"
"4354","28.266808917","192.168.15.3","192.168.15.4","MQTT","70","Connect Ack"
"4357","28.268909566","192.168.15.3","192.168.15.4","MQTT","70","Publish Ack (id=16)"
"4359","28.269546579","192.168.15.4","192.168.15.3","MQTT","68","Disconnect Req"
"4376","29.273303098","192.168.15.4","192.168.15.3","MQTT","90","Connect Command"
"4378","29.276311531","192.168.15.4","192.168.15.3","MQTT","97","Publish Message (id=17) [Deviceb'Device - 2']"
"4379","29.276789774","192.168.15.3","192.168.15.4","MQTT","70","Connect Ack"
"4382","29.279143981","192.168.15.3","192.168.15.4","MQTT","70","Publish Ack (id=17)"
"4384","29.279608659","192.168.15.4","192.168.15.3","MQTT","68","Disconnect Req"
"4396","30.283828265","192.168.15.4","192.168.15.3","MQTT","90","Connect Command"
"4398","30.286777446","192.168.15.4","192.168.15.3","MQTT","97","Publish Message (id=18) [Deviceb'Device - 2']"
"4399","30.287261621","192.168.15.3","192.168.15.4","MQTT","70","Connect Ack"
"4402","30.289546577","192.168.15.3","192.168.15.4","MQTT","70","Publish Ack (id=18)"
"4404","30.290005735","192.168.15.4","192.168.15.3","MQTT","68","Disconnect Req"
"4420","31.293823707","192.168.15.4","192.168.15.3","MQTT","90","Connect Command"
"4422","31.296869510","192.168.15.4","192.168.15.3","MQTT","97","Publish Message (id=19) [Deviceb'Device - 2']"
"4423","31.297337514","192.168.15.3","192.168.15.4","MQTT","70","Connect Ack"
"4426","31.299677505","192.168.15.3","192.168.15.4","MQTT","70","Publish Ack (id=19)"
"4428","31.300098590","192.168.15.4","192.168.15.3","MQTT","68","Disconnect Req"
"5783","32.304710014","192.168.15.4","192.168.15.3","MQTT","90","Connect Command"
"5834","32.309407538","192.168.15.4","192.168.15.3","MQTT","97","Publish Message (id=20) [Deviceb'Device - 2']"
"5842","32.310044631","192.168.15.3","192.168.15.4","MQTT","70","Connect Ack"
"5854","32.312398879","192.168.15.3","192.168.15.4","MQTT","70","Publish Ack (id=20)"
"5856","32.312936244","192.168.15.4","192.168.15.3","MQTT","68","Disconnect Req"
"5879","33.316072884","192.168.15.4","192.168.15.3","MQTT","90","Connect Command"
"5881","33.319077079","192.168.15.4","192.168.15.3","MQTT","97","Publish Message (id=21) [Deviceb'Device - 2']"
"5883","33.323929175","192.168.15.3","192.168.15.4","MQTT","70","Connect Ack"
"5885","33.326303290","192.168.15.3","192.168.15.4","MQTT","70","Publish Ack (id=21)"
"5887","33.327204773","192.168.15.4","192.168.15.3","MQTT","68","Disconnect Req"
"5910","34.331017035","192.168.15.4","192.168.15.3","MQTT","90","Connect Command"
"5912","34.333910732","192.168.15.4","192.168.15.3","MQTT","97","Publish Message (id=22) [Deviceb'Device - 2']"
"5913","34.334420695","192.168.15.3","192.168.15.4","MQTT","70","Connect Ack"
"5916","34.336881554","192.168.15.3","192.168.15.4","MQTT","70","Publish Ack (id=22)"
"5918","34.337837940","192.168.15.4","192.168.15.3","MQTT","68","Disconnect Req"
"5949","35.342332385","192.168.15.4","192.168.15.3","MQTT","90","Connect Command"
"5951","35.345222855","192.168.15.4","192.168.15.3","MQTT","97","Publish Message (id=23) [Deviceb'Device - 2']"
"5952","35.345827668","192.168.15.3","192.168.15.4","MQTT","70","Connect Ack"
"5955","35.348095141","192.168.15.3","192.168.15.4","MQTT","70","Publish Ack (id=23)"
"5957","35.367563248","192.168.15.4","192.168.15.3","MQTT","68","Disconnect Req"
"5969","36.371778528","192.168.15.4","192.168.15.3","MQTT","90","Connect Command"
"5971","36.374202637","192.168.15.4","192.168.15.3","MQTT","97","Publish Message (id=24) [Deviceb'Device - 2']"
"5972","36.374697812","192.168.15.3","192.168.15.4","MQTT","70","Connect Ack"
"5975","36.377066587","192.168.15.3","192.168.15.4","MQTT","70","Publish Ack (id=24)"
"5977","36.378019177","192.168.15.4","192.168.15.3","MQTT","68","Disconnect Req"
"5989","37.382247595","192.168.15.4","192.168.15.3","MQTT","90","Connect Command"
"5991","37.385064897","192.168.15.4","192.168.15.3","MQTT","97","Publish Message (id=25) [Deviceb'Device - 2']"
"5992","37.385599978","192.168.15.3","192.168.15.4","MQTT","70","Connect Ack"
"5995","37.387941321","192.168.15.3","192.168.15.4","MQTT","70","Publish Ack (id=25)"
"5997","37.390763101","192.168.15.4","192.168.15.3","MQTT","68","Disconnect Req"
"6008","38.395091071","192.168.15.4","192.168.15.3","MQTT","90","Connect Command"
"6010","38.397950873","192.168.15.4","192.168.15.3","MQTT","97","Publish Message (id=26) [Deviceb'Device - 2']"
"6012","38.402436086","192.168.15.3","192.168.15.4","MQTT","70","Connect Ack"
"6014","38.404749486","192.168.15.3","192.168.15.4","MQTT","70","Publish Ack (id=26)"
"6016","38.405440351","192.168.15.4","192.168.15.3","MQTT","68","Disconnect Req"
"6028","39.409755520","192.168.15.4","192.168.15.3","MQTT","90","Connect Command"
"6030","39.415936255","192.168.15.4","192.168.15.3","MQTT","97","Publish Message (id=27) [Deviceb'Device - 2']"
"6031","39.415951715","192.168.15.3","192.168.15.4","MQTT","70","Connect Ack"
"6034","39.419332972","192.168.15.3","192.168.15.4","MQTT","70","Publish Ack (id=27)"
"6036","39.420089341","192.168.15.4","192.168.15.3","MQTT","68","Disconnect Req"
"6044","40.424199176","192.168.15.4","192.168.15.3","MQTT","90","Connect Command"
"6046","40.427117299","192.168.15.4","192.168.15.3","MQTT","97","Publish Message (id=28) [Deviceb'Device - 2']"
"6047","40.427603197","192.168.15.3","192.168.15.4","MQTT","70","Connect Ack"
"6050","40.429986379","192.168.15.3","192.168.15.4","MQTT","70","Publish Ack (id=28)"
"6052","40.430860230","192.168.15.4","192.168.15.3","MQTT","68","Disconnect Req"
"6070","41.434981729","192.168.15.4","192.168.15.3","MQTT","90","Connect Command"
"6072","41.437946019","192.168.15.4","192.168.15.3","MQTT","97","Publish Message (id=29) [Deviceb'Device - 2']"
"6073","41.438434612","192.168.15.3","192.168.15.4","MQTT","70","Connect Ack"
"6076","41.440701123","192.168.15.3","192.168.15.4","MQTT","70","Publish Ack (id=29)"
"6078","41.441288784","192.168.15.4","192.168.15.3","MQTT","68","Disconnect Req"
"7006","42.446346056","192.168.15.4","192.168.15.3","MQTT","90","Connect Command"
"7062","42.451494321","192.168.15.4","192.168.15.3","MQTT","97","Publish Message (id=30) [Deviceb'Device - 2']"
"7074","42.452521452","192.168.15.3","192.168.15.4","MQTT","70","Connect Ack"
"7091","42.454539043","192.168.15.3","192.168.15.4","MQTT","70","Publish Ack (id=30)"
"7093","42.454951021","192.168.15.4","192.168.15.3","MQTT","68","Disconnect Req"
"8469","43.459374109","192.168.15.4","192.168.15.3","MQTT","90","Connect Command"
"8471","43.463222499","192.168.15.4","192.168.15.3","MQTT","97","Publish Message (id=31) [Deviceb'Device - 2']"
"8473","43.466839472","192.168.15.3","192.168.15.4","MQTT","70","Connect Ack"
"8475","43.469187247","192.168.15.3","192.168.15.4","MQTT","70","Publish Ack (id=31)"
"8477","43.469720684","192.168.15.4","192.168.15.3","MQTT","68","Disconnect Req"
"8492","44.473229347","192.168.15.4","192.168.15.3","MQTT","90","Connect Command"
"8494","44.476235345","192.168.15.4","192.168.15.3","MQTT","97","Publish Message (id=32) [Deviceb'Device - 2']"
"8495","44.476740389","192.168.15.3","192.168.15.4","MQTT","70","Connect Ack"
"8498","44.479073327","192.168.15.3","192.168.15.4","MQTT","70","Publish Ack (id=32)"
"8500","44.479568332","192.168.15.4","192.168.15.3","MQTT","68","Disconnect Req"
"8512","45.483659488","192.168.15.4","192.168.15.3","MQTT","90","Connect Command"
"8514","45.486037461","192.168.15.4","192.168.15.3","MQTT","97","Publish Message (id=33) [Deviceb'Device - 2']"
"8515","45.486577310","192.168.15.3","192.168.15.4","MQTT","70","Connect Ack"
"8518","45.488815358","192.168.15.3","192.168.15.4","MQTT","70","Publish Ack (id=33)"
"8520","45.489385816","192.168.15.4","192.168.15.3","MQTT","68","Disconnect Req"
"8536","46.493582736","192.168.15.4","192.168.15.3","MQTT","90","Connect Command"
"8538","46.496571332","192.168.15.4","192.168.15.3","MQTT","97","Publish Message (id=34) [Deviceb'Device - 2']"
"8539","46.497057521","192.168.15.3","192.168.15.4","MQTT","70","Connect Ack"
"8542","46.499537766","192.168.15.3","192.168.15.4","MQTT","70","Publish Ack (id=34)"
"8544","46.500590725","192.168.15.4","192.168.15.3","MQTT","68","Disconnect Req"
"8556","47.504773424","192.168.15.4","192.168.15.3","MQTT","90","Connect Command"
"8558","47.507678251","192.168.15.4","192.168.15.3","MQTT","97","Publish Message (id=35) [Deviceb'Device - 2']"
"8559","47.508156354","192.168.15.3","192.168.15.4","MQTT","70","Connect Ack"
"8562","47.510539406","192.168.15.3","192.168.15.4","MQTT","70","Publish Ack (id=35)"
"8564","47.511210614","192.168.15.4","192.168.15.3","MQTT","68","Disconnect Req"
"8581","48.515587370","192.168.15.4","192.168.15.3","MQTT","90","Connect Command"
"8583","48.518462352","192.168.15.4","192.168.15.3","MQTT","97","Publish Message (id=36) [Deviceb'Device - 2']"
"8585","48.522996968","192.168.15.3","192.168.15.4","MQTT","70","Connect Ack"
"8587","48.525503634","192.168.15.3","192.168.15.4","MQTT","70","Publish Ack (id=36)"
"8589","48.525938094","192.168.15.4","192.168.15.3","MQTT","68","Disconnect Req"
"8601","49.529680657","192.168.15.4","192.168.15.3","MQTT","90","Connect Command"
"8603","49.532533657","192.168.15.4","192.168.15.3","MQTT","97","Publish Message (id=37) [Deviceb'Device - 2']"
"8604","49.532989348","192.168.15.3","192.168.15.4","MQTT","70","Connect Ack"
"8608","49.535366969","192.168.15.3","192.168.15.4","MQTT","70","Publish Ack (id=37)"
"8610","49.536037386","192.168.15.4","192.168.15.3","MQTT","68","Disconnect Req"
"8625","50.540285365","192.168.15.4","192.168.15.3","MQTT","90","Connect Command"
"8627","50.543201073","192.168.15.4","192.168.15.3","MQTT","97","Publish Message (id=38) [Deviceb'Device - 2']"
"8628","50.543679527","192.168.15.3","192.168.15.4","MQTT","70","Connect Ack"
"8631","50.546512629","192.168.15.3","192.168.15.4","MQTT","70","Publish Ack (id=38)"
"8633","50.546986714","192.168.15.4","192.168.15.3","MQTT","68","Disconnect Req"
"8647","51.550465726","192.168.15.4","192.168.15.3","MQTT","90","Connect Command"
"8649","51.553488767","192.168.15.4","192.168.15.3","MQTT","97","Publish Message (id=39) [Deviceb'Device - 2']"
"8650","51.553971079","192.168.15.3","192.168.15.4","MQTT","70","Connect Ack"
"8653","51.556216130","192.168.15.3","192.168.15.4","MQTT","70","Publish Ack (id=39)"
"8655","51.556686899","192.168.15.4","192.168.15.3","MQTT","68","Disconnect Req"
"8668","52.560619360","192.168.15.4","192.168.15.3","MQTT","90","Connect Command"
"8670","52.563507256","192.168.15.4","192.168.15.3","MQTT","97","Publish Message (id=40) [Deviceb'Device - 2']"
"8671","52.563980820","192.168.15.3","192.168.15.4","MQTT","70","Connect Ack"
"8674","52.566366497","192.168.15.3","192.168.15.4","MQTT","70","Publish Ack (id=40)"
"8676","52.566992289","192.168.15.4","192.168.15.3","MQTT","68","Disconnect Req"
"8691","53.571123941","192.168.15.4","192.168.15.3","MQTT","90","Connect Command"
"8693","53.573634944","192.168.15.4","192.168.15.3","MQTT","97","Publish Message (id=41) [Deviceb'Device - 2']"
"8695","53.578390589","192.168.15.3","192.168.15.4","MQTT","70","Connect Ack"
"8697","53.580770445","192.168.15.3","192.168.15.4","MQTT","70","Publish Ack (id=41)"
"8699","53.581481618","192.168.15.4","192.168.15.3","MQTT","68","Disconnect Req"
"8711","54.586011685","192.168.15.4","192.168.15.3","MQTT","90","Connect Command"
"8713","54.588860717","192.168.15.4","192.168.15.3","MQTT","97","Publish Message (id=42) [Deviceb'Device - 2']"
"8714","54.589393284","192.168.15.3","192.168.15.4","MQTT","70","Connect Ack"
"8717","54.591591707","192.168.15.3","192.168.15.4","MQTT","70","Publish Ack (id=42)"
"8719","54.592471158","192.168.15.4","192.168.15.3","MQTT","68","Disconnect Req"
"8727","55.596858979","192.168.15.4","192.168.15.3","MQTT","90","Connect Command"
"8729","55.599536357","192.168.15.4","192.168.15.3","MQTT","97","Publish Message (id=43) [Deviceb'Device - 2']"
"8730","55.600006485","192.168.15.3","192.168.15.4","MQTT","70","Connect Ack"
"8733","55.602317070","192.168.15.3","192.168.15.4","MQTT","70","Publish Ack (id=43)"
"8735","55.603110128","192.168.15.4","192.168.15.3","MQTT","68","Disconnect Req"
"8747","56.608520233","192.168.15.4","192.168.15.3","MQTT","90","Connect Command"
"8749","56.611359868","192.168.15.4","192.168.15.3","MQTT","97","Publish Message (id=44) [Deviceb'Device - 2']"
"8750","56.611849763","192.168.15.3","192.168.15.4","MQTT","70","Connect Ack"
"8753","56.614191888","192.168.15.3","192.168.15.4","MQTT","70","Publish Ack (id=44)"
"8755","56.614895948","192.168.15.4","192.168.15.3","MQTT","68","Disconnect Req"
"8768","57.618685649","192.168.15.4","192.168.15.3","MQTT","90","Connect Command"
"8770","57.620664387","192.168.15.4","192.168.15.3","MQTT","97","Publish Message (id=45) [Deviceb'Device - 2']"
"8771","57.621182706","192.168.15.3","192.168.15.4","MQTT","70","Connect Ack"
"8774","57.623350832","192.168.15.3","192.168.15.4","MQTT","70","Publish Ack (id=45)"
"8776","57.624301858","192.168.15.4","192.168.15.3","MQTT","68","Disconnect Req"
"10282","58.628367250","192.168.15.4","192.168.15.3","MQTT","90","Connect Command"
"10284","58.631371405","192.168.15.4","192.168.15.3","MQTT","97","Publish Message (id=46) [Deviceb'Device - 2']"
"10286","58.635891674","192.168.15.3","192.168.15.4","MQTT","70","Connect Ack"
"10288","58.638252865","192.168.15.3","192.168.15.4","MQTT","70","Publish Ack (id=46)"
"10290","58.638578029","192.168.15.4","192.168.15.3","MQTT","68","Disconnect Req"
"10305","59.642794178","192.168.15.4","192.168.15.3","MQTT","90","Connect Command"
"10307","59.645674329","192.168.15.4","192.168.15.3","MQTT","97","Publish Message (id=47) [Deviceb'Device - 2']"
"10308","59.646104311","192.168.15.3","192.168.15.4","MQTT","70","Connect Ack"
"10311","59.648569028","192.168.15.3","192.168.15.4","MQTT","70","Publish Ack (id=47)"
"10313","59.649301812","192.168.15.4","192.168.15.3","MQTT","68","Disconnect Req"
"10327","60.653860552","192.168.15.4","192.168.15.3","MQTT","90","Connect Command"
"10329","60.656720215","192.168.15.4","192.168.15.3","MQTT","97","Publish Message (id=48) [Deviceb'Device - 2']"
"10330","60.657229257","192.168.15.3","192.168.15.4","MQTT","70","Connect Ack"
"10333","60.659580759","192.168.15.3","192.168.15.4","MQTT","70","Publish Ack (id=48)"
"10335","60.660340584","192.168.15.4","192.168.15.3","MQTT","68","Disconnect Req"
"10347","61.664842199","192.168.15.4","192.168.15.3","MQTT","90","Connect Command"
"10349","61.667259987","192.168.15.4","192.168.15.3","MQTT","97","Publish Message (id=49) [Deviceb'Device - 2']"
"10350","61.667742028","192.168.15.3","192.168.15.4","MQTT","70","Connect Ack"
"10353","61.670635073","192.168.15.3","192.168.15.4","MQTT","70","Publish Ack (id=49)"
"10355","61.671545363","192.168.15.4","192.168.15.3","MQTT","68","Disconnect Req"
"10371","62.676172050","192.168.15.4","192.168.15.3","MQTT","90","Connect Command"
"10373","62.679040559","192.168.15.4","192.168.15.3","MQTT","97","Publish Message (id=50) [Deviceb'Device - 2']"
"10374","62.679506960","192.168.15.3","192.168.15.4","MQTT","70","Connect Ack"
"10377","62.683124935","192.168.15.3","192.168.15.4","MQTT","70","Publish Ack (id=50)"
"10379","62.683859573","192.168.15.4","192.168.15.3","MQTT","68","Disconnect Req"
"10387","63.687866743","192.168.15.4","192.168.15.3","MQTT","90","Connect Command"
"10389","63.690722207","192.168.15.4","192.168.15.3","MQTT","97","Publish Message (id=51) [Deviceb'Device - 2']"
"10391","63.695225856","192.168.15.3","192.168.15.4","MQTT","70","Connect Ack"
"10393","63.697722793","192.168.15.3","192.168.15.4","MQTT","70","Publish Ack (id=51)"
"10395","63.698610069","192.168.15.4","192.168.15.3","MQTT","68","Disconnect Req"
"10415","64.702759669","192.168.15.4","192.168.15.3","MQTT","90","Connect Command"
"10417","64.705660118","192.168.15.4","192.168.15.3","MQTT","97","Publish Message (id=52) [Deviceb'Device - 2']"
"10418","64.706123393","192.168.15.3","192.168.15.4","MQTT","70","Connect Ack"
"10421","64.708417477","192.168.15.3","192.168.15.4","MQTT","70","Publish Ack (id=52)"
"10423","64.709075050","192.168.15.4","192.168.15.3","MQTT","68","Disconnect Req"
"10435","65.713571920","192.168.15.4","192.168.15.3","MQTT","90","Connect Command"
"10437","65.716449586","192.168.15.4","192.168.15.3","MQTT","97","Publish Message (id=53) [Deviceb'Device - 2']"
"10438","65.716973035","192.168.15.3","192.168.15.4","MQTT","70","Connect Ack"
"10441","65.719254585","192.168.15.3","192.168.15.4","MQTT","70","Publish Ack (id=53)"
"10443","65.719892751","192.168.15.4","192.168.15.3","MQTT","68","Disconnect Req"
"10455","66.724167504","192.168.15.4","192.168.15.3","MQTT","90","Connect Command"
"10457","66.727038919","192.168.15.4","192.168.15.3","MQTT","97","Publish Message (id=54) [Deviceb'Device - 2']"
"10458","66.727590180","192.168.15.3","192.168.15.4","MQTT","70","Connect Ack"
"10461","66.730946982","192.168.15.3","192.168.15.4","MQTT","70","Publish Ack (id=54)"
"10463","66.731702339","192.168.15.4","192.168.15.3","MQTT","68","Disconnect Req"
"10490","67.736116399","192.168.15.4","192.168.15.3","MQTT","90","Connect Command"
"10492","67.740389181","192.168.15.4","192.168.15.3","MQTT","97","Publish Message (id=55) [Deviceb'Device - 2']"
"10493","67.740856053","192.168.15.3","192.168.15.4","MQTT","70","Connect Ack"
"10496","67.743182087","192.168.15.3","192.168.15.4","MQTT","70","Publish Ack (id=55)"
"10498","67.744066678","192.168.15.4","192.168.15.3","MQTT","68","Disconnect Req"
"10510","68.749215548","192.168.15.4","192.168.15.3","MQTT","90","Connect Command"
"10512","68.751950385","192.168.15.4","192.168.15.3","MQTT","97","Publish Message (id=56) [Deviceb'Device - 2']"
"10514","68.756462900","192.168.15.3","192.168.15.4","MQTT","70","Connect Ack"
"10516","68.758752095","192.168.15.3","192.168.15.4","MQTT","70","Publish Ack (id=56)"
"10518","68.759324536","192.168.15.4","192.168.15.3","MQTT","68","Disconnect Req"
"12758","69.763086850","192.168.15.4","192.168.15.3","MQTT","90","Connect Command"
"12760","69.766594918","192.168.15.4","192.168.15.3","MQTT","97","Publish Message (id=57) [Deviceb'Device - 2']"
"12761","69.766878273","192.168.15.3","192.168.15.4","MQTT","70","Connect Ack"
"12764","69.769525865","192.168.15.3","192.168.15.4","MQTT","70","Publish Ack (id=57)"
"12766","69.769855528","192.168.15.4","192.168.15.3","MQTT","68","Disconnect Req"
"12778","70.773938101","192.168.15.4","192.168.15.3","MQTT","90","Connect Command"
"12780","70.776595972","192.168.15.4","192.168.15.3","MQTT","97","Publish Message (id=58) [Deviceb'Device - 2']"
"12781","70.777086619","192.168.15.3","192.168.15.4","MQTT","70","Connect Ack"
"12784","70.779567987","192.168.15.3","192.168.15.4","MQTT","70","Publish Ack (id=58)"
"12786","70.780289600","192.168.15.4","192.168.15.3","MQTT","68","Disconnect Req"
"12800","71.783998822","192.168.15.4","192.168.15.3","MQTT","90","Connect Command"
"12802","71.786911504","192.168.15.4","192.168.15.3","MQTT","97","Publish Message (id=59) [Deviceb'Device - 2']"
"12803","71.787406099","192.168.15.3","192.168.15.4","MQTT","70","Connect Ack"
"12806","71.790416616","192.168.15.3","192.168.15.4","MQTT","70","Publish Ack (id=59)"
"12808","71.791084067","192.168.15.4","192.168.15.3","MQTT","68","Disconnect Req"
"12833","72.794906936","192.168.15.4","192.168.15.3","MQTT","90","Connect Command"
"12835","72.797751760","192.168.15.4","192.168.15.3","MQTT","97","Publish Message (id=60) [Deviceb'Device - 2']"
"12836","72.798253698","192.168.15.3","192.168.15.4","MQTT","70","Connect Ack"
"12839","72.800573621","192.168.15.3","192.168.15.4","MQTT","70","Publish Ack (id=60)"
"12841","72.801114543","192.168.15.4","192.168.15.3","MQTT","68","Disconnect Req"
"12850","73.805702410","192.168.15.4","192.168.15.3","MQTT","90","Connect Command"
"12852","73.808602990","192.168.15.4","192.168.15.3","MQTT","97","Publish Message (id=61) [Deviceb'Device - 2']"
"12854","73.813099895","192.168.15.3","192.168.15.4","MQTT","70","Connect Ack"
"12856","73.815420699","192.168.15.3","192.168.15.4","MQTT","70","Publish Ack (id=61)"
"12858","73.815755933","192.168.15.4","192.168.15.3","MQTT","68","Disconnect Req"
"12866","74.819761523","192.168.15.4","192.168.15.3","MQTT","90","Connect Command"
"12868","74.822477845","192.168.15.4","192.168.15.3","MQTT","97","Publish Message (id=62) [Deviceb'Device - 2']"
"12869","74.822967269","192.168.15.3","192.168.15.4","MQTT","70","Connect Ack"
"12872","74.825318572","192.168.15.3","192.168.15.4","MQTT","70","Publish Ack (id=62)"
"12874","74.825964462","192.168.15.4","192.168.15.3","MQTT","68","Disconnect Req"
"12891","75.830545051","192.168.15.4","192.168.15.3","MQTT","90","Connect Command"
"12893","75.833192723","192.168.15.4","192.168.15.3","MQTT","97","Publish Message (id=63) [Deviceb'Device - 2']"
"12894","75.833679082","192.168.15.3","192.168.15.4","MQTT","70","Connect Ack"
"12897","75.836057946","192.168.15.3","192.168.15.4","MQTT","70","Publish Ack (id=63)"
"12899","75.836709457","192.168.15.4","192.168.15.3","MQTT","68","Disconnect Req"
"12913","76.841064834","192.168.15.4","192.168.15.3","MQTT","90","Connect Command"
"12915","76.843991533","192.168.15.4","192.168.15.3","MQTT","97","Publish Message (id=64) [Deviceb'Device - 2']"
"12916","76.844481980","192.168.15.3","192.168.15.4","MQTT","70","Connect Ack"
"12919","76.847013693","192.168.15.3","192.168.15.4","MQTT","70","Publish Ack (id=64)"
"12921","76.847602635","192.168.15.4","192.168.15.3","MQTT","68","Disconnect Req"
"12935","77.852524604","192.168.15.4","192.168.15.3","MQTT","90","Connect Command"
"12937","77.854860277","192.168.15.4","192.168.15.3","MQTT","97","Publish Message (id=65) [Deviceb'Device - 2']"
"12938","77.855359169","192.168.15.3","192.168.15.4","MQTT","70","Connect Ack"
"12941","77.857670215","192.168.15.3","192.168.15.4","MQTT","70","Publish Ack (id=65)"
"12943","77.858345501","192.168.15.4","192.168.15.3","MQTT","68","Disconnect Req"
"12955","78.862489746","192.168.15.4","192.168.15.3","MQTT","90","Connect Command"
"12957","78.865242526","192.168.15.4","192.168.15.3","MQTT","97","Publish Message (id=66) [Deviceb'Device - 2']"
"12959","78.870142954","192.168.15.3","192.168.15.4","MQTT","70","Connect Ack"
"12961","78.872541816","192.168.15.3","192.168.15.4","MQTT","70","Publish Ack (id=66)"
"12963","78.873234735","192.168.15.4","192.168.15.3","MQTT","68","Disconnect Req"
"12977","79.877936924","192.168.15.4","192.168.15.3","MQTT","90","Connect Command"
"12979","79.880799822","192.168.15.4","192.168.15.3","MQTT","97","Publish Message (id=67) [Deviceb'Device - 2']"
"12980","79.881296080","192.168.15.3","192.168.15.4","MQTT","70","Connect Ack"
"12983","79.883629818","192.168.15.3","192.168.15.4","MQTT","70","Publish Ack (id=67)"
"12985","79.884237176","192.168.15.4","192.168.15.3","MQTT","68","Disconnect Req"
"12997","80.887917350","192.168.15.4","192.168.15.3","MQTT","90","Connect Command"
"12999","80.890695077","192.168.15.4","192.168.15.3","MQTT","97","Publish Message (id=68) [Deviceb'Device - 2']"
"13000","80.891136301","192.168.15.3","192.168.15.4","MQTT","70","Connect Ack"
"13003","80.893399166","192.168.15.3","192.168.15.4","MQTT","70","Publish Ack (id=68)"
"13005","80.893945338","192.168.15.4","192.168.15.3","MQTT","68","Disconnect Req"
"13017","81.898173780","192.168.15.4","192.168.15.3","MQTT","90","Connect Command"
"13019","81.901029766","192.168.15.4","192.168.15.3","MQTT","97","Publish Message (id=69) [Deviceb'Device - 2']"
"13020","81.901489494","192.168.15.3","192.168.15.4","MQTT","70","Connect Ack"
"13023","81.903906751","192.168.15.3","192.168.15.4","MQTT","70","Publish Ack (id=69)"
"13025","81.904567479","192.168.15.4","192.168.15.3","MQTT","68","Disconnect Req"
"13043","82.909026421","192.168.15.4","192.168.15.3","MQTT","90","Connect Command"
"13045","82.911913405","192.168.15.4","192.168.15.3","MQTT","97","Publish Message (id=70) [Deviceb'Device - 2']"
"13046","82.912416917","192.168.15.3","192.168.15.4","MQTT","70","Connect Ack"
"13049","82.914743472","192.168.15.3","192.168.15.4","MQTT","70","Publish Ack (id=70)"
"13051","82.915359566","192.168.15.4","192.168.15.3","MQTT","68","Disconnect Req"
"13063","83.920044245","192.168.15.4","192.168.15.3","MQTT","90","Connect Command"
"13065","83.924532805","192.168.15.4","192.168.15.3","MQTT","97","Publish Message (id=71) [Deviceb'Device - 2']"
"13067","83.928894355","192.168.15.3","192.168.15.4","MQTT","70","Connect Ack"
"13070","83.931355014","192.168.15.3","192.168.15.4","MQTT","70","Publish Ack (id=71)"
"13072","83.932094561","192.168.15.4","192.168.15.3","MQTT","68","Disconnect Req"
"13086","84.935743478","192.168.15.4","192.168.15.3","MQTT","90","Connect Command"
"13088","84.938578144","192.168.15.4","192.168.15.3","MQTT","97","Publish Message (id=72) [Deviceb'Device - 2']"
"13089","84.939093568","192.168.15.3","192.168.15.4","MQTT","70","Connect Ack"
"13092","84.941405465","192.168.15.3","192.168.15.4","MQTT","70","Publish Ack (id=72)"
"13094","84.942018514","192.168.15.4","192.168.15.3","MQTT","68","Disconnect Req"
"14832","85.946279771","192.168.15.4","192.168.15.3","MQTT","90","Connect Command"
"14834","85.949019908","192.168.15.4","192.168.15.3","MQTT","97","Publish Message (id=73) [Deviceb'Device - 2']"
"14835","85.949533167","192.168.15.3","192.168.15.4","MQTT","70","Connect Ack"
"14838","85.951912192","192.168.15.3","192.168.15.4","MQTT","70","Publish Ack (id=73)"
"14840","85.952576757","192.168.15.4","192.168.15.3","MQTT","68","Disconnect Req"
"14848","86.956454934","192.168.15.4","192.168.15.3","MQTT","90","Connect Command"
"14850","86.960627377","192.168.15.4","192.168.15.3","MQTT","97","Publish Message (id=74) [Deviceb'Device - 2']"
"14851","86.961080724","192.168.15.3","192.168.15.4","MQTT","70","Connect Ack"
"14854","86.965996000","192.168.15.3","192.168.15.4","MQTT","70","Publish Ack (id=74)"
"14856","86.966459535","192.168.15.4","192.168.15.3","MQTT","68","Disconnect Req"
"14871","87.970509519","192.168.15.4","192.168.15.3","MQTT","90","Connect Command"
"14873","87.973460153","192.168.15.4","192.168.15.3","MQTT","97","Publish Message (id=75) [Deviceb'Device - 2']"
"14874","87.974039959","192.168.15.3","192.168.15.4","MQTT","70","Connect Ack"
"14877","87.976912706","192.168.15.3","192.168.15.4","MQTT","70","Publish Ack (id=75)"
"14879","87.977656501","192.168.15.4","192.168.15.3","MQTT","68","Disconnect Req"
"14891","88.982022827","192.168.15.4","192.168.15.3","MQTT","90","Connect Command"
"14893","88.984892388","192.168.15.4","192.168.15.3","MQTT","97","Publish Message (id=76) [Deviceb'Device - 2']"
"14895","88.989115637","192.168.15.3","192.168.15.4","MQTT","70","Connect Ack"
"14897","88.991363864","192.168.15.3","192.168.15.4","MQTT","70","Publish Ack (id=76)"
"14899","88.991998002","192.168.15.4","192.168.15.3","MQTT","68","Disconnect Req"
"14911","89.996473106","192.168.15.4","192.168.15.3","MQTT","90","Connect Command"
"14913","89.998682951","192.168.15.4","192.168.15.3","MQTT","97","Publish Message (id=77) [Deviceb'Device - 2']"
"14914","89.999168599","192.168.15.3","192.168.15.4","MQTT","70","Connect Ack"
"14917","90.001190368","192.168.15.3","192.168.15.4","MQTT","70","Publish Ack (id=77)"
"14919","90.001866766","192.168.15.4","192.168.15.3","MQTT","68","Disconnect Req"
"14931","91.006434798","192.168.15.4","192.168.15.3","MQTT","90","Connect Command"
"14933","91.009387066","192.168.15.4","192.168.15.3","MQTT","97","Publish Message (id=78) [Deviceb'Device - 2']"
"14934","91.009837247","192.168.15.3","192.168.15.4","MQTT","70","Connect Ack"
"14937","91.012212744","192.168.15.3","192.168.15.4","MQTT","70","Publish Ack (id=78)"
"14939","91.012801146","192.168.15.4","192.168.15.3","MQTT","68","Disconnect Req"
"14959","92.016870119","192.168.15.4","192.168.15.3","MQTT","90","Connect Command"
"14961","92.019790757","192.168.15.4","192.168.15.3","MQTT","97","Publish Message (id=79) [Deviceb'Device - 2']"
"14962","92.020231269","192.168.15.3","192.168.15.4","MQTT","70","Connect Ack"
"14965","92.022611867","192.168.15.3","192.168.15.4","MQTT","70","Publish Ack (id=79)"
"14967","92.023313362","192.168.15.4","192.168.15.3","MQTT","68","Disconnect Req"
"15005","93.027490232","192.168.15.4","192.168.15.3","MQTT","90","Connect Command"
"15007","93.030459452","192.168.15.4","192.168.15.3","MQTT","97","Publish Message (id=80) [Deviceb'Device - 2']"
"15008","93.030888733","192.168.15.3","192.168.15.4","MQTT","70","Connect Ack"
"15011","93.033345655","192.168.15.3","192.168.15.4","MQTT","70","Publish Ack (id=80)"
"15013","93.033921984","192.168.15.4","192.168.15.3","MQTT","68","Disconnect Req"
"15026","94.037774264","192.168.15.4","192.168.15.3","MQTT","90","Connect Command"
"15028","94.040700864","192.168.15.4","192.168.15.3","MQTT","97","Publish Message (id=81) [Deviceb'Device - 2']"
"15030","94.044951224","192.168.15.3","192.168.15.4","MQTT","70","Connect Ack"
"15032","94.047267470","192.168.15.3","192.168.15.4","MQTT","70","Publish Ack (id=81)"
"15034","94.047614756","192.168.15.4","192.168.15.3","MQTT","68","Disconnect Req"
"15073","95.051204443","192.168.15.4","192.168.15.3","MQTT","90","Connect Command"
"15075","95.054157392","192.168.15.4","192.168.15.3","MQTT","97","Publish Message (id=82) [Deviceb'Device - 2']"
"15076","95.054592484","192.168.15.3","192.168.15.4","MQTT","70","Connect Ack"
"15079","95.056918679","192.168.15.3","192.168.15.4","MQTT","70","Publish Ack (id=82)"
"15081","95.057469529","192.168.15.4","192.168.15.3","MQTT","68","Disconnect Req"
"15097","96.061495995","192.168.15.4","192.168.15.3","MQTT","90","Connect Command"
"15099","96.064015966","192.168.15.4","192.168.15.3","MQTT","97","Publish Message (id=83) [Deviceb'Device - 2']"
"15100","96.064438945","192.168.15.3","192.168.15.4","MQTT","70","Connect Ack"
"15103","96.066922547","192.168.15.3","192.168.15.4","MQTT","70","Publish Ack (id=83)"
"15105","96.067505158","192.168.15.4","192.168.15.3","MQTT","68","Disconnect Req"
"15113","97.071176224","192.168.15.4","192.168.15.3","MQTT","90","Connect Command"
"15115","97.074087444","192.168.15.4","192.168.15.3","MQTT","97","Publish Message (id=84) [Deviceb'Device - 2']"
"15116","97.074526704","192.168.15.3","192.168.15.4","MQTT","70","Connect Ack"
"15119","97.076591525","192.168.15.3","192.168.15.4","MQTT","70","Publish Ack (id=84)"
"15121","97.077333808","192.168.15.4","192.168.15.3","MQTT","68","Disconnect Req"
"15136","98.081873619","192.168.15.4","192.168.15.3","MQTT","90","Connect Command"
"15138","98.084772686","192.168.15.4","192.168.15.3","MQTT","97","Publish Message (id=85) [Deviceb'Device - 2']"
"15139","98.085224820","192.168.15.3","192.168.15.4","MQTT","70","Connect Ack"
"15142","98.087588696","192.168.15.3","192.168.15.4","MQTT","70","Publish Ack (id=85)"
"15144","98.088556755","192.168.15.4","192.168.15.3","MQTT","68","Disconnect Req"
"15158","99.093091510","192.168.15.4","192.168.15.3","MQTT","90","Connect Command"
"15160","99.096048637","192.168.15.4","192.168.15.3","MQTT","97","Publish Message (id=86) [Deviceb'Device - 2']"
"15162","99.100285631","192.168.15.3","192.168.15.4","MQTT","70","Connect Ack"
"15164","99.102758343","192.168.15.3","192.168.15.4","MQTT","70","Publish Ack (id=86)"
"15166","99.103448507","192.168.15.4","192.168.15.3","MQTT","68","Disconnect Req"
"15178","100.107681755","192.168.15.4","192.168.15.3","MQTT","90","Connect Command"
"15180","100.110666514","192.168.15.4","192.168.15.3","MQTT","97","Publish Message (id=87) [Deviceb'Device - 2']"
"15181","100.111047484","192.168.15.3","192.168.15.4","MQTT","70","Connect Ack"
"15184","100.113157791","192.168.15.3","192.168.15.4","MQTT","70","Publish Ack (id=87)"
"15186","100.113947192","192.168.15.4","192.168.15.3","MQTT","68","Disconnect Req"
"15196","101.118059625","192.168.15.4","192.168.15.3","MQTT","90","Connect Command"
"15198","101.121019958","192.168.15.4","192.168.15.3","MQTT","97","Publish Message (id=88) [Deviceb'Device - 2']"
"15199","101.121461572","192.168.15.3","192.168.15.4","MQTT","70","Connect Ack"
"15202","101.123965423","192.168.15.3","192.168.15.4","MQTT","70","Publish Ack (id=88)"
"15204","101.124566909","192.168.15.4","192.168.15.3","MQTT","68","Disconnect Req"
"17635","102.129071467","192.168.15.4","192.168.15.3","MQTT","90","Connect Command"
"17637","102.131967208","192.168.15.4","192.168.15.3","MQTT","97","Publish Message (id=89) [Deviceb'Device - 2']"
"17638","102.132330895","192.168.15.3","192.168.15.4","MQTT","70","Connect Ack"
"17641","102.134417276","192.168.15.3","192.168.15.4","MQTT","70","Publish Ack (id=89)"
"17643","102.135017270","192.168.15.4","192.168.15.3","MQTT","68","Disconnect Req"
"17658","103.139713161","192.168.15.4","192.168.15.3","MQTT","90","Connect Command"
"17660","103.144513551","192.168.15.4","192.168.15.3","MQTT","97","Publish Message (id=90) [Deviceb'Device - 2']"
"17661","103.144904199","192.168.15.3","192.168.15.4","MQTT","70","Connect Ack"
"17664","103.147487189","192.168.15.3","192.168.15.4","MQTT","70","Publish Ack (id=90)"
"17666","103.147866756","192.168.15.4","192.168.15.3","MQTT","68","Disconnect Req"
"17688","104.151677077","192.168.15.4","192.168.15.3","MQTT","90","Connect Command"
"17690","104.155192459","192.168.15.3","192.168.15.4","MQTT","70","Connect Ack"
"17691","104.155229919","192.168.15.4","192.168.15.3","MQTT","97","Publish Message (id=91) [Deviceb'Device - 2']"
"17694","104.157699104","192.168.15.3","192.168.15.4","MQTT","70","Publish Ack (id=91)"
"17696","104.158282226","192.168.15.4","192.168.15.3","MQTT","68","Disconnect Req"
"17716","105.162462289","192.168.15.4","192.168.15.3","MQTT","90","Connect Command"
"17718","105.165469300","192.168.15.4","192.168.15.3","MQTT","97","Publish Message (id=92) [Deviceb'Device - 2']"
"17719","105.165897529","192.168.15.3","192.168.15.4","MQTT","70","Connect Ack"
"17722","105.167984792","192.168.15.3","192.168.15.4","MQTT","70","Publish Ack (id=92)"
"17724","105.168780406","192.168.15.4","192.168.15.3","MQTT","68","Disconnect Req"
"17736","106.172222506","192.168.15.4","192.168.15.3","MQTT","90","Connect Command"
"17738","106.180077216","192.168.15.4","192.168.15.3","MQTT","97","Publish Message (id=93) [Deviceb'Device - 2']"
"17739","106.180375159","192.168.15.3","192.168.15.4","MQTT","70","Connect Ack"
"17742","106.182681586","192.168.15.3","192.168.15.4","MQTT","70","Publish Ack (id=93)"
"17744","106.183097011","192.168.15.4","192.168.15.3","MQTT","68","Disconnect Req"
"17756","107.186840155","192.168.15.4","192.168.15.3","MQTT","90","Connect Command"
"17758","107.189723272","192.168.15.4","192.168.15.3","MQTT","97","Publish Message (id=94) [Deviceb'Device - 2']"
"17759","107.190157292","192.168.15.3","192.168.15.4","MQTT","70","Connect Ack"
"17762","107.192667985","192.168.15.3","192.168.15.4","MQTT","70","Publish Ack (id=94)"
"17764","107.193031071","192.168.15.4","192.168.15.3","MQTT","68","Disconnect Req"
"17779","108.196303860","192.168.15.4","192.168.15.3","MQTT","90","Connect Command"
"17781","108.199244296","192.168.15.4","192.168.15.3","MQTT","97","Publish Message (id=95) [Deviceb'Device - 2']"
"17782","108.199640624","192.168.15.3","192.168.15.4","MQTT","70","Connect Ack"
"17785","108.202145617","192.168.15.3","192.168.15.4","MQTT","70","Publish Ack (id=95)"
"17787","108.202632327","192.168.15.4","192.168.15.3","MQTT","68","Disconnect Req"
"17799","109.206506914","192.168.15.4","192.168.15.3","MQTT","90","Connect Command"
"17801","109.209524135","192.168.15.4","192.168.15.3","MQTT","97","Publish Message (id=96) [Deviceb'Device - 2']"
"17803","109.213668114","192.168.15.3","192.168.15.4","MQTT","70","Connect Ack"
"17805","109.216068739","192.168.15.3","192.168.15.4","MQTT","70","Publish Ack (id=96)"
"17807","109.216582189","192.168.15.4","192.168.15.3","MQTT","68","Disconnect Req"
"17815","110.220703357","192.168.15.4","192.168.15.3","MQTT","90","Connect Command"
"17817","110.223795399","192.168.15.4","192.168.15.3","MQTT","97","Publish Message (id=97) [Deviceb'Device - 2']"
"17818","110.224134790","192.168.15.3","192.168.15.4","MQTT","70","Connect Ack"
"17821","110.226564540","192.168.15.3","192.168.15.4","MQTT","70","Publish Ack (id=97)"
"17823","110.227426298","192.168.15.4","192.168.15.3","MQTT","68","Disconnect Req"
"17835","111.231010603","192.168.15.4","192.168.15.3","MQTT","90","Connect Command"
"17837","111.234101843","192.168.15.4","192.168.15.3","MQTT","97","Publish Message (id=98) [Deviceb'Device - 2']"
"17838","111.236834606","192.168.15.3","192.168.15.4","MQTT","70","Connect Ack"
"17841","111.239225283","192.168.15.3","192.168.15.4","MQTT","70","Publish Ack (id=98)"
"17843","111.240007281","192.168.15.4","192.168.15.3","MQTT","68","Disconnect Req"
"17860","112.244006501","192.168.15.4","192.168.15.3","MQTT","90","Connect Command"
"17862","112.246686064","192.168.15.4","192.168.15.3","MQTT","97","Publish Message (id=99) [Deviceb'Device - 2']"
"17863","112.247091561","192.168.15.3","192.168.15.4","MQTT","70","Connect Ack"
"17866","112.249578699","192.168.15.3","192.168.15.4","MQTT","70","Publish Ack (id=99)"
"17868","112.249922810","192.168.15.4","192.168.15.3","MQTT","68","Disconnect Req"
"17883","113.254226511","192.168.15.4","192.168.15.3","MQTT","90","Connect Command"
"17885","113.265572837","192.168.15.4","192.168.15.3","MQTT","97","Publish Message (id=100) [Deviceb'Device - 2']"
"17886","113.265916356","192.168.15.3","192.168.15.4","MQTT","70","Connect Ack"
"17889","113.269063502","192.168.15.3","192.168.15.4","MQTT","70","Publish Ack (id=100)"
"17891","113.269327471","192.168.15.4","192.168.15.3","MQTT","68","Disconnect Req"
"17903","114.273563748","192.168.15.4","192.168.15.3","MQTT","90","Connect Command"
"17905","114.276623007","192.168.15.4","192.168.15.3","MQTT","97","Publish Message (id=101) [Deviceb'Device - 2']"
"17907","114.280839724","192.168.15.3","192.168.15.4","MQTT","70","Connect Ack"
"17909","114.283145260","192.168.15.3","192.168.15.4","MQTT","70","Publish Ack (id=101)"
"17911","114.283493558","192.168.15.4","192.168.15.3","MQTT","68","Disconnect Req"
"17926","115.287217118","192.168.15.4","192.168.15.3","MQTT","90","Connect Command"
"17928","115.290230391","192.168.15.4","192.168.15.3","MQTT","97","Publish Message (id=102) [Deviceb'Device - 2']"
"17929","115.290664270","192.168.15.3","192.168.15.4","MQTT","70","Connect Ack"
"17932","115.293123317","192.168.15.3","192.168.15.4","MQTT","70","Publish Ack (id=102)"
"17934","115.293763857","192.168.15.4","192.168.15.3","MQTT","68","Disconnect Req"
"17946","116.297450851","192.168.15.4","192.168.15.3","MQTT","90","Connect Command"
"17948","116.299786524","192.168.15.4","192.168.15.3","MQTT","97","Publish Message (id=103) [Deviceb'Device - 2']"
"17949","116.300220174","192.168.15.3","192.168.15.4","MQTT","70","Connect Ack"
"17952","116.302672567","192.168.15.3","192.168.15.4","MQTT","70","Publish Ack (id=103)"
"17954","116.303030223","192.168.15.4","192.168.15.3","MQTT","68","Disconnect Req"
"17966","117.306861502","192.168.15.4","192.168.15.3","MQTT","90","Connect Command"
"17968","117.309452387","192.168.15.4","192.168.15.3","MQTT","97","Publish Message (id=104) [Deviceb'Device - 2']"
"17969","117.309856671","192.168.15.3","192.168.15.4","MQTT","70","Connect Ack"
"17972","117.312435323","192.168.15.3","192.168.15.4","MQTT","70","Publish Ack (id=104)"
"17974","117.312767851","192.168.15.4","192.168.15.3","MQTT","68","Disconnect Req"
"19405","118.317690145","192.168.15.4","192.168.15.3","MQTT","90","Connect Command"
"19407","118.320637454","192.168.15.4","192.168.15.3","MQTT","97","Publish Message (id=105) [Deviceb'Device - 2']"
"19408","118.321019325","192.168.15.3","192.168.15.4","MQTT","70","Connect Ack"
"19411","118.323107631","192.168.15.3","192.168.15.4","MQTT","70","Publish Ack (id=105)"
"19413","118.323448394","192.168.15.4","192.168.15.3","MQTT","68","Disconnect Req"
"19425","119.327067330","192.168.15.4","192.168.15.3","MQTT","90","Connect Command"
"19427","119.330047189","192.168.15.4","192.168.15.3","MQTT","97","Publish Message (id=106) [Deviceb'Device - 2']"
"19429","119.334269867","192.168.15.3","192.168.15.4","MQTT","70","Connect Ack"
"19431","119.336625898","192.168.15.3","192.168.15.4","MQTT","70","Publish Ack (id=106)"
"19433","119.337047966","192.168.15.4","192.168.15.3","MQTT","68","Disconnect Req"
"19445","120.340852365","192.168.15.4","192.168.15.3","MQTT","90","Connect Command"
"19447","120.343213285","192.168.15.4","192.168.15.3","MQTT","97","Publish Message (id=107) [Deviceb'Device - 2']"
"19448","120.343563878","192.168.15.3","192.168.15.4","MQTT","70","Connect Ack"
"19451","120.346061597","192.168.15.3","192.168.15.4","MQTT","70","Publish Ack (id=107)"
"19453","120.346428179","192.168.15.4","192.168.15.3","MQTT","68","Disconnect Req"
"19461","121.350300707","192.168.15.4","192.168.15.3","MQTT","90","Connect Command"
"19463","121.353401255","192.168.15.4","192.168.15.3","MQTT","97","Publish Message (id=108) [Deviceb'Device - 2']"
"19464","121.353770242","192.168.15.3","192.168.15.4","MQTT","70","Connect Ack"
"19467","121.356388950","192.168.15.3","192.168.15.4","MQTT","70","Publish Ack (id=108)"
"19469","121.356794045","192.168.15.4","192.168.15.3","MQTT","68","Disconnect Req"
"19478","122.360675946","192.168.15.4","192.168.15.3","MQTT","90","Connect Command"
"19480","122.363665785","192.168.15.4","192.168.15.3","MQTT","97","Publish Message (id=109) [Deviceb'Device - 2']"
"19481","122.364028931","192.168.15.3","192.168.15.4","MQTT","70","Connect Ack"
"19484","122.366413216","192.168.15.3","192.168.15.4","MQTT","70","Publish Ack (id=109)"
"19486","122.366769298","192.168.15.4","192.168.15.3","MQTT","68","Disconnect Req"
"19503","123.371416568","192.168.15.4","192.168.15.3","MQTT","90","Connect Command"
"19505","123.374383033","192.168.15.4","192.168.15.3","MQTT","97","Publish Message (id=110) [Deviceb'Device - 2']"
"19506","123.374767550","192.168.15.3","192.168.15.4","MQTT","70","Connect Ack"
"19509","123.377300365","192.168.15.3","192.168.15.4","MQTT","70","Publish Ack (id=110)"
"19511","123.377622123","192.168.15.4","192.168.15.3","MQTT","68","Disconnect Req"
"19526","124.382187649","192.168.15.4","192.168.15.3","MQTT","90","Connect Command"
"19528","124.385159133","192.168.15.4","192.168.15.3","MQTT","97","Publish Message (id=111) [Deviceb'Device - 2']"
"19530","124.389310887","192.168.15.3","192.168.15.4","MQTT","70","Connect Ack"
"19532","124.391701875","192.168.15.3","192.168.15.4","MQTT","70","Publish Ack (id=111)"
"19534","124.392056525","192.168.15.4","192.168.15.3","MQTT","68","Disconnect Req"
"19546","125.396268758","192.168.15.4","192.168.15.3","MQTT","90","Connect Command"
"19548","125.399228500","192.168.15.4","192.168.15.3","MQTT","97","Publish Message (id=112) [Deviceb'Device - 2']"
"19549","125.399638735","192.168.15.3","192.168.15.4","MQTT","70","Connect Ack"
"19552","125.401956584","192.168.15.3","192.168.15.4","MQTT","70","Publish Ack (id=112)"
"19554","125.402386587","192.168.15.4","192.168.15.3","MQTT","68","Disconnect Req"
"19573","126.406177807","192.168.15.4","192.168.15.3","MQTT","90","Connect Command"
"19575","126.409056226","192.168.15.4","192.168.15.3","MQTT","97","Publish Message (id=113) [Deviceb'Device - 2']"
"19576","126.409485677","192.168.15.3","192.168.15.4","MQTT","70","Connect Ack"
"19579","126.411887395","192.168.15.3","192.168.15.4","MQTT","70","Publish Ack (id=113)"
"19581","126.413337885","192.168.15.4","192.168.15.3","MQTT","68","Disconnect Req"
"19600","127.416527112","192.168.15.4","192.168.15.3","MQTT","90","Connect Command"
"19602","127.419492143","192.168.15.4","192.168.15.3","MQTT","97","Publish Message (id=114) [Deviceb'Device - 2']"
"19603","127.419915894","192.168.15.3","192.168.15.4","MQTT","70","Connect Ack"
"19606","127.421944747","192.168.15.3","192.168.15.4","MQTT","70","Publish Ack (id=114)"
"19608","127.422432058","192.168.15.4","192.168.15.3","MQTT","68","Disconnect Req"
"21409","128.426899101","192.168.15.4","192.168.15.3","MQTT","90","Connect Command"
"21411","128.429683672","192.168.15.4","192.168.15.3","MQTT","97","Publish Message (id=115) [Deviceb'Device - 2']"
"21412","128.430075462","192.168.15.3","192.168.15.4","MQTT","70","Connect Ack"
"21415","128.432448555","192.168.15.3","192.168.15.4","MQTT","70","Publish Ack (id=115)"
"21417","128.433045192","192.168.15.4","192.168.15.3","MQTT","68","Disconnect Req"
"21434","129.437271033","192.168.15.4","192.168.15.3","MQTT","90","Connect Command"
"21436","129.441852319","192.168.15.4","192.168.15.3","MQTT","97","Publish Message (id=116) [Deviceb'Device - 2']"
"21438","129.446150570","192.168.15.3","192.168.15.4","MQTT","70","Connect Ack"
"21440","129.448809844","192.168.15.3","192.168.15.4","MQTT","70","Publish Ack (id=116)"
"21442","129.449641385","192.168.15.4","192.168.15.3","MQTT","68","Disconnect Req"
"21454","130.453287071","192.168.15.4","192.168.15.3","MQTT","90","Connect Command"
"21456","130.456219010","192.168.15.4","192.168.15.3","MQTT","97","Publish Message (id=117) [Deviceb'Device - 2']"
"21457","130.456658551","192.168.15.3","192.168.15.4","MQTT","70","Connect Ack"
"21460","130.458710578","192.168.15.3","192.168.15.4","MQTT","70","Publish Ack (id=117)"
"21462","130.459412755","192.168.15.4","192.168.15.3","MQTT","68","Disconnect Req"
"21475","131.463710355","192.168.15.4","192.168.15.3","MQTT","90","Connect Command"
"21477","131.466672362","192.168.15.4","192.168.15.3","MQTT","97","Publish Message (id=118) [Deviceb'Device - 2']"
"21478","131.467061327","192.168.15.3","192.168.15.4","MQTT","70","Connect Ack"
"21481","131.469492359","192.168.15.3","192.168.15.4","MQTT","70","Publish Ack (id=118)"
"21483","131.470285959","192.168.15.4","192.168.15.3","MQTT","68","Disconnect Req"
"21497","132.474268627","192.168.15.4","192.168.15.3","MQTT","90","Connect Command"
"21499","132.477196579","192.168.15.4","192.168.15.3","MQTT","97","Publish Message (id=119) [Deviceb'Device - 2']"
"21500","132.477570605","192.168.15.3","192.168.15.4","MQTT","70","Connect Ack"
"21503","132.479616020","192.168.15.3","192.168.15.4","MQTT","70","Publish Ack (id=119)"
"21505","132.480340880","192.168.15.4","192.168.15.3","MQTT","68","Disconnect Req"
"21516","133.483832053","192.168.15.4","192.168.15.3","MQTT","90","Connect Command"
"21518","133.486832673","192.168.15.4","192.168.15.3","MQTT","97","Publish Message (id=120) [Deviceb'Device - 2']"
"21519","133.487221627","192.168.15.3","192.168.15.4","MQTT","70","Connect Ack"
"21522","133.489652340","192.168.15.3","192.168.15.4","MQTT","70","Publish Ack (id=120)"
"21524","133.490288912","192.168.15.4","192.168.15.3","MQTT","68","Disconnect Req"
"21537","134.494542429","192.168.15.4","192.168.15.3","MQTT","90","Connect Command"
"21539","134.497734810","192.168.15.4","192.168.15.3","MQTT","97","Publish Message (id=121) [Deviceb'Device - 2']"
"21541","134.501743634","192.168.15.3","192.168.15.4","MQTT","70","Connect Ack"
"21543","134.504170059","192.168.15.3","192.168.15.4","MQTT","70","Publish Ack (id=121)"
"21545","134.504871253","192.168.15.4","192.168.15.3","MQTT","68","Disconnect Req"
"21570","135.508406415","192.168.15.4","192.168.15.3","MQTT","90","Connect Command"
"21572","135.511404800","192.168.15.4","192.168.15.3","MQTT","97","Publish Message (id=122) [Deviceb'Device - 2']"
"21573","135.511830524","192.168.15.3","192.168.15.4","MQTT","70","Connect Ack"
"21576","135.514122655","192.168.15.3","192.168.15.4","MQTT","70","Publish Ack (id=122)"
"21578","135.514388728","192.168.15.4","192.168.15.3","MQTT","68","Disconnect Req"
"21590","136.518596302","192.168.15.4","192.168.15.3","MQTT","90","Connect Command"
"21592","136.522152722","192.168.15.4","192.168.15.3","MQTT","97","Publish Message (id=123) [Deviceb'Device - 2']"
"21593","136.522437951","192.168.15.3","192.168.15.4","MQTT","70","Connect Ack"
"21596","136.524994301","192.168.15.3","192.168.15.4","MQTT","70","Publish Ack (id=123)"
"21598","136.525349091","192.168.15.4","192.168.15.3","MQTT","68","Disconnect Req"
"21608","137.528956016","192.168.15.4","192.168.15.3","MQTT","90","Connect Command"
"21610","137.531320944","192.168.15.4","192.168.15.3","MQTT","97","Publish Message (id=124) [Deviceb'Device - 2']"
"21611","137.531724817","192.168.15.3","192.168.15.4","MQTT","70","Connect Ack"
"21614","137.534220583","192.168.15.3","192.168.15.4","MQTT","70","Publish Ack (id=124)"
"21616","137.534521652","192.168.15.4","192.168.15.3","MQTT","68","Disconnect Req"
"22386","138.541148144","192.168.15.4","192.168.15.3","MQTT","90","Connect Command"
"22475","138.549431294","192.168.15.4","192.168.15.3","MQTT","97","Publish Message (id=125) [Deviceb'Device - 2']"
"22476","138.549442075","192.168.15.3","192.168.15.4","MQTT","70","Connect Ack"
"22534","138.554694168","192.168.15.3","192.168.15.4","MQTT","70","Publish Ack (id=125)"
"22540","138.555147765","192.168.15.4","192.168.15.3","MQTT","68","Disconnect Req"
"22883","139.559283073","192.168.15.4","192.168.15.3","MQTT","90","Connect Command"
"22885","139.562269315","192.168.15.4","192.168.15.3","MQTT","97","Publish Message (id=126) [Deviceb'Device - 2']"
"22887","139.566694376","192.168.15.3","192.168.15.4","MQTT","70","Connect Ack"
"22889","139.569099510","192.168.15.3","192.168.15.4","MQTT","70","Publish Ack (id=126)"
"22891","139.569841352","192.168.15.4","192.168.15.3","MQTT","68","Disconnect Req"
"22903","140.574231331","192.168.15.4","192.168.15.3","MQTT","90","Connect Command"
"22905","140.577131521","192.168.15.4","192.168.15.3","MQTT","97","Publish Message (id=127) [Deviceb'Device - 2']"
"22906","140.577515386","192.168.15.3","192.168.15.4","MQTT","70","Connect Ack"
"22909","140.579976827","192.168.15.3","192.168.15.4","MQTT","70","Publish Ack (id=127)"
"22911","140.580636072","192.168.15.4","192.168.15.3","MQTT","68","Disconnect Req"
"22923","141.584055300","192.168.15.4","192.168.15.3","MQTT","90","Connect Command"
"22925","141.586999843","192.168.15.4","192.168.15.3","MQTT","97","Publish Message (id=128) [Deviceb'Device - 2']"
"22926","141.587341589","192.168.15.3","192.168.15.4","MQTT","70","Connect Ack"
"22929","141.589903550","192.168.15.3","192.168.15.4","MQTT","70","Publish Ack (id=128)"
"22931","141.590491861","192.168.15.4","192.168.15.3","MQTT","68","Disconnect Req"
"22944","142.594623641","192.168.15.4","192.168.15.3","MQTT","90","Connect Command"
"22946","142.597639920","192.168.15.4","192.168.15.3","MQTT","97","Publish Message (id=129) [Deviceb'Device - 2']"
"22947","142.598072417","192.168.15.3","192.168.15.4","MQTT","70","Connect Ack"
"22950","142.600475297","192.168.15.3","192.168.15.4","MQTT","70","Publish Ack (id=129)"
"22952","142.601336474","192.168.15.4","192.168.15.3","MQTT","68","Disconnect Req"
"22969","143.606006373","192.168.15.4","192.168.15.3","MQTT","90","Connect Command"
"22971","143.608893267","192.168.15.4","192.168.15.3","MQTT","97","Publish Message (id=130) [Deviceb'Device - 2']"
"22972","143.609352775","192.168.15.3","192.168.15.4","MQTT","70","Connect Ack"
"22975","143.611760795","192.168.15.3","192.168.15.4","MQTT","70","Publish Ack (id=130)"
"22977","143.612544165","192.168.15.4","192.168.15.3","MQTT","68","Disconnect Req"
"22997","144.617167989","192.168.15.4","192.168.15.3","MQTT","90","Connect Command"
"22999","144.619981605","192.168.15.4","192.168.15.3","MQTT","97","Publish Message (id=131) [Deviceb'Device - 2']"
"23001","144.624322817","192.168.15.3","192.168.15.4","MQTT","70","Connect Ack"
"23003","144.626795419","192.168.15.3","192.168.15.4","MQTT","70","Publish Ack (id=131)"
"23005","144.627780199","192.168.15.4","192.168.15.3","MQTT","68","Disconnect Req"
"23013","145.632154613","192.168.15.4","192.168.15.3","MQTT","90","Connect Command"
"23015","145.635969651","192.168.15.4","192.168.15.3","MQTT","97","Publish Message (id=132) [Deviceb'Device - 2']"
"23016","145.636301448","192.168.15.3","192.168.15.4","MQTT","70","Connect Ack"
"23019","145.638837690","192.168.15.3","192.168.15.4","MQTT","70","Publish Ack (id=132)"
"23021","145.639623896","192.168.15.4","192.168.15.3","MQTT","68","Disconnect Req"
"23033","146.643982354","192.168.15.4","192.168.15.3","MQTT","90","Connect Command"
"23035","146.649234127","192.168.15.4","192.168.15.3","MQTT","97","Publish Message (id=133) [Deviceb'Device - 2']"
"23036","146.649680951","192.168.15.3","192.168.15.4","MQTT","70","Connect Ack"
"23039","146.652725403","192.168.15.3","192.168.15.4","MQTT","70","Publish Ack (id=133)"
"23041","146.653602380","192.168.15.4","192.168.15.3","MQTT","68","Disconnect Req"
"23053","147.657261300","192.168.15.4","192.168.15.3","MQTT","90","Connect Command"
"23055","147.660143897","192.168.15.4","192.168.15.3","MQTT","97","Publish Message (id=134) [Deviceb'Device - 2']"
"23056","147.660553481","192.168.15.3","192.168.15.4","MQTT","70","Connect Ack"
"23059","147.662961981","192.168.15.3","192.168.15.4","MQTT","70","Publish Ack (id=134)"
"23061","147.663902698","192.168.15.4","192.168.15.3","MQTT","68","Disconnect Req"
"23076","148.667917925","192.168.15.4","192.168.15.3","MQTT","90","Connect Command"
"23078","148.670789631","192.168.15.4","192.168.15.3","MQTT","97","Publish Message (id=135) [Deviceb'Device - 2']"
"23079","148.671179267","192.168.15.3","192.168.15.4","MQTT","70","Connect Ack"
"23082","148.673643202","192.168.15.3","192.168.15.4","MQTT","70","Publish Ack (id=135)"
"23084","148.674505892","192.168.15.4","192.168.15.3","MQTT","68","Disconnect Req"
"24573","149.678186628","192.168.15.4","192.168.15.3","MQTT","90","Connect Command"
"24575","149.680349344","192.168.15.4","192.168.15.3","MQTT","97","Publish Message (id=136) [Deviceb'Device - 2']"
"24577","149.684578706","192.168.15.3","192.168.15.4","MQTT","70","Connect Ack"
"24579","149.686998608","192.168.15.3","192.168.15.4","MQTT","70","Publish Ack (id=136)"
"24581","149.687752733","192.168.15.4","192.168.15.3","MQTT","68","Disconnect Req"
"24590","150.691946641","192.168.15.4","192.168.15.3","MQTT","90","Connect Command"
"24592","150.695024576","192.168.15.4","192.168.15.3","MQTT","97","Publish Message (id=137) [Deviceb'Device - 2']"
"24593","150.695429240","192.168.15.3","192.168.15.4","MQTT","70","Connect Ack"
"24596","150.697836980","192.168.15.3","192.168.15.4","MQTT","70","Publish Ack (id=137)"
"24598","150.698762729","192.168.15.4","192.168.15.3","MQTT","68","Disconnect Req"
"24606","151.703121903","192.168.15.4","192.168.15.3","MQTT","90","Connect Command"
"24608","151.706003939","192.168.15.4","192.168.15.3","MQTT","97","Publish Message (id=138) [Deviceb'Device - 2']"
"24609","151.706436736","192.168.15.3","192.168.15.4","MQTT","70","Connect Ack"
"24612","151.708660858","192.168.15.3","192.168.15.4","MQTT","70","Publish Ack (id=138)"
"24614","151.709465699","192.168.15.4","192.168.15.3","MQTT","68","Disconnect Req"
"24628","152.714497585","192.168.15.4","192.168.15.3","MQTT","90","Connect Command"
"24630","152.716910825","192.168.15.4","192.168.15.3","MQTT","97","Publish Message (id=139) [Deviceb'Device - 2']"
"24631","152.717335076","192.168.15.3","192.168.15.4","MQTT","70","Connect Ack"
"24634","152.719936161","192.168.15.3","192.168.15.4","MQTT","70","Publish Ack (id=139)"
"24636","152.720784904","192.168.15.4","192.168.15.3","MQTT","68","Disconnect Req"
"24651","153.725874924","192.168.15.4","192.168.15.3","MQTT","90","Connect Command"
"24653","153.728065002","192.168.15.4","192.168.15.3","MQTT","97","Publish Message (id=140) [Deviceb'Device - 2']"
"24654","153.728496016","192.168.15.3","192.168.15.4","MQTT","70","Connect Ack"
"24657","153.730888336","192.168.15.3","192.168.15.4","MQTT","70","Publish Ack (id=140)"
"24659","153.731884118","192.168.15.4","192.168.15.3","MQTT","68","Disconnect Req"
"24693","154.736222662","192.168.15.4","192.168.15.3","MQTT","90","Connect Command"
"24695","154.739106671","192.168.15.4","192.168.15.3","MQTT","97","Publish Message (id=141) [Deviceb'Device - 2']"
"24697","154.743424018","192.168.15.3","192.168.15.4","MQTT","70","Connect Ack"
"24699","154.745872444","192.168.15.3","192.168.15.4","MQTT","70","Publish Ack (id=141)"
"24701","154.746747889","192.168.15.4","192.168.15.3","MQTT","68","Disconnect Req"
"24713","155.750444571","192.168.15.4","192.168.15.3","MQTT","90","Connect Command"
"24715","155.753376220","192.168.15.4","192.168.15.3","MQTT","97","Publish Message (id=142) [Deviceb'Device - 2']"
"24716","155.753765345","192.168.15.3","192.168.15.4","MQTT","70","Connect Ack"
"24719","155.756242606","192.168.15.3","192.168.15.4","MQTT","70","Publish Ack (id=142)"
"24721","155.757163346","192.168.15.4","192.168.15.3","MQTT","68","Disconnect Req"
"24729","156.761500581","192.168.15.4","192.168.15.3","MQTT","90","Connect Command"
"24731","156.764445946","192.168.15.4","192.168.15.3","MQTT","97","Publish Message (id=143) [Deviceb'Device - 2']"
"24732","156.764850310","192.168.15.3","192.168.15.4","MQTT","70","Connect Ack"
"24735","156.767244484","192.168.15.3","192.168.15.4","MQTT","70","Publish Ack (id=143)"
"24737","156.768214827","192.168.15.4","192.168.15.3","MQTT","68","Disconnect Req"
"24754","157.772494036","192.168.15.4","192.168.15.3","MQTT","90","Connect Command"
"24756","157.775475800","192.168.15.4","192.168.15.3","MQTT","97","Publish Message (id=144) [Deviceb'Device - 2']"
"24757","157.775868271","192.168.15.3","192.168.15.4","MQTT","70","Connect Ack"
"24760","157.778322127","192.168.15.3","192.168.15.4","MQTT","70","Publish Ack (id=144)"
"24762","157.778813496","192.168.15.4","192.168.15.3","MQTT","68","Disconnect Req"
"24776","158.782758005","192.168.15.4","192.168.15.3","MQTT","90","Connect Command"
"24778","158.785621937","192.168.15.4","192.168.15.3","MQTT","97","Publish Message (id=145) [Deviceb'Device - 2']"
"24779","158.786123534","192.168.15.3","192.168.15.4","MQTT","70","Connect Ack"
"24782","158.788352977","192.168.15.3","192.168.15.4","MQTT","70","Publish Ack (id=145)"
"24784","158.789131588","192.168.15.4","192.168.15.3","MQTT","68","Disconnect Req"
"24796","159.792650537","192.168.15.4","192.168.15.3","MQTT","90","Connect Command"
"24798","159.795550867","192.168.15.4","192.168.15.3","MQTT","97","Publish Message (id=146) [Deviceb'Device - 2']"
"24800","159.799947224","192.168.15.3","192.168.15.4","MQTT","70","Connect Ack"
"24802","159.802355223","192.168.15.3","192.168.15.4","MQTT","70","Publish Ack (id=146)"
"24804","159.802807107","192.168.15.4","192.168.15.3","MQTT","68","Disconnect Req"
"26962","160.806756120","192.168.15.4","192.168.15.3","MQTT","90","Connect Command"
"26964","160.809557042","192.168.15.4","192.168.15.3","MQTT","97","Publish Message (id=147) [Deviceb'Device - 2']"
"26965","160.809974250","192.168.15.3","192.168.15.4","MQTT","70","Connect Ack"
"26968","160.812373824","192.168.15.3","192.168.15.4","MQTT","70","Publish Ack (id=147)"
"26970","160.813199895","192.168.15.4","192.168.15.3","MQTT","68","Disconnect Req"
"26982","161.816867588","192.168.15.4","192.168.15.3","MQTT","90","Connect Command"
"26984","161.819857667","192.168.15.4","192.168.15.3","MQTT","97","Publish Message (id=148) [Deviceb'Device - 2']"
"26985","161.820290736","192.168.15.3","192.168.15.4","MQTT","70","Connect Ack"
"26988","161.822662206","192.168.15.3","192.168.15.4","MQTT","70","Publish Ack (id=148)"
"26990","161.823084795","192.168.15.4","192.168.15.3","MQTT","68","Disconnect Req"
"27005","162.826584735","192.168.15.4","192.168.15.3","MQTT","90","Connect Command"
"27008","162.831195056","192.168.15.4","192.168.15.3","MQTT","97","Publish Message (id=149) [Deviceb'Device - 2']"
"27009","162.831619949","192.168.15.3","192.168.15.4","MQTT","70","Connect Ack"
"27012","162.834210343","192.168.15.3","192.168.15.4","MQTT","70","Publish Ack (id=149)"
"27014","162.834931406","192.168.15.4","192.168.15.3","MQTT","68","Disconnect Req"
"27022","163.839471765","192.168.15.4","192.168.15.3","MQTT","90","Connect Command"
"27024","163.842351476","192.168.15.4","192.168.15.3","MQTT","97","Publish Message (id=150) [Deviceb'Device - 2']"
"27025","163.842822195","192.168.15.3","192.168.15.4","MQTT","70","Connect Ack"
"27028","163.845204907","192.168.15.3","192.168.15.4","MQTT","70","Publish Ack (id=150)"
"27030","163.845777449","192.168.15.4","192.168.15.3","MQTT","68","Disconnect Req"
"27045","164.849169910","192.168.15.4","192.168.15.3","MQTT","90","Connect Command"
"27047","164.852010988","192.168.15.4","192.168.15.3","MQTT","97","Publish Message (id=151) [Deviceb'Device - 2']"
"27049","164.856340659","192.168.15.3","192.168.15.4","MQTT","70","Connect Ack"
"27051","164.858824332","192.168.15.3","192.168.15.4","MQTT","70","Publish Ack (id=151)"
"27053","164.859194221","192.168.15.4","192.168.15.3","MQTT","68","Disconnect Req"
"27075","165.862834635","192.168.15.4","192.168.15.3","MQTT","90","Connect Command"
"27077","165.865854842","192.168.15.4","192.168.15.3","MQTT","97","Publish Message (id=152) [Deviceb'Device - 2']"
"27078","165.866356740","192.168.15.3","192.168.15.4","MQTT","70","Connect Ack"
"27081","165.868691261","192.168.15.3","192.168.15.4","MQTT","70","Publish Ack (id=152)"
"27083","165.869033297","192.168.15.4","192.168.15.3","MQTT","68","Disconnect Req"
"27095","166.873172406","192.168.15.4","192.168.15.3","MQTT","90","Connect Command"
"27097","166.876044553","192.168.15.4","192.168.15.3","MQTT","97","Publish Message (id=153) [Deviceb'Device - 2']"
"27098","166.876443927","192.168.15.3","192.168.15.4","MQTT","70","Connect Ack"
"27101","166.878806682","192.168.15.3","192.168.15.4","MQTT","70","Publish Ack (id=153)"
"27103","166.879427284","192.168.15.4","192.168.15.3","MQTT","68","Disconnect Req"
"27118","167.883550345","192.168.15.4","192.168.15.3","MQTT","90","Connect Command"
"27120","167.886398567","192.168.15.4","192.168.15.3","MQTT","97","Publish Message (id=154) [Deviceb'Device - 2']"
"27121","167.886816136","192.168.15.3","192.168.15.4","MQTT","70","Connect Ack"
"27124","167.889164032","192.168.15.3","192.168.15.4","MQTT","70","Publish Ack (id=154)"
"27126","167.890181494","192.168.15.4","192.168.15.3","MQTT","68","Disconnect Req"
"27134","168.894130768","192.168.15.4","192.168.15.3","MQTT","90","Connect Command"
"27136","168.897080993","192.168.15.4","192.168.15.3","MQTT","97","Publish Message (id=155) [Deviceb'Device - 2']"
"27137","168.897463966","192.168.15.3","192.168.15.4","MQTT","70","Connect Ack"
"27140","168.899898086","192.168.15.3","192.168.15.4","MQTT","70","Publish Ack (id=155)"
"27142","168.900814387","192.168.15.4","192.168.15.3","MQTT","68","Disconnect Req"
"27155","169.904419074","192.168.15.4","192.168.15.3","MQTT","90","Connect Command"
"27157","169.907355642","192.168.15.4","192.168.15.3","MQTT","97","Publish Message (id=156) [Deviceb'Device - 2']"
"27159","169.911704790","192.168.15.3","192.168.15.4","MQTT","70","Connect Ack"
"27161","169.914064549","192.168.15.3","192.168.15.4","MQTT","70","Publish Ack (id=156)"
"27163","169.914681955","192.168.15.4","192.168.15.3","MQTT","68","Disconnect Req"
"27183","170.918975838","192.168.15.4","192.168.15.3","MQTT","90","Connect Command"
"27185","170.921968512","192.168.15.4","192.168.15.3","MQTT","97","Publish Message (id=157) [Deviceb'Device - 2']"
"27186","170.922405327","192.168.15.3","192.168.15.4","MQTT","70","Connect Ack"
"27189","170.924621485","192.168.15.3","192.168.15.4","MQTT","70","Publish Ack (id=157)"
"27191","170.925224524","192.168.15.4","192.168.15.3","MQTT","68","Disconnect Req"
"27203","171.929014115","192.168.15.4","192.168.15.3","MQTT","90","Connect Command"
"27205","171.932014374","192.168.15.4","192.168.15.3","MQTT","97","Publish Message (id=158) [Deviceb'Device - 2']"
"27206","171.932429939","192.168.15.3","192.168.15.4","MQTT","70","Connect Ack"
"27209","171.934838180","192.168.15.3","192.168.15.4","MQTT","70","Publish Ack (id=158)"
"27211","171.935669631","192.168.15.4","192.168.15.3","MQTT","68","Disconnect Req"
"27227","172.939695601","192.168.15.4","192.168.15.3","MQTT","90","Connect Command"
"27229","172.942754831","192.168.15.4","192.168.15.3","MQTT","97","Publish Message (id=159) [Deviceb'Device - 2']"
"27230","172.943232534","192.168.15.3","192.168.15.4","MQTT","70","Connect Ack"
"27233","172.945562246","192.168.15.3","192.168.15.4","MQTT","70","Publish Ack (id=159)"
"27235","172.946512942","192.168.15.4","192.168.15.3","MQTT","68","Disconnect Req"
"27247","173.950114192","192.168.15.4","192.168.15.3","MQTT","90","Connect Command"
"27249","173.953115052","192.168.15.4","192.168.15.3","MQTT","97","Publish Message (id=160) [Deviceb'Device - 2']"
"27250","173.953509989","192.168.15.3","192.168.15.4","MQTT","70","Connect Ack"
"27253","173.955919812","192.168.15.3","192.168.15.4","MQTT","70","Publish Ack (id=160)"
"27255","173.956936623","192.168.15.4","192.168.15.3","MQTT","68","Disconnect Req"
"27306","174.960358819","192.168.15.4","192.168.15.3","MQTT","90","Connect Command"
"27308","174.963339621","192.168.15.4","192.168.15.3","MQTT","97","Publish Message (id=161) [Deviceb'Device - 2']"
"27309","174.963736611","192.168.15.3","192.168.15.4","MQTT","70","Connect Ack"
"27312","174.966218130","192.168.15.3","192.168.15.4","MQTT","70","Publish Ack (id=161)"
"27314","174.966718055","192.168.15.4","192.168.15.3","MQTT","68","Disconnect Req"
"27326","175.971017309","192.168.15.4","192.168.15.3","MQTT","90","Connect Command"
"27328","175.974009683","192.168.15.4","192.168.15.3","MQTT","97","Publish Message (id=162) [Deviceb'Device - 2']"
"27329","175.974418055","192.168.15.3","192.168.15.4","MQTT","70","Connect Ack"
"27332","175.977004131","192.168.15.3","192.168.15.4","MQTT","70","Publish Ack (id=162)"
"27334","175.977544252","192.168.15.4","192.168.15.3","MQTT","68","Disconnect Req"
"28958","176.981041604","192.168.15.4","192.168.15.3","MQTT","90","Connect Command"
"28960","176.985909452","192.168.15.4","192.168.15.3","MQTT","97","Publish Message (id=163) [Deviceb'Device - 2']"
"28961","176.986360094","192.168.15.3","192.168.15.4","MQTT","70","Connect Ack"
"28964","176.988688643","192.168.15.3","192.168.15.4","MQTT","70","Publish Ack (id=163)"
"28966","176.989147510","192.168.15.4","192.168.15.3","MQTT","68","Disconnect Req"
"28982","177.992562230","192.168.15.4","192.168.15.3","MQTT","90","Connect Command"
"28984","177.997983934","192.168.15.4","192.168.15.3","MQTT","97","Publish Message (id=164) [Deviceb'Device - 2']"
"28985","177.998388298","192.168.15.3","192.168.15.4","MQTT","70","Connect Ack"
"28988","178.000796849","192.168.15.3","192.168.15.4","MQTT","70","Publish Ack (id=164)"
"28990","178.001587603","192.168.15.4","192.168.15.3","MQTT","68","Disconnect Req"
"29009","179.005488012","192.168.15.4","192.168.15.3","MQTT","90","Connect Command"
"29011","179.008505073","192.168.15.4","192.168.15.3","MQTT","97","Publish Message (id=165) [Deviceb'Device - 2']"
"29012","179.008817133","192.168.15.3","192.168.15.4","MQTT","70","Connect Ack"
"29015","179.011507186","192.168.15.3","192.168.15.4","MQTT","70","Publish Ack (id=165)"
"29017","179.012063136","192.168.15.4","192.168.15.3","MQTT","68","Disconnect Req"
"29027","180.016601765","192.168.15.4","192.168.15.3","MQTT","90","Connect Command"
"29029","180.019655685","192.168.15.4","192.168.15.3","MQTT","97","Publish Message (id=166) [Deviceb'Device - 2']"
"29031","180.023978392","192.168.15.3","192.168.15.4","MQTT","70","Connect Ack"
"29033","180.026411790","192.168.15.3","192.168.15.4","MQTT","70","Publish Ack (id=166)"
"29035","180.027204077","192.168.15.4","192.168.15.3","MQTT","68","Disconnect Req"
"29051","181.030829152","192.168.15.4","192.168.15.3","MQTT","90","Connect Command"
"29053","181.033716247","192.168.15.4","192.168.15.3","MQTT","97","Publish Message (id=167) [Deviceb'Device - 2']"
"29054","181.034122775","192.168.15.3","192.168.15.4","MQTT","70","Connect Ack"
"29057","181.036581791","192.168.15.3","192.168.15.4","MQTT","70","Publish Ack (id=167)"
"29059","181.037545863","192.168.15.4","192.168.15.3","MQTT","68","Disconnect Req"
"29071","182.042883165","192.168.15.4","192.168.15.3","MQTT","90","Connect Command"
"29073","182.045946583","192.168.15.4","192.168.15.3","MQTT","97","Publish Message (id=168) [Deviceb'Device - 2']"
"29074","182.046192748","192.168.15.3","192.168.15.4","MQTT","70","Connect Ack"
"29077","182.048759468","192.168.15.3","192.168.15.4","MQTT","70","Publish Ack (id=168)"
"29079","182.049590057","192.168.15.4","192.168.15.3","MQTT","68","Disconnect Req"
"29095","183.054352005","192.168.15.4","192.168.15.3","MQTT","90","Connect Command"
"29097","183.057234522","192.168.15.4","192.168.15.3","MQTT","97","Publish Message (id=169) [Deviceb'Device - 2']"
"29098","183.057621523","192.168.15.3","192.168.15.4","MQTT","70","Connect Ack"
"29101","183.059992603","192.168.15.3","192.168.15.4","MQTT","70","Publish Ack (id=169)"
"29103","183.060693958","192.168.15.4","192.168.15.3","MQTT","68","Disconnect Req"
"29122","184.064767498","192.168.15.4","192.168.15.3","MQTT","90","Connect Command"
"29125","184.067648081","192.168.15.4","192.168.15.3","MQTT","97","Publish Message (id=170) [Deviceb'Device - 2']"
"29126","184.068062404","192.168.15.3","192.168.15.4","MQTT","70","Connect Ack"
"29129","184.070464803","192.168.15.3","192.168.15.4","MQTT","70","Publish Ack (id=170)"
"29131","184.070997871","192.168.15.4","192.168.15.3","MQTT","68","Disconnect Req"
"29145","185.075209313","192.168.15.4","192.168.15.3","MQTT","90","Connect Command"
"29147","185.078063636","192.168.15.4","192.168.15.3","MQTT","97","Publish Message (id=171) [Deviceb'Device - 2']"
"29149","185.084543720","192.168.15.3","192.168.15.4","MQTT","70","Connect Ack"
"29151","185.087263829","192.168.15.3","192.168.15.4","MQTT","70","Publish Ack (id=171)"
"29153","185.087526416","192.168.15.4","192.168.15.3","MQTT","68","Disconnect Req"
"29165","186.091677076","192.168.15.4","192.168.15.3","MQTT","90","Connect Command"
"29167","186.094559271","192.168.15.4","192.168.15.3","MQTT","97","Publish Message (id=172) [Deviceb'Device - 2']"
"29168","186.094959187","192.168.15.3","192.168.15.4","MQTT","70","Connect Ack"
"29171","186.097443060","192.168.15.3","192.168.15.4","MQTT","70","Publish Ack (id=172)"
"29173","186.098091405","192.168.15.4","192.168.15.3","MQTT","68","Disconnect Req"
"29185","187.102844247","192.168.15.4","192.168.15.3","MQTT","90","Connect Command"
"29187","187.105579135","192.168.15.4","192.168.15.3","MQTT","97","Publish Message (id=173) [Deviceb'Device - 2']"
"29188","187.105997375","192.168.15.3","192.168.15.4","MQTT","70","Connect Ack"
"29191","187.108408811","192.168.15.3","192.168.15.4","MQTT","70","Publish Ack (id=173)"
"29193","187.109069219","192.168.15.4","192.168.15.3","MQTT","68","Disconnect Req"
"29219","188.113708817","192.168.15.4","192.168.15.3","MQTT","90","Connect Command"
"29221","188.116438916","192.168.15.4","192.168.15.3","MQTT","97","Publish Message (id=174) [Deviceb'Device - 2']"
"29222","188.116847197","192.168.15.3","192.168.15.4","MQTT","70","Connect Ack"
"29226","188.119303799","192.168.15.3","192.168.15.4","MQTT","70","Publish Ack (id=174)"
"29228","188.120004613","192.168.15.4","192.168.15.3","MQTT","68","Disconnect Req"
"29241","189.124427175","192.168.15.4","192.168.15.3","MQTT","90","Connect Command"
"29243","189.127310363","192.168.15.4","192.168.15.3","MQTT","97","Publish Message (id=175) [Deviceb'Device - 2']"
"29244","189.127697244","192.168.15.3","192.168.15.4","MQTT","70","Connect Ack"
"29247","189.130144848","192.168.15.3","192.168.15.4","MQTT","70","Publish Ack (id=175)"
"29249","189.130933158","192.168.15.4","192.168.15.3","MQTT","68","Disconnect Req"
"29262","190.135162237","192.168.15.4","192.168.15.3","MQTT","90","Connect Command"
"29264","190.137993507","192.168.15.4","192.168.15.3","MQTT","97","Publish Message (id=176) [Deviceb'Device - 2']"
"29265","190.138407058","192.168.15.3","192.168.15.4","MQTT","70","Connect Ack"
"29268","190.140824757","192.168.15.3","192.168.15.4","MQTT","70","Publish Ack (id=176)"
"29270","190.141649946","192.168.15.4","192.168.15.3","MQTT","68","Disconnect Req"
"29287","191.146123138","192.168.15.4","192.168.15.3","MQTT","90","Connect Command"
"29289","191.148474281","192.168.15.4","192.168.15.3","MQTT","97","Publish Message (id=177) [Deviceb'Device - 2']"
"29290","191.148941244","192.168.15.3","192.168.15.4","MQTT","70","Connect Ack"
"29293","191.151632569","192.168.15.3","192.168.15.4","MQTT","70","Publish Ack (id=177)"
"29295","191.152293498","192.168.15.4","192.168.15.3","MQTT","68","Disconnect Req"
"29323","192.156798844","192.168.15.4","192.168.15.3","MQTT","90","Connect Command"
"29325","192.159668557","192.168.15.4","192.168.15.3","MQTT","97","Publish Message (id=178) [Deviceb'Device - 2']"
"29326","192.160068202","192.168.15.3","192.168.15.4","MQTT","70","Connect Ack"
"29329","192.162499115","192.168.15.3","192.168.15.4","MQTT","70","Publish Ack (id=178)"
"29331","192.163189429","192.168.15.4","192.168.15.3","MQTT","68","Disconnect Req"
"31620","193.167231523","192.168.15.4","192.168.15.3","MQTT","90","Connect Command"
"31622","193.170129649","192.168.15.4","192.168.15.3","MQTT","97","Publish Message (id=179) [Deviceb'Device - 2']"
"31623","193.170514596","192.168.15.3","192.168.15.4","MQTT","70","Connect Ack"
"31626","193.172945490","192.168.15.3","192.168.15.4","MQTT","70","Publish Ack (id=179)"
"31628","193.173596550","192.168.15.4","192.168.15.3","MQTT","68","Disconnect Req"
"31640","194.177899839","192.168.15.4","192.168.15.3","MQTT","90","Connect Command"
"31642","194.181907331","192.168.15.4","192.168.15.3","MQTT","97","Publish Message (id=180) [Deviceb'Device - 2']"
"31643","194.182779570","192.168.15.3","192.168.15.4","MQTT","70","Connect Ack"
"31646","194.184582747","192.168.15.3","192.168.15.4","MQTT","70","Publish Ack (id=180)"
"31648","194.185222555","192.168.15.4","192.168.15.3","MQTT","68","Disconnect Req"
"31669","195.189192497","192.168.15.4","192.168.15.3","MQTT","90","Connect Command"
"31671","195.192058823","192.168.15.4","192.168.15.3","MQTT","97","Publish Message (id=181) [Deviceb'Device - 2']"
"31673","195.196412920","192.168.15.3","192.168.15.4","MQTT","70","Connect Ack"
"31675","195.198793569","192.168.15.3","192.168.15.4","MQTT","70","Publish Ack (id=181)"
"31677","195.199488412","192.168.15.4","192.168.15.3","MQTT","68","Disconnect Req"
"31689","196.203154221","192.168.15.4","192.168.15.3","MQTT","90","Connect Command"
"31691","196.206004075","192.168.15.4","192.168.15.3","MQTT","97","Publish Message (id=182) [Deviceb'Device - 2']"
"31692","196.206491997","192.168.15.3","192.168.15.4","MQTT","70","Connect Ack"
"31695","196.208892664","192.168.15.3","192.168.15.4","MQTT","70","Publish Ack (id=182)"
"31697","196.209566988","192.168.15.4","192.168.15.3","MQTT","68","Disconnect Req"
"31713","197.214010699","192.168.15.4","192.168.15.3","MQTT","90","Connect Command"
"31715","197.216903915","192.168.15.4","192.168.15.3","MQTT","97","Publish Message (id=183) [Deviceb'Device - 2']"
"31716","197.217301126","192.168.15.3","192.168.15.4","MQTT","70","Connect Ack"
"31719","197.219844933","192.168.15.3","192.168.15.4","MQTT","70","Publish Ack (id=183)"
"31721","197.220412756","192.168.15.4","192.168.15.3","MQTT","68","Disconnect Req"
"31738","198.224926131","192.168.15.4","192.168.15.3","MQTT","90","Connect Command"
"31740","198.227760086","192.168.15.4","192.168.15.3","MQTT","97","Publish Message (id=184) [Deviceb'Device - 2']"
"31741","198.228173276","192.168.15.3","192.168.15.4","MQTT","70","Connect Ack"
"31744","198.230646520","192.168.15.3","192.168.15.4","MQTT","70","Publish Ack (id=184)"
"31746","198.231376859","192.168.15.4","192.168.15.3","MQTT","68","Disconnect Req"
"31762","199.235754031","192.168.15.4","192.168.15.3","MQTT","90","Connect Command"
"31764","199.238683897","192.168.15.4","192.168.15.3","MQTT","97","Publish Message (id=185) [Deviceb'Device - 2']"
"31765","199.239073132","192.168.15.3","192.168.15.4","MQTT","70","Connect Ack"
"31768","199.241501030","192.168.15.3","192.168.15.4","MQTT","70","Publish Ack (id=185)"
"31770","199.241839429","192.168.15.4","192.168.15.3","MQTT","68","Disconnect Req"
"31784","200.245606530","192.168.15.4","192.168.15.3","MQTT","90","Connect Command"
"31786","200.248567585","192.168.15.4","192.168.15.3","MQTT","97","Publish Message (id=186) [Deviceb'Device - 2']"
"31788","200.252908477","192.168.15.3","192.168.15.4","MQTT","70","Connect Ack"
"31790","200.255270791","192.168.15.3","192.168.15.4","MQTT","70","Publish Ack (id=186)"
"31792","200.256065523","192.168.15.4","192.168.15.3","MQTT","68","Disconnect Req"
"31804","201.260010503","192.168.15.4","192.168.15.3","MQTT","90","Connect Command"
"31806","201.262724090","192.168.15.4","192.168.15.3","MQTT","97","Publish Message (id=187) [Deviceb'Device - 2']"
"31807","201.263217222","192.168.15.3","192.168.15.4","MQTT","70","Connect Ack"
"31810","201.265979151","192.168.15.3","192.168.15.4","MQTT","70","Publish Ack (id=187)"
"31812","201.266838495","192.168.15.4","192.168.15.3","MQTT","68","Disconnect Req"
"31824","202.270922779","192.168.15.4","192.168.15.3","MQTT","90","Connect Command"
"31826","202.273771621","192.168.15.4","192.168.15.3","MQTT","97","Publish Message (id=188) [Deviceb'Device - 2']"
"31827","202.274195022","192.168.15.3","192.168.15.4","MQTT","70","Connect Ack"
"31830","202.276671451","192.168.15.3","192.168.15.4","MQTT","70","Publish Ack (id=188)"
"31832","202.277344753","192.168.15.4","192.168.15.3","MQTT","68","Disconnect Req"
"31844","203.280834378","192.168.15.4","192.168.15.3","MQTT","90","Connect Command"
"31846","203.283785704","192.168.15.4","192.168.15.3","MQTT","97","Publish Message (id=189) [Deviceb'Device - 2']"
"31847","203.284138291","192.168.15.3","192.168.15.4","MQTT","70","Connect Ack"
"31850","203.286673831","192.168.15.3","192.168.15.4","MQTT","70","Publish Ack (id=189)"
"31852","203.287259638","192.168.15.4","192.168.15.3","MQTT","68","Disconnect Req"
"31867","204.290848943","192.168.15.4","192.168.15.3","MQTT","90","Connect Command"
"31869","204.293732763","192.168.15.4","192.168.15.3","MQTT","97","Publish Message (id=190) [Deviceb'Device - 2']"
"31870","204.294151794","192.168.15.3","192.168.15.4","MQTT","70","Connect Ack"
"31873","204.296602545","192.168.15.3","192.168.15.4","MQTT","70","Publish Ack (id=190)"
"31875","204.297331272","192.168.15.4","192.168.15.3","MQTT","68","Disconnect Req"
"31887","205.301737823","192.168.15.4","192.168.15.3","MQTT","90","Connect Command"
"31889","205.304645668","192.168.15.4","192.168.15.3","MQTT","97","Publish Message (id=191) [Deviceb'Device - 2']"
"31891","205.308912380","192.168.15.3","192.168.15.4","MQTT","70","Connect Ack"
"31893","205.311368200","192.168.15.3","192.168.15.4","MQTT","70","Publish Ack (id=191)"
"31895","205.311782543","192.168.15.4","192.168.15.3","MQTT","68","Disconnect Req"
"31907","206.315965012","192.168.15.4","192.168.15.3","MQTT","90","Connect Command"
"31909","206.318829074","192.168.15.4","192.168.15.3","MQTT","97","Publish Message (id=192) [Deviceb'Device - 2']"
"31910","206.319223840","192.168.15.3","192.168.15.4","MQTT","70","Connect Ack"
"31913","206.321620028","192.168.15.3","192.168.15.4","MQTT","70","Publish Ack (id=192)"
"31915","206.321993894","192.168.15.4","192.168.15.3","MQTT","68","Disconnect Req"
"31927","207.335315747","192.168.15.4","192.168.15.3","MQTT","90","Connect Command"
"31929","207.338161755","192.168.15.4","192.168.15.3","MQTT","97","Publish Message (id=193) [Deviceb'Device - 2']"
"31930","207.338944514","192.168.15.3","192.168.15.4","MQTT","70","Connect Ack"
"31933","207.340871174","192.168.15.3","192.168.15.4","MQTT","70","Publish Ack (id=193)"
"31935","207.341540379","192.168.15.4","192.168.15.3","MQTT","68","Disconnect Req"
"33886","208.345591516","192.168.15.4","192.168.15.3","MQTT","90","Connect Command"
"33888","208.348502807","192.168.15.4","192.168.15.3","MQTT","97","Publish Message (id=194) [Deviceb'Device - 2']"
"33889","208.348951204","192.168.15.3","192.168.15.4","MQTT","70","Connect Ack"
"33892","208.351413667","192.168.15.3","192.168.15.4","MQTT","70","Publish Ack (id=194)"
"33894","208.352055339","192.168.15.4","192.168.15.3","MQTT","68","Disconnect Req"
"33906","209.355913703","192.168.15.4","192.168.15.3","MQTT","90","Connect Command"
"33908","209.358699217","192.168.15.4","192.168.15.3","MQTT","97","Publish Message (id=195) [Deviceb'Device - 2']"
"33909","209.359129180","192.168.15.3","192.168.15.4","MQTT","70","Connect Ack"
"33912","209.361455736","192.168.15.3","192.168.15.4","MQTT","70","Publish Ack (id=195)"
"33914","209.362099151","192.168.15.4","192.168.15.3","MQTT","68","Disconnect Req"
"33926","210.367083799","192.168.15.4","192.168.15.3","MQTT","90","Connect Command"
"33928","210.369720651","192.168.15.4","192.168.15.3","MQTT","97","Publish Message (id=196) [Deviceb'Device - 2']"
"33930","210.374090248","192.168.15.3","192.168.15.4","MQTT","70","Connect Ack"
"33932","210.377049209","192.168.15.3","192.168.15.4","MQTT","70","Publish Ack (id=196)"
"33934","210.377422114","192.168.15.4","192.168.15.3","MQTT","68","Disconnect Req"
"33942","211.381223256","192.168.15.4","192.168.15.3","MQTT","90","Connect Command"
"33944","211.384062151","192.168.15.4","192.168.15.3","MQTT","97","Publish Message (id=197) [Deviceb'Device - 2']"
"33945","211.384443762","192.168.15.3","192.168.15.4","MQTT","70","Connect Ack"
"33948","211.387332781","192.168.15.3","192.168.15.4","MQTT","70","Publish Ack (id=197)"
"33950","211.388194619","192.168.15.4","192.168.15.3","MQTT","68","Disconnect Req"
"33979","212.392707942","192.168.15.4","192.168.15.3","MQTT","90","Connect Command"
"33981","212.395809943","192.168.15.4","192.168.15.3","MQTT","97","Publish Message (id=198) [Deviceb'Device - 2']"
"33982","212.396205831","192.168.15.3","192.168.15.4","MQTT","70","Connect Ack"
"33985","212.398869254","192.168.15.3","192.168.15.4","MQTT","70","Publish Ack (id=198)"
"33987","212.399737294","192.168.15.4","192.168.15.3","MQTT","68","Disconnect Req"
"34004","213.403756984","192.168.15.4","192.168.15.3","MQTT","90","Connect Command"
"34006","213.406685818","192.168.15.4","192.168.15.3","MQTT","97","Publish Message (id=199) [Deviceb'Device - 2']"
"34007","213.407112113","192.168.15.3","192.168.15.4","MQTT","70","Connect Ack"
"34010","213.409495126","192.168.15.3","192.168.15.4","MQTT","70","Publish Ack (id=199)"
"34012","213.410302242","192.168.15.4","192.168.15.3","MQTT","68","Disconnect Req"
"34035","214.414997400","192.168.15.4","192.168.15.3","MQTT","90","Connect Command"
"34037","214.417845832","192.168.15.4","192.168.15.3","MQTT","97","Publish Message (id=200) [Deviceb'Device - 2']"
"34038","214.418278079","192.168.15.3","192.168.15.4","MQTT","70","Connect Ack"
"34041","214.420666913","192.168.15.3","192.168.15.4","MQTT","70","Publish Ack (id=200)"
"34043","214.421666111","192.168.15.4","192.168.15.3","MQTT","68","Disconnect Req"
"34062","215.426655377","192.168.15.4","192.168.15.3","MQTT","90","Connect Command"
"34064","215.429260719","192.168.15.4","192.168.15.3","MQTT","97","Publish Message (id=201) [Deviceb'Device - 2']"
"34066","215.433833340","192.168.15.3","192.168.15.4","MQTT","70","Connect Ack"
"34068","215.436354534","192.168.15.3","192.168.15.4","MQTT","70","Publish Ack (id=201)"
"34070","215.437071749","192.168.15.4","192.168.15.3","MQTT","68","Disconnect Req"
"34086","216.441600769","192.168.15.4","192.168.15.3","MQTT","90","Connect Command"
"34088","216.444363629","192.168.15.4","192.168.15.3","MQTT","97","Publish Message (id=202) [Deviceb'Device - 2']"
"34089","216.444729310","192.168.15.3","192.168.15.4","MQTT","70","Connect Ack"
"34092","216.447244123","192.168.15.3","192.168.15.4","MQTT","70","Publish Ack (id=202)"
"34094","216.448178568","192.168.15.4","192.168.15.3","MQTT","68","Disconnect Req"
"34108","217.452798513","192.168.15.4","192.168.15.3","MQTT","90","Connect Command"
"34110","217.455645993","192.168.15.4","192.168.15.3","MQTT","97","Publish Message (id=203) [Deviceb'Device - 2']"
"34111","217.456025851","192.168.15.3","192.168.15.4","MQTT","70","Connect Ack"
"34114","217.458513131","192.168.15.3","192.168.15.4","MQTT","70","Publish Ack (id=203)"
"34116","217.459290149","192.168.15.4","192.168.15.3","MQTT","68","Disconnect Req"
"34131","218.463231673","192.168.15.4","192.168.15.3","MQTT","90","Connect Command"
"34133","218.467421781","192.168.15.4","192.168.15.3","MQTT","97","Publish Message (id=204) [Deviceb'Device - 2']"
"34134","218.467686010","192.168.15.3","192.168.15.4","MQTT","70","Connect Ack"
"34137","218.470266777","192.168.15.3","192.168.15.4","MQTT","70","Publish Ack (id=204)"
"34139","218.470955117","192.168.15.4","192.168.15.3","MQTT","68","Disconnect Req"
"34151","219.474653334","192.168.15.4","192.168.15.3","MQTT","90","Connect Command"
"34153","219.477510353","192.168.15.4","192.168.15.3","MQTT","97","Publish Message (id=205) [Deviceb'Device - 2']"
"34154","219.477899649","192.168.15.3","192.168.15.4","MQTT","70","Connect Ack"
"34157","219.480442794","192.168.15.3","192.168.15.4","MQTT","70","Publish Ack (id=205)"
"34159","219.481320142","192.168.15.4","192.168.15.3","MQTT","68","Disconnect Req"
"34173","220.485277940","192.168.15.4","192.168.15.3","MQTT","90","Connect Command"
"34175","220.488128356","192.168.15.4","192.168.15.3","MQTT","97","Publish Message (id=206) [Deviceb'Device - 2']"
"34177","220.492450663","192.168.15.3","192.168.15.4","MQTT","70","Connect Ack"
"34179","220.494975745","192.168.15.3","192.168.15.4","MQTT","70","Publish Ack (id=206)"
"34181","220.495859054","192.168.15.4","192.168.15.3","MQTT","68","Disconnect Req"
"34193","221.500417490","192.168.15.4","192.168.15.3","MQTT","90","Connect Command"
"34195","221.503221579","192.168.15.4","192.168.15.3","MQTT","97","Publish Message (id=207) [Deviceb'Device - 2']"
"34196","221.503652733","192.168.15.3","192.168.15.4","MQTT","70","Connect Ack"
"34199","221.506131097","192.168.15.3","192.168.15.4","MQTT","70","Publish Ack (id=207)"
"34201","221.507163367","192.168.15.4","192.168.15.3","MQTT","68","Disconnect Req"
"34214","222.511192245","192.168.15.4","192.168.15.3","MQTT","90","Connect Command"
"34216","222.514095682","192.168.15.4","192.168.15.3","MQTT","97","Publish Message (id=208) [Deviceb'Device - 2']"
"34217","222.514463557","192.168.15.3","192.168.15.4","MQTT","70","Connect Ack"
"34220","222.516974902","192.168.15.3","192.168.15.4","MQTT","70","Publish Ack (id=208)"
"34222","222.517795713","192.168.15.4","192.168.15.3","MQTT","68","Disconnect Req"
"34237","223.521449405","192.168.15.4","192.168.15.3","MQTT","90","Connect Command"
"34239","223.524846745","192.168.15.4","192.168.15.3","MQTT","97","Publish Message (id=209) [Deviceb'Device - 2']"
"34240","223.525228957","192.168.15.3","192.168.15.4","MQTT","70","Connect Ack"
"34243","223.527515918","192.168.15.3","192.168.15.4","MQTT","70","Publish Ack (id=209)"
"34245","223.528415278","192.168.15.4","192.168.15.3","MQTT","68","Disconnect Req"
"36551","224.532098477","192.168.15.4","192.168.15.3","MQTT","90","Connect Command"
"36553","224.535011902","192.168.15.4","192.168.15.3","MQTT","97","Publish Message (id=210) [Deviceb'Device - 2']"
"36554","224.535425133","192.168.15.3","192.168.15.4","MQTT","70","Connect Ack"
"36557","224.537846739","192.168.15.3","192.168.15.4","MQTT","70","Publish Ack (id=210)"
"36559","224.538702816","192.168.15.4","192.168.15.3","MQTT","68","Disconnect Req"
"36578","225.542326006","192.168.15.4","192.168.15.3","MQTT","90","Connect Command"
"36580","225.545232769","192.168.15.4","192.168.15.3","MQTT","97","Publish Message (id=211) [Deviceb'Device - 2']"
"36582","225.549657891","192.168.15.3","192.168.15.4","MQTT","70","Connect Ack"
"36584","225.552070750","192.168.15.3","192.168.15.4","MQTT","70","Publish Ack (id=211)"
"36586","225.552445939","192.168.15.4","192.168.15.3","MQTT","68","Disconnect Req"
"36594","226.557517730","192.168.15.4","192.168.15.3","MQTT","90","Connect Command"
"36596","226.559881216","192.168.15.4","192.168.15.3","MQTT","97","Publish Message (id=212) [Deviceb'Device - 2']"
"36597","226.560288085","192.168.15.3","192.168.15.4","MQTT","70","Connect Ack"
"36600","226.562789992","192.168.15.3","192.168.15.4","MQTT","70","Publish Ack (id=212)"
"36602","226.563825008","192.168.15.4","192.168.15.3","MQTT","68","Disconnect Req"
"36610","227.567988352","192.168.15.4","192.168.15.3","MQTT","90","Connect Command"
"36612","227.570891588","192.168.15.4","192.168.15.3","MQTT","97","Publish Message (id=213) [Deviceb'Device - 2']"
"36613","227.571305500","192.168.15.3","192.168.15.4","MQTT","70","Connect Ack"
"36616","227.573809782","192.168.15.3","192.168.15.4","MQTT","70","Publish Ack (id=213)"
"36618","227.574658165","192.168.15.4","192.168.15.3","MQTT","68","Disconnect Req"
"36634","228.579519731","192.168.15.4","192.168.15.3","MQTT","90","Connect Command"
"36636","228.584073617","192.168.15.4","192.168.15.3","MQTT","97","Publish Message (id=214) [Deviceb'Device - 2']"
"36637","228.584481237","192.168.15.3","192.168.15.4","MQTT","70","Connect Ack"
"36640","228.586919154","192.168.15.3","192.168.15.4","MQTT","70","Publish Ack (id=214)"
"36642","228.587682366","192.168.15.4","192.168.15.3","MQTT","68","Disconnect Req"
"36659","229.591652791","192.168.15.4","192.168.15.3","MQTT","90","Connect Command"
"36661","229.594504369","192.168.15.4","192.168.15.3","MQTT","97","Publish Message (id=215) [Deviceb'Device - 2']"
"36662","229.594944961","192.168.15.3","192.168.15.4","MQTT","70","Connect Ack"
"36665","229.597886169","192.168.15.3","192.168.15.4","MQTT","70","Publish Ack (id=215)"
"36667","229.598881630","192.168.15.4","192.168.15.3","MQTT","68","Disconnect Req"
"36683","230.602776206","192.168.15.4","192.168.15.3","MQTT","90","Connect Command"
"36685","230.605494162","192.168.15.4","192.168.15.3","MQTT","97","Publish Message (id=216) [Deviceb'Device - 2']"
"36687","230.609920336","192.168.15.3","192.168.15.4","MQTT","70","Connect Ack"
"36689","230.612277360","192.168.15.3","192.168.15.4","MQTT","70","Publish Ack (id=216)"
"36691","230.612719956","192.168.15.4","192.168.15.3","MQTT","68","Disconnect Req"
"36703","231.616659797","192.168.15.4","192.168.15.3","MQTT","90","Connect Command"
"36705","231.619339200","192.168.15.4","192.168.15.3","MQTT","97","Publish Message (id=217) [Deviceb'Device - 2']"
"36706","231.619866106","192.168.15.3","192.168.15.4","MQTT","70","Connect Ack"
"36709","231.622170460","192.168.15.3","192.168.15.4","MQTT","70","Publish Ack (id=217)"
"36711","231.623171612","192.168.15.4","192.168.15.3","MQTT","68","Disconnect Req"
"36724","232.627887031","192.168.15.4","192.168.15.3","MQTT","90","Connect Command"
"36726","232.630724213","192.168.15.4","192.168.15.3","MQTT","97","Publish Message (id=218) [Deviceb'Device - 2']"
"36727","232.631166739","192.168.15.3","192.168.15.4","MQTT","70","Connect Ack"
"36730","232.633476063","192.168.15.3","192.168.15.4","MQTT","70","Publish Ack (id=218)"
"36732","232.634438932","192.168.15.4","192.168.15.3","MQTT","68","Disconnect Req"
"36747","233.638769599","192.168.15.4","192.168.15.3","MQTT","90","Connect Command"
"36749","233.641658838","192.168.15.4","192.168.15.3","MQTT","97","Publish Message (id=219) [Deviceb'Device - 2']"
"36750","233.642062441","192.168.15.3","192.168.15.4","MQTT","70","Connect Ack"
"36753","233.644476062","192.168.15.3","192.168.15.4","MQTT","70","Publish Ack (id=219)"
"36755","233.645419314","192.168.15.4","192.168.15.3","MQTT","68","Disconnect Req"
"36767","234.649825664","192.168.15.4","192.168.15.3","MQTT","90","Connect Command"
"36769","234.654437700","192.168.15.4","192.168.15.3","MQTT","97","Publish Message (id=220) [Deviceb'Device - 2']"
"36770","234.654821194","192.168.15.3","192.168.15.4","MQTT","70","Connect Ack"
"36773","234.657406900","192.168.15.3","192.168.15.4","MQTT","70","Publish Ack (id=220)"
"36775","234.658121260","192.168.15.4","192.168.15.3","MQTT","68","Disconnect Req"
"36791","235.661669723","192.168.15.4","192.168.15.3","MQTT","90","Connect Command"
"36793","235.664526371","192.168.15.4","192.168.15.3","MQTT","97","Publish Message (id=221) [Deviceb'Device - 2']"
"36795","235.669736767","192.168.15.3","192.168.15.4","MQTT","70","Connect Ack"
"36797","235.672154315","192.168.15.3","192.168.15.4","MQTT","70","Publish Ack (id=221)"
"36799","235.672905595","192.168.15.4","192.168.15.3","MQTT","68","Disconnect Req"
"36807","236.677430083","192.168.15.4","192.168.15.3","MQTT","90","Connect Command"
"36809","236.680538918","192.168.15.4","192.168.15.3","MQTT","97","Publish Message (id=222) [Deviceb'Device - 2']"
"36810","236.680788640","192.168.15.3","192.168.15.4","MQTT","70","Connect Ack"
"36813","236.683258838","192.168.15.3","192.168.15.4","MQTT","70","Publish Ack (id=222)"
"36815","236.684132909","192.168.15.4","192.168.15.3","MQTT","68","Disconnect Req"
"36827","237.688437434","192.168.15.4","192.168.15.3","MQTT","90","Connect Command"
"36829","237.691751526","192.168.15.4","192.168.15.3","MQTT","97","Publish Message (id=223) [Deviceb'Device - 2']"
"36830","237.692077102","192.168.15.3","192.168.15.4","MQTT","70","Connect Ack"
"36833","237.694614246","192.168.15.3","192.168.15.4","MQTT","70","Publish Ack (id=223)"
"36835","237.695530417","192.168.15.4","192.168.15.3","MQTT","68","Disconnect Req"
"36850","238.699649936","192.168.15.4","192.168.15.3","MQTT","90","Connect Command"
"36852","238.702477459","192.168.15.4","192.168.15.3","MQTT","97","Publish Message (id=224) [Deviceb'Device - 2']"
"36853","238.702910147","192.168.15.3","192.168.15.4","MQTT","70","Connect Ack"
"36856","238.705322495","192.168.15.3","192.168.15.4","MQTT","70","Publish Ack (id=224)"
"36858","238.706124630","192.168.15.4","192.168.15.3","MQTT","68","Disconnect Req"
"38256","239.710714248","192.168.15.4","192.168.15.3","MQTT","90","Connect Command"
"38272","239.713705941","192.168.15.4","192.168.15.3","MQTT","97","Publish Message (id=225) [Deviceb'Device - 2']"
"38283","239.714640788","192.168.15.3","192.168.15.4","MQTT","70","Connect Ack"
"38311","239.717086329","192.168.15.3","192.168.15.4","MQTT","70","Publish Ack (id=225)"
"38321","239.718096848","192.168.15.4","192.168.15.3","MQTT","68","Disconnect Req"
"39266","240.721965648","192.168.15.4","192.168.15.3","MQTT","90","Connect Command"
"39268","240.724822867","192.168.15.4","192.168.15.3","MQTT","97","Publish Message (id=226) [Deviceb'Device - 2']"
"39270","240.729234243","192.168.15.3","192.168.15.4","MQTT","70","Connect Ack"
"39272","240.731685545","192.168.15.3","192.168.15.4","MQTT","70","Publish Ack (id=226)"
"39274","240.732079039","192.168.15.4","192.168.15.3","MQTT","68","Disconnect Req"
"39287","241.736380768","192.168.15.4","192.168.15.3","MQTT","90","Connect Command"
"39289","241.739292470","192.168.15.4","192.168.15.3","MQTT","97","Publish Message (id=227) [Deviceb'Device - 2']"
"39290","241.739724556","192.168.15.3","192.168.15.4","MQTT","70","Connect Ack"
"39293","241.742265388","192.168.15.3","192.168.15.4","MQTT","70","Publish Ack (id=227)"
"39295","241.742734033","192.168.15.4","192.168.15.3","MQTT","68","Disconnect Req"
"39311","242.746132119","192.168.15.4","192.168.15.3","MQTT","90","Connect Command"
"39313","242.749123893","192.168.15.4","192.168.15.3","MQTT","97","Publish Message (id=228) [Deviceb'Device - 2']"
"39314","242.749576808","192.168.15.3","192.168.15.4","MQTT","70","Connect Ack"
"39317","242.751996541","192.168.15.3","192.168.15.4","MQTT","70","Publish Ack (id=228)"
"39319","242.752884809","192.168.15.4","192.168.15.3","MQTT","68","Disconnect Req"
"39334","243.757190992","192.168.15.4","192.168.15.3","MQTT","90","Connect Command"
"39336","243.760229834","192.168.15.4","192.168.15.3","MQTT","97","Publish Message (id=229) [Deviceb'Device - 2']"
"39337","243.760625472","192.168.15.3","192.168.15.4","MQTT","70","Connect Ack"
"39340","243.763076393","192.168.15.3","192.168.15.4","MQTT","70","Publish Ack (id=229)"
"39342","243.763486278","192.168.15.4","192.168.15.3","MQTT","68","Disconnect Req"
"39361","244.767942075","192.168.15.4","192.168.15.3","MQTT","90","Connect Command"
"39363","244.770858956","192.168.15.4","192.168.15.3","MQTT","97","Publish Message (id=230) [Deviceb'Device - 2']"
"39364","244.771254935","192.168.15.3","192.168.15.4","MQTT","70","Connect Ack"
"39367","244.773694565","192.168.15.3","192.168.15.4","MQTT","70","Publish Ack (id=230)"
"39369","244.774575710","192.168.15.4","192.168.15.3","MQTT","68","Disconnect Req"
"39381","245.778480257","192.168.15.4","192.168.15.3","MQTT","90","Connect Command"
"39383","245.783261502","192.168.15.4","192.168.15.3","MQTT","97","Publish Message (id=231) [Deviceb'Device - 2']"
"39385","245.787541279","192.168.15.3","192.168.15.4","MQTT","70","Connect Ack"
"39387","245.789880980","192.168.15.3","192.168.15.4","MQTT","70","Publish Ack (id=231)"
"39389","245.790530237","192.168.15.4","192.168.15.3","MQTT","68","Disconnect Req"
"39401","246.794987461","192.168.15.4","192.168.15.3","MQTT","90","Connect Command"
"39403","246.797973875","192.168.15.4","192.168.15.3","MQTT","97","Publish Message (id=232) [Deviceb'Device - 2']"
"39404","246.798382126","192.168.15.3","192.168.15.4","MQTT","70","Connect Ack"
"39407","246.801279842","192.168.15.3","192.168.15.4","MQTT","70","Publish Ack (id=232)"
"39409","246.801982590","192.168.15.4","192.168.15.3","MQTT","68","Disconnect Req"
"39433","247.806218819","192.168.15.4","192.168.15.3","MQTT","90","Connect Command"
"39435","247.809211033","192.168.15.4","192.168.15.3","MQTT","97","Publish Message (id=233) [Deviceb'Device - 2']"
"39436","247.809645755","192.168.15.3","192.168.15.4","MQTT","70","Connect Ack"
"39439","247.812135850","192.168.15.3","192.168.15.4","MQTT","70","Publish Ack (id=233)"
"39441","247.813587103","192.168.15.4","192.168.15.3","MQTT","68","Disconnect Req"
"39456","248.817773932","192.168.15.4","192.168.15.3","MQTT","90","Connect Command"
"39458","248.820750426","192.168.15.4","192.168.15.3","MQTT","97","Publish Message (id=234) [Deviceb'Device - 2']"
"39459","248.821161553","192.168.15.3","192.168.15.4","MQTT","70","Connect Ack"
"39462","248.823585103","192.168.15.3","192.168.15.4","MQTT","70","Publish Ack (id=234)"
"39464","248.824408649","192.168.15.4","192.168.15.3","MQTT","68","Disconnect Req"
"39472","249.828512533","192.168.15.4","192.168.15.3","MQTT","90","Connect Command"
"39474","249.831520818","192.168.15.4","192.168.15.3","MQTT","97","Publish Message (id=235) [Deviceb'Device - 2']"
"39475","249.831932526","192.168.15.3","192.168.15.4","MQTT","70","Connect Ack"
"39478","249.834336649","192.168.15.3","192.168.15.4","MQTT","70","Publish Ack (id=235)"
"39480","249.835179772","192.168.15.4","192.168.15.3","MQTT","68","Disconnect Req"
"39492","250.839142421","192.168.15.4","192.168.15.3","MQTT","90","Connect Command"
"39494","250.842174260","192.168.15.4","192.168.15.3","MQTT","97","Publish Message (id=236) [Deviceb'Device - 2']"
"39496","250.846532135","192.168.15.3","192.168.15.4","MQTT","70","Connect Ack"
"39498","250.848909307","192.168.15.3","192.168.15.4","MQTT","70","Publish Ack (id=236)"
"39500","250.849270350","192.168.15.4","192.168.15.3","MQTT","68","Disconnect Req"
"39512","251.852838386","192.168.15.4","192.168.15.3","MQTT","90","Connect Command"
"39514","251.855822986","192.168.15.4","192.168.15.3","MQTT","97","Publish Message (id=237) [Deviceb'Device - 2']"
"39515","251.856269600","192.168.15.3","192.168.15.4","MQTT","70","Connect Ack"
"39518","251.858759374","192.168.15.3","192.168.15.4","MQTT","70","Publish Ack (id=237)"
"39520","251.859733956","192.168.15.4","192.168.15.3","MQTT","68","Disconnect Req"
"39536","252.863472526","192.168.15.4","192.168.15.3","MQTT","90","Connect Command"
"39538","252.866470601","192.168.15.4","192.168.15.3","MQTT","97","Publish Message (id=238) [Deviceb'Device - 2']"
"39539","252.866866790","192.168.15.3","192.168.15.4","MQTT","70","Connect Ack"
"39542","252.869312993","192.168.15.3","192.168.15.4","MQTT","70","Publish Ack (id=238)"
"39544","252.869649488","192.168.15.4","192.168.15.3","MQTT","68","Disconnect Req"
"39556","253.873362913","192.168.15.4","192.168.15.3","MQTT","90","Connect Command"
"39558","253.876349276","192.168.15.4","192.168.15.3","MQTT","97","Publish Message (id=239) [Deviceb'Device - 2']"
"39559","253.876819174","192.168.15.3","192.168.15.4","MQTT","70","Connect Ack"
"39562","253.879194513","192.168.15.3","192.168.15.4","MQTT","70","Publish Ack (id=239)"
"39564","253.879593056","192.168.15.4","192.168.15.3","MQTT","68","Disconnect Req"
"39576","254.882988713","192.168.15.4","192.168.15.3","MQTT","90","Connect Command"
"39578","254.885997468","192.168.15.4","192.168.15.3","MQTT","97","Publish Message (id=240) [Deviceb'Device - 2']"
"39579","254.886427601","192.168.15.3","192.168.15.4","MQTT","70","Connect Ack"
"39582","254.888792309","192.168.15.3","192.168.15.4","MQTT","70","Publish Ack (id=240)"
"39584","254.889308385","192.168.15.4","192.168.15.3","MQTT","68","Disconnect Req"
"39597","255.893410598","192.168.15.4","192.168.15.3","MQTT","90","Connect Command"
"39599","255.896261645","192.168.15.4","192.168.15.3","MQTT","97","Publish Message (id=241) [Deviceb'Device - 2']"
"39600","255.896770437","192.168.15.3","192.168.15.4","MQTT","70","Connect Ack"
"39603","255.899146286","192.168.15.3","192.168.15.4","MQTT","70","Publish Ack (id=241)"
"39605","255.900079881","192.168.15.4","192.168.15.3","MQTT","68","Disconnect Req"
"41531","256.904270194","192.168.15.4","192.168.15.3","MQTT","90","Connect Command"
"41533","256.907288869","192.168.15.4","192.168.15.3","MQTT","97","Publish Message (id=242) [Deviceb'Device - 2']"
"41534","256.907691439","192.168.15.3","192.168.15.4","MQTT","70","Connect Ack"
"41537","256.910157309","192.168.15.3","192.168.15.4","MQTT","70","Publish Ack (id=242)"
"41539","256.910934508","192.168.15.4","192.168.15.3","MQTT","68","Disconnect Req"
"41554","257.914171381","192.168.15.4","192.168.15.3","MQTT","90","Connect Command"
"41556","257.917151974","192.168.15.4","192.168.15.3","MQTT","97","Publish Message (id=243) [Deviceb'Device - 2']"
"41557","257.917615399","192.168.15.3","192.168.15.4","MQTT","70","Connect Ack"
"41560","257.920024842","192.168.15.3","192.168.15.4","MQTT","70","Publish Ack (id=243)"
"41562","257.920572387","192.168.15.4","192.168.15.3","MQTT","68","Disconnect Req"
"41574","258.924314951","192.168.15.4","192.168.15.3","MQTT","90","Connect Command"
"41576","258.927233276","192.168.15.4","192.168.15.3","MQTT","97","Publish Message (id=244) [Deviceb'Device - 2']"
"41577","258.927656756","192.168.15.3","192.168.15.4","MQTT","70","Connect Ack"
"41580","258.930141802","192.168.15.3","192.168.15.4","MQTT","70","Publish Ack (id=244)"
"41582","258.930574309","192.168.15.4","192.168.15.3","MQTT","68","Disconnect Req"
"41599","259.934417884","192.168.15.4","192.168.15.3","MQTT","90","Connect Command"
"41601","259.937494308","192.168.15.4","192.168.15.3","MQTT","97","Publish Message (id=245) [Deviceb'Device - 2']"
"41603","259.941647616","192.168.15.3","192.168.15.4","MQTT","70","Connect Ack"
"41605","259.944082277","192.168.15.3","192.168.15.4","MQTT","70","Publish Ack (id=245)"
"41607","259.944519994","192.168.15.4","192.168.15.3","MQTT","68","Disconnect Req"
"41617","260.948100004","192.168.15.4","192.168.15.3","MQTT","90","Connect Command"
"41619","260.951079634","192.168.15.4","192.168.15.3","MQTT","97","Publish Message (id=246) [Deviceb'Device - 2']"
"41620","260.951493937","192.168.15.3","192.168.15.4","MQTT","70","Connect Ack"
"41623","260.953943836","192.168.15.3","192.168.15.4","MQTT","70","Publish Ack (id=246)"
"41625","260.954535975","192.168.15.4","192.168.15.3","MQTT","68","Disconnect Req"
"41639","261.958413027","192.168.15.4","192.168.15.3","MQTT","90","Connect Command"
"41641","261.961437022","192.168.15.4","192.168.15.3","MQTT","97","Publish Message (id=247) [Deviceb'Device - 2']"
"41642","261.961857827","192.168.15.3","192.168.15.4","MQTT","70","Connect Ack"
"41645","261.964670973","192.168.15.3","192.168.15.4","MQTT","70","Publish Ack (id=247)"
"41647","261.965187830","192.168.15.4","192.168.15.3","MQTT","68","Disconnect Req"
"41663","262.969859978","192.168.15.4","192.168.15.3","MQTT","90","Connect Command"
"41665","262.972825051","192.168.15.4","192.168.15.3","MQTT","97","Publish Message (id=248) [Deviceb'Device - 2']"
"41666","262.973337269","192.168.15.3","192.168.15.4","MQTT","70","Connect Ack"
"41669","262.975743456","192.168.15.3","192.168.15.4","MQTT","70","Publish Ack (id=248)"
"41671","262.976173348","192.168.15.4","192.168.15.3","MQTT","68","Disconnect Req"
"41683","263.980484689","192.168.15.4","192.168.15.3","MQTT","90","Connect Command"
"41686","263.983483897","192.168.15.4","192.168.15.3","MQTT","97","Publish Message (id=249) [Deviceb'Device - 2']"
"41687","263.983899913","192.168.15.3","192.168.15.4","MQTT","70","Connect Ack"
"41690","263.986344572","192.168.15.3","192.168.15.4","MQTT","70","Publish Ack (id=249)"
"41692","263.986987547","192.168.15.4","192.168.15.3","MQTT","68","Disconnect Req"
"41712","264.990593214","192.168.15.4","192.168.15.3","MQTT","90","Connect Command"
"41714","264.993445654","192.168.15.4","192.168.15.3","MQTT","97","Publish Message (id=250) [Deviceb'Device - 2']"
"41718","264.997754997","192.168.15.3","192.168.15.4","MQTT","70","Connect Ack"
"41720","265.000108264","192.168.15.3","192.168.15.4","MQTT","70","Publish Ack (id=250)"
"41722","265.000605223","192.168.15.4","192.168.15.3","MQTT","68","Disconnect Req"
"41746","266.003966159","192.168.15.4","192.168.15.3","MQTT","90","Connect Command"
"41748","266.006908019","192.168.15.4","192.168.15.3","MQTT","97","Publish Message (id=251) [Deviceb'Device - 2']"
"41749","266.007247340","192.168.15.3","192.168.15.4","MQTT","70","Connect Ack"
"41752","266.009560651","192.168.15.3","192.168.15.4","MQTT","70","Publish Ack (id=251)"
"41754","266.010206311","192.168.15.4","192.168.15.3","MQTT","68","Disconnect Req"
"41770","267.014407086","192.168.15.4","192.168.15.3","MQTT","90","Connect Command"
"41772","267.017428646","192.168.15.4","192.168.15.3","MQTT","97","Publish Message (id=252) [Deviceb'Device - 2']"
"41773","267.017838230","192.168.15.3","192.168.15.4","MQTT","70","Connect Ack"
"41776","267.020515630","192.168.15.3","192.168.15.4","MQTT","70","Publish Ack (id=252)"
"41778","267.021370335","192.168.15.4","192.168.15.3","MQTT","68","Disconnect Req"
"41797","268.025285912","192.168.15.4","192.168.15.3","MQTT","90","Connect Command"
"41799","268.029503713","192.168.15.4","192.168.15.3","MQTT","97","Publish Message (id=253) [Deviceb'Device - 2']"
"41800","268.029856890","192.168.15.3","192.168.15.4","MQTT","70","Connect Ack"
"41803","268.032379066","192.168.15.3","192.168.15.4","MQTT","70","Publish Ack (id=253)"
"41805","268.032923555","192.168.15.4","192.168.15.3","MQTT","68","Disconnect Req"
"41817","269.036756681","192.168.15.4","192.168.15.3","MQTT","90","Connect Command"
"41819","269.039747012","192.168.15.4","192.168.15.3","MQTT","97","Publish Message (id=254) [Deviceb'Device - 2']"
"41820","269.040219114","192.168.15.3","192.168.15.4","MQTT","70","Connect Ack"
"41823","269.042555429","192.168.15.3","192.168.15.4","MQTT","70","Publish Ack (id=254)"
"41825","269.042827383","192.168.15.4","192.168.15.3","MQTT","68","Disconnect Req"
"41841","270.046287074","192.168.15.4","192.168.15.3","MQTT","90","Connect Command"
"41843","270.049254952","192.168.15.4","192.168.15.3","MQTT","97","Publish Message (id=255) [Deviceb'Device - 2']"
"41845","270.053548856","192.168.15.3","192.168.15.4","MQTT","70","Connect Ack"
"41847","270.056002503","192.168.15.3","192.168.15.4","MQTT","70","Publish Ack (id=255)"
"41849","270.056282081","192.168.15.4","192.168.15.3","MQTT","68","Disconnect Req"
"41861","271.059651615","192.168.15.4","192.168.15.3","MQTT","90","Connect Command"
"41863","271.063176967","192.168.15.4","192.168.15.3","MQTT","97","Publish Message (id=256) [Deviceb'Device - 2']"
"41864","271.063509856","192.168.15.3","192.168.15.4","MQTT","70","Connect Ack"
"41867","271.065829941","192.168.15.3","192.168.15.4","MQTT","70","Publish Ack (id=256)"
"41869","271.066241819","192.168.15.4","192.168.15.3","MQTT","68","Disconnect Req"
"41882","272.070157377","192.168.15.4","192.168.15.3","MQTT","90","Connect Command"
"41884","272.073204425","192.168.15.4","192.168.15.3","MQTT","97","Publish Message (id=257) [Deviceb'Device - 2']"
"41885","272.073597968","192.168.15.3","192.168.15.4","MQTT","70","Connect Ack"
"41888","272.076113402","192.168.15.3","192.168.15.4","MQTT","70","Publish Ack (id=257)"
"41890","272.076905309","192.168.15.4","192.168.15.3","MQTT","68","Disconnect Req"
"44310","273.080945225","192.168.15.4","192.168.15.3","MQTT","90","Connect Command"
"44312","273.084525360","192.168.15.4","192.168.15.3","MQTT","97","Publish Message (id=258) [Deviceb'Device - 2']"
"44313","273.084869360","192.168.15.3","192.168.15.4","MQTT","70","Connect Ack"
"44316","273.087425711","192.168.15.3","192.168.15.4","MQTT","70","Publish Ack (id=258)"
"44318","273.087855984","192.168.15.4","192.168.15.3","MQTT","68","Disconnect Req"
"44333","274.091350591","192.168.15.4","192.168.15.3","MQTT","90","Connect Command"
"44335","274.094212479","192.168.15.4","192.168.15.3","MQTT","97","Publish Message (id=259) [Deviceb'Device - 2']"
"44336","274.094622975","192.168.15.3","192.168.15.4","MQTT","70","Connect Ack"
"44339","274.097060361","192.168.15.3","192.168.15.4","MQTT","70","Publish Ack (id=259)"
"44341","274.097810017","192.168.15.4","192.168.15.3","MQTT","68","Disconnect Req"
"44378","275.102229784","192.168.15.4","192.168.15.3","MQTT","90","Connect Command"
"44380","275.105231627","192.168.15.4","192.168.15.3","MQTT","97","Publish Message (id=260) [Deviceb'Device - 2']"
"44382","275.109621322","192.168.15.3","192.168.15.4","MQTT","70","Connect Ack"
"44384","275.112091430","192.168.15.3","192.168.15.4","MQTT","70","Publish Ack (id=260)"
"44386","275.112937178","192.168.15.4","192.168.15.3","MQTT","68","Disconnect Req"
"44401","276.117149184","192.168.15.4","192.168.15.3","MQTT","90","Connect Command"
"44403","276.120169081","192.168.15.4","192.168.15.3","MQTT","97","Publish Message (id=261) [Deviceb'Device - 2']"
"44404","276.120622147","192.168.15.3","192.168.15.4","MQTT","70","Connect Ack"
"44407","276.122956278","192.168.15.3","192.168.15.4","MQTT","70","Publish Ack (id=261)"
"44409","276.123662632","192.168.15.4","192.168.15.3","MQTT","68","Disconnect Req"
"44423","277.127359276","192.168.15.4","192.168.15.3","MQTT","90","Connect Command"
"44425","277.130392358","192.168.15.4","192.168.15.3","MQTT","97","Publish Message (id=262) [Deviceb'Device - 2']"
"44426","277.130786373","192.168.15.3","192.168.15.4","MQTT","70","Connect Ack"
"44429","277.133245930","192.168.15.3","192.168.15.4","MQTT","70","Publish Ack (id=262)"
"44431","277.133733542","192.168.15.4","192.168.15.3","MQTT","68","Disconnect Req"
"44446","278.137751363","192.168.15.4","192.168.15.3","MQTT","90","Connect Command"
"44448","278.140607861","192.168.15.4","192.168.15.3","MQTT","97","Publish Message (id=263) [Deviceb'Device - 2']"
"44449","278.141041580","192.168.15.3","192.168.15.4","MQTT","70","Connect Ack"
"44452","278.143402712","192.168.15.3","192.168.15.4","MQTT","70","Publish Ack (id=263)"
"44454","278.144002315","192.168.15.4","192.168.15.3","MQTT","68","Disconnect Req"
"44466","279.147656778","192.168.15.4","192.168.15.3","MQTT","90","Connect Command"
"44468","279.150651667","192.168.15.4","192.168.15.3","MQTT","97","Publish Message (id=264) [Deviceb'Device - 2']"
"44469","279.151131584","192.168.15.3","192.168.15.4","MQTT","70","Connect Ack"
"44472","279.154900687","192.168.15.3","192.168.15.4","MQTT","70","Publish Ack (id=264)"
"44474","279.155390152","192.168.15.4","192.168.15.3","MQTT","68","Disconnect Req"
"44486","280.159147449","192.168.15.4","192.168.15.3","MQTT","90","Connect Command"
"44488","280.162132630","192.168.15.4","192.168.15.3","MQTT","97","Publish Message (id=265) [Deviceb'Device - 2']"
"44490","280.166453035","192.168.15.3","192.168.15.4","MQTT","70","Connect Ack"
"44492","280.168717033","192.168.15.3","192.168.15.4","MQTT","70","Publish Ack (id=265)"
"44494","280.169117780","192.168.15.4","192.168.15.3","MQTT","68","Disconnect Req"
"44506","281.173149887","192.168.15.4","192.168.15.3","MQTT","90","Connect Command"
"44508","281.175816135","192.168.15.4","192.168.15.3","MQTT","97","Publish Message (id=266) [Deviceb'Device - 2']"
"44509","281.176240758","192.168.15.3","192.168.15.4","MQTT","70","Connect Ack"
"44512","281.178693072","192.168.15.3","192.168.15.4","MQTT","70","Publish Ack (id=266)"
"44514","281.179172007","192.168.15.4","192.168.15.3","MQTT","68","Disconnect Req"
"44530","282.183391821","192.168.15.4","192.168.15.3","MQTT","90","Connect Command"
"44532","282.186287233","192.168.15.4","192.168.15.3","MQTT","97","Publish Message (id=267) [Deviceb'Device - 2']"
"44533","282.186763913","192.168.15.3","192.168.15.4","MQTT","70","Connect Ack"
"44536","282.189124204","192.168.15.3","192.168.15.4","MQTT","70","Publish Ack (id=267)"
"44538","282.189785624","192.168.15.4","192.168.15.3","MQTT","68","Disconnect Req"
"44550","283.194053430","192.168.15.4","192.168.15.3","MQTT","90","Connect Command"
"44552","283.196965503","192.168.15.4","192.168.15.3","MQTT","97","Publish Message (id=268) [Deviceb'Device - 2']"
"44553","283.197309493","192.168.15.3","192.168.15.4","MQTT","70","Connect Ack"
"44556","283.199737321","192.168.15.3","192.168.15.4","MQTT","70","Publish Ack (id=268)"
"44558","283.200468322","192.168.15.4","192.168.15.3","MQTT","68","Disconnect Req"
"44571","284.204652753","192.168.15.4","192.168.15.3","MQTT","90","Connect Command"
"44573","284.208444659","192.168.15.4","192.168.15.3","MQTT","97","Publish Message (id=269) [Deviceb'Device - 2']"
"44574","284.208884851","192.168.15.3","192.168.15.4","MQTT","70","Connect Ack"
"44577","284.211143910","192.168.15.3","192.168.15.4","MQTT","70","Publish Ack (id=269)"
"44579","284.211929444","192.168.15.4","192.168.15.3","MQTT","68","Disconnect Req"
"44589","285.215884461","192.168.15.4","192.168.15.3","MQTT","90","Connect Command"
"44591","285.218789692","192.168.15.4","192.168.15.3","MQTT","97","Publish Message (id=270) [Deviceb'Device - 2']"
"44593","285.223140904","192.168.15.3","192.168.15.4","MQTT","70","Connect Ack"
"44595","285.225597787","192.168.15.3","192.168.15.4","MQTT","70","Publish Ack (id=270)"
"44597","285.226143879","192.168.15.4","192.168.15.3","MQTT","68","Disconnect Req"
"44610","286.230056040","192.168.15.4","192.168.15.3","MQTT","90","Connect Command"
"44612","286.232929140","192.168.15.4","192.168.15.3","MQTT","97","Publish Message (id=271) [Deviceb'Device - 2']"
"44613","286.233450054","192.168.15.3","192.168.15.4","MQTT","70","Connect Ack"
"44616","286.235732768","192.168.15.3","192.168.15.4","MQTT","70","Publish Ack (id=271)"
"44618","286.236251999","192.168.15.4","192.168.15.3","MQTT","68","Disconnect Req"
"44633","287.240586380","192.168.15.4","192.168.15.3","MQTT","90","Connect Command"
"44635","287.243521737","192.168.15.4","192.168.15.3","MQTT","97","Publish Message (id=272) [Deviceb'Device - 2']"
"44636","287.243935819","192.168.15.3","192.168.15.4","MQTT","70","Connect Ack"
"44639","287.246350463","192.168.15.3","192.168.15.4","MQTT","70","Publish Ack (id=272)"
"44641","287.246855417","192.168.15.4","192.168.15.3","MQTT","68","Disconnect Req"
"44660","288.250321969","192.168.15.4","192.168.15.3","MQTT","90","Connect Command"
"44662","288.253243330","192.168.15.4","192.168.15.3","MQTT","97","Publish Message (id=273) [Deviceb'Device - 2']"
"44663","288.253713959","192.168.15.3","192.168.15.4","MQTT","70","Connect Ack"
"44666","288.256143550","192.168.15.3","192.168.15.4","MQTT","70","Publish Ack (id=273)"
"44668","288.256730850","192.168.15.4","192.168.15.3","MQTT","68","Disconnect Req"
"46066","289.260205529","192.168.15.4","192.168.15.3","MQTT","90","Connect Command"
"46068","289.263227931","192.168.15.4","192.168.15.3","MQTT","97","Publish Message (id=274) [Deviceb'Device - 2']"
"46069","289.264205017","192.168.15.3","192.168.15.4","MQTT","70","Connect Ack"
"46072","289.266078928","192.168.15.3","192.168.15.4","MQTT","70","Publish Ack (id=274)"
"46074","289.266956046","192.168.15.4","192.168.15.3","MQTT","68","Disconnect Req"
"46127","290.270472696","192.168.15.4","192.168.15.3","MQTT","90","Connect Command"
"46129","290.273460312","192.168.15.4","192.168.15.3","MQTT","97","Publish Message (id=275) [Deviceb'Device - 2']"
"46131","290.277853033","192.168.15.3","192.168.15.4","MQTT","70","Connect Ack"
"46133","290.280194939","192.168.15.3","192.168.15.4","MQTT","70","Publish Ack (id=275)"
"46135","290.280809881","192.168.15.4","192.168.15.3","MQTT","68","Disconnect Req"
"46165","291.284824506","192.168.15.4","192.168.15.3","MQTT","90","Connect Command"
"46168","291.287687065","192.168.15.4","192.168.15.3","MQTT","97","Publish Message (id=276) [Deviceb'Device - 2']"
"46169","291.288120855","192.168.15.3","192.168.15.4","MQTT","70","Connect Ack"
"46177","291.299676111","192.168.15.3","192.168.15.4","MQTT","70","Publish Ack (id=276)"
"46179","291.300197948","192.168.15.4","192.168.15.3","MQTT","68","Disconnect Req"
"46227","292.304456095","192.168.15.4","192.168.15.3","MQTT","90","Connect Command"
"46229","292.309235317","192.168.15.4","192.168.15.3","MQTT","97","Publish Message (id=277) [Deviceb'Device - 2']"
"46230","292.309642777","192.168.15.3","192.168.15.4","MQTT","70","Connect Ack"
"46233","292.312087987","192.168.15.3","192.168.15.4","MQTT","70","Publish Ack (id=277)"
"46235","292.312445252","192.168.15.4","192.168.15.3","MQTT","68","Disconnect Req"
"46253","293.315992778","192.168.15.4","192.168.15.3","MQTT","90","Connect Command"
"46255","293.318997406","192.168.15.4","192.168.15.3","MQTT","97","Publish Message (id=278) [Deviceb'Device - 2']"
"46256","293.319411789","192.168.15.3","192.168.15.4","MQTT","70","Connect Ack"
"46259","293.321838074","192.168.15.3","192.168.15.4","MQTT","70","Publish Ack (id=278)"
"46261","293.322338630","192.168.15.4","192.168.15.3","MQTT","68","Disconnect Req"
"46279","294.326256178","192.168.15.4","192.168.15.3","MQTT","90","Connect Command"
"46281","294.329253682","192.168.15.4","192.168.15.3","MQTT","97","Publish Message (id=279) [Deviceb'Device - 2']"
"46282","294.329685818","192.168.15.3","192.168.15.4","MQTT","70","Connect Ack"
"46285","294.332080744","192.168.15.3","192.168.15.4","MQTT","70","Publish Ack (id=279)"
"46287","294.332890114","192.168.15.4","192.168.15.3","MQTT","68","Disconnect Req"
"46306","295.336959327","192.168.15.4","192.168.15.3","MQTT","90","Connect Command"
"46308","295.340057713","192.168.15.4","192.168.15.3","MQTT","97","Publish Message (id=280) [Deviceb'Device - 2']"
"46310","295.344365123","192.168.15.3","192.168.15.4","MQTT","70","Connect Ack"
"46312","295.346936161","192.168.15.3","192.168.15.4","MQTT","70","Publish Ack (id=280)"
"46314","295.347693873","192.168.15.4","192.168.15.3","MQTT","68","Disconnect Req"
"46322","296.351990570","192.168.15.4","192.168.15.3","MQTT","90","Connect Command"
"46324","296.355035855","192.168.15.4","192.168.15.3","MQTT","97","Publish Message (id=281) [Deviceb'Device - 2']"
"46325","296.355450078","192.168.15.3","192.168.15.4","MQTT","70","Connect Ack"
"46328","296.357774360","192.168.15.3","192.168.15.4","MQTT","70","Publish Ack (id=281)"
"46330","296.358704929","192.168.15.4","192.168.15.3","MQTT","68","Disconnect Req"
"46366","297.362786522","192.168.15.4","192.168.15.3","MQTT","90","Connect Command"
"46368","297.365622451","192.168.15.4","192.168.15.3","MQTT","97","Publish Message (id=282) [Deviceb'Device - 2']"
"46369","297.366053636","192.168.15.3","192.168.15.4","MQTT","70","Connect Ack"
"46372","297.368516560","192.168.15.3","192.168.15.4","MQTT","70","Publish Ack (id=282)"
"46374","297.369037545","192.168.15.4","192.168.15.3","MQTT","68","Disconnect Req"
"47772","298.372825023","192.168.15.4","192.168.15.3","MQTT","90","Connect Command"
"47774","298.375686521","192.168.15.4","192.168.15.3","MQTT","97","Publish Message (id=283) [Deviceb'Device - 2']"
"47775","298.376136101","192.168.15.3","192.168.15.4","MQTT","70","Connect Ack"
"47778","298.378564299","192.168.15.3","192.168.15.4","MQTT","70","Publish Ack (id=283)"
"47780","298.379131030","192.168.15.4","192.168.15.3","MQTT","68","Disconnect Req"
"47794","299.383578298","192.168.15.4","192.168.15.3","MQTT","90","Connect Command"
"47796","299.386313707","192.168.15.4","192.168.15.3","MQTT","97","Publish Message (id=284) [Deviceb'Device - 2']"
"47797","299.386834221","192.168.15.3","192.168.15.4","MQTT","70","Connect Ack"
"47800","299.389293278","192.168.15.3","192.168.15.4","MQTT","70","Publish Ack (id=284)"
"47802","299.389594417","192.168.15.4","192.168.15.3","MQTT","68","Disconnect Req"
"47817","300.393879693","192.168.15.4","192.168.15.3","MQTT","90","Connect Command"
"47819","300.396815581","192.168.15.4","192.168.15.3","MQTT","97","Publish Message (id=285) [Deviceb'Device - 2']"
"47821","300.401156985","192.168.15.3","192.168.15.4","MQTT","70","Connect Ack"
"47823","300.403555167","192.168.15.3","192.168.15.4","MQTT","70","Publish Ack (id=285)"
"47825","300.404273434","192.168.15.4","192.168.15.3","MQTT","68","Disconnect Req"
"47835","301.408487728","192.168.15.4","192.168.15.3","MQTT","90","Connect Command"
"47837","301.411464473","192.168.15.4","192.168.15.3","MQTT","97","Publish Message (id=286) [Deviceb'Device - 2']"
"47838","301.411909224","192.168.15.3","192.168.15.4","MQTT","70","Connect Ack"
"47841","301.414361538","192.168.15.3","192.168.15.4","MQTT","70","Publish Ack (id=286)"
"47843","301.414601402","192.168.15.4","192.168.15.3","MQTT","68","Disconnect Req"
"47857","302.418190554","192.168.15.4","192.168.15.3","MQTT","90","Connect Command"
"47859","302.421073051","192.168.15.4","192.168.15.3","MQTT","97","Publish Message (id=287) [Deviceb'Device - 2']"
"47860","302.421480982","192.168.15.3","192.168.15.4","MQTT","70","Connect Ack"
"47863","302.423888582","192.168.15.3","192.168.15.4","MQTT","70","Publish Ack (id=287)"
"47865","302.424743237","192.168.15.4","192.168.15.3","MQTT","68","Disconnect Req"
"47882","303.428850511","192.168.15.4","192.168.15.3","MQTT","90","Connect Command"
"47884","303.431250406","192.168.15.4","192.168.15.3","MQTT","97","Publish Message (id=288) [Deviceb'Device - 2']"
"47885","303.431663947","192.168.15.3","192.168.15.4","MQTT","70","Connect Ack"
"47888","303.434509324","192.168.15.3","192.168.15.4","MQTT","70","Publish Ack (id=288)"
"47890","303.435212954","192.168.15.4","192.168.15.3","MQTT","68","Disconnect Req"
"47930","304.439168726","192.168.15.4","192.168.15.3","MQTT","90","Connect Command"
"47932","304.442154849","192.168.15.4","192.168.15.3","MQTT","97","Publish Message (id=289) [Deviceb'Device - 2']"
"47933","304.442583038","192.168.15.3","192.168.15.4","MQTT","70","Connect Ack"
"47936","304.445103642","192.168.15.3","192.168.15.4","MQTT","70","Publish Ack (id=289)"
"47938","304.445363062","192.168.15.4","192.168.15.3","MQTT","68","Disconnect Req"
"47962","305.448698421","192.168.15.4","192.168.15.3","MQTT","90","Connect Command"
"47964","305.451498633","192.168.15.4","192.168.15.3","MQTT","97","Publish Message (id=290) [Deviceb'Device - 2']"
"47966","305.455855707","192.168.15.3","192.168.15.4","MQTT","70","Connect Ack"
"47968","305.458282493","192.168.15.3","192.168.15.4","MQTT","70","Publish Ack (id=290)"
"47970","305.458613869","192.168.15.4","192.168.15.3","MQTT","68","Disconnect Req"
"47978","306.462713566","192.168.15.4","192.168.15.3","MQTT","90","Connect Command"
"47980","306.465723804","192.168.15.4","192.168.15.3","MQTT","97","Publish Message (id=291) [Deviceb'Device - 2']"
"47981","306.466170358","192.168.15.3","192.168.15.4","MQTT","70","Connect Ack"
"47984","306.468681955","192.168.15.3","192.168.15.4","MQTT","70","Publish Ack (id=291)"
"47986","306.469269665","192.168.15.4","192.168.15.3","MQTT","68","Disconnect Req"
"48008","307.473410121","192.168.15.4","192.168.15.3","MQTT","90","Connect Command"
"48010","307.476359114","192.168.15.4","192.168.15.3","MQTT","97","Publish Message (id=292) [Deviceb'Device - 2']"
"48011","307.476878115","192.168.15.3","192.168.15.4","MQTT","70","Connect Ack"
"48014","307.479200804","192.168.15.3","192.168.15.4","MQTT","70","Publish Ack (id=292)"
"48016","307.479478559","192.168.15.4","192.168.15.3","MQTT","68","Disconnect Req"
"48046","308.483222275","192.168.15.4","192.168.15.3","MQTT","90","Connect Command"
"48048","308.486223055","192.168.15.4","192.168.15.3","MQTT","97","Publish Message (id=293) [Deviceb'Device - 2']"
"48049","308.486698443","192.168.15.3","192.168.15.4","MQTT","70","Connect Ack"
"48052","308.488895636","192.168.15.3","192.168.15.4","MQTT","70","Publish Ack (id=293)"
"48054","308.489267238","192.168.15.4","192.168.15.3","MQTT","68","Disconnect Req"
"49907","309.493497988","192.168.15.4","192.168.15.3","MQTT","90","Connect Command"
"49909","309.496435479","192.168.15.4","192.168.15.3","MQTT","97","Publish Message (id=294) [Deviceb'Device - 2']"
"49910","309.496958607","192.168.15.3","192.168.15.4","MQTT","70","Connect Ack"
"49913","309.499410150","192.168.15.3","192.168.15.4","MQTT","70","Publish Ack (id=294)"
"49915","309.500213308","192.168.15.4","192.168.15.3","MQTT","68","Disconnect Req"
"49927","310.504193677","192.168.15.4","192.168.15.3","MQTT","90","Connect Command"
"49929","310.507148040","192.168.15.4","192.168.15.3","MQTT","97","Publish Message (id=295) [Deviceb'Device - 2']"
"49931","310.511548867","192.168.15.3","192.168.15.4","MQTT","70","Connect Ack"
"49933","310.513957669","192.168.15.3","192.168.15.4","MQTT","70","Publish Ack (id=295)"
"49935","310.514307620","192.168.15.4","192.168.15.3","MQTT","68","Disconnect Req"
"49947","311.518632102","192.168.15.4","192.168.15.3","MQTT","90","Connect Command"
"49949","311.521658211","192.168.15.4","192.168.15.3","MQTT","97","Publish Message (id=296) [Deviceb'Device - 2']"
"49950","311.522055602","192.168.15.3","192.168.15.4","MQTT","70","Connect Ack"
"49953","311.524519629","192.168.15.3","192.168.15.4","MQTT","70","Publish Ack (id=296)"
"49955","311.525322957","192.168.15.4","192.168.15.3","MQTT","68","Disconnect Req"
"49969","312.529163004","192.168.15.4","192.168.15.3","MQTT","90","Connect Command"
"49971","312.532019722","192.168.15.4","192.168.15.3","MQTT","97","Publish Message (id=297) [Deviceb'Device - 2']"
"49972","312.532413797","192.168.15.3","192.168.15.4","MQTT","70","Connect Ack"
"49975","312.534848769","192.168.15.3","192.168.15.4","MQTT","70","Publish Ack (id=297)"
"49977","312.535467979","192.168.15.4","192.168.15.3","MQTT","68","Disconnect Req"
"49993","313.539296116","192.168.15.4","192.168.15.3","MQTT","90","Connect Command"
"49995","313.542325751","192.168.15.4","192.168.15.3","MQTT","97","Publish Message (id=298) [Deviceb'Device - 2']"
"49996","313.542723162","192.168.15.3","192.168.15.4","MQTT","70","Connect Ack"
"49999","313.545017368","192.168.15.3","192.168.15.4","MQTT","70","Publish Ack (id=298)"
"50001","313.545916377","192.168.15.4","192.168.15.3","MQTT","68","Disconnect Req"
"50038","314.550436703","192.168.15.4","192.168.15.3","MQTT","90","Connect Command"
"50040","314.553376048","192.168.15.4","192.168.15.3","MQTT","97","Publish Message (id=299) [Deviceb'Device - 2']"
"50041","314.554348575","192.168.15.3","192.168.15.4","MQTT","70","Connect Ack"
"50044","314.556197820","192.168.15.3","192.168.15.4","MQTT","70","Publish Ack (id=299)"
"50046","314.556705409","192.168.15.4","192.168.15.3","MQTT","68","Disconnect Req"
"50086","315.560239755","192.168.15.4","192.168.15.3","MQTT","90","Connect Command"
"50088","315.563304166","192.168.15.4","192.168.15.3","MQTT","97","Publish Message (id=300) [Deviceb'Device - 2']"
"50090","315.567671469","192.168.15.3","192.168.15.4","MQTT","70","Connect Ack"
"50092","315.569998627","192.168.15.3","192.168.15.4","MQTT","70","Publish Ack (id=300)"
"50094","315.570331376","192.168.15.4","192.168.15.3","MQTT","68","Disconnect Req"
"50107","316.574019835","192.168.15.4","192.168.15.3","MQTT","90","Connect Command"
"50109","316.577053508","192.168.15.4","192.168.15.3","MQTT","97","Publish Message (id=301) [Deviceb'Device - 2']"
"50110","316.577396466","192.168.15.3","192.168.15.4","MQTT","70","Connect Ack"
"50113","316.579917901","192.168.15.3","192.168.15.4","MQTT","70","Publish Ack (id=301)"
"50115","316.581364896","192.168.15.4","192.168.15.3","MQTT","68","Disconnect Req"
"50127","317.586233367","192.168.15.4","192.168.15.3","MQTT","90","Connect Command"
"50129","317.590048306","192.168.15.4","192.168.15.3","MQTT","97","Publish Message (id=302) [Deviceb'Device - 2']"
"50130","317.590298278","192.168.15.3","192.168.15.4","MQTT","70","Connect Ack"
"50133","317.592887722","192.168.15.3","192.168.15.4","MQTT","70","Publish Ack (id=302)"
"50135","317.593380193","192.168.15.4","192.168.15.3","MQTT","68","Disconnect Req"
"50150","318.597437631","192.168.15.4","192.168.15.3","MQTT","90","Connect Command"
"50152","318.601244596","192.168.15.4","192.168.15.3","MQTT","97","Publish Message (id=303) [Deviceb'Device - 2']"
"50153","318.601477706","192.168.15.3","192.168.15.4","MQTT","70","Connect Ack"
"50156","318.604038446","192.168.15.3","192.168.15.4","MQTT","70","Publish Ack (id=303)"
"50158","318.604688124","192.168.15.4","192.168.15.3","MQTT","68","Disconnect Req"
"50595","319.611771996","192.168.15.4","192.168.15.3","MQTT","90","Connect Command"
"50683","319.619953337","192.168.15.4","192.168.15.3","MQTT","97","Publish Message (id=304) [Deviceb'Device - 2']"
"50693","319.620775861","192.168.15.3","192.168.15.4","MQTT","70","Connect Ack"
"50762","319.627107086","192.168.15.3","192.168.15.4","MQTT","70","Publish Ack (id=304)"
"50768","319.627594728","192.168.15.4","192.168.15.3","MQTT","68","Disconnect Req"
"51534","320.632592378","192.168.15.4","192.168.15.3","MQTT","90","Connect Command"
"51536","320.635505193","192.168.15.4","192.168.15.3","MQTT","97","Publish Message (id=305) [Deviceb'Device - 2']"
"51538","320.639842640","192.168.15.3","192.168.15.4","MQTT","70","Connect Ack"
"51540","320.642254658","192.168.15.3","192.168.15.4","MQTT","70","Publish Ack (id=305)"
"51542","320.645060150","192.168.15.4","192.168.15.3","MQTT","68","Disconnect Req"
"51567","321.649761353","192.168.15.4","192.168.15.3","MQTT","90","Connect Command"
"51569","321.652850420","192.168.15.4","192.168.15.3","MQTT","97","Publish Message (id=306) [Deviceb'Device - 2']"
"51570","321.653255997","192.168.15.3","192.168.15.4","MQTT","70","Connect Ack"
"51573","321.658744930","192.168.15.3","192.168.15.4","MQTT","70","Publish Ack (id=306)"
"51575","321.659540794","192.168.15.4","192.168.15.3","MQTT","68","Disconnect Req"
"51588","322.663924558","192.168.15.4","192.168.15.3","MQTT","90","Connect Command"
"51590","322.666709140","192.168.15.4","192.168.15.3","MQTT","97","Publish Message (id=307) [Deviceb'Device - 2']"
"51591","322.667179870","192.168.15.3","192.168.15.4","MQTT","70","Connect Ack"
"51594","322.669398753","192.168.15.3","192.168.15.4","MQTT","70","Publish Ack (id=307)"
"51596","322.670142168","192.168.15.4","192.168.15.3","MQTT","68","Disconnect Req"
"51612","323.674167598","192.168.15.4","192.168.15.3","MQTT","90","Connect Command"
"51614","323.676507780","192.168.15.4","192.168.15.3","MQTT","97","Publish Message (id=308) [Deviceb'Device - 2']"
"51615","323.677005902","192.168.15.3","192.168.15.4","MQTT","70","Connect Ack"
"51618","323.679344952","192.168.15.3","192.168.15.4","MQTT","70","Publish Ack (id=308)"
"51620","323.679969453","192.168.15.4","192.168.15.3","MQTT","68","Disconnect Req"
"51632","324.684241458","192.168.15.4","192.168.15.3","MQTT","90","Connect Command"
"51634","324.687103257","192.168.15.4","192.168.15.3","MQTT","97","Publish Message (id=309) [Deviceb'Device - 2']"
"51635","324.687523691","192.168.15.3","192.168.15.4","MQTT","70","Connect Ack"
"51638","324.689911684","192.168.15.3","192.168.15.4","MQTT","70","Publish Ack (id=309)"
"51640","324.690588393","192.168.15.4","192.168.15.3","MQTT","68","Disconnect Req"
"51652","325.695114351","192.168.15.4","192.168.15.3","MQTT","90","Connect Command"
"51654","325.697998051","192.168.15.4","192.168.15.3","MQTT","97","Publish Message (id=310) [Deviceb'Device - 2']"
"51656","325.702307535","192.168.15.3","192.168.15.4","MQTT","70","Connect Ack"
"51658","325.704779687","192.168.15.3","192.168.15.4","MQTT","70","Publish Ack (id=310)"
"51660","325.705142393","192.168.15.4","192.168.15.3","MQTT","68","Disconnect Req"
"51672","326.710515324","192.168.15.4","192.168.15.3","MQTT","90","Connect Command"
"51674","326.715092724","192.168.15.4","192.168.15.3","MQTT","97","Publish Message (id=311) [Deviceb'Device - 2']"
"51675","326.715476319","192.168.15.3","192.168.15.4","MQTT","70","Connect Ack"
"51678","326.717778109","192.168.15.3","192.168.15.4","MQTT","70","Publish Ack (id=311)"
"51680","326.718660567","192.168.15.4","192.168.15.3","MQTT","68","Disconnect Req"
"51692","327.723510161","192.168.15.4","192.168.15.3","MQTT","90","Connect Command"
"51694","327.726107109","192.168.15.4","192.168.15.3","MQTT","97","Publish Message (id=312) [Deviceb'Device - 2']"
"51695","327.729244047","192.168.15.3","192.168.15.4","MQTT","70","Connect Ack"
"51698","327.731613745","192.168.15.3","192.168.15.4","MQTT","70","Publish Ack (id=312)"
"51700","327.732000896","192.168.15.4","192.168.15.3","MQTT","68","Disconnect Req"
"51719","328.736645215","192.168.15.4","192.168.15.3","MQTT","90","Connect Command"
"51721","328.739482968","192.168.15.4","192.168.15.3","MQTT","97","Publish Message (id=313) [Deviceb'Device - 2']"
"51722","328.739914724","192.168.15.3","192.168.15.4","MQTT","70","Connect Ack"
"51725","328.742313056","192.168.15.3","192.168.15.4","MQTT","70","Publish Ack (id=313)"
"51727","328.742744461","192.168.15.4","192.168.15.3","MQTT","68","Disconnect Req"
"51735","329.746786345","192.168.15.4","192.168.15.3","MQTT","90","Connect Command"
"51737","329.749674193","192.168.15.4","192.168.15.3","MQTT","97","Publish Message (id=314) [Deviceb'Device - 2']"
"51738","329.750114064","192.168.15.3","192.168.15.4","MQTT","70","Connect Ack"
"51741","329.752409933","192.168.15.3","192.168.15.4","MQTT","70","Publish Ack (id=314)"
"51743","329.753169038","192.168.15.4","192.168.15.3","MQTT","68","Disconnect Req"
"51755","330.756894233","192.168.15.4","192.168.15.3","MQTT","90","Connect Command"
"51757","330.759869196","192.168.15.4","192.168.15.3","MQTT","97","Publish Message (id=315) [Deviceb'Device - 2']"
"51759","330.764289509","192.168.15.3","192.168.15.4","MQTT","70","Connect Ack"
"51761","330.766636694","192.168.15.3","192.168.15.4","MQTT","70","Publish Ack (id=315)"
"51763","330.766945117","192.168.15.4","192.168.15.3","MQTT","68","Disconnect Req"
"54036","331.770978748","192.168.15.4","192.168.15.3","MQTT","90","Connect Command"
"54038","331.773860975","192.168.15.4","192.168.15.3","MQTT","97","Publish Message (id=316) [Deviceb'Device - 2']"
"54039","331.774256041","192.168.15.3","192.168.15.4","MQTT","70","Connect Ack"
"54042","331.776783418","192.168.15.3","192.168.15.4","MQTT","70","Publish Ack (id=316)"
"54044","331.777469634","192.168.15.4","192.168.15.3","MQTT","68","Disconnect Req"
"54052","332.781252161","192.168.15.4","192.168.15.3","MQTT","90","Connect Command"
"54054","332.784125390","192.168.15.4","192.168.15.3","MQTT","97","Publish Message (id=317) [Deviceb'Device - 2']"
"54055","332.784521980","192.168.15.3","192.168.15.4","MQTT","70","Connect Ack"
"54058","332.787009311","192.168.15.3","192.168.15.4","MQTT","70","Publish Ack (id=317)"
"54060","332.787843437","192.168.15.4","192.168.15.3","MQTT","68","Disconnect Req"
"54076","333.792123718","192.168.15.4","192.168.15.3","MQTT","90","Connect Command"
"54078","333.794982280","192.168.15.4","192.168.15.3","MQTT","97","Publish Message (id=318) [Deviceb'Device - 2']"
"54079","333.795399067","192.168.15.3","192.168.15.4","MQTT","70","Connect Ack"
"54082","333.797861120","192.168.15.3","192.168.15.4","MQTT","70","Publish Ack (id=318)"
"54084","333.798636005","192.168.15.4","192.168.15.3","MQTT","68","Disconnect Req"
"54118","334.802460015","192.168.15.4","192.168.15.3","MQTT","90","Connect Command"
"54120","334.805401344","192.168.15.4","192.168.15.3","MQTT","97","Publish Message (id=319) [Deviceb'Device - 2']"
"54121","334.805908091","192.168.15.3","192.168.15.4","MQTT","70","Connect Ack"
"54124","334.808294311","192.168.15.3","192.168.15.4","MQTT","70","Publish Ack (id=319)"
"54126","334.809212747","192.168.15.4","192.168.15.3","MQTT","68","Disconnect Req"
"54150","335.813451082","192.168.15.4","192.168.15.3","MQTT","90","Connect Command"
"54152","335.816502178","192.168.15.4","192.168.15.3","MQTT","97","Publish Message (id=320) [Deviceb'Device - 2']"
"54154","335.820934113","192.168.15.3","192.168.15.4","MQTT","70","Connect Ack"
"54156","335.823249509","192.168.15.3","192.168.15.4","MQTT","70","Publish Ack (id=320)"
"54158","335.823635809","192.168.15.4","192.168.15.3","MQTT","68","Disconnect Req"
"54172","336.827110964","192.168.15.4","192.168.15.3","MQTT","90","Connect Command"
"54174","336.829931775","192.168.15.4","192.168.15.3","MQTT","97","Publish Message (id=321) [Deviceb'Device - 2']"
"54175","336.830458480","192.168.15.3","192.168.15.4","MQTT","70","Connect Ack"
"54178","336.832810145","192.168.15.3","192.168.15.4","MQTT","70","Publish Ack (id=321)"
"54180","336.833211643","192.168.15.4","192.168.15.3","MQTT","68","Disconnect Req"
"54192","337.836998208","192.168.15.4","192.168.15.3","MQTT","90","Connect Command"
"54194","337.839975284","192.168.15.4","192.168.15.3","MQTT","97","Publish Message (id=322) [Deviceb'Device - 2']"
"54195","337.840447486","192.168.15.3","192.168.15.4","MQTT","70","Connect Ack"
"54198","337.844036218","192.168.15.3","192.168.15.4","MQTT","70","Publish Ack (id=322)"
"54200","337.844422478","192.168.15.4","192.168.15.3","MQTT","68","Disconnect Req"
"54217","338.848066627","192.168.15.4","192.168.15.3","MQTT","90","Connect Command"
"54219","338.851108426","192.168.15.4","192.168.15.3","MQTT","97","Publish Message (id=323) [Deviceb'Device - 2']"
"54220","338.851493393","192.168.15.3","192.168.15.4","MQTT","70","Connect Ack"
"54223","338.853985583","192.168.15.3","192.168.15.4","MQTT","70","Publish Ack (id=323)"
"54225","338.854727014","192.168.15.4","192.168.15.3","MQTT","68","Disconnect Req"
"54237","339.858640714","192.168.15.4","192.168.15.3","MQTT","90","Connect Command"
"54239","339.861535564","192.168.15.4","192.168.15.3","MQTT","97","Publish Message (id=324) [Deviceb'Device - 2']"
"54240","339.861954917","192.168.15.3","192.168.15.4","MQTT","70","Connect Ack"
"54243","339.864298145","192.168.15.3","192.168.15.4","MQTT","70","Publish Ack (id=324)"
"54245","339.864666542","192.168.15.4","192.168.15.3","MQTT","68","Disconnect Req"
"54257","340.868471427","192.168.15.4","192.168.15.3","MQTT","90","Connect Command"
"54259","340.871348364","192.168.15.4","192.168.15.3","MQTT","97","Publish Message (id=325) [Deviceb'Device - 2']"
"54261","340.875678898","192.168.15.3","192.168.15.4","MQTT","70","Connect Ack"
"54263","340.878202648","192.168.15.3","192.168.15.4","MQTT","70","Publish Ack (id=325)"
"54265","340.878549954","192.168.15.4","192.168.15.3","MQTT","68","Disconnect Req"
"54277","341.883088329","192.168.15.4","192.168.15.3","MQTT","90","Connect Command"
"54279","341.885800995","192.168.15.4","192.168.15.3","MQTT","97","Publish Message (id=326) [Deviceb'Device - 2']"
"54280","341.886237290","192.168.15.3","192.168.15.4","MQTT","70","Connect Ack"
"54283","341.888693261","192.168.15.3","192.168.15.4","MQTT","70","Publish Ack (id=326)"
"54285","341.889163289","192.168.15.4","192.168.15.3","MQTT","68","Disconnect Req"
"54294","342.893816893","192.168.15.4","192.168.15.3","MQTT","90","Connect Command"
"54296","342.896444529","192.168.15.4","192.168.15.3","MQTT","97","Publish Message (id=327) [Deviceb'Device - 2']"
"54297","342.896929405","192.168.15.3","192.168.15.4","MQTT","70","Connect Ack"
"54300","342.899290057","192.168.15.3","192.168.15.4","MQTT","70","Publish Ack (id=327)"
"54302","342.899720189","192.168.15.4","192.168.15.3","MQTT","68","Disconnect Req"
"54340","343.903884980","192.168.15.4","192.168.15.3","MQTT","90","Connect Command"
"54342","343.906759803","192.168.15.4","192.168.15.3","MQTT","97","Publish Message (id=328) [Deviceb'Device - 2']"
"54343","343.907261431","192.168.15.3","192.168.15.4","MQTT","70","Connect Ack"
"54346","343.909430491","192.168.15.3","192.168.15.4","MQTT","70","Publish Ack (id=328)"
"54348","343.910242986","192.168.15.4","192.168.15.3","MQTT","68","Disconnect Req"
"54372","344.914854262","192.168.15.4","192.168.15.3","MQTT","90","Connect Command"
"54374","344.917728925","192.168.15.4","192.168.15.3","MQTT","97","Publish Message (id=329) [Deviceb'Device - 2']"
"54375","344.918174798","192.168.15.3","192.168.15.4","MQTT","70","Connect Ack"
"54378","344.920683309","192.168.15.3","192.168.15.4","MQTT","70","Publish Ack (id=329)"
"54380","344.921389413","192.168.15.4","192.168.15.3","MQTT","68","Disconnect Req"
"54392","345.926058892","192.168.15.4","192.168.15.3","MQTT","90","Connect Command"
"54394","345.928947782","192.168.15.4","192.168.15.3","MQTT","97","Publish Message (id=330) [Deviceb'Device - 2']"
"54396","345.933224304","192.168.15.3","192.168.15.4","MQTT","70","Connect Ack"
"54398","345.935653525","192.168.15.3","192.168.15.4","MQTT","70","Publish Ack (id=330)"
"54400","345.936101481","192.168.15.4","192.168.15.3","MQTT","68","Disconnect Req"
"56216","346.940064697","192.168.15.4","192.168.15.3","MQTT","90","Connect Command"
"56218","346.942861022","192.168.15.4","192.168.15.3","MQTT","97","Publish Message (id=331) [Deviceb'Device - 2']"
"56219","346.943264605","192.168.15.3","192.168.15.4","MQTT","70","Connect Ack"
"56222","346.945685961","192.168.15.3","192.168.15.4","MQTT","70","Publish Ack (id=331)"
"56224","346.946324007","192.168.15.4","192.168.15.3","MQTT","68","Disconnect Req"
"56239","347.950417060","192.168.15.4","192.168.15.3","MQTT","90","Connect Command"
"56241","347.953295330","192.168.15.4","192.168.15.3","MQTT","97","Publish Message (id=332) [Deviceb'Device - 2']"
"56242","347.953800264","192.168.15.3","192.168.15.4","MQTT","70","Connect Ack"
"56245","347.956180542","192.168.15.3","192.168.15.4","MQTT","70","Publish Ack (id=332)"
"56247","347.956934728","192.168.15.4","192.168.15.3","MQTT","68","Disconnect Req"
"56261","348.961551463","192.168.15.4","192.168.15.3","MQTT","90","Connect Command"
"56263","348.964378326","192.168.15.4","192.168.15.3","MQTT","97","Publish Message (id=333) [Deviceb'Device - 2']"
"56264","348.964752553","192.168.15.3","192.168.15.4","MQTT","70","Connect Ack"
"56267","348.967324694","192.168.15.3","192.168.15.4","MQTT","70","Publish Ack (id=333)"
"56269","348.968057559","192.168.15.4","192.168.15.3","MQTT","68","Disconnect Req"
"56281","349.971735071","192.168.15.4","192.168.15.3","MQTT","90","Connect Command"
"56283","349.975118074","192.168.15.4","192.168.15.3","MQTT","97","Publish Message (id=334) [Deviceb'Device - 2']"
"56284","349.975483084","192.168.15.3","192.168.15.4","MQTT","70","Connect Ack"
"56287","349.977886506","192.168.15.3","192.168.15.4","MQTT","70","Publish Ack (id=334)"
"56289","349.978581590","192.168.15.4","192.168.15.3","MQTT","68","Disconnect Req"
"56301","350.982615818","192.168.15.4","192.168.15.3","MQTT","90","Connect Command"
"56303","350.985506932","192.168.15.4","192.168.15.3","MQTT","97","Publish Message (id=335) [Deviceb'Device - 2']"
"56305","350.990530806","192.168.15.3","192.168.15.4","MQTT","70","Connect Ack"
"56307","350.992891187","192.168.15.3","192.168.15.4","MQTT","70","Publish Ack (id=335)"
"56309","350.993725002","192.168.15.4","192.168.15.3","MQTT","68","Disconnect Req"
"56321","351.998451892","192.168.15.4","192.168.15.3","MQTT","90","Connect Command"
"56323","352.001337936","192.168.15.4","192.168.15.3","MQTT","97","Publish Message (id=336) [Deviceb'Device - 2']"
"56324","352.001745776","192.168.15.3","192.168.15.4","MQTT","70","Connect Ack"
"56327","352.004224321","192.168.15.3","192.168.15.4","MQTT","70","Publish Ack (id=336)"
"56329","352.005121115","192.168.15.4","192.168.15.3","MQTT","68","Disconnect Req"
"56342","353.009724923","192.168.15.4","192.168.15.3","MQTT","90","Connect Command"
"56344","353.014485900","192.168.15.4","192.168.15.3","MQTT","97","Publish Message (id=337) [Deviceb'Device - 2']"
"56345","353.014867381","192.168.15.3","192.168.15.4","MQTT","70","Connect Ack"
"56348","353.017260454","192.168.15.3","192.168.15.4","MQTT","70","Publish Ack (id=337)"
"56350","353.018081606","192.168.15.4","192.168.15.3","MQTT","68","Disconnect Req"
"56361","354.023290279","192.168.15.4","192.168.15.3","MQTT","90","Connect Command"
"56363","354.026179529","192.168.15.4","192.168.15.3","MQTT","97","Publish Message (id=338) [Deviceb'Device - 2']"
"56364","354.026557754","192.168.15.3","192.168.15.4","MQTT","70","Connect Ack"
"56367","354.028948051","192.168.15.3","192.168.15.4","MQTT","70","Publish Ack (id=338)"
"56369","354.029664816","192.168.15.4","192.168.15.3","MQTT","68","Disconnect Req"
"56380","355.033648016","192.168.15.4","192.168.15.3","MQTT","90","Connect Command"
"56382","355.038547615","192.168.15.4","192.168.15.3","MQTT","97","Publish Message (id=339) [Deviceb'Device - 2']"
"56383","355.038930549","192.168.15.3","192.168.15.4","MQTT","70","Connect Ack"
"56386","355.041330324","192.168.15.3","192.168.15.4","MQTT","70","Publish Ack (id=339)"
"56388","355.042071294","192.168.15.4","192.168.15.3","MQTT","68","Disconnect Req"
"56410","356.046238243","192.168.15.4","192.168.15.3","MQTT","90","Connect Command"
"56412","356.051594285","192.168.15.4","192.168.15.3","MQTT","97","Publish Message (id=340) [Deviceb'Device - 2']"
"56414","356.055976627","192.168.15.3","192.168.15.4","MQTT","70","Connect Ack"
"56416","356.058360653","192.168.15.3","192.168.15.4","MQTT","70","Publish Ack (id=340)"
"56418","356.058697570","192.168.15.4","192.168.15.3","MQTT","68","Disconnect Req"
"56430","357.062785482","192.168.15.4","192.168.15.3","MQTT","90","Connect Command"
"56432","357.065636860","192.168.15.4","192.168.15.3","MQTT","97","Publish Message (id=341) [Deviceb'Device - 2']"
"56433","357.066134390","192.168.15.3","192.168.15.4","MQTT","70","Connect Ack"
"56436","357.068463632","192.168.15.3","192.168.15.4","MQTT","70","Publish Ack (id=341)"
"56438","357.069293771","192.168.15.4","192.168.15.3","MQTT","68","Disconnect Req"
"56453","358.073554040","192.168.15.4","192.168.15.3","MQTT","90","Connect Command"
"56455","358.076443731","192.168.15.4","192.168.15.3","MQTT","97","Publish Message (id=342) [Deviceb'Device - 2']"
"56456","358.076913509","192.168.15.3","192.168.15.4","MQTT","70","Connect Ack"
"56459","358.079293867","192.168.15.3","192.168.15.4","MQTT","70","Publish Ack (id=342)"
"56461","358.080172928","192.168.15.4","192.168.15.3","MQTT","68","Disconnect Req"
"56473","359.084432987","192.168.15.4","192.168.15.3","MQTT","90","Connect Command"
"56475","359.087278625","192.168.15.4","192.168.15.3","MQTT","97","Publish Message (id=343) [Deviceb'Device - 2']"
"56476","359.087686666","192.168.15.3","192.168.15.4","MQTT","70","Connect Ack"
"56479","359.090265811","192.168.15.3","192.168.15.4","MQTT","70","Publish Ack (id=343)"
"56481","359.090973588","192.168.15.4","192.168.15.3","MQTT","68","Disconnect Req"
"56585","360.095281860","192.168.15.4","192.168.15.3","MQTT","90","Connect Command"
"56587","360.098173205","192.168.15.4","192.168.15.3","MQTT","97","Publish Message (id=344) [Deviceb'Device - 2']"
"56588","360.098592677","192.168.15.3","192.168.15.4","MQTT","70","Connect Ack"
"56591","360.101090117","192.168.15.3","192.168.15.4","MQTT","70","Publish Ack (id=344)"
"56593","360.101842629","192.168.15.4","192.168.15.3","MQTT","68","Disconnect Req"
"56605","361.106150603","192.168.15.4","192.168.15.3","MQTT","90","Connect Command"
"56607","361.109032980","192.168.15.4","192.168.15.3","MQTT","97","Publish Message (id=345) [Deviceb'Device - 2']"
"56609","361.113337525","192.168.15.3","192.168.15.4","MQTT","70","Connect Ack"
"56611","361.116032839","192.168.15.3","192.168.15.4","MQTT","70","Publish Ack (id=345)"
"56613","361.116732882","192.168.15.4","192.168.15.3","MQTT","68","Disconnect Req"
"56625","362.120825901","192.168.15.4","192.168.15.3","MQTT","90","Connect Command"
"56627","362.123717155","192.168.15.4","192.168.15.3","MQTT","97","Publish Message (id=346) [Deviceb'Device - 2']"
"56628","362.124055985","192.168.15.3","192.168.15.4","MQTT","70","Connect Ack"
"56631","362.126569235","192.168.15.3","192.168.15.4","MQTT","70","Publish Ack (id=346)"
"56633","362.127365239","192.168.15.4","192.168.15.3","MQTT","68","Disconnect Req"
"58995","363.133317936","192.168.15.4","192.168.15.3","MQTT","90","Connect Command"
"58997","363.136356298","192.168.15.4","192.168.15.3","MQTT","97","Publish Message (id=347) [Deviceb'Device - 2']"
"58998","363.136368100","192.168.15.3","192.168.15.4","MQTT","70","Connect Ack"
"59001","363.139190745","192.168.15.3","192.168.15.4","MQTT","70","Publish Ack (id=347)"
"59003","363.139922057","192.168.15.4","192.168.15.3","MQTT","68","Disconnect Req"
"59015","364.144742574","192.168.15.4","192.168.15.3","MQTT","90","Connect Command"
"59017","364.147604683","192.168.15.4","192.168.15.3","MQTT","97","Publish Message (id=348) [Deviceb'Device - 2']"
"59018","364.148046668","192.168.15.3","192.168.15.4","MQTT","70","Connect Ack"
"59021","364.150405416","192.168.15.3","192.168.15.4","MQTT","70","Publish Ack (id=348)"
"59023","364.151203695","192.168.15.4","192.168.15.3","MQTT","68","Disconnect Req"
"59046","365.155782107","192.168.15.4","192.168.15.3","MQTT","90","Connect Command"
"59048","365.158029304","192.168.15.4","192.168.15.3","MQTT","97","Publish Message (id=349) [Deviceb'Device - 2']"
"59049","365.158460900","192.168.15.3","192.168.15.4","MQTT","70","Connect Ack"
"59052","365.160948902","192.168.15.3","192.168.15.4","MQTT","70","Publish Ack (id=349)"
"59054","365.161653984","192.168.15.4","192.168.15.3","MQTT","68","Disconnect Req"
"59068","366.166055284","192.168.15.4","192.168.15.3","MQTT","90","Connect Command"
"59070","366.168934365","192.168.15.4","192.168.15.3","MQTT","97","Publish Message (id=350) [Deviceb'Device - 2']"
"59072","366.173294946","192.168.15.3","192.168.15.4","MQTT","70","Connect Ack"
"59074","366.175719488","192.168.15.3","192.168.15.4","MQTT","70","Publish Ack (id=350)"
"59076","366.176452864","192.168.15.4","192.168.15.3","MQTT","68","Disconnect Req"
"59088","367.180289469","192.168.15.4","192.168.15.3","MQTT","90","Connect Command"
"59090","367.183153482","192.168.15.4","192.168.15.3","MQTT","97","Publish Message (id=351) [Deviceb'Device - 2']"
"59091","367.183555822","192.168.15.3","192.168.15.4","MQTT","70","Connect Ack"
"59094","367.195108676","192.168.15.3","192.168.15.4","MQTT","70","Publish Ack (id=351)"
"59096","367.195872058","192.168.15.4","192.168.15.3","MQTT","68","Disconnect Req"
"59149","368.200178322","192.168.15.4","192.168.15.3","MQTT","90","Connect Command"
"59151","368.203082300","192.168.15.4","192.168.15.3","MQTT","97","Publish Message (id=352) [Deviceb'Device - 2']"
"59152","368.203476104","192.168.15.3","192.168.15.4","MQTT","70","Connect Ack"
"59155","368.205947605","192.168.15.3","192.168.15.4","MQTT","70","Publish Ack (id=352)"
"59157","368.206634914","192.168.15.4","192.168.15.3","MQTT","68","Disconnect Req"
"59169","369.210610412","192.168.15.4","192.168.15.3","MQTT","90","Connect Command"
"59171","369.213498530","192.168.15.4","192.168.15.3","MQTT","97","Publish Message (id=353) [Deviceb'Device - 2']"
"59172","369.213994187","192.168.15.3","192.168.15.4","MQTT","70","Connect Ack"
"59175","369.216267503","192.168.15.3","192.168.15.4","MQTT","70","Publish Ack (id=353)"
"59177","369.216972265","192.168.15.4","192.168.15.3","MQTT","68","Disconnect Req"
"59217","370.220980388","192.168.15.4","192.168.15.3","MQTT","90","Connect Command"
"59219","370.226068805","192.168.15.4","192.168.15.3","MQTT","97","Publish Message (id=354) [Deviceb'Device - 2']"
"59220","370.226425379","192.168.15.3","192.168.15.4","MQTT","70","Connect Ack"
"59223","370.228952064","192.168.15.3","192.168.15.4","MQTT","70","Publish Ack (id=354)"
"59225","370.229652748","192.168.15.4","192.168.15.3","MQTT","68","Disconnect Req"
"59237","371.234341901","192.168.15.4","192.168.15.3","MQTT","90","Connect Command"
"59239","371.237206625","192.168.15.4","192.168.15.3","MQTT","97","Publish Message (id=355) [Deviceb'Device - 2']"
"59240","371.237609536","192.168.15.3","192.168.15.4","MQTT","70","Connect Ack"
"59243","371.240082921","192.168.15.3","192.168.15.4","MQTT","70","Publish Ack (id=355)"
"59245","371.240774047","192.168.15.4","192.168.15.3","MQTT","68","Disconnect Req"
"59260","372.245410522","192.168.15.4","192.168.15.3","MQTT","90","Connect Command"
"59262","372.248237534","192.168.15.4","192.168.15.3","MQTT","97","Publish Message (id=356) [Deviceb'Device - 2']"
"59263","372.248653981","192.168.15.3","192.168.15.4","MQTT","70","Connect Ack"
"59266","372.251001297","192.168.15.3","192.168.15.4","MQTT","70","Publish Ack (id=356)"
"59268","372.251852887","192.168.15.4","192.168.15.3","MQTT","68","Disconnect Req"
"59283","373.255356022","192.168.15.4","192.168.15.3","MQTT","90","Connect Command"
"59285","373.258259780","192.168.15.4","192.168.15.3","MQTT","97","Publish Message (id=357) [Deviceb'Device - 2']"
"59286","373.258677269","192.168.15.3","192.168.15.4","MQTT","70","Connect Ack"
"59289","373.261134182","192.168.15.3","192.168.15.4","MQTT","70","Publish Ack (id=357)"
"59292","373.261749696","192.168.15.4","192.168.15.3","MQTT","68","Disconnect Req"
"59300","374.266294450","192.168.15.4","192.168.15.3","MQTT","90","Connect Command"
"59302","374.269181777","192.168.15.4","192.168.15.3","MQTT","97","Publish Message (id=358) [Deviceb'Device - 2']"
"59303","374.269580891","192.168.15.3","192.168.15.4","MQTT","70","Connect Ack"
"59306","374.271969726","192.168.15.3","192.168.15.4","MQTT","70","Publish Ack (id=358)"
"59308","374.272871650","192.168.15.4","192.168.15.3","MQTT","68","Disconnect Req"
"59350","375.277076596","192.168.15.4","192.168.15.3","MQTT","90","Connect Command"
"59352","375.279672753","192.168.15.4","192.168.15.3","MQTT","97","Publish Message (id=359) [Deviceb'Device - 2']"
"59353","375.280172608","192.168.15.3","192.168.15.4","MQTT","70","Connect Ack"
"59356","375.282437768","192.168.15.3","192.168.15.4","MQTT","70","Publish Ack (id=359)"
"59358","375.283188647","192.168.15.4","192.168.15.3","MQTT","68","Disconnect Req"
"59370","376.287153139","192.168.15.4","192.168.15.3","MQTT","90","Connect Command"
"59372","376.290007974","192.168.15.4","192.168.15.3","MQTT","97","Publish Message (id=360) [Deviceb'Device - 2']"
"59374","376.294456993","192.168.15.3","192.168.15.4","MQTT","70","Connect Ack"
"59376","376.296849084","192.168.15.3","192.168.15.4","MQTT","70","Publish Ack (id=360)"
"59378","376.297618638","192.168.15.4","192.168.15.3","MQTT","68","Disconnect Req"
"59387","377.301465211","192.168.15.4","192.168.15.3","MQTT","90","Connect Command"
"59389","377.304286863","192.168.15.4","192.168.15.3","MQTT","97","Publish Message (id=361) [Deviceb'Device - 2']"
"59390","377.304710905","192.168.15.3","192.168.15.4","MQTT","70","Connect Ack"
"59393","377.307129426","192.168.15.3","192.168.15.4","MQTT","70","Publish Ack (id=361)"
"59395","377.307876398","192.168.15.4","192.168.15.3","MQTT","68","Disconnect Req"
"59410","378.312049246","192.168.15.4","192.168.15.3","MQTT","90","Connect Command"
"59412","378.314956630","192.168.15.4","192.168.15.3","MQTT","97","Publish Message (id=362) [Deviceb'Device - 2']"
"59413","378.315377786","192.168.15.3","192.168.15.4","MQTT","70","Connect Ack"
"59416","378.317782882","192.168.15.3","192.168.15.4","MQTT","70","Publish Ack (id=362)"
"59418","378.318423503","192.168.15.4","192.168.15.3","MQTT","68","Disconnect Req"
"61231","379.323069327","192.168.15.4","192.168.15.3","MQTT","90","Connect Command"
"61233","379.325770662","192.168.15.4","192.168.15.3","MQTT","97","Publish Message (id=363) [Deviceb'Device - 2']"
"61234","379.326209942","192.168.15.3","192.168.15.4","MQTT","70","Connect Ack"
"61237","379.328618424","192.168.15.3","192.168.15.4","MQTT","70","Publish Ack (id=363)"
"61239","379.329640566","192.168.15.4","192.168.15.3","MQTT","68","Disconnect Req"
"61252","380.334389066","192.168.15.4","192.168.15.3","MQTT","90","Connect Command"
"61254","380.337269470","192.168.15.4","192.168.15.3","MQTT","97","Publish Message (id=364) [Deviceb'Device - 2']"
"61255","380.337649087","192.168.15.3","192.168.15.4","MQTT","70","Connect Ack"
"61258","380.340532417","192.168.15.3","192.168.15.4","MQTT","70","Publish Ack (id=364)"
"61260","380.341444190","192.168.15.4","192.168.15.3","MQTT","68","Disconnect Req"
"61274","381.345986363","192.168.15.4","192.168.15.3","MQTT","90","Connect Command"
"61276","381.348825569","192.168.15.4","192.168.15.3","MQTT","97","Publish Message (id=365) [Deviceb'Device - 2']"
"61278","381.353172655","192.168.15.3","192.168.15.4","MQTT","70","Connect Ack"
"61280","381.356210275","192.168.15.3","192.168.15.4","MQTT","70","Publish Ack (id=365)"
"61282","381.357138760","192.168.15.4","192.168.15.3","MQTT","68","Disconnect Req"
"61295","382.361065742","192.168.15.4","192.168.15.3","MQTT","90","Connect Command"
"61297","382.364091180","192.168.15.4","192.168.15.3","MQTT","97","Publish Message (id=366) [Deviceb'Device - 2']"
"61298","382.364437094","192.168.15.3","192.168.15.4","MQTT","70","Connect Ack"
"61301","382.367062796","192.168.15.3","192.168.15.4","MQTT","70","Publish Ack (id=366)"
"61303","382.368237947","192.168.15.4","192.168.15.3","MQTT","68","Disconnect Req"
"61320","383.372333438","192.168.15.4","192.168.15.3","MQTT","90","Connect Command"
"61322","383.375200787","192.168.15.4","192.168.15.3","MQTT","97","Publish Message (id=367) [Deviceb'Device - 2']"
"61323","383.375951767","192.168.15.3","192.168.15.4","MQTT","70","Connect Ack"
"61326","383.378039272","192.168.15.3","192.168.15.4","MQTT","70","Publish Ack (id=367)"
"61328","383.378748462","192.168.15.4","192.168.15.3","MQTT","68","Disconnect Req"
"61350","384.383199257","192.168.15.4","192.168.15.3","MQTT","90","Connect Command"
"61352","384.386131649","192.168.15.4","192.168.15.3","MQTT","97","Publish Message (id=368) [Deviceb'Device - 2']"
"61353","384.386518220","192.168.15.3","192.168.15.4","MQTT","70","Connect Ack"
"61356","384.389533469","192.168.15.3","192.168.15.4","MQTT","70","Publish Ack (id=368)"
"61358","384.390496338","192.168.15.4","192.168.15.3","MQTT","68","Disconnect Req"
"61370","385.394486295","192.168.15.4","192.168.15.3","MQTT","90","Connect Command"
"61372","385.397330841","192.168.15.4","192.168.15.3","MQTT","97","Publish Message (id=369) [Deviceb'Device - 2']"
"61373","385.397779479","192.168.15.3","192.168.15.4","MQTT","70","Connect Ack"
"61376","385.400148075","192.168.15.3","192.168.15.4","MQTT","70","Publish Ack (id=369)"
"61378","385.400871232","192.168.15.4","192.168.15.3","MQTT","68","Disconnect Req"
"61390","386.404906797","192.168.15.4","192.168.15.3","MQTT","90","Connect Command"
"61392","386.407780528","192.168.15.4","192.168.15.3","MQTT","97","Publish Message (id=370) [Deviceb'Device - 2']"
"61394","386.412110422","192.168.15.3","192.168.15.4","MQTT","70","Connect Ack"
"61396","386.414579067","192.168.15.3","192.168.15.4","MQTT","70","Publish Ack (id=370)"
"61398","386.415250847","192.168.15.4","192.168.15.3","MQTT","68","Disconnect Req"
"61410","387.420650460","192.168.15.4","192.168.15.3","MQTT","90","Connect Command"
"61412","387.432176483","192.168.15.4","192.168.15.3","MQTT","97","Publish Message (id=371) [Deviceb'Device - 2']"
"61413","387.432527206","192.168.15.3","192.168.15.4","MQTT","70","Connect Ack"
"61416","387.435105419","192.168.15.3","192.168.15.4","MQTT","70","Publish Ack (id=371)"
"61418","387.435786867","192.168.15.4","192.168.15.3","MQTT","68","Disconnect Req"
"61433","388.439792657","192.168.15.4","192.168.15.3","MQTT","90","Connect Command"
"61435","388.442693800","192.168.15.4","192.168.15.3","MQTT","97","Publish Message (id=372) [Deviceb'Device - 2']"
"61436","388.443114726","192.168.15.3","192.168.15.4","MQTT","70","Connect Ack"
"61439","388.445540030","192.168.15.3","192.168.15.4","MQTT","70","Publish Ack (id=372)"
"61441","388.446355280","192.168.15.4","192.168.15.3","MQTT","68","Disconnect Req"
"61449","389.450733487","192.168.15.4","192.168.15.3","MQTT","90","Connect Command"
"61451","389.453608270","192.168.15.4","192.168.15.3","MQTT","97","Publish Message (id=373) [Deviceb'Device - 2']"
"61452","389.454135747","192.168.15.3","192.168.15.4","MQTT","70","Connect Ack"
"61455","389.456463155","192.168.15.3","192.168.15.4","MQTT","70","Publish Ack (id=373)"
"61457","389.457191702","192.168.15.4","192.168.15.3","MQTT","68","Disconnect Req"
"61473","390.460949878","192.168.15.4","192.168.15.3","MQTT","90","Connect Command"
"61475","390.463850831","192.168.15.4","192.168.15.3","MQTT","97","Publish Message (id=374) [Deviceb'Device - 2']"
"61476","390.464267959","192.168.15.3","192.168.15.4","MQTT","70","Connect Ack"
"61479","390.466659449","192.168.15.3","192.168.15.4","MQTT","70","Publish Ack (id=374)"
"61481","390.467356937","192.168.15.4","192.168.15.3","MQTT","68","Disconnect Req"
"61493","391.471403431","192.168.15.4","192.168.15.3","MQTT","90","Connect Command"
"61495","391.474274998","192.168.15.4","192.168.15.3","MQTT","97","Publish Message (id=375) [Deviceb'Device - 2']"
"61497","391.478689031","192.168.15.3","192.168.15.4","MQTT","70","Connect Ack"
"61499","391.481156744","192.168.15.3","192.168.15.4","MQTT","70","Publish Ack (id=375)"
"61501","391.482031838","192.168.15.4","192.168.15.3","MQTT","68","Disconnect Req"
"61513","392.486041253","192.168.15.4","192.168.15.3","MQTT","90","Connect Command"
"61515","392.488891179","192.168.15.4","192.168.15.3","MQTT","97","Publish Message (id=376) [Deviceb'Device - 2']"
"61516","392.489307877","192.168.15.3","192.168.15.4","MQTT","70","Connect Ack"
"61519","392.491768978","192.168.15.3","192.168.15.4","MQTT","70","Publish Ack (id=376)"
"61521","392.492568479","192.168.15.4","192.168.15.3","MQTT","68","Disconnect Req"
"61537","393.496876189","192.168.15.4","192.168.15.3","MQTT","90","Connect Command"
"61539","393.499547067","192.168.15.4","192.168.15.3","MQTT","97","Publish Message (id=377) [Deviceb'Device - 2']"
"61540","393.499985656","192.168.15.3","192.168.15.4","MQTT","70","Connect Ack"
"61543","393.502454582","192.168.15.3","192.168.15.4","MQTT","70","Publish Ack (id=377)"
"61545","393.503175615","192.168.15.4","192.168.15.3","MQTT","68","Disconnect Req"
"61570","394.507094071","192.168.15.4","192.168.15.3","MQTT","90","Connect Command"
"61572","394.510068673","192.168.15.4","192.168.15.3","MQTT","97","Publish Message (id=378) [Deviceb'Device - 2']"
"61573","394.510471104","192.168.15.3","192.168.15.4","MQTT","70","Connect Ack"
"61576","394.512885206","192.168.15.3","192.168.15.4","MQTT","70","Publish Ack (id=378)"
"61578","394.513568397","192.168.15.4","192.168.15.3","MQTT","68","Disconnect Req"
"63367","395.517375937","192.168.15.4","192.168.15.3","MQTT","90","Connect Command"
"63369","395.520295765","192.168.15.4","192.168.15.3","MQTT","97","Publish Message (id=379) [Deviceb'Device - 2']"
"63370","395.520780070","192.168.15.3","192.168.15.4","MQTT","70","Connect Ack"
"63373","395.523070399","192.168.15.3","192.168.15.4","MQTT","70","Publish Ack (id=379)"
"63375","395.523783056","192.168.15.4","192.168.15.3","MQTT","68","Disconnect Req"
"63387","396.528020980","192.168.15.4","192.168.15.3","MQTT","90","Connect Command"
"63389","396.530923245","192.168.15.4","192.168.15.3","MQTT","97","Publish Message (id=380) [Deviceb'Device - 2']"
"63391","396.536282404","192.168.15.3","192.168.15.4","MQTT","70","Connect Ack"
"63393","396.538739868","192.168.15.3","192.168.15.4","MQTT","70","Publish Ack (id=380)"
"63395","396.539119756","192.168.15.4","192.168.15.3","MQTT","68","Disconnect Req"
"63407","397.544820262","192.168.15.4","192.168.15.3","MQTT","90","Connect Command"
"63409","397.547681189","192.168.15.4","192.168.15.3","MQTT","97","Publish Message (id=381) [Deviceb'Device - 2']"
"63410","397.548046620","192.168.15.3","192.168.15.4","MQTT","70","Connect Ack"
"63413","397.550438651","192.168.15.3","192.168.15.4","MQTT","70","Publish Ack (id=381)"
"63415","397.551042983","192.168.15.4","192.168.15.3","MQTT","68","Disconnect Req"
"63430","398.554948732","192.168.15.4","192.168.15.3","MQTT","90","Connect Command"
"63432","398.557853081","192.168.15.4","192.168.15.3","MQTT","97","Publish Message (id=382) [Deviceb'Device - 2']"
"63433","398.559273455","192.168.15.3","192.168.15.4","MQTT","70","Connect Ack"
"63436","398.560848652","192.168.15.3","192.168.15.4","MQTT","70","Publish Ack (id=382)"
"63438","398.561564966","192.168.15.4","192.168.15.3","MQTT","68","Disconnect Req"
"63446","399.565669881","192.168.15.4","192.168.15.3","MQTT","90","Connect Command"
"63448","399.568468841","192.168.15.4","192.168.15.3","MQTT","97","Publish Message (id=383) [Deviceb'Device - 2']"
"63449","399.568902661","192.168.15.3","192.168.15.4","MQTT","70","Connect Ack"
"63452","399.571235671","192.168.15.3","192.168.15.4","MQTT","70","Publish Ack (id=383)"
"63454","399.572130872","192.168.15.4","192.168.15.3","MQTT","68","Disconnect Req"
"63466","400.576525459","192.168.15.4","192.168.15.3","MQTT","90","Connect Command"
"63468","400.579361519","192.168.15.4","192.168.15.3","MQTT","97","Publish Message (id=384) [Deviceb'Device - 2']"
"63469","400.579752658","192.168.15.3","192.168.15.4","MQTT","70","Connect Ack"
"63472","400.582174174","192.168.15.3","192.168.15.4","MQTT","70","Publish Ack (id=384)"
"63474","400.582837167","192.168.15.4","192.168.15.3","MQTT","68","Disconnect Req"
"63482","401.587096879","192.168.15.4","192.168.15.3","MQTT","90","Connect Command"
"63484","401.590010205","192.168.15.4","192.168.15.3","MQTT","97","Publish Message (id=385) [Deviceb'Device - 2']"
"63486","401.594336532","192.168.15.3","192.168.15.4","MQTT","70","Connect Ack"
"63488","401.596772866","192.168.15.3","192.168.15.4","MQTT","70","Publish Ack (id=385)"
"63490","401.597101327","192.168.15.4","192.168.15.3","MQTT","68","Disconnect Req"
"63502","402.600812376","192.168.15.4","192.168.15.3","MQTT","90","Connect Command"
"63504","402.603740470","192.168.15.4","192.168.15.3","MQTT","97","Publish Message (id=386) [Deviceb'Device - 2']"
"63505","402.604203706","192.168.15.3","192.168.15.4","MQTT","70","Connect Ack"
"63508","402.606465210","192.168.15.3","192.168.15.4","MQTT","70","Publish Ack (id=386)"
"63510","402.607132992","192.168.15.4","192.168.15.3","MQTT","68","Disconnect Req"
"63526","403.611657038","192.168.15.4","192.168.15.3","MQTT","90","Connect Command"
"63528","403.616181890","192.168.15.4","192.168.15.3","MQTT","97","Publish Message (id=387) [Deviceb'Device - 2']"
"63529","403.616593959","192.168.15.3","192.168.15.4","MQTT","70","Connect Ack"
"63532","403.618940955","192.168.15.3","192.168.15.4","MQTT","70","Publish Ack (id=387)"
"63534","403.619771023","192.168.15.4","192.168.15.3","MQTT","68","Disconnect Req"
"63546","404.623873504","192.168.15.4","192.168.15.3","MQTT","90","Connect Command"
"63548","404.626750020","192.168.15.4","192.168.15.3","MQTT","97","Publish Message (id=388) [Deviceb'Device - 2']"
"63549","404.627194971","192.168.15.3","192.168.15.4","MQTT","70","Connect Ack"
"63552","404.629548840","192.168.15.3","192.168.15.4","MQTT","70","Publish Ack (id=388)"
"63554","404.630295942","192.168.15.4","192.168.15.3","MQTT","68","Disconnect Req"
"65060","405.635103635","192.168.15.4","192.168.15.3","MQTT","90","Connect Command"
"65062","405.637855226","192.168.15.4","192.168.15.3","MQTT","97","Publish Message (id=389) [Deviceb'Device - 2']"
"65063","405.638248750","192.168.15.3","192.168.15.4","MQTT","70","Connect Ack"
"65066","405.640671950","192.168.15.3","192.168.15.4","MQTT","70","Publish Ack (id=389)"
"65068","405.641306799","192.168.15.4","192.168.15.3","MQTT","68","Disconnect Req"
"65084","406.645790643","192.168.15.4","192.168.15.3","MQTT","90","Connect Command"
"65086","406.649346072","192.168.15.4","192.168.15.3","MQTT","97","Publish Message (id=390) [Deviceb'Device - 2']"
"65088","406.652940185","192.168.15.3","192.168.15.4","MQTT","70","Connect Ack"
"65090","406.655245041","192.168.15.3","192.168.15.4","MQTT","70","Publish Ack (id=390)"
"65092","406.656063819","192.168.15.4","192.168.15.3","MQTT","68","Disconnect Req"
"65104","407.660058341","192.168.15.4","192.168.15.3","MQTT","90","Connect Command"
"65106","407.662873631","192.168.15.4","192.168.15.3","MQTT","97","Publish Message (id=391) [Deviceb'Device - 2']"
"65107","407.663295278","192.168.15.3","192.168.15.4","MQTT","70","Connect Ack"
"65110","407.665773602","192.168.15.3","192.168.15.4","MQTT","70","Publish Ack (id=391)"
"65112","407.666710503","192.168.15.4","192.168.15.3","MQTT","68","Disconnect Req"
"65127","408.671049606","192.168.15.4","192.168.15.3","MQTT","90","Connect Command"
"65129","408.673430836","192.168.15.4","192.168.15.3","MQTT","97","Publish Message (id=392) [Deviceb'Device - 2']"
"65130","408.673893791","192.168.15.3","192.168.15.4","MQTT","70","Connect Ack"
"65133","408.676144244","192.168.15.3","192.168.15.4","MQTT","70","Publish Ack (id=392)"
"65135","408.677015280","192.168.15.4","192.168.15.3","MQTT","68","Disconnect Req"
"65148","409.680968628","192.168.15.4","192.168.15.3","MQTT","90","Connect Command"
"65150","409.683828343","192.168.15.4","192.168.15.3","MQTT","97","Publish Message (id=393) [Deviceb'Device - 2']"
"65151","409.684266270","192.168.15.3","192.168.15.4","MQTT","70","Connect Ack"
"65154","409.686588088","192.168.15.3","192.168.15.4","MQTT","70","Publish Ack (id=393)"
"65156","409.687528435","192.168.15.4","192.168.15.3","MQTT","68","Disconnect Req"
"65170","410.691374560","192.168.15.4","192.168.15.3","MQTT","90","Connect Command"
"65172","410.711209037","192.168.15.4","192.168.15.3","MQTT","97","Publish Message (id=394) [Deviceb'Device - 2']"
"65173","410.711224757","192.168.15.3","192.168.15.4","MQTT","70","Connect Ack"
"65176","410.714056489","192.168.15.3","192.168.15.4","MQTT","70","Publish Ack (id=394)"
"65178","410.714842725","192.168.15.4","192.168.15.3","MQTT","68","Disconnect Req"
"65193","411.719254760","192.168.15.4","192.168.15.3","MQTT","90","Connect Command"
"65195","411.722107242","192.168.15.4","192.168.15.3","MQTT","97","Publish Message (id=395) [Deviceb'Device - 2']"
"65197","411.726482581","192.168.15.3","192.168.15.4","MQTT","70","Connect Ack"
"65199","411.728940596","192.168.15.3","192.168.15.4","MQTT","70","Publish Ack (id=395)"
"65201","411.729357164","192.168.15.4","192.168.15.3","MQTT","68","Disconnect Req"
"65223","412.732908606","192.168.15.4","192.168.15.3","MQTT","90","Connect Command"
"65225","412.735785002","192.168.15.4","192.168.15.3","MQTT","97","Publish Message (id=396) [Deviceb'Device - 2']"
"65226","412.736214654","192.168.15.3","192.168.15.4","MQTT","70","Connect Ack"
"65229","412.738628426","192.168.15.3","192.168.15.4","MQTT","70","Publish Ack (id=396)"
"65231","412.739182423","192.168.15.4","192.168.15.3","MQTT","68","Disconnect Req"
"65247","413.742890242","192.168.15.4","192.168.15.3","MQTT","90","Connect Command"
"65249","413.745863261","192.168.15.4","192.168.15.3","MQTT","97","Publish Message (id=397) [Deviceb'Device - 2']"
"65250","413.746278987","192.168.15.3","192.168.15.4","MQTT","70","Connect Ack"
"65253","413.748752612","192.168.15.3","192.168.15.4","MQTT","70","Publish Ack (id=397)"
"65255","413.749145164","192.168.15.4","192.168.15.3","MQTT","68","Disconnect Req"
"65267","414.753005003","192.168.15.4","192.168.15.3","MQTT","90","Connect Command"
"65269","414.755888012","192.168.15.4","192.168.15.3","MQTT","97","Publish Message (id=398) [Deviceb'Device - 2']"
"65270","414.756324757","192.168.15.3","192.168.15.4","MQTT","70","Connect Ack"
"65273","414.758721307","192.168.15.3","192.168.15.4","MQTT","70","Publish Ack (id=398)"
"65275","414.759823319","192.168.15.4","192.168.15.3","MQTT","68","Disconnect Req"
"66360","415.763534728","192.168.15.4","192.168.15.3","MQTT","90","Connect Command"
"66391","415.766397168","192.168.15.4","192.168.15.3","MQTT","97","Publish Message (id=399) [Deviceb'Device - 2']"
"66392","415.766693147","192.168.15.3","192.168.15.4","MQTT","70","Connect Ack"
"66427","415.770412217","192.168.15.3","192.168.15.4","MQTT","70","Publish Ack (id=399)"
"66434","415.770917371","192.168.15.4","192.168.15.3","MQTT","68","Disconnect Req"
"66628","416.775078351","192.168.15.4","192.168.15.3","MQTT","90","Connect Command"
"66630","416.778224467","192.168.15.4","192.168.15.3","MQTT","97","Publish Message (id=400) [Deviceb'Device - 2']"
"66632","416.782316671","192.168.15.3","192.168.15.4","MQTT","70","Connect Ack"
"66634","416.784782111","192.168.15.3","192.168.15.4","MQTT","70","Publish Ack (id=400)"
"66636","416.785312163","192.168.15.4","192.168.15.3","MQTT","68","Disconnect Req"
"66650","417.789049012","192.168.15.4","192.168.15.3","MQTT","90","Connect Command"
"66653","417.793943643","192.168.15.4","192.168.15.3","MQTT","97","Publish Message (id=401) [Deviceb'Device - 2']"
"66654","417.794308442","192.168.15.3","192.168.15.4","MQTT","70","Connect Ack"
"66658","417.796746490","192.168.15.3","192.168.15.4","MQTT","70","Publish Ack (id=401)"
"66660","417.797217981","192.168.15.4","192.168.15.3","MQTT","68","Disconnect Req"
"66672","418.801077767","192.168.15.4","192.168.15.3","MQTT","90","Connect Command"
"66674","418.804135486","192.168.15.4","192.168.15.3","MQTT","97","Publish Message (id=402) [Deviceb'Device - 2']"
"66675","418.804520624","192.168.15.3","192.168.15.4","MQTT","70","Connect Ack"
"66678","418.807020889","192.168.15.3","192.168.15.4","MQTT","70","Publish Ack (id=402)"
"66680","418.807448096","192.168.15.4","192.168.15.3","MQTT","68","Disconnect Req"
"66693","419.811455320","192.168.15.4","192.168.15.3","MQTT","90","Connect Command"
"66695","419.814386099","192.168.15.4","192.168.15.3","MQTT","97","Publish Message (id=403) [Deviceb'Device - 2']"
"66696","419.814801805","192.168.15.3","192.168.15.4","MQTT","70","Connect Ack"
"66699","419.817236777","192.168.15.3","192.168.15.4","MQTT","70","Publish Ack (id=403)"
"66701","419.817795804","192.168.15.4","192.168.15.3","MQTT","68","Disconnect Req"
"66713","420.821455304","192.168.15.4","192.168.15.3","MQTT","90","Connect Command"
"66715","420.824392044","192.168.15.4","192.168.15.3","MQTT","97","Publish Message (id=404) [Deviceb'Device - 2']"
"66716","420.824826295","192.168.15.3","192.168.15.4","MQTT","70","Connect Ack"
"66719","420.827334675","192.168.15.3","192.168.15.4","MQTT","70","Publish Ack (id=404)"
"66721","420.828007737","192.168.15.4","192.168.15.3","MQTT","68","Disconnect Req"
"66735","421.831646640","192.168.15.4","192.168.15.3","MQTT","90","Connect Command"
"66737","421.835619289","192.168.15.4","192.168.15.3","MQTT","97","Publish Message (id=405) [Deviceb'Device - 2']"
"66739","421.839012922","192.168.15.3","192.168.15.4","MQTT","70","Connect Ack"
"66741","421.841456761","192.168.15.3","192.168.15.4","MQTT","70","Publish Ack (id=405)"
"66743","421.842274357","192.168.15.4","192.168.15.3","MQTT","68","Disconnect Req"
"66757","422.846114320","192.168.15.4","192.168.15.3","MQTT","90","Connect Command"
"66759","422.848746194","192.168.15.4","192.168.15.3","MQTT","97","Publish Message (id=406) [Deviceb'Device - 2']"
"66760","422.849190423","192.168.15.3","192.168.15.4","MQTT","70","Connect Ack"
"66763","422.851579509","192.168.15.3","192.168.15.4","MQTT","70","Publish Ack (id=406)"
"66765","422.852688885","192.168.15.4","192.168.15.3","MQTT","68","Disconnect Req"
"66781","423.857118387","192.168.15.4","192.168.15.3","MQTT","90","Connect Command"
"66783","423.860338162","192.168.15.3","192.168.15.4","MQTT","70","Connect Ack"
"66784","423.860394048","192.168.15.4","192.168.15.3","MQTT","97","Publish Message (id=407) [Deviceb'Device - 2']"
"66787","423.863235889","192.168.15.3","192.168.15.4","MQTT","70","Publish Ack (id=407)"
"66789","423.863742066","192.168.15.4","192.168.15.3","MQTT","68","Disconnect Req"
"66805","424.867284892","192.168.15.4","192.168.15.3","MQTT","90","Connect Command"
"66807","424.870287757","192.168.15.4","192.168.15.3","MQTT","97","Publish Message (id=408) [Deviceb'Device - 2']"
"66808","424.870768836","192.168.15.3","192.168.15.4","MQTT","70","Connect Ack"
"66811","424.873687172","192.168.15.3","192.168.15.4","MQTT","70","Publish Ack (id=408)"
"66813","424.874252751","192.168.15.4","192.168.15.3","MQTT","68","Disconnect Req"
"66825","425.877956762","192.168.15.4","192.168.15.3","MQTT","90","Connect Command"
"66827","425.880956261","192.168.15.4","192.168.15.3","MQTT","97","Publish Message (id=409) [Deviceb'Device - 2']"
"66828","425.881375894","192.168.15.3","192.168.15.4","MQTT","70","Connect Ack"
"66831","425.883678556","192.168.15.3","192.168.15.4","MQTT","70","Publish Ack (id=409)"
"66833","425.884553850","192.168.15.4","192.168.15.3","MQTT","68","Disconnect Req"
"68683","426.888182773","192.168.15.4","192.168.15.3","MQTT","90","Connect Command"
"68685","426.891718926","192.168.15.4","192.168.15.3","MQTT","97","Publish Message (id=410) [Deviceb'Device - 2']"
"68687","426.895441923","192.168.15.3","192.168.15.4","MQTT","70","Connect Ack"
"68689","426.897777026","192.168.15.3","192.168.15.4","MQTT","70","Publish Ack (id=410)"
"68691","426.898076261","192.168.15.4","192.168.15.3","MQTT","68","Disconnect Req"
"68729","427.901218805","192.168.15.4","192.168.15.3","MQTT","90","Connect Command"
"68731","427.904191523","192.168.15.4","192.168.15.3","MQTT","97","Publish Message (id=411) [Deviceb'Device - 2']"
"68732","427.904610786","192.168.15.3","192.168.15.4","MQTT","70","Connect Ack"
"68735","427.907015471","192.168.15.3","192.168.15.4","MQTT","70","Publish Ack (id=411)"
"68737","427.907296391","192.168.15.4","192.168.15.3","MQTT","68","Disconnect Req"
"68764","428.910717454","192.168.15.4","192.168.15.3","MQTT","90","Connect Command"
"68766","428.913624499","192.168.15.4","192.168.15.3","MQTT","97","Publish Message (id=412) [Deviceb'Device - 2']"
"68767","428.914126137","192.168.15.3","192.168.15.4","MQTT","70","Connect Ack"
"68770","428.916545278","192.168.15.3","192.168.15.4","MQTT","70","Publish Ack (id=412)"
"68772","428.916892294","192.168.15.4","192.168.15.3","MQTT","68","Disconnect Req"
"68784","429.921090436","192.168.15.4","192.168.15.3","MQTT","90","Connect Command"
"68788","429.924618664","192.168.15.4","192.168.15.3","MQTT","97","Publish Message (id=413) [Deviceb'Device - 2']"
"68790","429.924970800","192.168.15.3","192.168.15.4","MQTT","70","Connect Ack"
"68796","429.927360667","192.168.15.3","192.168.15.4","MQTT","70","Publish Ack (id=413)"
"68798","429.928030012","192.168.15.4","192.168.15.3","MQTT","68","Disconnect Req"
"68829","430.932240338","192.168.15.4","192.168.15.3","MQTT","90","Connect Command"
"68831","430.935151451","192.168.15.4","192.168.15.3","MQTT","97","Publish Message (id=414) [Deviceb'Device - 2']"
"68832","430.935548491","192.168.15.3","192.168.15.4","MQTT","70","Connect Ack"
"68835","430.938146281","192.168.15.3","192.168.15.4","MQTT","70","Publish Ack (id=414)"
"68837","430.938638531","192.168.15.4","192.168.15.3","MQTT","68","Disconnect Req"
"68849","431.943574242","192.168.15.4","192.168.15.3","MQTT","90","Connect Command"
"68851","431.948048998","192.168.15.4","192.168.15.3","MQTT","97","Publish Message (id=415) [Deviceb'Device - 2']"
"68853","431.952363443","192.168.15.3","192.168.15.4","MQTT","70","Connect Ack"
"68855","431.954806861","192.168.15.3","192.168.15.4","MQTT","70","Publish Ack (id=415)"
"68857","431.955196137","192.168.15.4","192.168.15.3","MQTT","68","Disconnect Req"
"68869","432.959290739","192.168.15.4","192.168.15.3","MQTT","90","Connect Command"
"68871","432.962124063","192.168.15.4","192.168.15.3","MQTT","97","Publish Message (id=416) [Deviceb'Device - 2']"
"68872","432.962519320","192.168.15.3","192.168.15.4","MQTT","70","Connect Ack"
"68875","432.964889149","192.168.15.3","192.168.15.4","MQTT","70","Publish Ack (id=416)"
"68877","432.965622766","192.168.15.4","192.168.15.3","MQTT","68","Disconnect Req"
"68893","433.970215159","192.168.15.4","192.168.15.3","MQTT","90","Connect Command"
"68895","433.972949126","192.168.15.4","192.168.15.3","MQTT","97","Publish Message (id=417) [Deviceb'Device - 2']"
"68896","433.973354102","192.168.15.3","192.168.15.4","MQTT","70","Connect Ack"
"68899","433.975852464","192.168.15.3","192.168.15.4","MQTT","70","Publish Ack (id=417)"
"68901","433.976337440","192.168.15.4","192.168.15.3","MQTT","68","Disconnect Req"
"68913","434.979624851","192.168.15.4","192.168.15.3","MQTT","90","Connect Command"
"68916","434.982565689","192.168.15.4","192.168.15.3","MQTT","97","Publish Message (id=418) [Deviceb'Device - 2']"
"68917","434.982996363","192.168.15.3","192.168.15.4","MQTT","70","Connect Ack"
"68920","434.985429772","192.168.15.3","192.168.15.4","MQTT","70","Publish Ack (id=418)"
"68922","434.985901414","192.168.15.4","192.168.15.3","MQTT","68","Disconnect Req"
"68938","435.989445259","192.168.15.4","192.168.15.3","MQTT","90","Connect Command"
"68940","435.992414311","192.168.15.4","192.168.15.3","MQTT","97","Publish Message (id=419) [Deviceb'Device - 2']"
"68941","435.992839214","192.168.15.3","192.168.15.4","MQTT","70","Connect Ack"
"68944","435.995260009","192.168.15.3","192.168.15.4","MQTT","70","Publish Ack (id=419)"
"68946","435.995670826","192.168.15.4","192.168.15.3","MQTT","68","Disconnect Req"
"68958","436.999101800","192.168.15.4","192.168.15.3","MQTT","90","Connect Command"
"68960","437.002085129","192.168.15.4","192.168.15.3","MQTT","97","Publish Message (id=420) [Deviceb'Device - 2']"
"68962","437.006443987","192.168.15.3","192.168.15.4","MQTT","70","Connect Ack"
"68964","437.008873930","192.168.15.3","192.168.15.4","MQTT","70","Publish Ack (id=420)"
"68966","437.009297060","192.168.15.4","192.168.15.3","MQTT","68","Disconnect Req"
"70523","438.012877407","192.168.15.4","192.168.15.3","MQTT","90","Connect Command"
"70525","438.015733555","192.168.15.4","192.168.15.3","MQTT","97","Publish Message (id=421) [Deviceb'Device - 2']"
"70526","438.016141195","192.168.15.3","192.168.15.4","MQTT","70","Connect Ack"
"70529","438.018589332","192.168.15.3","192.168.15.4","MQTT","70","Publish Ack (id=421)"
"70531","438.019628767","192.168.15.4","192.168.15.3","MQTT","68","Disconnect Req"
"70552","439.024844307","192.168.15.4","192.168.15.3","MQTT","90","Connect Command"
"70554","439.027745831","192.168.15.4","192.168.15.3","MQTT","97","Publish Message (id=422) [Deviceb'Device - 2']"
"70555","439.028133864","192.168.15.3","192.168.15.4","MQTT","70","Connect Ack"
"70559","439.030631755","192.168.15.3","192.168.15.4","MQTT","70","Publish Ack (id=422)"
"70561","439.031711456","192.168.15.4","192.168.15.3","MQTT","68","Disconnect Req"
"70571","440.036283019","192.168.15.4","192.168.15.3","MQTT","90","Connect Command"
"70573","440.039724524","192.168.15.3","192.168.15.4","MQTT","70","Connect Ack"
"70574","440.039770310","192.168.15.4","192.168.15.3","MQTT","97","Publish Message (id=423) [Deviceb'Device - 2']"
"70577","440.042624695","192.168.15.3","192.168.15.4","MQTT","70","Publish Ack (id=423)"
"70579","440.043251089","192.168.15.4","192.168.15.3","MQTT","68","Disconnect Req"
"70597","441.047145194","192.168.15.4","192.168.15.3","MQTT","90","Connect Command"
"70599","441.050285189","192.168.15.4","192.168.15.3","MQTT","97","Publish Message (id=424) [Deviceb'Device - 2']"
"70600","441.050726503","192.168.15.3","192.168.15.4","MQTT","70","Connect Ack"
"70603","441.053111681","192.168.15.3","192.168.15.4","MQTT","70","Publish Ack (id=424)"
"70605","441.053712005","192.168.15.4","192.168.15.3","MQTT","68","Disconnect Req"
"70617","442.057710670","192.168.15.4","192.168.15.3","MQTT","90","Connect Command"
"70619","442.060103984","192.168.15.4","192.168.15.3","MQTT","97","Publish Message (id=425) [Deviceb'Device - 2']"
"70621","442.064413819","192.168.15.3","192.168.15.4","MQTT","70","Connect Ack"
"70623","442.066901221","192.168.15.3","192.168.15.4","MQTT","70","Publish Ack (id=425)"
"70625","442.067268926","192.168.15.4","192.168.15.3","MQTT","68","Disconnect Req"
"70640","443.071404760","192.168.15.4","192.168.15.3","MQTT","90","Connect Command"
"70642","443.074451969","192.168.15.4","192.168.15.3","MQTT","97","Publish Message (id=426) [Deviceb'Device - 2']"
"70643","443.074827819","192.168.15.3","192.168.15.4","MQTT","70","Connect Ack"
"70646","443.077274273","192.168.15.3","192.168.15.4","MQTT","70","Publish Ack (id=426)"
"70648","443.078384111","192.168.15.4","192.168.15.3","MQTT","68","Disconnect Req"
"70661","444.081833770","192.168.15.4","192.168.15.3","MQTT","90","Connect Command"
"70663","444.084825745","192.168.15.4","192.168.15.3","MQTT","97","Publish Message (id=427) [Deviceb'Device - 2']"
"70664","444.085242342","192.168.15.3","192.168.15.4","MQTT","70","Connect Ack"
"70667","444.087697643","192.168.15.3","192.168.15.4","MQTT","70","Publish Ack (id=427)"
"70669","444.088005264","192.168.15.4","192.168.15.3","MQTT","68","Disconnect Req"
"70681","445.091854440","192.168.15.4","192.168.15.3","MQTT","90","Connect Command"
"70683","445.094865290","192.168.15.4","192.168.15.3","MQTT","97","Publish Message (id=428) [Deviceb'Device - 2']"
"70684","445.095304270","192.168.15.3","192.168.15.4","MQTT","70","Connect Ack"
"70687","445.097733280","192.168.15.3","192.168.15.4","MQTT","70","Publish Ack (id=428)"
"70689","445.098086618","192.168.15.4","192.168.15.3","MQTT","68","Disconnect Req"
"70701","446.101986782","192.168.15.4","192.168.15.3","MQTT","90","Connect Command"
"70703","446.104915768","192.168.15.4","192.168.15.3","MQTT","97","Publish Message (id=429) [Deviceb'Device - 2']"
"70704","446.105361230","192.168.15.3","192.168.15.4","MQTT","70","Connect Ack"
"70707","446.118827873","192.168.15.3","192.168.15.4","MQTT","70","Publish Ack (id=429)"
"70709","446.119288152","192.168.15.4","192.168.15.3","MQTT","68","Disconnect Req"
"70721","447.123182096","192.168.15.4","192.168.15.3","MQTT","90","Connect Command"
"70723","447.126590247","192.168.15.4","192.168.15.3","MQTT","97","Publish Message (id=430) [Deviceb'Device - 2']"
"70725","447.130533691","192.168.15.3","192.168.15.4","MQTT","70","Connect Ack"
"70727","447.132797419","192.168.15.3","192.168.15.4","MQTT","70","Publish Ack (id=430)"
"70729","447.133115460","192.168.15.4","192.168.15.3","MQTT","68","Disconnect Req"
"70807","448.138715431","192.168.15.4","192.168.15.3","MQTT","90","Connect Command"
"70882","448.145603750","192.168.15.4","192.168.15.3","MQTT","97","Publish Message (id=431) [Deviceb'Device - 2']"
"70893","448.146531273","192.168.15.3","192.168.15.4","MQTT","70","Connect Ack"
"70938","448.150547323","192.168.15.3","192.168.15.4","MQTT","70","Publish Ack (id=431)"
"70943","448.150964101","192.168.15.4","192.168.15.3","MQTT","68","Disconnect Req"
"72106","449.154311725","192.168.15.4","192.168.15.3","MQTT","90","Connect Command"
"72108","449.157891090","192.168.15.4","192.168.15.3","MQTT","97","Publish Message (id=432) [Deviceb'Device - 2']"
"72109","449.158130603","192.168.15.3","192.168.15.4","MQTT","70","Connect Ack"
"72112","449.160692615","192.168.15.3","192.168.15.4","MQTT","70","Publish Ack (id=432)"
"72114","449.161016077","192.168.15.4","192.168.15.3","MQTT","68","Disconnect Req"
"72126","450.164923711","192.168.15.4","192.168.15.3","MQTT","90","Connect Command"
"72128","450.167964217","192.168.15.4","192.168.15.3","MQTT","97","Publish Message (id=433) [Deviceb'Device - 2']"
"72129","450.168366938","192.168.15.3","192.168.15.4","MQTT","70","Connect Ack"
"72132","450.170830334","192.168.15.3","192.168.15.4","MQTT","70","Publish Ack (id=433)"
"72134","450.171916177","192.168.15.4","192.168.15.3","MQTT","68","Disconnect Req"
"72146","451.176252102","192.168.15.4","192.168.15.3","MQTT","90","Connect Command"
"72148","451.179241452","192.168.15.4","192.168.15.3","MQTT","97","Publish Message (id=434) [Deviceb'Device - 2']"
"72149","451.179677706","192.168.15.3","192.168.15.4","MQTT","70","Connect Ack"
"72152","451.182074326","192.168.15.3","192.168.15.4","MQTT","70","Publish Ack (id=434)"
"72154","451.182608906","192.168.15.4","192.168.15.3","MQTT","68","Disconnect Req"
"72179","452.186764112","192.168.15.4","192.168.15.3","MQTT","90","Connect Command"
"72181","452.193606003","192.168.15.4","192.168.15.3","MQTT","97","Publish Message (id=435) [Deviceb'Device - 2']"
"72182","452.194056454","192.168.15.3","192.168.15.4","MQTT","70","Connect Ack"
"72185","452.196615671","192.168.15.3","192.168.15.4","MQTT","70","Publish Ack (id=435)"
"72187","452.196911480","192.168.15.4","192.168.15.3","MQTT","68","Disconnect Req"
"72203","453.200226710","192.168.15.4","192.168.15.3","MQTT","90","Connect Command"
"72205","453.203192335","192.168.15.4","192.168.15.3","MQTT","97","Publish Message (id=436) [Deviceb'Device - 2']"
"72206","453.203603452","192.168.15.3","192.168.15.4","MQTT","70","Connect Ack"
"72209","453.206642897","192.168.15.3","192.168.15.4","MQTT","70","Publish Ack (id=436)"
"72211","453.207001685","192.168.15.4","192.168.15.3","MQTT","68","Disconnect Req"
"72224","454.210976713","192.168.15.4","192.168.15.3","MQTT","90","Connect Command"
"72226","454.214005437","192.168.15.4","192.168.15.3","MQTT","97","Publish Message (id=437) [Deviceb'Device - 2']"
"72227","454.214478511","192.168.15.3","192.168.15.4","MQTT","70","Connect Ack"
"72230","454.216752980","192.168.15.3","192.168.15.4","MQTT","70","Publish Ack (id=437)"
"72232","454.217072714","192.168.15.4","192.168.15.3","MQTT","68","Disconnect Req"
"72272","455.220633542","192.168.15.4","192.168.15.3","MQTT","90","Connect Command"
"72274","455.223626729","192.168.15.4","192.168.15.3","MQTT","97","Publish Message (id=438) [Deviceb'Device - 2']"
"72275","455.224072021","192.168.15.3","192.168.15.4","MQTT","70","Connect Ack"
"72278","455.226503967","192.168.15.3","192.168.15.4","MQTT","70","Publish Ack (id=438)"
"72280","455.226812410","192.168.15.4","192.168.15.3","MQTT","68","Disconnect Req"
"72315","456.230122795","192.168.15.4","192.168.15.3","MQTT","90","Connect Command"
"72317","456.233060487","192.168.15.4","192.168.15.3","MQTT","97","Publish Message (id=439) [Deviceb'Device - 2']"
"72318","456.233503034","192.168.15.3","192.168.15.4","MQTT","70","Connect Ack"
"72321","456.235904733","192.168.15.3","192.168.15.4","MQTT","70","Publish Ack (id=439)"
"72323","456.236221191","192.168.15.4","192.168.15.3","MQTT","68","Disconnect Req"
"72341","457.239560662","192.168.15.4","192.168.15.3","MQTT","90","Connect Command"
"72343","457.243131461","192.168.15.4","192.168.15.3","MQTT","97","Publish Message (id=440) [Deviceb'Device - 2']"
"72345","457.246996095","192.168.15.3","192.168.15.4","MQTT","70","Connect Ack"
"72347","457.249352238","192.168.15.3","192.168.15.4","MQTT","70","Publish Ack (id=440)"
"72349","457.249725754","192.168.15.4","192.168.15.3","MQTT","68","Disconnect Req"
"72360","458.253898903","192.168.15.4","192.168.15.3","MQTT","90","Connect Command"
"72362","458.256857034","192.168.15.4","192.168.15.3","MQTT","97","Publish Message (id=441) [Deviceb'Device - 2']"
"72363","458.257250277","192.168.15.3","192.168.15.4","MQTT","70","Connect Ack"
"72367","458.260074104","192.168.15.3","192.168.15.4","MQTT","70","Publish Ack (id=441)"
"72369","458.260731397","192.168.15.4","192.168.15.3","MQTT","68","Disconnect Req"
"73760","459.268425541","192.168.15.4","192.168.15.3","MQTT","90","Connect Command"
"73792","459.273135774","192.168.15.4","192.168.15.3","MQTT","97","Publish Message (id=442) [Deviceb'Device - 2']"
"73793","459.273553273","192.168.15.3","192.168.15.4","MQTT","70","Connect Ack"
"73796","459.275973377","192.168.15.3","192.168.15.4","MQTT","70","Publish Ack (id=442)"
"73798","459.276291779","192.168.15.4","192.168.15.3","MQTT","68","Disconnect Req"
"74261","460.280277196","192.168.15.4","192.168.15.3","MQTT","90","Connect Command"
"74263","460.284282135","192.168.15.4","192.168.15.3","MQTT","97","Publish Message (id=443) [Deviceb'Device - 2']"
"74264","460.284606177","192.168.15.3","192.168.15.4","MQTT","70","Connect Ack"
"74267","460.287182697","192.168.15.3","192.168.15.4","MQTT","70","Publish Ack (id=443)"
"74269","460.287686590","192.168.15.4","192.168.15.3","MQTT","68","Disconnect Req"
"74281","461.291193323","192.168.15.4","192.168.15.3","MQTT","90","Connect Command"
"74283","461.294260590","192.168.15.4","192.168.15.3","MQTT","97","Publish Message (id=444) [Deviceb'Device - 2']"
"74284","461.294685343","192.168.15.3","192.168.15.4","MQTT","70","Connect Ack"
"74287","461.297027520","192.168.15.3","192.168.15.4","MQTT","70","Publish Ack (id=444)"
"74289","461.297986703","192.168.15.4","192.168.15.3","MQTT","68","Disconnect Req"
"74300","462.301750844","192.168.15.4","192.168.15.3","MQTT","90","Connect Command"
"74302","462.304631549","192.168.15.4","192.168.15.3","MQTT","97","Publish Message (id=445) [Deviceb'Device - 2']"
"74304","462.308972714","192.168.15.3","192.168.15.4","MQTT","70","Connect Ack"
"74307","462.311374614","192.168.15.3","192.168.15.4","MQTT","70","Publish Ack (id=445)"
"74309","462.312053116","192.168.15.4","192.168.15.3","MQTT","68","Disconnect Req"
"74321","463.316446768","192.168.15.4","192.168.15.3","MQTT","90","Connect Command"
"74323","463.319464872","192.168.15.4","192.168.15.3","MQTT","97","Publish Message (id=446) [Deviceb'Device - 2']"
"74324","463.319862734","192.168.15.3","192.168.15.4","MQTT","70","Connect Ack"
"74327","463.322295592","192.168.15.3","192.168.15.4","MQTT","70","Publish Ack (id=446)"
"74329","463.323047363","192.168.15.4","192.168.15.3","MQTT","68","Disconnect Req"
"74349","464.327657206","192.168.15.4","192.168.15.3","MQTT","90","Connect Command"
"74351","464.330530617","192.168.15.4","192.168.15.3","MQTT","97","Publish Message (id=447) [Deviceb'Device - 2']"
"74352","464.331039860","192.168.15.3","192.168.15.4","MQTT","70","Connect Ack"
"74355","464.333330089","192.168.15.3","192.168.15.4","MQTT","70","Publish Ack (id=447)"
"74357","464.334216384","192.168.15.4","192.168.15.3","MQTT","68","Disconnect Req"
"74377","465.338789319","192.168.15.4","192.168.15.3","MQTT","90","Connect Command"
"74379","465.342256412","192.168.15.3","192.168.15.4","MQTT","70","Connect Ack"
"74380","465.342284114","192.168.15.4","192.168.15.3","MQTT","97","Publish Message (id=448) [Deviceb'Device - 2']"
"74383","465.344964761","192.168.15.3","192.168.15.4","MQTT","70","Publish Ack (id=448)"
"74385","465.345316886","192.168.15.4","192.168.15.3","MQTT","68","Disconnect Req"
"74397","466.349697850","192.168.15.4","192.168.15.3","MQTT","90","Connect Command"
"74399","466.352738557","192.168.15.4","192.168.15.3","MQTT","97","Publish Message (id=449) [Deviceb'Device - 2']"
"74400","466.353135337","192.168.15.3","192.168.15.4","MQTT","70","Connect Ack"
"74403","466.355498243","192.168.15.3","192.168.15.4","MQTT","70","Publish Ack (id=449)"
"74405","466.356013827","192.168.15.4","192.168.15.3","MQTT","68","Disconnect Req"
"74417","467.359778166","192.168.15.4","192.168.15.3","MQTT","90","Connect Command"
"74419","467.363000306","192.168.15.4","192.168.15.3","MQTT","97","Publish Message (id=450) [Deviceb'Device - 2']"
"74421","467.367067553","192.168.15.3","192.168.15.4","MQTT","70","Connect Ack"
"74423","467.369491875","192.168.15.3","192.168.15.4","MQTT","70","Publish Ack (id=450)"
"74425","467.369834693","192.168.15.4","192.168.15.3","MQTT","68","Disconnect Req"
"74444","468.373754588","192.168.15.4","192.168.15.3","MQTT","90","Connect Command"
"74446","468.376754368","192.168.15.4","192.168.15.3","MQTT","97","Publish Message (id=451) [Deviceb'Device - 2']"
"74447","468.377188959","192.168.15.3","192.168.15.4","MQTT","70","Connect Ack"
"74450","468.379643689","192.168.15.3","192.168.15.4","MQTT","70","Publish Ack (id=451)"
"74452","468.380008789","192.168.15.4","192.168.15.3","MQTT","68","Disconnect Req"
"74467","469.384299016","192.168.15.4","192.168.15.3","MQTT","90","Connect Command"
"74469","469.387220728","192.168.15.4","192.168.15.3","MQTT","97","Publish Message (id=452) [Deviceb'Device - 2']"
"74470","469.387741652","192.168.15.3","192.168.15.4","MQTT","70","Connect Ack"
"74473","469.389979261","192.168.15.3","192.168.15.4","MQTT","70","Publish Ack (id=452)"
"74475","469.390305398","192.168.15.4","192.168.15.3","MQTT","68","Disconnect Req"
"75791","470.394216628","192.168.15.4","192.168.15.3","MQTT","90","Connect Command"
"75793","470.397121959","192.168.15.4","192.168.15.3","MQTT","97","Publish Message (id=453) [Deviceb'Device - 2']"
"75794","470.397538637","192.168.15.3","192.168.15.4","MQTT","70","Connect Ack"
"75797","470.399926370","192.168.15.3","192.168.15.4","MQTT","70","Publish Ack (id=453)"
"75799","470.400346273","192.168.15.4","192.168.15.3","MQTT","68","Disconnect Req"
"75811","471.404122110","192.168.15.4","192.168.15.3","MQTT","90","Connect Command"
"75813","471.407104738","192.168.15.4","192.168.15.3","MQTT","97","Publish Message (id=454) [Deviceb'Device - 2']"
"75814","471.407614681","192.168.15.3","192.168.15.4","MQTT","70","Connect Ack"
"75817","471.409977578","192.168.15.3","192.168.15.4","MQTT","70","Publish Ack (id=454)"
"75819","471.410638717","192.168.15.4","192.168.15.3","MQTT","68","Disconnect Req"
"75831","472.414671060","192.168.15.4","192.168.15.3","MQTT","90","Connect Command"
"75833","472.417652966","192.168.15.4","192.168.15.3","MQTT","97","Publish Message (id=455) [Deviceb'Device - 2']"
"75835","472.421935170","192.168.15.3","192.168.15.4","MQTT","70","Connect Ack"
"75837","472.424378458","192.168.15.3","192.168.15.4","MQTT","70","Publish Ack (id=455)"
"75839","472.424789234","192.168.15.4","192.168.15.3","MQTT","68","Disconnect Req"
"75855","473.429283100","192.168.15.4","192.168.15.3","MQTT","90","Connect Command"
"75857","473.432227465","192.168.15.4","192.168.15.3","MQTT","97","Publish Message (id=456) [Deviceb'Device - 2']"
"75858","473.432629925","192.168.15.3","192.168.15.4","MQTT","70","Connect Ack"
"75861","473.435093732","192.168.15.3","192.168.15.4","MQTT","70","Publish Ack (id=456)"
"75863","473.435518715","192.168.15.4","192.168.15.3","MQTT","68","Disconnect Req"
"75875","474.439806915","192.168.15.4","192.168.15.3","MQTT","90","Connect Command"
"75877","474.442704241","192.168.15.4","192.168.15.3","MQTT","97","Publish Message (id=457) [Deviceb'Device - 2']"
"75878","474.443124325","192.168.15.3","192.168.15.4","MQTT","70","Connect Ack"
"75881","474.445481390","192.168.15.3","192.168.15.4","MQTT","70","Publish Ack (id=457)"
"75883","474.445924127","192.168.15.4","192.168.15.3","MQTT","68","Disconnect Req"
"75897","475.450579462","192.168.15.4","192.168.15.3","MQTT","90","Connect Command"
"75899","475.453476507","192.168.15.4","192.168.15.3","MQTT","97","Publish Message (id=458) [Deviceb'Device - 2']"
"75900","475.453854061","192.168.15.3","192.168.15.4","MQTT","70","Connect Ack"
"75903","475.456457041","192.168.15.3","192.168.15.4","MQTT","70","Publish Ack (id=458)"
"75905","475.456858039","192.168.15.4","192.168.15.3","MQTT","68","Disconnect Req"
"75917","476.461150459","192.168.15.4","192.168.15.3","MQTT","90","Connect Command"
"75919","476.464073383","192.168.15.4","192.168.15.3","MQTT","97","Publish Message (id=459) [Deviceb'Device - 2']"
"75920","476.464523163","192.168.15.3","192.168.15.4","MQTT","70","Connect Ack"
"75923","476.466497786","192.168.15.3","192.168.15.4","MQTT","70","Publish Ack (id=459)"
"75925","476.466876541","192.168.15.4","192.168.15.3","MQTT","68","Disconnect Req"
"75943","477.471317815","192.168.15.4","192.168.15.3","MQTT","90","Connect Command"
"75945","477.474131222","192.168.15.4","192.168.15.3","MQTT","97","Publish Message (id=460) [Deviceb'Device - 2']"
"75947","477.478348874","192.168.15.3","192.168.15.4","MQTT","70","Connect Ack"
"75949","477.480618603","192.168.15.3","192.168.15.4","MQTT","70","Publish Ack (id=460)"
"75951","477.480968986","192.168.15.4","192.168.15.3","MQTT","68","Disconnect Req"
"75966","478.485325290","192.168.15.4","192.168.15.3","MQTT","90","Connect Command"
"75968","478.488337453","192.168.15.4","192.168.15.3","MQTT","97","Publish Message (id=461) [Deviceb'Device - 2']"
"75969","478.488714736","192.168.15.3","192.168.15.4","MQTT","70","Connect Ack"
"75972","478.491124421","192.168.15.3","192.168.15.4","MQTT","70","Publish Ack (id=461)"
"75974","478.491735956","192.168.15.4","192.168.15.3","MQTT","68","Disconnect Req"
"75986","479.496476519","192.168.15.4","192.168.15.3","MQTT","90","Connect Command"
"75988","479.499204104","192.168.15.4","192.168.15.3","MQTT","97","Publish Message (id=462) [Deviceb'Device - 2']"
"75989","479.499614450","192.168.15.3","192.168.15.4","MQTT","70","Connect Ack"
"75992","479.501644637","192.168.15.3","192.168.15.4","MQTT","70","Publish Ack (id=462)"
"75994","479.501953270","192.168.15.4","192.168.15.3","MQTT","68","Disconnect Req"
"78320","480.505670529","192.168.15.4","192.168.15.3","MQTT","90","Connect Command"
"78322","480.508624503","192.168.15.4","192.168.15.3","MQTT","97","Publish Message (id=463) [Deviceb'Device - 2']"
"78323","480.509038195","192.168.15.3","192.168.15.4","MQTT","70","Connect Ack"
"78326","480.512242642","192.168.15.3","192.168.15.4","MQTT","70","Publish Ack (id=463)"
"78328","480.512544091","192.168.15.4","192.168.15.3","MQTT","68","Disconnect Req"
"78338","481.516982274","192.168.15.4","192.168.15.3","MQTT","90","Connect Command"
"78341","481.519885171","192.168.15.4","192.168.15.3","MQTT","97","Publish Message (id=464) [Deviceb'Device - 2']"
"78342","481.520539237","192.168.15.3","192.168.15.4","MQTT","70","Connect Ack"
"78345","481.522763721","192.168.15.3","192.168.15.4","MQTT","70","Publish Ack (id=464)"
"78347","481.523135093","192.168.15.4","192.168.15.3","MQTT","68","Disconnect Req"
"78356","482.527016053","192.168.15.4","192.168.15.3","MQTT","90","Connect Command"
"78358","482.529975326","192.168.15.4","192.168.15.3","MQTT","97","Publish Message (id=465) [Deviceb'Device - 2']"
"78360","482.534104541","192.168.15.3","192.168.15.4","MQTT","70","Connect Ack"
"78362","482.545753118","192.168.15.3","192.168.15.4","MQTT","70","Publish Ack (id=465)"
"78364","482.546091547","192.168.15.4","192.168.15.3","MQTT","68","Disconnect Req"
"78380","483.550121560","192.168.15.4","192.168.15.3","MQTT","90","Connect Command"
"78382","483.555647034","192.168.15.3","192.168.15.4","MQTT","70","Connect Ack"
"78383","483.555700064","192.168.15.4","192.168.15.3","MQTT","97","Publish Message (id=466) [Deviceb'Device - 2']"
"78386","483.558272236","192.168.15.3","192.168.15.4","MQTT","70","Publish Ack (id=466)"
"78388","483.558724661","192.168.15.4","192.168.15.3","MQTT","68","Disconnect Req"
"78408","484.562988809","192.168.15.4","192.168.15.3","MQTT","90","Connect Command"
"78410","484.565905071","192.168.15.4","192.168.15.3","MQTT","97","Publish Message (id=467) [Deviceb'Device - 2']"
"78411","484.566307221","192.168.15.3","192.168.15.4","MQTT","70","Connect Ack"
"78414","484.568818598","192.168.15.3","192.168.15.4","MQTT","70","Publish Ack (id=467)"
"78416","484.569177426","192.168.15.4","192.168.15.3","MQTT","68","Disconnect Req"
"78428","485.573932335","192.168.15.4","192.168.15.3","MQTT","90","Connect Command"
"78430","485.576968333","192.168.15.4","192.168.15.3","MQTT","97","Publish Message (id=468) [Deviceb'Device - 2']"
"78431","485.577686240","192.168.15.3","192.168.15.4","MQTT","70","Connect Ack"
"78434","485.579783895","192.168.15.3","192.168.15.4","MQTT","70","Publish Ack (id=468)"
"78436","485.580090434","192.168.15.4","192.168.15.3","MQTT","68","Disconnect Req"
"78446","486.583873896","192.168.15.4","192.168.15.3","MQTT","90","Connect Command"
"78448","486.586904715","192.168.15.4","192.168.15.3","MQTT","97","Publish Message (id=469) [Deviceb'Device - 2']"
"78449","486.587283481","192.168.15.3","192.168.15.4","MQTT","70","Connect Ack"
"78452","486.589428144","192.168.15.3","192.168.15.4","MQTT","70","Publish Ack (id=469)"
"78454","486.589824153","192.168.15.4","192.168.15.3","MQTT","68","Disconnect Req"
"78466","487.593545117","192.168.15.4","192.168.15.3","MQTT","90","Connect Command"
"78468","487.596608146","192.168.15.4","192.168.15.3","MQTT","97","Publish Message (id=470) [Deviceb'Device - 2']"
"78470","487.600893907","192.168.15.3","192.168.15.4","MQTT","70","Connect Ack"
"78472","487.603199725","192.168.15.3","192.168.15.4","MQTT","70","Publish Ack (id=470)"
"78474","487.603617415","192.168.15.4","192.168.15.3","MQTT","68","Disconnect Req"
"78501","488.608140721","192.168.15.4","192.168.15.3","MQTT","90","Connect Command"
"78503","488.611057694","192.168.15.4","192.168.15.3","MQTT","97","Publish Message (id=471) [Deviceb'Device - 2']"
"78504","488.611511111","192.168.15.3","192.168.15.4","MQTT","70","Connect Ack"
"78507","488.613907410","192.168.15.3","192.168.15.4","MQTT","70","Publish Ack (id=471)"
"78509","488.614859390","192.168.15.4","192.168.15.3","MQTT","68","Disconnect Req"
"78521","489.619567957","192.168.15.4","192.168.15.3","MQTT","90","Connect Command"
"78523","489.622448351","192.168.15.4","192.168.15.3","MQTT","97","Publish Message (id=472) [Deviceb'Device - 2']"
"78524","489.623489068","192.168.15.3","192.168.15.4","MQTT","70","Connect Ack"
"78527","489.625395221","192.168.15.3","192.168.15.4","MQTT","70","Publish Ack (id=472)"
"78529","489.626341339","192.168.15.4","192.168.15.3","MQTT","68","Disconnect Req"
"78541","490.630422270","192.168.15.4","192.168.15.3","MQTT","90","Connect Command"
"78543","490.633328042","192.168.15.4","192.168.15.3","MQTT","97","Publish Message (id=473) [Deviceb'Device - 2']"
"78544","490.633719933","192.168.15.3","192.168.15.4","MQTT","70","Connect Ack"
"78547","490.635859928","192.168.15.3","192.168.15.4","MQTT","70","Publish Ack (id=473)"
"78549","490.636703342","192.168.15.4","192.168.15.3","MQTT","68","Disconnect Req"
"78564","491.642283110","192.168.15.4","192.168.15.3","MQTT","90","Connect Command"
"78566","491.645178092","192.168.15.4","192.168.15.3","MQTT","97","Publish Message (id=474) [Deviceb'Device - 2']"
"78567","491.645776272","192.168.15.3","192.168.15.4","MQTT","70","Connect Ack"
"78570","491.648116626","192.168.15.3","192.168.15.4","MQTT","70","Publish Ack (id=474)"
"78572","491.649105094","192.168.15.4","192.168.15.3","MQTT","68","Disconnect Req"
"78584","492.653678700","192.168.15.4","192.168.15.3","MQTT","90","Connect Command"
"78586","492.656625760","192.168.15.4","192.168.15.3","MQTT","97","Publish Message (id=475) [Deviceb'Device - 2']"
"78588","492.660843693","192.168.15.3","192.168.15.4","MQTT","70","Connect Ack"
"78590","492.663241274","192.168.15.3","192.168.15.4","MQTT","70","Publish Ack (id=475)"
"78592","492.663662711","192.168.15.4","192.168.15.3","MQTT","68","Disconnect Req"
"78608","493.668066420","192.168.15.4","192.168.15.3","MQTT","90","Connect Command"
"78610","493.670992741","192.168.15.4","192.168.15.3","MQTT","97","Publish Message (id=476) [Deviceb'Device - 2']"
"78611","493.671382628","192.168.15.3","192.168.15.4","MQTT","70","Connect Ack"
"78614","493.673584389","192.168.15.3","192.168.15.4","MQTT","70","Publish Ack (id=476)"
"78616","493.674139008","192.168.15.4","192.168.15.3","MQTT","68","Disconnect Req"
"78624","494.679147940","192.168.15.4","192.168.15.3","MQTT","90","Connect Command"
"78626","494.682071045","192.168.15.4","192.168.15.3","MQTT","97","Publish Message (id=477) [Deviceb'Device - 2']"
"78627","494.682493433","192.168.15.3","192.168.15.4","MQTT","70","Connect Ack"
"78630","494.684901805","192.168.15.3","192.168.15.4","MQTT","70","Publish Ack (id=477)"
"78632","494.685511908","192.168.15.4","192.168.15.3","MQTT","68","Disconnect Req"
"78993","495.691604880","192.168.15.4","192.168.15.3","MQTT","90","Connect Command"
"79037","495.696791413","192.168.15.3","192.168.15.4","MQTT","70","Connect Ack"
"79038","495.696854522","192.168.15.4","192.168.15.3","MQTT","97","Publish Message (id=478) [Deviceb'Device - 2']"
"79078","495.700543084","192.168.15.3","192.168.15.4","MQTT","70","Publish Ack (id=478)"
"79088","495.701340842","192.168.15.4","192.168.15.3","MQTT","68","Disconnect Req"
"80096","496.705396085","192.168.15.4","192.168.15.3","MQTT","90","Connect Command"
"80098","496.708310263","192.168.15.4","192.168.15.3","MQTT","97","Publish Message (id=479) [Deviceb'Device - 2']"
"80099","496.708751166","192.168.15.3","192.168.15.4","MQTT","70","Connect Ack"
"80102","496.711086821","192.168.15.3","192.168.15.4","MQTT","70","Publish Ack (id=479)"
"80104","496.711846377","192.168.15.4","192.168.15.3","MQTT","68","Disconnect Req"
"80116","497.715632683","192.168.15.4","192.168.15.3","MQTT","90","Connect Command"
"80118","497.718531201","192.168.15.4","192.168.15.3","MQTT","97","Publish Message (id=480) [Deviceb'Device - 2']"
"80120","497.722886704","192.168.15.3","192.168.15.4","MQTT","70","Connect Ack"
"80122","497.725313811","192.168.15.3","192.168.15.4","MQTT","70","Publish Ack (id=480)"
"80124","497.726257184","192.168.15.4","192.168.15.3","MQTT","68","Disconnect Req"
"80139","498.730216688","192.168.15.4","192.168.15.3","MQTT","90","Connect Command"
"80141","498.732982456","192.168.15.4","192.168.15.3","MQTT","97","Publish Message (id=481) [Deviceb'Device - 2']"
"80142","498.733376771","192.168.15.3","192.168.15.4","MQTT","70","Connect Ack"
"80145","498.736277904","192.168.15.3","192.168.15.4","MQTT","70","Publish Ack (id=481)"
"80147","498.736979941","192.168.15.4","192.168.15.3","MQTT","68","Disconnect Req"
"80183","499.741259230","192.168.15.4","192.168.15.3","MQTT","90","Connect Command"
"80185","499.744249903","192.168.15.4","192.168.15.3","MQTT","97","Publish Message (id=482) [Deviceb'Device - 2']"
"80186","499.744705314","192.168.15.3","192.168.15.4","MQTT","70","Connect Ack"
"80189","499.747081715","192.168.15.3","192.168.15.4","MQTT","70","Publish Ack (id=482)"
"80191","499.748001784","192.168.15.4","192.168.15.3","MQTT","68","Disconnect Req"
"80203","500.751599496","192.168.15.4","192.168.15.3","MQTT","90","Connect Command"
"80205","500.754514576","192.168.15.4","192.168.15.3","MQTT","97","Publish Message (id=483) [Deviceb'Device - 2']"
"80206","500.755706058","192.168.15.3","192.168.15.4","MQTT","70","Connect Ack"
"80209","500.757389169","192.168.15.3","192.168.15.4","MQTT","70","Publish Ack (id=483)"
"80211","500.757833589","192.168.15.4","192.168.15.3","MQTT","68","Disconnect Req"
"80223","501.762376331","192.168.15.4","192.168.15.3","MQTT","90","Connect Command"
"80225","501.764924487","192.168.15.4","192.168.15.3","MQTT","97","Publish Message (id=484) [Deviceb'Device - 2']"
"80226","501.765336035","192.168.15.3","192.168.15.4","MQTT","70","Connect Ack"
"80229","501.767734197","192.168.15.3","192.168.15.4","MQTT","70","Publish Ack (id=484)"
"80231","501.768278656","192.168.15.4","192.168.15.3","MQTT","68","Disconnect Req"
"80243","502.772378149","192.168.15.4","192.168.15.3","MQTT","90","Connect Command"
"80245","502.775409940","192.168.15.4","192.168.15.3","MQTT","97","Publish Message (id=485) [Deviceb'Device - 2']"
"80247","502.779782524","192.168.15.3","192.168.15.4","MQTT","70","Connect Ack"
"80249","502.782225121","192.168.15.3","192.168.15.4","MQTT","70","Publish Ack (id=485)"
"80251","502.782654683","192.168.15.4","192.168.15.3","MQTT","68","Disconnect Req"
"80267","503.786566487","192.168.15.4","192.168.15.3","MQTT","90","Connect Command"
"80269","503.789443695","192.168.15.4","192.168.15.3","MQTT","97","Publish Message (id=486) [Deviceb'Device - 2']"
"80270","503.789837789","192.168.15.3","192.168.15.4","MQTT","70","Connect Ack"
"80273","503.792213250","192.168.15.3","192.168.15.4","MQTT","70","Publish Ack (id=486)"
"80275","503.792774771","192.168.15.4","192.168.15.3","MQTT","68","Disconnect Req"
"80294","504.796317472","192.168.15.4","192.168.15.3","MQTT","90","Connect Command"
"80296","504.799102405","192.168.15.4","192.168.15.3","MQTT","97","Publish Message (id=487) [Deviceb'Device - 2']"
"80297","504.799493464","192.168.15.3","192.168.15.4","MQTT","70","Connect Ack"
"80301","504.802099500","192.168.15.3","192.168.15.4","MQTT","70","Publish Ack (id=487)"
"80303","504.802945069","192.168.15.4","192.168.15.3","MQTT","68","Disconnect Req"
"80311","505.806631375","192.168.15.4","192.168.15.3","MQTT","90","Connect Command"
"80313","505.809592553","192.168.15.4","192.168.15.3","MQTT","97","Publish Message (id=488) [Deviceb'Device - 2']"
"80314","505.810037975","192.168.15.3","192.168.15.4","MQTT","70","Connect Ack"
"80317","505.812314908","192.168.15.3","192.168.15.4","MQTT","70","Publish Ack (id=488)"
"80319","505.812702200","192.168.15.4","192.168.15.3","MQTT","68","Disconnect Req"
"81621","506.816318755","192.168.15.4","192.168.15.3","MQTT","90","Connect Command"
"81654","506.820080705","192.168.15.4","192.168.15.3","MQTT","97","Publish Message (id=489) [Deviceb'Device - 2']"
"81665","506.821011846","192.168.15.3","192.168.15.4","MQTT","70","Connect Ack"
"81688","506.823286645","192.168.15.3","192.168.15.4","MQTT","70","Publish Ack (id=489)"
"81696","506.823902830","192.168.15.4","192.168.15.3","MQTT","68","Disconnect Req"
"81787","507.827819487","192.168.15.4","192.168.15.3","MQTT","90","Connect Command"
"81789","507.832340341","192.168.15.4","192.168.15.3","MQTT","97","Publish Message (id=490) [Deviceb'Device - 2']"
"81791","507.836668702","192.168.15.3","192.168.15.4","MQTT","70","Connect Ack"
"81793","507.839092814","192.168.15.3","192.168.15.4","MQTT","70","Publish Ack (id=490)"
"81795","507.839475007","192.168.15.4","192.168.15.3","MQTT","68","Disconnect Req"
"81820","508.843699013","192.168.15.4","192.168.15.3","MQTT","90","Connect Command"
"81822","508.846733980","192.168.15.4","192.168.15.3","MQTT","97","Publish Message (id=491) [Deviceb'Device - 2']"
"81823","508.847147201","192.168.15.3","192.168.15.4","MQTT","70","Connect Ack"
"81826","508.849609164","192.168.15.3","192.168.15.4","MQTT","70","Publish Ack (id=491)"
"81828","508.850545184","192.168.15.4","192.168.15.3","MQTT","68","Disconnect Req"
"81840","509.855111720","192.168.15.4","192.168.15.3","MQTT","90","Connect Command"
"81842","509.857946058","192.168.15.4","192.168.15.3","MQTT","97","Publish Message (id=492) [Deviceb'Device - 2']"
"81843","509.858356213","192.168.15.3","192.168.15.4","MQTT","70","Connect Ack"
"81846","509.860788480","192.168.15.3","192.168.15.4","MQTT","70","Publish Ack (id=492)"
"81848","509.861185310","192.168.15.4","192.168.15.3","MQTT","68","Disconnect Req"
"81863","510.865676906","192.168.15.4","192.168.15.3","MQTT","90","Connect Command"
"81865","510.868671977","192.168.15.4","192.168.15.3","MQTT","97","Publish Message (id=493) [Deviceb'Device - 2']"
"81866","510.869052897","192.168.15.3","192.168.15.4","MQTT","70","Connect Ack"
"81869","510.871537023","192.168.15.3","192.168.15.4","MQTT","70","Publish Ack (id=493)"
"81871","510.872071212","192.168.15.4","192.168.15.3","MQTT","68","Disconnect Req"
"81902","511.876023107","192.168.15.4","192.168.15.3","MQTT","90","Connect Command"
"81904","511.879051852","192.168.15.4","192.168.15.3","MQTT","97","Publish Message (id=494) [Deviceb'Device - 2']"
"81905","511.880658599","192.168.15.3","192.168.15.4","MQTT","70","Connect Ack"
"81908","511.883074766","192.168.15.3","192.168.15.4","MQTT","70","Publish Ack (id=494)"
"81910","511.883999333","192.168.15.4","192.168.15.3","MQTT","68","Disconnect Req"
"81943","512.887635664","192.168.15.4","192.168.15.3","MQTT","90","Connect Command"
"81945","512.890491232","192.168.15.4","192.168.15.3","MQTT","97","Publish Message (id=495) [Deviceb'Device - 2']"
"81947","512.894826446","192.168.15.3","192.168.15.4","MQTT","70","Connect Ack"
"81949","512.897124950","192.168.15.3","192.168.15.4","MQTT","70","Publish Ack (id=495)"
"81951","512.897739832","192.168.15.4","192.168.15.3","MQTT","68","Disconnect Req"
"81967","513.902224888","192.168.15.4","192.168.15.3","MQTT","90","Connect Command"
"81969","513.905181707","192.168.15.4","192.168.15.3","MQTT","97","Publish Message (id=496) [Deviceb'Device - 2']"
"81970","513.905607161","192.168.15.3","192.168.15.4","MQTT","70","Connect Ack"
"81973","513.908116054","192.168.15.3","192.168.15.4","MQTT","70","Publish Ack (id=496)"
"81975","513.908957694","192.168.15.4","192.168.15.3","MQTT","68","Disconnect Req"
"82009","514.913214891","192.168.15.4","192.168.15.3","MQTT","90","Connect Command"
"82011","514.916191057","192.168.15.4","192.168.15.3","MQTT","97","Publish Message (id=497) [Deviceb'Device - 2']"
"82012","514.916628003","192.168.15.3","192.168.15.4","MQTT","70","Connect Ack"
"82015","514.919080057","192.168.15.3","192.168.15.4","MQTT","70","Publish Ack (id=497)"
"82017","514.919840926","192.168.15.4","192.168.15.3","MQTT","68","Disconnect Req"
"82034","515.924166304","192.168.15.4","192.168.15.3","MQTT","90","Connect Command"
"82036","515.927118434","192.168.15.4","192.168.15.3","MQTT","97","Publish Message (id=498) [Deviceb'Device - 2']"
"82037","515.927539730","192.168.15.3","192.168.15.4","MQTT","70","Connect Ack"
"82040","515.929971857","192.168.15.3","192.168.15.4","MQTT","70","Publish Ack (id=498)"
"82042","515.930939777","192.168.15.4","192.168.15.3","MQTT","68","Disconnect Req"
"82056","516.935994154","192.168.15.4","192.168.15.3","MQTT","90","Connect Command"
"82058","516.938897712","192.168.15.4","192.168.15.3","MQTT","97","Publish Message (id=499) [Deviceb'Device - 2']"
"82059","516.939343405","192.168.15.3","192.168.15.4","MQTT","70","Connect Ack"
"82062","516.941794558","192.168.15.3","192.168.15.4","MQTT","70","Publish Ack (id=499)"
"82064","516.942530248","192.168.15.4","192.168.15.3","MQTT","68","Disconnect Req"
"83767","517.946547603","192.168.15.4","192.168.15.3","MQTT","90","Connect Command"
"83769","517.949463275","192.168.15.4","192.168.15.3","MQTT","97","Publish Message (id=500) [Deviceb'Device - 2']"
"83771","517.953774473","192.168.15.3","192.168.15.4","MQTT","70","Connect Ack"
"83773","517.956459999","192.168.15.3","192.168.15.4","MQTT","70","Publish Ack (id=500)"
"83775","517.957326046","192.168.15.4","192.168.15.3","MQTT","68","Disconnect Req"
"83794","518.961233077","192.168.15.4","192.168.15.3","MQTT","90","Connect Command"
"83796","518.964129291","192.168.15.4","192.168.15.3","MQTT","97","Publish Message (id=501) [Deviceb'Device - 2']"
"83797","518.964645667","192.168.15.3","192.168.15.4","MQTT","70","Connect Ack"
"83804","518.967568832","192.168.15.3","192.168.15.4","MQTT","70","Publish Ack (id=501)"
"83806","518.968651749","192.168.15.4","192.168.15.3","MQTT","68","Disconnect Req"
"84016","519.972229280","192.168.15.4","192.168.15.3","MQTT","90","Connect Command"
"84018","519.975147926","192.168.15.4","192.168.15.3","MQTT","97","Publish Message (id=502) [Deviceb'Device - 2']"
"84019","519.975567760","192.168.15.3","192.168.15.4","MQTT","70","Connect Ack"
"84022","519.978001660","192.168.15.3","192.168.15.4","MQTT","70","Publish Ack (id=502)"
"84024","519.978605542","192.168.15.4","192.168.15.3","MQTT","68","Disconnect Req"
"84036","520.982740035","192.168.15.4","192.168.15.3","MQTT","90","Connect Command"
"84038","520.985694349","192.168.15.4","192.168.15.3","MQTT","97","Publish Message (id=503) [Deviceb'Device - 2']"
"84039","520.986131796","192.168.15.3","192.168.15.4","MQTT","70","Connect Ack"
"84042","520.988438186","192.168.15.3","192.168.15.4","MQTT","70","Publish Ack (id=503)"
"84044","520.989101459","192.168.15.4","192.168.15.3","MQTT","68","Disconnect Req"
"84064","521.992699549","192.168.15.4","192.168.15.3","MQTT","90","Connect Command"
"84066","521.995600683","192.168.15.4","192.168.15.3","MQTT","97","Publish Message (id=504) [Deviceb'Device - 2']"
"84067","521.996018663","192.168.15.3","192.168.15.4","MQTT","70","Connect Ack"
"84070","521.998439699","192.168.15.3","192.168.15.4","MQTT","70","Publish Ack (id=504)"
"84072","521.999422927","192.168.15.4","192.168.15.3","MQTT","68","Disconnect Req"
"84084","523.003553778","192.168.15.4","192.168.15.3","MQTT","90","Connect Command"
"84086","523.006477965","192.168.15.4","192.168.15.3","MQTT","97","Publish Message (id=505) [Deviceb'Device - 2']"
"84088","523.010827626","192.168.15.3","192.168.15.4","MQTT","70","Connect Ack"
"84090","523.013248142","192.168.15.3","192.168.15.4","MQTT","70","Publish Ack (id=505)"
"84092","523.013673656","192.168.15.4","192.168.15.3","MQTT","68","Disconnect Req"
"84110","524.017859289","192.168.15.4","192.168.15.3","MQTT","90","Connect Command"
"84112","524.020720117","192.168.15.4","192.168.15.3","MQTT","97","Publish Message (id=506) [Deviceb'Device - 2']"
"84113","524.021132626","192.168.15.3","192.168.15.4","MQTT","70","Connect Ack"
"84116","524.023609679","192.168.15.3","192.168.15.4","MQTT","70","Publish Ack (id=506)"
"84118","524.024461218","192.168.15.4","192.168.15.3","MQTT","68","Disconnect Req"
"84133","525.029142309","192.168.15.4","192.168.15.3","MQTT","90","Connect Command"
"84135","525.031993528","192.168.15.4","192.168.15.3","MQTT","97","Publish Message (id=507) [Deviceb'Device - 2']"
"84136","525.032877189","192.168.15.3","192.168.15.4","MQTT","70","Connect Ack"
"84139","525.034803600","192.168.15.3","192.168.15.4","MQTT","70","Publish Ack (id=507)"
"84141","525.035418682","192.168.15.4","192.168.15.3","MQTT","68","Disconnect Req"
"84158","526.039523796","192.168.15.4","192.168.15.3","MQTT","90","Connect Command"
"84160","526.042420441","192.168.15.4","192.168.15.3","MQTT","97","Publish Message (id=508) [Deviceb'Device - 2']"
"84161","526.042815688","192.168.15.3","192.168.15.4","MQTT","70","Connect Ack"
"84164","526.045357562","192.168.15.3","192.168.15.4","MQTT","70","Publish Ack (id=508)"
"84166","526.045957346","192.168.15.4","192.168.15.3","MQTT","68","Disconnect Req"
"84180","527.049405289","192.168.15.4","192.168.15.3","MQTT","90","Connect Command"
"84182","527.052315479","192.168.15.4","192.168.15.3","MQTT","97","Publish Message (id=509) [Deviceb'Device - 2']"
"84183","527.052706939","192.168.15.3","192.168.15.4","MQTT","70","Connect Ack"
"84186","527.055121513","192.168.15.3","192.168.15.4","MQTT","70","Publish Ack (id=509)"
"84188","527.056177299","192.168.15.4","192.168.15.3","MQTT","68","Disconnect Req"
"84196","528.060259845","192.168.15.4","192.168.15.3","MQTT","90","Connect Command"
"84198","528.063185395","192.168.15.4","192.168.15.3","MQTT","97","Publish Message (id=510) [Deviceb'Device - 2']"
"84201","528.067522002","192.168.15.3","192.168.15.4","MQTT","70","Connect Ack"
"84205","528.069934211","192.168.15.3","192.168.15.4","MQTT","70","Publish Ack (id=510)"
"84207","528.070729955","192.168.15.4","192.168.15.3","MQTT","68","Disconnect Req"
"85780","529.075335602","192.168.15.4","192.168.15.3","MQTT","90","Connect Command"
"85782","529.078296428","192.168.15.4","192.168.15.3","MQTT","97","Publish Message (id=511) [Deviceb'Device - 2']"
"85783","529.078671346","192.168.15.3","192.168.15.4","MQTT","70","Connect Ack"
"85786","529.081032569","192.168.15.3","192.168.15.4","MQTT","70","Publish Ack (id=511)"
"85788","529.082729006","192.168.15.4","192.168.15.3","MQTT","68","Disconnect Req"
"85796","530.087020758","192.168.15.4","192.168.15.3","MQTT","90","Connect Command"
"85798","530.089691767","192.168.15.4","192.168.15.3","MQTT","97","Publish Message (id=512) [Deviceb'Device - 2']"
"85799","530.090106641","192.168.15.3","192.168.15.4","MQTT","70","Connect Ack"
"85802","530.092564076","192.168.15.3","192.168.15.4","MQTT","70","Publish Ack (id=512)"
"85804","530.093180180","192.168.15.4","192.168.15.3","MQTT","68","Disconnect Req"
"85812","531.097394156","192.168.15.4","192.168.15.3","MQTT","90","Connect Command"
"85814","531.100307773","192.168.15.4","192.168.15.3","MQTT","97","Publish Message (id=513) [Deviceb'Device - 2']"
"85815","531.100690336","192.168.15.3","192.168.15.4","MQTT","70","Connect Ack"
"85818","531.103268609","192.168.15.3","192.168.15.4","MQTT","70","Publish Ack (id=513)"
"85820","531.104247209","192.168.15.4","192.168.15.3","MQTT","68","Disconnect Req"
"85838","532.108302274","192.168.15.4","192.168.15.3","MQTT","90","Connect Command"
"85840","532.111173180","192.168.15.4","192.168.15.3","MQTT","97","Publish Message (id=514) [Deviceb'Device - 2']"
"85841","532.111635394","192.168.15.3","192.168.15.4","MQTT","70","Connect Ack"
"85844","532.114054937","192.168.15.3","192.168.15.4","MQTT","70","Publish Ack (id=514)"
"85846","532.114990896","192.168.15.4","192.168.15.3","MQTT","68","Disconnect Req"
"85863","533.119681705","192.168.15.4","192.168.15.3","MQTT","90","Connect Command"
"85865","533.122712234","192.168.15.4","192.168.15.3","MQTT","97","Publish Message (id=515) [Deviceb'Device - 2']"
"85867","533.126834675","192.168.15.3","192.168.15.4","MQTT","70","Connect Ack"
"85869","533.129163948","192.168.15.3","192.168.15.4","MQTT","70","Publish Ack (id=515)"
"85871","533.129753813","192.168.15.4","192.168.15.3","MQTT","68","Disconnect Req"
"85884","534.133017810","192.168.15.4","192.168.15.3","MQTT","90","Connect Command"
"85886","534.136050272","192.168.15.4","192.168.15.3","MQTT","97","Publish Message (id=516) [Deviceb'Device - 2']"
"85887","534.136451901","192.168.15.3","192.168.15.4","MQTT","70","Connect Ack"
"85890","534.139399462","192.168.15.3","192.168.15.4","MQTT","70","Publish Ack (id=516)"
"85892","534.140314292","192.168.15.4","192.168.15.3","MQTT","68","Disconnect Req"
"85904","535.144452028","192.168.15.4","192.168.15.3","MQTT","90","Connect Command"
"85906","535.148002499","192.168.15.4","192.168.15.3","MQTT","97","Publish Message (id=517) [Deviceb'Device - 2']"
"85907","535.148017257","192.168.15.3","192.168.15.4","MQTT","70","Connect Ack"
"85910","535.151379402","192.168.15.3","192.168.15.4","MQTT","70","Publish Ack (id=517)"
"85912","535.152017508","192.168.15.4","192.168.15.3","MQTT","68","Disconnect Req"
"85924","536.156061400","192.168.15.4","192.168.15.3","MQTT","90","Connect Command"
"85926","536.158956112","192.168.15.4","192.168.15.3","MQTT","97","Publish Message (id=518) [Deviceb'Device - 2']"
"85927","536.159368391","192.168.15.3","192.168.15.4","MQTT","70","Connect Ack"
"85930","536.161757878","192.168.15.3","192.168.15.4","MQTT","70","Publish Ack (id=518)"
"85932","536.162609397","192.168.15.4","192.168.15.3","MQTT","68","Disconnect Req"
"85945","537.167055759","192.168.15.4","192.168.15.3","MQTT","90","Connect Command"
"85947","537.169994814","192.168.15.4","192.168.15.3","MQTT","97","Publish Message (id=519) [Deviceb'Device - 2']"
"85948","537.170392967","192.168.15.3","192.168.15.4","MQTT","70","Connect Ack"
"85951","537.172848267","192.168.15.3","192.168.15.4","MQTT","70","Publish Ack (id=519)"
"85953","537.173412804","192.168.15.4","192.168.15.3","MQTT","68","Disconnect Req"
"85969","538.177365627","192.168.15.4","192.168.15.3","MQTT","90","Connect Command"
"85971","538.180270297","192.168.15.4","192.168.15.3","MQTT","97","Publish Message (id=520) [Deviceb'Device - 2']"
"85973","538.184800440","192.168.15.3","192.168.15.4","MQTT","70","Connect Ack"
"85975","538.187275548","192.168.15.3","192.168.15.4","MQTT","70","Publish Ack (id=520)"
"85977","538.187589321","192.168.15.4","192.168.15.3","MQTT","68","Disconnect Req"
"87437","539.191227070","192.168.15.4","192.168.15.3","MQTT","90","Connect Command"
"87439","539.194163931","192.168.15.4","192.168.15.3","MQTT","97","Publish Message (id=521) [Deviceb'Device - 2']"
"87440","539.194625243","192.168.15.3","192.168.15.4","MQTT","70","Connect Ack"
"87443","539.196988571","192.168.15.3","192.168.15.4","MQTT","70","Publish Ack (id=521)"
"87445","539.197579347","192.168.15.4","192.168.15.3","MQTT","68","Disconnect Req"
"87458","540.201380785","192.168.15.4","192.168.15.3","MQTT","90","Connect Command"
"87460","540.204415471","192.168.15.4","192.168.15.3","MQTT","97","Publish Message (id=522) [Deviceb'Device - 2']"
"87461","540.204906439","192.168.15.3","192.168.15.4","MQTT","70","Connect Ack"
"87464","540.207189244","192.168.15.3","192.168.15.4","MQTT","70","Publish Ack (id=522)"
"87466","540.207527974","192.168.15.4","192.168.15.3","MQTT","68","Disconnect Req"
"87474","541.213050527","192.168.15.4","192.168.15.3","MQTT","90","Connect Command"
"87476","541.215925661","192.168.15.4","192.168.15.3","MQTT","97","Publish Message (id=523) [Deviceb'Device - 2']"
"87477","541.216317101","192.168.15.3","192.168.15.4","MQTT","70","Connect Ack"
"87480","541.218701738","192.168.15.3","192.168.15.4","MQTT","70","Publish Ack (id=523)"
"87482","541.219236279","192.168.15.4","192.168.15.3","MQTT","68","Disconnect Req"
"87494","542.222967736","192.168.15.4","192.168.15.3","MQTT","90","Connect Command"
"87496","542.225937670","192.168.15.4","192.168.15.3","MQTT","97","Publish Message (id=524) [Deviceb'Device - 2']"
"87497","542.226330112","192.168.15.3","192.168.15.4","MQTT","70","Connect Ack"
"87500","542.229533436","192.168.15.3","192.168.15.4","MQTT","70","Publish Ack (id=524)"
"87502","542.229917502","192.168.15.4","192.168.15.3","MQTT","68","Disconnect Req"
"87517","543.233534797","192.168.15.4","192.168.15.3","MQTT","90","Connect Command"
"87519","543.236555016","192.168.15.4","192.168.15.3","MQTT","97","Publish Message (id=525) [Deviceb'Device - 2']"
"87521","543.240888387","192.168.15.3","192.168.15.4","MQTT","70","Connect Ack"
"87523","543.243520993","192.168.15.3","192.168.15.4","MQTT","70","Publish Ack (id=525)"
"87525","543.244061024","192.168.15.4","192.168.15.3","MQTT","68","Disconnect Req"
"87546","544.247384092","192.168.15.4","192.168.15.3","MQTT","90","Connect Command"
"87548","544.250373773","192.168.15.4","192.168.15.3","MQTT","97","Publish Message (id=526) [Deviceb'Device - 2']"
"87549","544.250797013","192.168.15.3","192.168.15.4","MQTT","70","Connect Ack"
"87552","544.253268365","192.168.15.3","192.168.15.4","MQTT","70","Publish Ack (id=526)"
"87554","544.253985009","192.168.15.4","192.168.15.3","MQTT","68","Disconnect Req"
"87564","545.258326785","192.168.15.4","192.168.15.3","MQTT","90","Connect Command"
"87566","545.261274456","192.168.15.4","192.168.15.3","MQTT","97","Publish Message (id=527) [Deviceb'Device - 2']"
"87567","545.261653964","192.168.15.3","192.168.15.4","MQTT","70","Connect Ack"
"87570","545.264137959","192.168.15.3","192.168.15.4","MQTT","70","Publish Ack (id=527)"
"87572","545.264967898","192.168.15.4","192.168.15.3","MQTT","68","Disconnect Req"
"87582","546.278307382","192.168.15.4","192.168.15.3","MQTT","90","Connect Command"
"87584","546.281156427","192.168.15.4","192.168.15.3","MQTT","97","Publish Message (id=528) [Deviceb'Device - 2']"
"87585","546.281629181","192.168.15.3","192.168.15.4","MQTT","70","Connect Ack"
"87588","546.283975395","192.168.15.3","192.168.15.4","MQTT","70","Publish Ack (id=528)"
"87590","546.284368889","192.168.15.4","192.168.15.3","MQTT","68","Disconnect Req"
"87602","547.288338133","192.168.15.4","192.168.15.3","MQTT","90","Connect Command"
"87604","547.291197217","192.168.15.4","192.168.15.3","MQTT","97","Publish Message (id=529) [Deviceb'Device - 2']"
"87605","547.291647028","192.168.15.3","192.168.15.4","MQTT","70","Connect Ack"
"87608","547.294035693","192.168.15.3","192.168.15.4","MQTT","70","Publish Ack (id=529)"
"87610","547.294652378","192.168.15.4","192.168.15.3","MQTT","68","Disconnect Req"
"87637","548.298521943","192.168.15.4","192.168.15.3","MQTT","90","Connect Command"
"87639","548.301460698","192.168.15.4","192.168.15.3","MQTT","97","Publish Message (id=530) [Deviceb'Device - 2']"
"87641","548.305783609","192.168.15.3","192.168.15.4","MQTT","70","Connect Ack"
"87643","548.308230945","192.168.15.3","192.168.15.4","MQTT","70","Publish Ack (id=530)"
"87645","548.308829135","192.168.15.4","192.168.15.3","MQTT","68","Disconnect Req"
"89629","549.312755863","192.168.15.4","192.168.15.3","MQTT","90","Connect Command"
"89631","549.315676273","192.168.15.4","192.168.15.3","MQTT","97","Publish Message (id=531) [Deviceb'Device - 2']"
"89632","549.316077512","192.168.15.3","192.168.15.4","MQTT","70","Connect Ack"
"89635","549.318950472","192.168.15.3","192.168.15.4","MQTT","70","Publish Ack (id=531)"
"89637","549.319870041","192.168.15.4","192.168.15.3","MQTT","68","Disconnect Req"
"89649","550.324323102","192.168.15.4","192.168.15.3","MQTT","90","Connect Command"
"89651","550.327420286","192.168.15.4","192.168.15.3","MQTT","97","Publish Message (id=532) [Deviceb'Device - 2']"
"89652","550.327773584","192.168.15.3","192.168.15.4","MQTT","70","Connect Ack"
"89655","550.330219107","192.168.15.3","192.168.15.4","MQTT","70","Publish Ack (id=532)"
"89657","550.330801017","192.168.15.4","192.168.15.3","MQTT","68","Disconnect Req"
"89669","551.335409013","192.168.15.4","192.168.15.3","MQTT","90","Connect Command"
"89671","551.338279319","192.168.15.4","192.168.15.3","MQTT","97","Publish Message (id=533) [Deviceb'Device - 2']"
"89672","551.338669546","192.168.15.3","192.168.15.4","MQTT","70","Connect Ack"
"89675","551.340813048","192.168.15.3","192.168.15.4","MQTT","70","Publish Ack (id=533)"
"89677","551.341746472","192.168.15.4","192.168.15.3","MQTT","68","Disconnect Req"
"89689","552.346139345","192.168.15.4","192.168.15.3","MQTT","90","Connect Command"
"89691","552.349198628","192.168.15.4","192.168.15.3","MQTT","97","Publish Message (id=534) [Deviceb'Device - 2']"
"89692","552.349631736","192.168.15.3","192.168.15.4","MQTT","70","Connect Ack"
"89695","552.352126001","192.168.15.3","192.168.15.4","MQTT","70","Publish Ack (id=534)"
"89697","552.352681962","192.168.15.4","192.168.15.3","MQTT","68","Disconnect Req"
"89708","553.356667477","192.168.15.4","192.168.15.3","MQTT","90","Connect Command"
"89710","553.359575623","192.168.15.4","192.168.15.3","MQTT","97","Publish Message (id=535) [Deviceb'Device - 2']"
"89712","553.363700660","192.168.15.3","192.168.15.4","MQTT","70","Connect Ack"
"89714","553.366106869","192.168.15.3","192.168.15.4","MQTT","70","Publish Ack (id=535)"
"89716","553.367024403","192.168.15.4","192.168.15.3","MQTT","68","Disconnect Req"
"89729","554.371326827","192.168.15.4","192.168.15.3","MQTT","90","Connect Command"
"89731","554.374245052","192.168.15.4","192.168.15.3","MQTT","97","Publish Message (id=536) [Deviceb'Device - 2']"
"89732","554.374646221","192.168.15.3","192.168.15.4","MQTT","70","Connect Ack"
"89735","554.376686708","192.168.15.3","192.168.15.4","MQTT","70","Publish Ack (id=536)"
"89737","554.377389386","192.168.15.4","192.168.15.3","MQTT","68","Disconnect Req"
"89758","555.381307872","192.168.15.4","192.168.15.3","MQTT","90","Connect Command"
"89760","555.384687720","192.168.15.4","192.168.15.3","MQTT","97","Publish Message (id=537) [Deviceb'Device - 2']"
"89761","555.384938414","192.168.15.3","192.168.15.4","MQTT","70","Connect Ack"
"89764","555.387110870","192.168.15.3","192.168.15.4","MQTT","70","Publish Ack (id=537)"
"89766","555.387920220","192.168.15.4","192.168.15.3","MQTT","68","Disconnect Req"
"89778","556.391629325","192.168.15.4","192.168.15.3","MQTT","90","Connect Command"
"89780","556.394482769","192.168.15.4","192.168.15.3","MQTT","97","Publish Message (id=538) [Deviceb'Device - 2']"
"89781","556.394942538","192.168.15.3","192.168.15.4","MQTT","70","Connect Ack"
"89784","556.397402979","192.168.15.3","192.168.15.4","MQTT","70","Publish Ack (id=538)"
"89786","556.398176431","192.168.15.4","192.168.15.3","MQTT","68","Disconnect Req"
"89798","557.402570979","192.168.15.4","192.168.15.3","MQTT","90","Connect Command"
"89800","557.405542947","192.168.15.4","192.168.15.3","MQTT","97","Publish Message (id=539) [Deviceb'Device - 2']"
"89801","557.405878561","192.168.15.3","192.168.15.4","MQTT","70","Connect Ack"
"89804","557.408016673","192.168.15.3","192.168.15.4","MQTT","70","Publish Ack (id=539)"
"89806","557.408771169","192.168.15.4","192.168.15.3","MQTT","68","Disconnect Req"
"89821","558.412734557","192.168.15.4","192.168.15.3","MQTT","90","Connect Command"
"89823","558.416156234","192.168.15.4","192.168.15.3","MQTT","97","Publish Message (id=540) [Deviceb'Device - 2']"
"89825","558.420349871","192.168.15.3","192.168.15.4","MQTT","70","Connect Ack"
"89827","558.422784834","192.168.15.3","192.168.15.4","MQTT","70","Publish Ack (id=540)"
"89829","558.423630312","192.168.15.4","192.168.15.3","MQTT","68","Disconnect Req"
"89843","559.427349948","192.168.15.4","192.168.15.3","MQTT","90","Connect Command"
"89845","559.430412647","192.168.15.4","192.168.15.3","MQTT","97","Publish Message (id=541) [Deviceb'Device - 2']"
"89846","559.431610461","192.168.15.3","192.168.15.4","MQTT","70","Connect Ack"
"89849","559.433263516","192.168.15.3","192.168.15.4","MQTT","70","Publish Ack (id=541)"
"89851","559.433655246","192.168.15.4","192.168.15.3","MQTT","68","Disconnect Req"
"89864","560.437341251","192.168.15.4","192.168.15.3","MQTT","90","Connect Command"
"89867","560.440275387","192.168.15.4","192.168.15.3","MQTT","97","Publish Message (id=542) [Deviceb'Device - 2']"
"89875","560.441182361","192.168.15.3","192.168.15.4","MQTT","70","Connect Ack"
"89913","560.444461329","192.168.15.3","192.168.15.4","MQTT","70","Publish Ack (id=542)"
"89920","560.445541771","192.168.15.4","192.168.15.3","MQTT","68","Disconnect Req"
"91233","561.451349069","192.168.15.4","192.168.15.3","MQTT","90","Connect Command"
"91235","561.454390197","192.168.15.4","192.168.15.3","MQTT","97","Publish Message (id=543) [Deviceb'Device - 2']"
"91236","561.454768702","192.168.15.3","192.168.15.4","MQTT","70","Connect Ack"
"91239","561.461751571","192.168.15.3","192.168.15.4","MQTT","70","Publish Ack (id=543)"
"91241","561.462295990","192.168.15.4","192.168.15.3","MQTT","68","Disconnect Req"
"91253","562.466159203","192.168.15.4","192.168.15.3","MQTT","90","Connect Command"
"91255","562.469036632","192.168.15.4","192.168.15.3","MQTT","97","Publish Message (id=544) [Deviceb'Device - 2']"
"91256","562.469409717","192.168.15.3","192.168.15.4","MQTT","70","Connect Ack"
"91259","562.471739601","192.168.15.3","192.168.15.4","MQTT","70","Publish Ack (id=544)"
"91261","562.472292967","192.168.15.4","192.168.15.3","MQTT","68","Disconnect Req"
"91276","563.476160238","192.168.15.4","192.168.15.3","MQTT","90","Connect Command"
"91278","563.479088773","192.168.15.4","192.168.15.3","MQTT","97","Publish Message (id=545) [Deviceb'Device - 2']"
"91280","563.483214371","192.168.15.3","192.168.15.4","MQTT","70","Connect Ack"
"91282","563.485634636","192.168.15.3","192.168.15.4","MQTT","70","Publish Ack (id=545)"
"91284","563.485967505","192.168.15.4","192.168.15.3","MQTT","68","Disconnect Req"
"91293","564.489095011","192.168.15.4","192.168.15.3","MQTT","90","Connect Command"
"91295","564.492126882","192.168.15.4","192.168.15.3","MQTT","97","Publish Message (id=546) [Deviceb'Device - 2']"
"91296","564.492521177","192.168.15.3","192.168.15.4","MQTT","70","Connect Ack"
"91299","564.495011715","192.168.15.3","192.168.15.4","MQTT","70","Publish Ack (id=546)"
"91301","564.495485540","192.168.15.4","192.168.15.3","MQTT","68","Disconnect Req"
"91309","565.498848484","192.168.15.4","192.168.15.3","MQTT","90","Connect Command"
"91311","565.501777931","192.168.15.4","192.168.15.3","MQTT","97","Publish Message (id=547) [Deviceb'Device - 2']"
"91312","565.502171194","192.168.15.3","192.168.15.4","MQTT","70","Connect Ack"
"91315","565.504988159","192.168.15.3","192.168.15.4","MQTT","70","Publish Ack (id=547)"
"91317","565.505670739","192.168.15.4","192.168.15.3","MQTT","68","Disconnect Req"
"91336","566.509147897","192.168.15.4","192.168.15.3","MQTT","90","Connect Command"
"91338","566.512182073","192.168.15.4","192.168.15.3","MQTT","97","Publish Message (id=548) [Deviceb'Device - 2']"
"91339","566.512637664","192.168.15.3","192.168.15.4","MQTT","70","Connect Ack"
"91342","566.515158860","192.168.15.3","192.168.15.4","MQTT","70","Publish Ack (id=548)"
"91344","566.515468575","192.168.15.4","192.168.15.3","MQTT","68","Disconnect Req"
"91362","567.519057585","192.168.15.4","192.168.15.3","MQTT","90","Connect Command"
"91364","567.524321114","192.168.15.4","192.168.15.3","MQTT","97","Publish Message (id=549) [Deviceb'Device - 2']"
"91365","567.524731700","192.168.15.3","192.168.15.4","MQTT","70","Connect Ack"
"91368","567.526933342","192.168.15.3","192.168.15.4","MQTT","70","Publish Ack (id=549)"
"91370","567.527242396","192.168.15.4","192.168.15.3","MQTT","68","Disconnect Req"
"91389","568.531212888","192.168.15.4","192.168.15.3","MQTT","90","Connect Command"
"91391","568.534132277","192.168.15.4","192.168.15.3","MQTT","97","Publish Message (id=550) [Deviceb'Device - 2']"
"91393","568.538296458","192.168.15.3","192.168.15.4","MQTT","70","Connect Ack"
"91395","568.540811282","192.168.15.3","192.168.15.4","MQTT","70","Publish Ack (id=550)"
"91397","568.541199445","192.168.15.4","192.168.15.3","MQTT","68","Disconnect Req"
"91409","569.544567991","192.168.15.4","192.168.15.3","MQTT","90","Connect Command"
"91411","569.547600083","192.168.15.4","192.168.15.3","MQTT","97","Publish Message (id=551) [Deviceb'Device - 2']"
"91412","569.547953451","192.168.15.3","192.168.15.4","MQTT","70","Connect Ack"
"91415","569.550064391","192.168.15.3","192.168.15.4","MQTT","70","Publish Ack (id=551)"
"91417","569.550863852","192.168.15.4","192.168.15.3","MQTT","68","Disconnect Req"
"93787","570.555207143","192.168.15.4","192.168.15.3","MQTT","90","Connect Command"
"93789","570.558256697","192.168.15.4","192.168.15.3","MQTT","97","Publish Message (id=552) [Deviceb'Device - 2']"
"93790","570.558610546","192.168.15.3","192.168.15.4","MQTT","70","Connect Ack"
"93793","570.560743458","192.168.15.3","192.168.15.4","MQTT","70","Publish Ack (id=552)"
"93795","570.561184722","192.168.15.4","192.168.15.3","MQTT","68","Disconnect Req"
"93814","571.565265556","192.168.15.4","192.168.15.3","MQTT","90","Connect Command"
"93816","571.568291686","192.168.15.4","192.168.15.3","MQTT","97","Publish Message (id=553) [Deviceb'Device - 2']"
"93817","571.568674319","192.168.15.3","192.168.15.4","MQTT","70","Connect Ack"
"93820","571.571068926","192.168.15.3","192.168.15.4","MQTT","70","Publish Ack (id=553)"
"93822","571.571362871","192.168.15.4","192.168.15.3","MQTT","68","Disconnect Req"
"93834","572.575958530","192.168.15.4","192.168.15.3","MQTT","90","Connect Command"
"93836","572.578787888","192.168.15.4","192.168.15.3","MQTT","97","Publish Message (id=554) [Deviceb'Device - 2']"
"93837","572.579220586","192.168.15.3","192.168.15.4","MQTT","70","Connect Ack"
"93840","572.581632776","192.168.15.3","192.168.15.4","MQTT","70","Publish Ack (id=554)"
"93842","572.582150104","192.168.15.4","192.168.15.3","MQTT","68","Disconnect Req"
"93858","573.585736165","192.168.15.4","192.168.15.3","MQTT","90","Connect Command"
"93860","573.588584339","192.168.15.4","192.168.15.3","MQTT","97","Publish Message (id=555) [Deviceb'Device - 2']"
"93862","573.593894887","192.168.15.3","192.168.15.4","MQTT","70","Connect Ack"
"93864","573.596385284","192.168.15.3","192.168.15.4","MQTT","70","Publish Ack (id=555)"
"93866","573.596895449","192.168.15.4","192.168.15.3","MQTT","68","Disconnect Req"
"93889","574.601239253","192.168.15.4","192.168.15.3","MQTT","90","Connect Command"
"93891","574.604046089","192.168.15.4","192.168.15.3","MQTT","97","Publish Message (id=556) [Deviceb'Device - 2']"
"93892","574.604459320","192.168.15.3","192.168.15.4","MQTT","70","Connect Ack"
"93895","574.606544742","192.168.15.3","192.168.15.4","MQTT","70","Publish Ack (id=556)"
"93897","574.607266276","192.168.15.4","192.168.15.3","MQTT","68","Disconnect Req"
"93922","575.611178517","192.168.15.4","192.168.15.3","MQTT","90","Connect Command"
"93924","575.614155514","192.168.15.4","192.168.15.3","MQTT","97","Publish Message (id=557) [Deviceb'Device - 2']"
"93925","575.614526706","192.168.15.3","192.168.15.4","MQTT","70","Connect Ack"
"93928","575.616902536","192.168.15.3","192.168.15.4","MQTT","70","Publish Ack (id=557)"
"93930","575.617780636","192.168.15.4","192.168.15.3","MQTT","68","Disconnect Req"
"93938","576.621400377","192.168.15.4","192.168.15.3","MQTT","90","Connect Command"
"93940","576.624390088","192.168.15.4","192.168.15.3","MQTT","97","Publish Message (id=558) [Deviceb'Device - 2']"
"93941","576.624831893","192.168.15.3","192.168.15.4","MQTT","70","Connect Ack"
"93944","576.626823949","192.168.15.3","192.168.15.4","MQTT","70","Publish Ack (id=558)"
"93946","576.627183588","192.168.15.4","192.168.15.3","MQTT","68","Disconnect Req"
"93958","577.631025780","192.168.15.4","192.168.15.3","MQTT","90","Connect Command"
"93960","577.634022724","192.168.15.4","192.168.15.3","MQTT","97","Publish Message (id=559) [Deviceb'Device - 2']"
"93961","577.634372756","192.168.15.3","192.168.15.4","MQTT","70","Connect Ack"
"93964","577.636931763","192.168.15.3","192.168.15.4","MQTT","70","Publish Ack (id=559)"
"93966","577.637458338","192.168.15.4","192.168.15.3","MQTT","68","Disconnect Req"
"93983","578.641489798","192.168.15.4","192.168.15.3","MQTT","90","Connect Command"
"93985","578.645026303","192.168.15.4","192.168.15.3","MQTT","97","Publish Message (id=560) [Deviceb'Device - 2']"
"93987","578.648640785","192.168.15.3","192.168.15.4","MQTT","70","Connect Ack"
"93989","578.651004984","192.168.15.3","192.168.15.4","MQTT","70","Publish Ack (id=560)"
"93991","578.651268682","192.168.15.4","192.168.15.3","MQTT","68","Disconnect Req"
"94009","579.654687125","192.168.15.4","192.168.15.3","MQTT","90","Connect Command"
"94011","579.658276619","192.168.15.4","192.168.15.3","MQTT","97","Publish Message (id=561) [Deviceb'Device - 2']"
"94012","579.658640658","192.168.15.3","192.168.15.4","MQTT","70","Connect Ack"
"94015","579.660795381","192.168.15.3","192.168.15.4","MQTT","70","Publish Ack (id=561)"
"94017","579.661472170","192.168.15.4","192.168.15.3","MQTT","68","Disconnect Req"
"94030","580.665464830","192.168.15.4","192.168.15.3","MQTT","90","Connect Command"
"94032","580.668401621","192.168.15.4","192.168.15.3","MQTT","97","Publish Message (id=562) [Deviceb'Device - 2']"
"94033","580.668741954","192.168.15.3","192.168.15.4","MQTT","70","Connect Ack"
"94036","580.671162099","192.168.15.3","192.168.15.4","MQTT","70","Publish Ack (id=562)"
"94038","580.671555753","192.168.15.4","192.168.15.3","MQTT","68","Disconnect Req"
"94050","581.676084345","192.168.15.4","192.168.15.3","MQTT","90","Connect Command"
"94052","581.679217608","192.168.15.4","192.168.15.3","MQTT","97","Publish Message (id=563) [Deviceb'Device - 2']"
"94053","581.679407547","192.168.15.3","192.168.15.4","MQTT","70","Connect Ack"
"94056","581.682136035","192.168.15.3","192.168.15.4","MQTT","70","Publish Ack (id=563)"
"94058","581.682739495","192.168.15.4","192.168.15.3","MQTT","68","Disconnect Req"
"94070","582.686471265","192.168.15.4","192.168.15.3","MQTT","90","Connect Command"
"94072","582.689462118","192.168.15.4","192.168.15.3","MQTT","97","Publish Message (id=564) [Deviceb'Device - 2']"
"94073","582.689887282","192.168.15.3","192.168.15.4","MQTT","70","Connect Ack"
"94076","582.691983474","192.168.15.3","192.168.15.4","MQTT","70","Publish Ack (id=564)"
"94078","582.692256490","192.168.15.4","192.168.15.3","MQTT","68","Disconnect Req"
"94094","583.696162889","192.168.15.4","192.168.15.3","MQTT","90","Connect Command"
"94096","583.699260494","192.168.15.4","192.168.15.3","MQTT","97","Publish Message (id=565) [Deviceb'Device - 2']"
"94098","583.703458660","192.168.15.3","192.168.15.4","MQTT","70","Connect Ack"
"94100","583.705931374","192.168.15.3","192.168.15.4","MQTT","70","Publish Ack (id=565)"
"94102","583.707590119","192.168.15.4","192.168.15.3","MQTT","68","Disconnect Req"
"94122","584.711895534","192.168.15.4","192.168.15.3","MQTT","90","Connect Command"
"94124","584.714906576","192.168.15.4","192.168.15.3","MQTT","97","Publish Message (id=566) [Deviceb'Device - 2']"
"94125","584.715252519","192.168.15.3","192.168.15.4","MQTT","70","Connect Ack"
"94128","584.717836444","192.168.15.3","192.168.15.4","MQTT","70","Publish Ack (id=566)"
"94130","584.718362668","192.168.15.4","192.168.15.3","MQTT","68","Disconnect Req"
"94142","585.722572943","192.168.15.4","192.168.15.3","MQTT","90","Connect Command"
"94144","585.725486120","192.168.15.4","192.168.15.3","MQTT","97","Publish Message (id=567) [Deviceb'Device - 2']"
"94145","585.725904541","192.168.15.3","192.168.15.4","MQTT","70","Connect Ack"
"94148","585.728382745","192.168.15.3","192.168.15.4","MQTT","70","Publish Ack (id=567)"
"94150","585.729083309","192.168.15.4","192.168.15.3","MQTT","68","Disconnect Req"
"95589","586.732310158","192.168.15.4","192.168.15.3","MQTT","90","Connect Command"
"95591","586.735322963","192.168.15.4","192.168.15.3","MQTT","97","Publish Message (id=568) [Deviceb'Device - 2']"
"95592","586.735708552","192.168.15.3","192.168.15.4","MQTT","70","Connect Ack"
"95595","586.738134277","192.168.15.3","192.168.15.4","MQTT","70","Publish Ack (id=568)"
"95597","586.738437981","192.168.15.4","192.168.15.3","MQTT","68","Disconnect Req"
"95605","587.742471436","192.168.15.4","192.168.15.3","MQTT","90","Connect Command"
"95607","587.745372250","192.168.15.4","192.168.15.3","MQTT","97","Publish Message (id=569) [Deviceb'Device - 2']"
"95608","587.745802132","192.168.15.3","192.168.15.4","MQTT","70","Connect Ack"
"95611","587.748178534","192.168.15.3","192.168.15.4","MQTT","70","Publish Ack (id=569)"
"95613","587.748619137","192.168.15.4","192.168.15.3","MQTT","68","Disconnect Req"
"95632","588.751971295","192.168.15.4","192.168.15.3","MQTT","90","Connect Command"
"95634","588.755054894","192.168.15.4","192.168.15.3","MQTT","97","Publish Message (id=570) [Deviceb'Device - 2']"
"95636","588.759264732","192.168.15.3","192.168.15.4","MQTT","70","Connect Ack"
"95638","588.761614633","192.168.15.3","192.168.15.4","MQTT","70","Publish Ack (id=570)"
"95640","588.761972630","192.168.15.4","192.168.15.3","MQTT","68","Disconnect Req"
"95652","589.766219721","192.168.15.4","192.168.15.3","MQTT","90","Connect Command"
"95654","589.769263404","192.168.15.4","192.168.15.3","MQTT","97","Publish Message (id=571) [Deviceb'Device - 2']"
"95655","589.769626460","192.168.15.3","192.168.15.4","MQTT","70","Connect Ack"
"95658","589.771763470","192.168.15.3","192.168.15.4","MQTT","70","Publish Ack (id=571)"
"95660","589.772147465","192.168.15.4","192.168.15.3","MQTT","68","Disconnect Req"
"95672","590.776049145","192.168.15.4","192.168.15.3","MQTT","90","Connect Command"
"95674","590.779065196","192.168.15.4","192.168.15.3","MQTT","97","Publish Message (id=572) [Deviceb'Device - 2']"
"95675","590.779444192","192.168.15.3","192.168.15.4","MQTT","70","Connect Ack"
"95678","590.781598004","192.168.15.3","192.168.15.4","MQTT","70","Publish Ack (id=572)"
"95680","590.781919040","192.168.15.4","192.168.15.3","MQTT","68","Disconnect Req"
"95692","591.785175572","192.168.15.4","192.168.15.3","MQTT","90","Connect Command"
"95694","591.788205209","192.168.15.4","192.168.15.3","MQTT","97","Publish Message (id=573) [Deviceb'Device - 2']"
"95695","591.789334033","192.168.15.3","192.168.15.4","MQTT","70","Connect Ack"
"95698","591.791050858","192.168.15.3","192.168.15.4","MQTT","70","Publish Ack (id=573)"
"95700","591.791367426","192.168.15.4","192.168.15.3","MQTT","68","Disconnect Req"
"95712","592.794602418","192.168.15.4","192.168.15.3","MQTT","90","Connect Command"
"95714","592.797614572","192.168.15.4","192.168.15.3","MQTT","97","Publish Message (id=574) [Deviceb'Device - 2']"
"95715","592.798036109","192.168.15.3","192.168.15.4","MQTT","70","Connect Ack"
"95718","592.800440994","192.168.15.3","192.168.15.4","MQTT","70","Publish Ack (id=574)"
"95720","592.800810493","192.168.15.4","192.168.15.3","MQTT","68","Disconnect Req"
"95737","593.804041978","192.168.15.4","192.168.15.3","MQTT","90","Connect Command"
"95739","593.807073128","192.168.15.4","192.168.15.3","MQTT","97","Publish Message (id=575) [Deviceb'Device - 2']"
"95741","593.811196492","192.168.15.3","192.168.15.4","MQTT","70","Connect Ack"
"95743","593.813634710","192.168.15.3","192.168.15.4","MQTT","70","Publish Ack (id=575)"
"95745","593.814083108","192.168.15.4","192.168.15.3","MQTT","68","Disconnect Req"
"95759","594.818104138","192.168.15.4","192.168.15.3","MQTT","90","Connect Command"
"95761","594.821131951","192.168.15.4","192.168.15.3","MQTT","97","Publish Message (id=576) [Deviceb'Device - 2']"
"95762","594.821537608","192.168.15.3","192.168.15.4","MQTT","70","Connect Ack"
"95765","594.823599615","192.168.15.3","192.168.15.4","MQTT","70","Publish Ack (id=576)"
"95767","594.823907187","192.168.15.4","192.168.15.3","MQTT","68","Disconnect Req"
"95789","595.827395520","192.168.15.4","192.168.15.3","MQTT","90","Connect Command"
"95791","595.830427762","192.168.15.4","192.168.15.3","MQTT","97","Publish Message (id=577) [Deviceb'Device - 2']"
"95792","595.830815775","192.168.15.3","192.168.15.4","MQTT","70","Connect Ack"
"95795","595.833228816","192.168.15.3","192.168.15.4","MQTT","70","Publish Ack (id=577)"
"95797","595.833554833","192.168.15.4","192.168.15.3","MQTT","68","Disconnect Req"
"95809","596.837741427","192.168.15.4","192.168.15.3","MQTT","90","Connect Command"
"95811","596.840691043","192.168.15.4","192.168.15.3","MQTT","97","Publish Message (id=578) [Deviceb'Device - 2']"
"95812","596.841052015","192.168.15.3","192.168.15.4","MQTT","70","Connect Ack"
"95815","596.843146194","192.168.15.3","192.168.15.4","MQTT","70","Publish Ack (id=578)"
"95817","596.843535620","192.168.15.4","192.168.15.3","MQTT","68","Disconnect Req"
"97219","597.846932513","192.168.15.4","192.168.15.3","MQTT","90","Connect Command"
"97221","597.849909180","192.168.15.4","192.168.15.3","MQTT","97","Publish Message (id=579) [Deviceb'Device - 2']"
"97222","597.850269711","192.168.15.3","192.168.15.4","MQTT","70","Connect Ack"
"97225","597.852724070","192.168.15.3","192.168.15.4","MQTT","70","Publish Ack (id=579)"
"97227","597.853158802","192.168.15.4","192.168.15.3","MQTT","68","Disconnect Req"
"97242","598.857408639","192.168.15.4","192.168.15.3","MQTT","90","Connect Command"
"97244","598.860422406","192.168.15.4","192.168.15.3","MQTT","97","Publish Message (id=580) [Deviceb'Device - 2']"
"97246","598.865023643","192.168.15.3","192.168.15.4","MQTT","70","Connect Ack"
"97248","598.867345863","192.168.15.3","192.168.15.4","MQTT","70","Publish Ack (id=580)"
"97250","598.867653244","192.168.15.4","192.168.15.3","MQTT","68","Disconnect Req"
"97262","599.871538933","192.168.15.4","192.168.15.3","MQTT","90","Connect Command"
"97264","599.874444826","192.168.15.4","192.168.15.3","MQTT","97","Publish Message (id=581) [Deviceb'Device - 2']"
"97265","599.875276678","192.168.15.3","192.168.15.4","MQTT","70","Connect Ack"
"97268","599.876897923","192.168.15.3","192.168.15.4","MQTT","70","Publish Ack (id=581)"
"97270","599.877237405","192.168.15.4","192.168.15.3","MQTT","68","Disconnect Req"
"97284","600.881085284","192.168.15.4","192.168.15.3","MQTT","90","Connect Command"
"97286","600.884110863","192.168.15.4","192.168.15.3","MQTT","97","Publish Message (id=582) [Deviceb'Device - 2']"
"97287","600.884540676","192.168.15.3","192.168.15.4","MQTT","70","Connect Ack"
"97290","600.887397886","192.168.15.3","192.168.15.4","MQTT","70","Publish Ack (id=582)"
"97292","600.887756805","192.168.15.4","192.168.15.3","MQTT","68","Disconnect Req"
"97304","601.891394909","192.168.15.4","192.168.15.3","MQTT","90","Connect Command"
"97306","601.894279021","192.168.15.4","192.168.15.3","MQTT","97","Publish Message (id=583) [Deviceb'Device - 2']"
"97307","601.894642578","192.168.15.3","192.168.15.4","MQTT","70","Connect Ack"
"97310","601.896813030","192.168.15.3","192.168.15.4","MQTT","70","Publish Ack (id=583)"
"97312","601.897380533","192.168.15.4","192.168.15.3","MQTT","68","Disconnect Req"
"97324","602.901254474","192.168.15.4","192.168.15.3","MQTT","90","Connect Command"
"97326","602.904153234","192.168.15.4","192.168.15.3","MQTT","97","Publish Message (id=584) [Deviceb'Device - 2']"
"97327","602.904491072","192.168.15.3","192.168.15.4","MQTT","70","Connect Ack"
"97330","602.907192418","192.168.15.3","192.168.15.4","MQTT","70","Publish Ack (id=584)"
"97332","602.907698004","192.168.15.4","192.168.15.3","MQTT","68","Disconnect Req"
"97350","603.911650134","192.168.15.4","192.168.15.3","MQTT","90","Connect Command"
"97352","603.914581024","192.168.15.4","192.168.15.3","MQTT","97","Publish Message (id=585) [Deviceb'Device - 2']"
"97354","603.918757589","192.168.15.3","192.168.15.4","MQTT","70","Connect Ack"
"97356","603.921181691","192.168.15.3","192.168.15.4","MQTT","70","Publish Ack (id=585)"
"97358","603.921590393","192.168.15.4","192.168.15.3","MQTT","68","Disconnect Req"
"97370","604.925329511","192.168.15.4","192.168.15.3","MQTT","90","Connect Command"
"97372","604.928780234","192.168.15.4","192.168.15.3","MQTT","97","Publish Message (id=586) [Deviceb'Device - 2']"
"97373","604.929116931","192.168.15.3","192.168.15.4","MQTT","70","Connect Ack"
"97376","604.931154452","192.168.15.3","192.168.15.4","MQTT","70","Publish Ack (id=586)"
"97378","604.931574927","192.168.15.4","192.168.15.3","MQTT","68","Disconnect Req"
"97391","605.936208647","192.168.15.4","192.168.15.3","MQTT","90","Connect Command"
"97393","605.939094733","192.168.15.4","192.168.15.3","MQTT","97","Publish Message (id=587) [Deviceb'Device - 2']"
"97394","605.939503736","192.168.15.3","192.168.15.4","MQTT","70","Connect Ack"
"97397","605.941628152","192.168.15.3","192.168.15.4","MQTT","70","Publish Ack (id=587)"
"97399","605.942039299","192.168.15.4","192.168.15.3","MQTT","68","Disconnect Req"
"97408","606.946850556","192.168.15.4","192.168.15.3","MQTT","90","Connect Command"
"97410","606.949661169","192.168.15.4","192.168.15.3","MQTT","97","Publish Message (id=588) [Deviceb'Device - 2']"
"97411","606.950133281","192.168.15.3","192.168.15.4","MQTT","70","Connect Ack"
"97415","606.952429502","192.168.15.3","192.168.15.4","MQTT","70","Publish Ack (id=588)"
"97417","606.953144213","192.168.15.4","192.168.15.3","MQTT","68","Disconnect Req"
"99316","607.957514648","192.168.15.4","192.168.15.3","MQTT","90","Connect Command"
"99318","607.963211205","192.168.15.4","192.168.15.3","MQTT","97","Publish Message (id=589) [Deviceb'Device - 2']"
"99319","607.964091680","192.168.15.3","192.168.15.4","MQTT","70","Connect Ack"
"99322","607.966099234","192.168.15.3","192.168.15.4","MQTT","70","Publish Ack (id=589)"
"99324","607.966828423","192.168.15.4","192.168.15.3","MQTT","68","Disconnect Req"
"99351","608.970931503","192.168.15.4","192.168.15.3","MQTT","90","Connect Command"
"99353","608.973788443","192.168.15.4","192.168.15.3","MQTT","97","Publish Message (id=590) [Deviceb'Device - 2']"
"99355","608.977875318","192.168.15.3","192.168.15.4","MQTT","70","Connect Ack"
"99357","608.980257281","192.168.15.3","192.168.15.4","MQTT","70","Publish Ack (id=590)"
"99359","608.981217676","192.168.15.4","192.168.15.3","MQTT","68","Disconnect Req"
"99371","609.985651564","192.168.15.4","192.168.15.3","MQTT","90","Connect Command"
"99373","609.988614324","192.168.15.4","192.168.15.3","MQTT","97","Publish Message (id=591) [Deviceb'Device - 2']"
"99374","609.988994854","192.168.15.3","192.168.15.4","MQTT","70","Connect Ack"
"99377","609.991456777","192.168.15.3","192.168.15.4","MQTT","70","Publish Ack (id=591)"
"99379","609.992268341","192.168.15.4","192.168.15.3","MQTT","68","Disconnect Req"
"99395","610.996322862","192.168.15.4","192.168.15.3","MQTT","90","Connect Command"
"99397","610.999268741","192.168.15.4","192.168.15.3","MQTT","97","Publish Message (id=592) [Deviceb'Device - 2']"
"99398","610.999613864","192.168.15.3","192.168.15.4","MQTT","70","Connect Ack"
"99401","611.002049928","192.168.15.3","192.168.15.4","MQTT","70","Publish Ack (id=592)"
"99403","611.002782754","192.168.15.4","192.168.15.3","MQTT","68","Disconnect Req"
"99418","612.006490389","192.168.15.4","192.168.15.3","MQTT","90","Connect Command"
"99420","612.009432330","192.168.15.4","192.168.15.3","MQTT","97","Publish Message (id=593) [Deviceb'Device - 2']"
"99421","612.009838007","192.168.15.3","192.168.15.4","MQTT","70","Connect Ack"
"99424","612.012274973","192.168.15.3","192.168.15.4","MQTT","70","Publish Ack (id=593)"
"99426","612.013116394","192.168.15.4","192.168.15.3","MQTT","68","Disconnect Req"
"99435","613.016535736","192.168.15.4","192.168.15.3","MQTT","90","Connect Command"
"99438","613.021258022","192.168.15.4","192.168.15.3","MQTT","97","Publish Message (id=594) [Deviceb'Device - 2']"
"99439","613.021603926","192.168.15.3","192.168.15.4","MQTT","70","Connect Ack"
"99442","613.023773467","192.168.15.3","192.168.15.4","MQTT","70","Publish Ack (id=594)"
"99444","613.024393439","192.168.15.4","192.168.15.3","MQTT","68","Disconnect Req"
"99458","614.028952287","192.168.15.4","192.168.15.3","MQTT","90","Connect Command"
"99460","614.031952248","192.168.15.4","192.168.15.3","MQTT","97","Publish Message (id=595) [Deviceb'Device - 2']"
"99462","614.036146145","192.168.15.3","192.168.15.4","MQTT","70","Connect Ack"
"99464","614.038511176","192.168.15.3","192.168.15.4","MQTT","70","Publish Ack (id=595)"
"99466","614.039208273","192.168.15.4","192.168.15.3","MQTT","68","Disconnect Req"
"99478","615.044365213","192.168.15.4","192.168.15.3","MQTT","90","Connect Command"
"99480","615.047333403","192.168.15.4","192.168.15.3","MQTT","97","Publish Message (id=596) [Deviceb'Device - 2']"
"99481","615.047740062","192.168.15.3","192.168.15.4","MQTT","70","Connect Ack"
"99484","615.050985677","192.168.15.3","192.168.15.4","MQTT","70","Publish Ack (id=596)"
"99486","615.051768897","192.168.15.4","192.168.15.3","MQTT","68","Disconnect Req"
"99524","616.056150622","192.168.15.4","192.168.15.3","MQTT","90","Connect Command"
"99526","616.059664594","192.168.15.3","192.168.15.4","MQTT","70","Connect Ack"
"99527","616.059706924","192.168.15.4","192.168.15.3","MQTT","97","Publish Message (id=597) [Deviceb'Device - 2']"
"99530","616.062113103","192.168.15.3","192.168.15.4","MQTT","70","Publish Ack (id=597)"
"99532","616.062845137","192.168.15.4","192.168.15.3","MQTT","68","Disconnect Req"
"99544","617.066927898","192.168.15.4","192.168.15.3","MQTT","90","Connect Command"
"99546","617.069686172","192.168.15.4","192.168.15.3","MQTT","97","Publish Message (id=598) [Deviceb'Device - 2']"
"99547","617.070138567","192.168.15.3","192.168.15.4","MQTT","70","Connect Ack"
"99550","617.072539785","192.168.15.3","192.168.15.4","MQTT","70","Publish Ack (id=598)"
"99552","617.073247423","192.168.15.4","192.168.15.3","MQTT","68","Disconnect Req"
"99564","618.077227360","192.168.15.4","192.168.15.3","MQTT","90","Connect Command"
"99566","618.080028154","192.168.15.4","192.168.15.3","MQTT","97","Publish Message (id=599) [Deviceb'Device - 2']"
"99567","618.080416108","192.168.15.3","192.168.15.4","MQTT","70","Connect Ack"
"99570","618.082775788","192.168.15.3","192.168.15.4","MQTT","70","Publish Ack (id=599)"
"99572","618.083531486","192.168.15.4","192.168.15.3","MQTT","68","Disconnect Req"
"101029","619.087618177","192.168.15.4","192.168.15.3","MQTT","90","Connect Command"
"101031","619.090661199","192.168.15.4","192.168.15.3","MQTT","97","Publish Message (id=600) [Deviceb'Device - 2']"
"101033","619.094878010","192.168.15.3","192.168.15.4","MQTT","70","Connect Ack"
"101035","619.097173750","192.168.15.3","192.168.15.4","MQTT","70","Publish Ack (id=600)"
"101037","619.097530815","192.168.15.4","192.168.15.3","MQTT","68","Disconnect Req"
"101049","620.101668374","192.168.15.4","192.168.15.3","MQTT","90","Connect Command"
"101051","620.105217142","192.168.15.4","192.168.15.3","MQTT","97","Publish Message (id=601) [Deviceb'Device - 2']"
"101052","620.105444832","192.168.15.3","192.168.15.4","MQTT","70","Connect Ack"
"101055","620.107757884","192.168.15.3","192.168.15.4","MQTT","70","Publish Ack (id=601)"
"101057","620.108240988","192.168.15.4","192.168.15.3","MQTT","68","Disconnect Req"
"101072","621.112415707","192.168.15.4","192.168.15.3","MQTT","90","Connect Command"
"101076","621.115312542","192.168.15.4","192.168.15.3","MQTT","97","Publish Message (id=602) [Deviceb'Device - 2']"
"101077","621.115661462","192.168.15.3","192.168.15.4","MQTT","70","Connect Ack"
"101082","621.117824791","192.168.15.3","192.168.15.4","MQTT","70","Publish Ack (id=602)"
"101085","621.118465552","192.168.15.4","192.168.15.3","MQTT","68","Disconnect Req"
"101102","622.122452839","192.168.15.4","192.168.15.3","MQTT","90","Connect Command"
"101104","622.125396974","192.168.15.4","192.168.15.3","MQTT","97","Publish Message (id=603) [Deviceb'Device - 2']"
"101105","622.125815705","192.168.15.3","192.168.15.4","MQTT","70","Connect Ack"
"101108","622.128292387","192.168.15.3","192.168.15.4","MQTT","70","Publish Ack (id=603)"
"101110","622.128969847","192.168.15.4","192.168.15.3","MQTT","68","Disconnect Req"
"101122","623.132480053","192.168.15.4","192.168.15.3","MQTT","90","Connect Command"
"101124","623.137125444","192.168.15.4","192.168.15.3","MQTT","97","Publish Message (id=604) [Deviceb'Device - 2']"
"101125","623.137514028","192.168.15.3","192.168.15.4","MQTT","70","Connect Ack"
"101128","623.139921258","192.168.15.3","192.168.15.4","MQTT","70","Publish Ack (id=604)"
"101130","623.140689451","192.168.15.4","192.168.15.3","MQTT","68","Disconnect Req"
"101154","624.145195400","192.168.15.4","192.168.15.3","MQTT","90","Connect Command"
"101156","624.147777530","192.168.15.4","192.168.15.3","MQTT","97","Publish Message (id=605) [Deviceb'Device - 2']"
"101158","624.151933547","192.168.15.3","192.168.15.4","MQTT","70","Connect Ack"
"101160","624.154259353","192.168.15.3","192.168.15.4","MQTT","70","Publish Ack (id=605)"
"101162","624.154916726","192.168.15.4","192.168.15.3","MQTT","68","Disconnect Req"
"101184","625.159477569","192.168.15.4","192.168.15.3","MQTT","90","Connect Command"
"101186","625.162376469","192.168.15.4","192.168.15.3","MQTT","97","Publish Message (id=606) [Deviceb'Device - 2']"
"101187","625.162725018","192.168.15.3","192.168.15.4","MQTT","70","Connect Ack"
"101190","625.165239240","192.168.15.3","192.168.15.4","MQTT","70","Publish Ack (id=606)"
"101192","625.165891423","192.168.15.4","192.168.15.3","MQTT","68","Disconnect Req"
"101204","626.170127133","192.168.15.4","192.168.15.3","MQTT","90","Connect Command"
"101206","626.173012217","192.168.15.4","192.168.15.3","MQTT","97","Publish Message (id=607) [Deviceb'Device - 2']"
"101207","626.173414016","192.168.15.3","192.168.15.4","MQTT","70","Connect Ack"
"101210","626.175503736","192.168.15.3","192.168.15.4","MQTT","70","Publish Ack (id=607)"
"101212","626.176203098","192.168.15.4","192.168.15.3","MQTT","68","Disconnect Req"
"101226","627.180179589","192.168.15.4","192.168.15.3","MQTT","90","Connect Command"
"101228","627.183015480","192.168.15.4","192.168.15.3","MQTT","97","Publish Message (id=608) [Deviceb'Device - 2']"
"101229","627.183416327","192.168.15.3","192.168.15.4","MQTT","70","Connect Ack"
"101232","627.187365322","192.168.15.3","192.168.15.4","MQTT","70","Publish Ack (id=608)"
"101234","627.188124828","192.168.15.4","192.168.15.3","MQTT","68","Disconnect Req"
"101249","628.191795001","192.168.15.4","192.168.15.3","MQTT","90","Connect Command"
"101251","628.194707928","192.168.15.4","192.168.15.3","MQTT","97","Publish Message (id=609) [Deviceb'Device - 2']"
"101252","628.195117522","192.168.15.3","192.168.15.4","MQTT","70","Connect Ack"
"101255","628.197210177","192.168.15.3","192.168.15.4","MQTT","70","Publish Ack (id=609)"
"101257","628.197923957","192.168.15.4","192.168.15.3","MQTT","68","Disconnect Req"
"101269","629.201710801","192.168.15.4","192.168.15.3","MQTT","90","Connect Command"
"101271","629.204621293","192.168.15.4","192.168.15.3","MQTT","97","Publish Message (id=610) [Deviceb'Device - 2']"
"101273","629.208842552","192.168.15.3","192.168.15.4","MQTT","70","Connect Ack"
"101275","629.211138412","192.168.15.3","192.168.15.4","MQTT","70","Publish Ack (id=610)"
"101277","629.211944235","192.168.15.4","192.168.15.3","MQTT","68","Disconnect Req"
"102839","630.216356945","192.168.15.4","192.168.15.3","MQTT","90","Connect Command"
"102841","630.223253000","192.168.15.4","192.168.15.3","MQTT","97","Publish Message (id=611) [Deviceb'Device - 2']"
"102842","630.223270503","192.168.15.3","192.168.15.4","MQTT","70","Connect Ack"
"102845","630.226039127","192.168.15.3","192.168.15.4","MQTT","70","Publish Ack (id=611)"
"102847","630.226591220","192.168.15.4","192.168.15.3","MQTT","68","Disconnect Req"
"102859","631.231183820","192.168.15.4","192.168.15.3","MQTT","90","Connect Command"
"102861","631.234081037","192.168.15.4","192.168.15.3","MQTT","97","Publish Message (id=612) [Deviceb'Device - 2']"
"102862","631.234469351","192.168.15.3","192.168.15.4","MQTT","70","Connect Ack"
"102865","631.236931625","192.168.15.3","192.168.15.4","MQTT","70","Publish Ack (id=612)"
"102867","631.237711920","192.168.15.4","192.168.15.3","MQTT","68","Disconnect Req"
"102884","632.242468562","192.168.15.4","192.168.15.3","MQTT","90","Connect Command"
"102886","632.245381329","192.168.15.4","192.168.15.3","MQTT","97","Publish Message (id=613) [Deviceb'Device - 2']"
"102887","632.245724598","192.168.15.3","192.168.15.4","MQTT","70","Connect Ack"
"102890","632.248140554","192.168.15.3","192.168.15.4","MQTT","70","Publish Ack (id=613)"
"102892","632.248898257","192.168.15.4","192.168.15.3","MQTT","68","Disconnect Req"
"102917","633.253064583","192.168.15.4","192.168.15.3","MQTT","90","Connect Command"
"102919","633.256008678","192.168.15.4","192.168.15.3","MQTT","97","Publish Message (id=614) [Deviceb'Device - 2']"
"102920","633.256384038","192.168.15.3","192.168.15.4","MQTT","70","Connect Ack"
"102923","633.258486452","192.168.15.3","192.168.15.4","MQTT","70","Publish Ack (id=614)"
"102925","633.259227643","192.168.15.4","192.168.15.3","MQTT","68","Disconnect Req"
"102961","634.263151192","192.168.15.4","192.168.15.3","MQTT","90","Connect Command"
"102963","634.266093213","192.168.15.4","192.168.15.3","MQTT","97","Publish Message (id=615) [Deviceb'Device - 2']"
"102965","634.270383873","192.168.15.3","192.168.15.4","MQTT","70","Connect Ack"
"102967","634.272822764","192.168.15.3","192.168.15.4","MQTT","70","Publish Ack (id=615)"
"102969","634.273702597","192.168.15.4","192.168.15.3","MQTT","68","Disconnect Req"
"103025","635.278226451","192.168.15.4","192.168.15.3","MQTT","90","Connect Command"
"103027","635.281166369","192.168.15.4","192.168.15.3","MQTT","97","Publish Message (id=616) [Deviceb'Device - 2']"
"103028","635.281564641","192.168.15.3","192.168.15.4","MQTT","70","Connect Ack"
"103031","635.284024150","192.168.15.3","192.168.15.4","MQTT","70","Publish Ack (id=616)"
"103033","635.284850563","192.168.15.4","192.168.15.3","MQTT","68","Disconnect Req"
"103046","636.289221710","192.168.15.4","192.168.15.3","MQTT","90","Connect Command"
"103048","636.292015551","192.168.15.4","192.168.15.3","MQTT","97","Publish Message (id=617) [Deviceb'Device - 2']"
"103049","636.292369079","192.168.15.3","192.168.15.4","MQTT","70","Connect Ack"
"103052","636.294456976","192.168.15.3","192.168.15.4","MQTT","70","Publish Ack (id=617)"
"103054","636.295164102","192.168.15.4","192.168.15.3","MQTT","68","Disconnect Req"
"103066","637.298828665","192.168.15.4","192.168.15.3","MQTT","90","Connect Command"
"103068","637.301802306","192.168.15.4","192.168.15.3","MQTT","97","Publish Message (id=618) [Deviceb'Device - 2']"
"103069","637.302156956","192.168.15.3","192.168.15.4","MQTT","70","Connect Ack"
"103072","637.304714571","192.168.15.3","192.168.15.4","MQTT","70","Publish Ack (id=618)"
"103074","637.305532717","192.168.15.4","192.168.15.3","MQTT","68","Disconnect Req"
"103089","638.312697667","192.168.15.4","192.168.15.3","MQTT","90","Connect Command"
"103091","638.315485817","192.168.15.4","192.168.15.3","MQTT","97","Publish Message (id=619) [Deviceb'Device - 2']"
"103092","638.315870644","192.168.15.3","192.168.15.4","MQTT","70","Connect Ack"
"103095","638.318573433","192.168.15.3","192.168.15.4","MQTT","70","Publish Ack (id=619)"
"103097","638.319366623","192.168.15.4","192.168.15.3","MQTT","68","Disconnect Req"
"103113","639.323773942","192.168.15.4","192.168.15.3","MQTT","90","Connect Command"
"103115","639.326034034","192.168.15.4","192.168.15.3","MQTT","97","Publish Message (id=620) [Deviceb'Device - 2']"
"103117","639.330201822","192.168.15.3","192.168.15.4","MQTT","70","Connect Ack"
"103119","639.332620875","192.168.15.3","192.168.15.4","MQTT","70","Publish Ack (id=620)"
"103121","639.333583585","192.168.15.4","192.168.15.3","MQTT","68","Disconnect Req"
"103133","640.337806056","192.168.15.4","192.168.15.3","MQTT","90","Connect Command"
"103135","640.340718601","192.168.15.4","192.168.15.3","MQTT","97","Publish Message (id=621) [Deviceb'Device - 2']"
"103136","640.341102106","192.168.15.3","192.168.15.4","MQTT","70","Connect Ack"
"103139","640.343234918","192.168.15.3","192.168.15.4","MQTT","70","Publish Ack (id=621)"
"103141","640.344094372","192.168.15.4","192.168.15.3","MQTT","68","Disconnect Req"
"105179","641.348110273","192.168.15.4","192.168.15.3","MQTT","90","Connect Command"
"105181","641.351098622","192.168.15.4","192.168.15.3","MQTT","97","Publish Message (id=622) [Deviceb'Device - 2']"
"105182","641.351514568","192.168.15.3","192.168.15.4","MQTT","70","Connect Ack"
"105185","641.353878747","192.168.15.3","192.168.15.4","MQTT","70","Publish Ack (id=622)"
"105187","641.354619497","192.168.15.4","192.168.15.3","MQTT","68","Disconnect Req"
"105201","642.359317148","192.168.15.4","192.168.15.3","MQTT","90","Connect Command"
"105203","642.362224975","192.168.15.4","192.168.15.3","MQTT","97","Publish Message (id=623) [Deviceb'Device - 2']"
"105204","642.362580748","192.168.15.3","192.168.15.4","MQTT","70","Connect Ack"
"105207","642.365108085","192.168.15.3","192.168.15.4","MQTT","70","Publish Ack (id=623)"
"105209","642.365791647","192.168.15.4","192.168.15.3","MQTT","68","Disconnect Req"
"105224","643.369562195","192.168.15.4","192.168.15.3","MQTT","90","Connect Command"
"105226","643.372514566","192.168.15.4","192.168.15.3","MQTT","97","Publish Message (id=624) [Deviceb'Device - 2']"
"105227","643.372896247","192.168.15.3","192.168.15.4","MQTT","70","Connect Ack"
"105230","643.375317865","192.168.15.3","192.168.15.4","MQTT","70","Publish Ack (id=624)"
"105232","643.375952545","192.168.15.4","192.168.15.3","MQTT","68","Disconnect Req"
"105241","644.380264168","192.168.15.4","192.168.15.3","MQTT","90","Connect Command"
"105243","644.391628649","192.168.15.4","192.168.15.3","MQTT","97","Publish Message (id=625) [Deviceb'Device - 2']"
"105245","644.395701759","192.168.15.3","192.168.15.4","MQTT","70","Connect Ack"
"105247","644.398354954","192.168.15.3","192.168.15.4","MQTT","70","Publish Ack (id=625)"
"105249","644.398906977","192.168.15.4","192.168.15.3","MQTT","68","Disconnect Req"
"105261","645.406655869","192.168.15.4","192.168.15.3","MQTT","90","Connect Command"
"105263","645.417840892","192.168.15.4","192.168.15.3","MQTT","97","Publish Message (id=626) [Deviceb'Device - 2']"
"105264","645.418215179","192.168.15.3","192.168.15.4","MQTT","70","Connect Ack"
"105267","645.420638731","192.168.15.3","192.168.15.4","MQTT","70","Publish Ack (id=626)"
"105269","645.421298598","192.168.15.4","192.168.15.3","MQTT","68","Disconnect Req"
"105281","646.425455061","192.168.15.4","192.168.15.3","MQTT","90","Connect Command"
"105283","646.428343231","192.168.15.4","192.168.15.3","MQTT","97","Publish Message (id=627) [Deviceb'Device - 2']"
"105284","646.428753927","192.168.15.3","192.168.15.4","MQTT","70","Connect Ack"
"105287","646.431130159","192.168.15.3","192.168.15.4","MQTT","70","Publish Ack (id=627)"
"105289","646.431751423","192.168.15.4","192.168.15.3","MQTT","68","Disconnect Req"
"105301","647.435547775","192.168.15.4","192.168.15.3","MQTT","90","Connect Command"
"105303","647.438370371","192.168.15.4","192.168.15.3","MQTT","97","Publish Message (id=628) [Deviceb'Device - 2']"
"105304","647.438831623","192.168.15.3","192.168.15.4","MQTT","70","Connect Ack"
"105307","647.441216000","192.168.15.3","192.168.15.4","MQTT","70","Publish Ack (id=628)"
"105309","647.441906916","192.168.15.4","192.168.15.3","MQTT","68","Disconnect Req"
"105324","648.446527278","192.168.15.4","192.168.15.3","MQTT","90","Connect Command"
"105326","648.449432179","192.168.15.4","192.168.15.3","MQTT","97","Publish Message (id=629) [Deviceb'Device - 2']"
"105327","648.449797159","192.168.15.3","192.168.15.4","MQTT","70","Connect Ack"
"105330","648.451918198","192.168.15.3","192.168.15.4","MQTT","70","Publish Ack (id=629)"
"105332","648.452571904","192.168.15.4","192.168.15.3","MQTT","68","Disconnect Req"
"105340","649.457002577","192.168.15.4","192.168.15.3","MQTT","90","Connect Command"
"105342","649.459864687","192.168.15.4","192.168.15.3","MQTT","97","Publish Message (id=630) [Deviceb'Device - 2']"
"105343","649.460296713","192.168.15.3","192.168.15.4","MQTT","70","Connect Ack"
"105346","649.462739691","192.168.15.3","192.168.15.4","MQTT","70","Publish Ack (id=630)"
"105348","649.463343543","192.168.15.4","192.168.15.3","MQTT","68","Disconnect Req"
"107004","650.468101465","192.168.15.4","192.168.15.3","MQTT","90","Connect Command"
"107006","650.471002579","192.168.15.4","192.168.15.3","MQTT","97","Publish Message (id=631) [Deviceb'Device - 2']"
"107007","650.471402615","192.168.15.3","192.168.15.4","MQTT","70","Connect Ack"
"107010","650.473714135","192.168.15.3","192.168.15.4","MQTT","70","Publish Ack (id=631)"
"107012","650.474267360","192.168.15.4","192.168.15.3","MQTT","68","Disconnect Req"
"107025","651.478574172","192.168.15.4","192.168.15.3","MQTT","90","Connect Command"
"107027","651.481395165","192.168.15.4","192.168.15.3","MQTT","97","Publish Message (id=632) [Deviceb'Device - 2']"
"107030","651.481744775","192.168.15.3","192.168.15.4","MQTT","70","Connect Ack"
"107033","651.484192623","192.168.15.3","192.168.15.4","MQTT","70","Publish Ack (id=632)"
"107035","651.484858331","192.168.15.4","192.168.15.3","MQTT","68","Disconnect Req"
"107051","652.489643719","192.168.15.4","192.168.15.3","MQTT","90","Connect Command"
"107053","652.492550604","192.168.15.4","192.168.15.3","MQTT","97","Publish Message (id=633) [Deviceb'Device - 2']"
"107054","652.492888072","192.168.15.3","192.168.15.4","MQTT","70","Connect Ack"
"107057","652.495253413","192.168.15.3","192.168.15.4","MQTT","70","Publish Ack (id=633)"
"107059","652.495884235","192.168.15.4","192.168.15.3","MQTT","68","Disconnect Req"
"107081","653.500681797","192.168.15.4","192.168.15.3","MQTT","90","Connect Command"
"107083","653.503574034","192.168.15.4","192.168.15.3","MQTT","97","Publish Message (id=634) [Deviceb'Device - 2']"
"107084","653.504000450","192.168.15.3","192.168.15.4","MQTT","70","Connect Ack"
"107087","653.506244833","192.168.15.3","192.168.15.4","MQTT","70","Publish Ack (id=634)"
"107089","653.507012163","192.168.15.4","192.168.15.3","MQTT","68","Disconnect Req"
"107105","654.511416611","192.168.15.4","192.168.15.3","MQTT","90","Connect Command"
"107107","654.514331270","192.168.15.4","192.168.15.3","MQTT","97","Publish Message (id=635) [Deviceb'Device - 2']"
"107109","654.518631539","192.168.15.3","192.168.15.4","MQTT","70","Connect Ack"
"107111","654.521084696","192.168.15.3","192.168.15.4","MQTT","70","Publish Ack (id=635)"
"107113","654.521531871","192.168.15.4","192.168.15.3","MQTT","68","Disconnect Req"
"107157","655.525863875","192.168.15.4","192.168.15.3","MQTT","90","Connect Command"
"107159","655.528650903","192.168.15.4","192.168.15.3","MQTT","97","Publish Message (id=636) [Deviceb'Device - 2']"
"107160","655.528983802","192.168.15.3","192.168.15.4","MQTT","70","Connect Ack"
"107163","655.531433052","192.168.15.3","192.168.15.4","MQTT","70","Publish Ack (id=636)"
"107165","655.532227123","192.168.15.4","192.168.15.3","MQTT","68","Disconnect Req"
"107175","656.538324646","192.168.15.4","192.168.15.3","MQTT","90","Connect Command"
"107177","656.541249836","192.168.15.4","192.168.15.3","MQTT","97","Publish Message (id=637) [Deviceb'Device - 2']"
"107178","656.541652146","192.168.15.3","192.168.15.4","MQTT","70","Connect Ack"
"107181","656.543776812","192.168.15.3","192.168.15.4","MQTT","70","Publish Ack (id=637)"
"107183","656.544404439","192.168.15.4","192.168.15.3","MQTT","68","Disconnect Req"
"107196","657.548159232","192.168.15.4","192.168.15.3","MQTT","90","Connect Command"
"107198","657.551087217","192.168.15.4","192.168.15.3","MQTT","97","Publish Message (id=638) [Deviceb'Device - 2']"
"107199","657.551445805","192.168.15.3","192.168.15.4","MQTT","70","Connect Ack"
"107202","657.553877221","192.168.15.3","192.168.15.4","MQTT","70","Publish Ack (id=638)"
"107204","657.554515277","192.168.15.4","192.168.15.3","MQTT","68","Disconnect Req"
"107225","658.559664087","192.168.15.4","192.168.15.3","MQTT","90","Connect Command"
"107227","658.562746183","192.168.15.4","192.168.15.3","MQTT","97","Publish Message (id=639) [Deviceb'Device - 2']"
"107228","658.563161368","192.168.15.3","192.168.15.4","MQTT","70","Connect Ack"
"107231","658.565239406","192.168.15.3","192.168.15.4","MQTT","70","Publish Ack (id=639)"
"107233","658.566075336","192.168.15.4","192.168.15.3","MQTT","68","Disconnect Req"
"107248","659.570290793","192.168.15.4","192.168.15.3","MQTT","90","Connect Command"
"107250","659.573289962","192.168.15.4","192.168.15.3","MQTT","97","Publish Message (id=640) [Deviceb'Device - 2']"
"107252","659.577365516","192.168.15.3","192.168.15.4","MQTT","70","Connect Ack"
"107254","659.580185808","192.168.15.3","192.168.15.4","MQTT","70","Publish Ack (id=640)"
"107256","659.580580043","192.168.15.4","192.168.15.3","MQTT","68","Disconnect Req"
"107279","660.583778268","192.168.15.4","192.168.15.3","MQTT","90","Connect Command"
"107281","660.586852148","192.168.15.4","192.168.15.3","MQTT","97","Publish Message (id=641) [Deviceb'Device - 2']"
"107282","660.587261031","192.168.15.3","192.168.15.4","MQTT","70","Connect Ack"
"107285","660.589679924","192.168.15.3","192.168.15.4","MQTT","70","Publish Ack (id=641)"
"107287","660.590212580","192.168.15.4","192.168.15.3","MQTT","68","Disconnect Req"
"109551","661.593935067","192.168.15.4","192.168.15.3","MQTT","90","Connect Command"
"109553","661.599194970","192.168.15.4","192.168.15.3","MQTT","97","Publish Message (id=642) [Deviceb'Device - 2']"
"109554","661.599210099","192.168.15.3","192.168.15.4","MQTT","70","Connect Ack"
"109557","661.602010302","192.168.15.3","192.168.15.4","MQTT","70","Publish Ack (id=642)"
"109559","661.602767584","192.168.15.4","192.168.15.3","MQTT","68","Disconnect Req"
"109576","662.606844070","192.168.15.4","192.168.15.3","MQTT","90","Connect Command"
"109578","662.609774640","192.168.15.4","192.168.15.3","MQTT","97","Publish Message (id=643) [Deviceb'Device - 2']"
"109579","662.610204232","192.168.15.3","192.168.15.4","MQTT","70","Connect Ack"
"109583","662.612616612","192.168.15.3","192.168.15.4","MQTT","70","Publish Ack (id=643)"
"109585","662.613734465","192.168.15.4","192.168.15.3","MQTT","68","Disconnect Req"
"109611","663.617716414","192.168.15.4","192.168.15.3","MQTT","90","Connect Command"
"109613","663.620603711","192.168.15.4","192.168.15.3","MQTT","97","Publish Message (id=644) [Deviceb'Device - 2']"
"109614","663.620946369","192.168.15.3","192.168.15.4","MQTT","70","Connect Ack"
"109617","663.623096814","192.168.15.3","192.168.15.4","MQTT","70","Publish Ack (id=644)"
"109619","663.623769556","192.168.15.4","192.168.15.3","MQTT","68","Disconnect Req"
"109658","664.628919415","192.168.15.4","192.168.15.3","MQTT","90","Connect Command"
"109660","664.631827622","192.168.15.4","192.168.15.3","MQTT","97","Publish Message (id=645) [Deviceb'Device - 2']"
"109662","664.636142348","192.168.15.3","192.168.15.4","MQTT","70","Connect Ack"
"109664","664.638441154","192.168.15.3","192.168.15.4","MQTT","70","Publish Ack (id=645)"
"109666","664.638808849","192.168.15.4","192.168.15.3","MQTT","68","Disconnect Req"
"109688","665.642762968","192.168.15.4","192.168.15.3","MQTT","90","Connect Command"
"109690","665.646179126","192.168.15.4","192.168.15.3","MQTT","97","Publish Message (id=646) [Deviceb'Device - 2']"
"109691","665.646522325","192.168.15.3","192.168.15.4","MQTT","70","Connect Ack"
"109694","665.648633155","192.168.15.3","192.168.15.4","MQTT","70","Publish Ack (id=646)"
"109696","665.649139351","192.168.15.4","192.168.15.3","MQTT","68","Disconnect Req"
"109708","666.653499278","192.168.15.4","192.168.15.3","MQTT","90","Connect Command"
"109710","666.657894236","192.168.15.4","192.168.15.3","MQTT","97","Publish Message (id=647) [Deviceb'Device - 2']"
"109711","666.658245780","192.168.15.3","192.168.15.4","MQTT","70","Connect Ack"
"109714","666.660455307","192.168.15.3","192.168.15.4","MQTT","70","Publish Ack (id=647)"
"109716","666.660926558","192.168.15.4","192.168.15.3","MQTT","68","Disconnect Req"
"109726","667.664262350","192.168.15.4","192.168.15.3","MQTT","90","Connect Command"
"109733","667.667240600","192.168.15.4","192.168.15.3","MQTT","97","Publish Message (id=648) [Deviceb'Device - 2']"
"109735","667.667878395","192.168.15.3","192.168.15.4","MQTT","70","Connect Ack"
"109738","667.670032517","192.168.15.3","192.168.15.4","MQTT","70","Publish Ack (id=648)"
"109740","667.670686213","192.168.15.4","192.168.15.3","MQTT","68","Disconnect Req"
"109787","668.675214658","192.168.15.4","192.168.15.3","MQTT","90","Connect Command"
"109789","668.677941773","192.168.15.4","192.168.15.3","MQTT","97","Publish Message (id=649) [Deviceb'Device - 2']"
"109790","668.677960849","192.168.15.3","192.168.15.4","MQTT","70","Connect Ack"
"109793","668.680782002","192.168.15.3","192.168.15.4","MQTT","70","Publish Ack (id=649)"
"109795","668.681256689","192.168.15.4","192.168.15.3","MQTT","68","Disconnect Req"
"109807","669.685177510","192.168.15.4","192.168.15.3","MQTT","90","Connect Command"
"109809","669.688203290","192.168.15.4","192.168.15.3","MQTT","97","Publish Message (id=650) [Deviceb'Device - 2']"
"109811","669.692493740","192.168.15.3","192.168.15.4","MQTT","70","Connect Ack"
"109813","669.694924605","192.168.15.3","192.168.15.4","MQTT","70","Publish Ack (id=650)"
"109815","669.695381909","192.168.15.4","192.168.15.3","MQTT","68","Disconnect Req"
"109829","670.699381219","192.168.15.4","192.168.15.3","MQTT","90","Connect Command"
"109831","670.702377753","192.168.15.4","192.168.15.3","MQTT","97","Publish Message (id=651) [Deviceb'Device - 2']"
"109832","670.702769143","192.168.15.3","192.168.15.4","MQTT","70","Connect Ack"
"109835","670.705298695","192.168.15.3","192.168.15.4","MQTT","70","Publish Ack (id=651)"
"109837","670.705622967","192.168.15.4","192.168.15.3","MQTT","68","Disconnect Req"
"109857","671.709400597","192.168.15.4","192.168.15.3","MQTT","90","Connect Command"
"109859","671.712360622","192.168.15.4","192.168.15.3","MQTT","97","Publish Message (id=652) [Deviceb'Device - 2']"
"109860","671.712735992","192.168.15.3","192.168.15.4","MQTT","70","Connect Ack"
"109863","671.714719050","192.168.15.3","192.168.15.4","MQTT","70","Publish Ack (id=652)"
"109865","671.715411559","192.168.15.4","192.168.15.3","MQTT","68","Disconnect Req"
"109877","672.720579170","192.168.15.4","192.168.15.3","MQTT","90","Connect Command"
"109879","672.724834243","192.168.15.4","192.168.15.3","MQTT","97","Publish Message (id=653) [Deviceb'Device - 2']"
"109880","672.725183604","192.168.15.3","192.168.15.4","MQTT","70","Connect Ack"
"109883","672.727410633","192.168.15.3","192.168.15.4","MQTT","70","Publish Ack (id=653)"
"109885","672.727936938","192.168.15.4","192.168.15.3","MQTT","68","Disconnect Req"
"109900","673.732191733","192.168.15.4","192.168.15.3","MQTT","90","Connect Command"
"109902","673.735614393","192.168.15.4","192.168.15.3","MQTT","97","Publish Message (id=654) [Deviceb'Device - 2']"
"109903","673.735977028","192.168.15.3","192.168.15.4","MQTT","70","Connect Ack"
"109906","673.738062751","192.168.15.3","192.168.15.4","MQTT","70","Publish Ack (id=654)"
"109908","673.738718631","192.168.15.4","192.168.15.3","MQTT","68","Disconnect Req"
"109921","674.742354708","192.168.15.4","192.168.15.3","MQTT","90","Connect Command"
"109923","674.746108263","192.168.15.4","192.168.15.3","MQTT","97","Publish Message (id=655) [Deviceb'Device - 2']"
"109925","674.750029145","192.168.15.3","192.168.15.4","MQTT","70","Connect Ack"
"109927","674.752412120","192.168.15.3","192.168.15.4","MQTT","70","Publish Ack (id=655)"
"109929","674.752678854","192.168.15.4","192.168.15.3","MQTT","68","Disconnect Req"
"109942","675.756684198","192.168.15.4","192.168.15.3","MQTT","90","Connect Command"
"109944","675.759698966","192.168.15.4","192.168.15.3","MQTT","97","Publish Message (id=656) [Deviceb'Device - 2']"
"109945","675.760134159","192.168.15.3","192.168.15.4","MQTT","70","Connect Ack"
"109948","675.762178173","192.168.15.3","192.168.15.4","MQTT","70","Publish Ack (id=656)"
"109950","675.762469915","192.168.15.4","192.168.15.3","MQTT","68","Disconnect Req"
"109970","676.766513403","192.168.15.4","192.168.15.3","MQTT","90","Connect Command"
"109972","676.769367528","192.168.15.4","192.168.15.3","MQTT","97","Publish Message (id=657) [Deviceb'Device - 2']"
"109973","676.769823009","192.168.15.3","192.168.15.4","MQTT","70","Connect Ack"
"109976","676.774788265","192.168.15.3","192.168.15.4","MQTT","70","Publish Ack (id=657)"
"109978","676.775226413","192.168.15.4","192.168.15.3","MQTT","68","Disconnect Req"
"110394","677.782829301","192.168.15.4","192.168.15.3","MQTT","90","Connect Command"
"110488","677.791662198","192.168.15.4","192.168.15.3","MQTT","97","Publish Message (id=658) [Deviceb'Device - 2']"
"110499","677.792582938","192.168.15.3","192.168.15.4","MQTT","70","Connect Ack"
"110573","677.799461481","192.168.15.3","192.168.15.4","MQTT","70","Publish Ack (id=658)"
"110581","677.800000550","192.168.15.4","192.168.15.3","MQTT","68","Disconnect Req"
"111436","678.803994116","192.168.15.4","192.168.15.3","MQTT","90","Connect Command"
"111438","678.807063167","192.168.15.4","192.168.15.3","MQTT","97","Publish Message (id=659) [Deviceb'Device - 2']"
"111439","678.807439278","192.168.15.3","192.168.15.4","MQTT","70","Connect Ack"
"111442","678.809839315","192.168.15.3","192.168.15.4","MQTT","70","Publish Ack (id=659)"
"111444","678.810338238","192.168.15.4","192.168.15.3","MQTT","68","Disconnect Req"
"111452","679.813451621","192.168.15.4","192.168.15.3","MQTT","90","Connect Command"
"111454","679.816503681","192.168.15.4","192.168.15.3","MQTT","97","Publish Message (id=660) [Deviceb'Device - 2']"
"111456","679.820686447","192.168.15.3","192.168.15.4","MQTT","70","Connect Ack"
"111458","679.823084801","192.168.15.3","192.168.15.4","MQTT","70","Publish Ack (id=660)"
"111460","679.823548257","192.168.15.4","192.168.15.3","MQTT","68","Disconnect Req"
"111475","680.827094801","192.168.15.4","192.168.15.3","MQTT","90","Connect Command"
"111477","680.830162320","192.168.15.4","192.168.15.3","MQTT","97","Publish Message (id=661) [Deviceb'Device - 2']"
"111478","680.830516579","192.168.15.3","192.168.15.4","MQTT","70","Connect Ack"
"111481","680.834479450","192.168.15.3","192.168.15.4","MQTT","70","Publish Ack (id=661)"
"111483","680.834969627","192.168.15.4","192.168.15.3","MQTT","68","Disconnect Req"
"111501","681.839152173","192.168.15.4","192.168.15.3","MQTT","90","Connect Command"
"111503","681.842092441","192.168.15.4","192.168.15.3","MQTT","97","Publish Message (id=662) [Deviceb'Device - 2']"
"111504","681.842410182","192.168.15.3","192.168.15.4","MQTT","70","Connect Ack"
"111507","681.844462211","192.168.15.3","192.168.15.4","MQTT","70","Publish Ack (id=662)"
"111509","681.845102080","192.168.15.4","192.168.15.3","MQTT","68","Disconnect Req"
"111521","682.849851598","192.168.15.4","192.168.15.3","MQTT","90","Connect Command"
"111523","682.852740629","192.168.15.4","192.168.15.3","MQTT","97","Publish Message (id=663) [Deviceb'Device - 2']"
"111524","682.853083678","192.168.15.3","192.168.15.4","MQTT","70","Connect Ack"
"111527","682.855460220","192.168.15.3","192.168.15.4","MQTT","70","Publish Ack (id=663)"
"111529","682.856091864","192.168.15.4","192.168.15.3","MQTT","68","Disconnect Req"
"111544","683.860607773","192.168.15.4","192.168.15.3","MQTT","90","Connect Command"
"111546","683.863460646","192.168.15.4","192.168.15.3","MQTT","97","Publish Message (id=664) [Deviceb'Device - 2']"
"111547","683.863849801","192.168.15.3","192.168.15.4","MQTT","70","Connect Ack"
"111550","683.866015766","192.168.15.3","192.168.15.4","MQTT","70","Publish Ack (id=664)"
"111552","683.866662358","192.168.15.4","192.168.15.3","MQTT","68","Disconnect Req"
"111563","684.870790036","192.168.15.4","192.168.15.3","MQTT","90","Connect Command"
"111565","684.873701320","192.168.15.4","192.168.15.3","MQTT","97","Publish Message (id=665) [Deviceb'Device - 2']"
"111567","684.877825415","192.168.15.3","192.168.15.4","MQTT","70","Connect Ack"
"111569","684.880374434","192.168.15.3","192.168.15.4","MQTT","70","Publish Ack (id=665)"
"111571","684.881059419","192.168.15.4","192.168.15.3","MQTT","68","Disconnect Req"
"111581","685.885772892","192.168.15.4","192.168.15.3","MQTT","90","Connect Command"
"111583","685.888281955","192.168.15.4","192.168.15.3","MQTT","97","Publish Message (id=666) [Deviceb'Device - 2']"
"111584","685.888692692","192.168.15.3","192.168.15.4","MQTT","70","Connect Ack"
"111587","685.890713782","192.168.15.3","192.168.15.4","MQTT","70","Publish Ack (id=666)"
"111589","685.891337972","192.168.15.4","192.168.15.3","MQTT","68","Disconnect Req"
"111601","686.895861808","192.168.15.4","192.168.15.3","MQTT","90","Connect Command"
"111603","686.898790394","192.168.15.4","192.168.15.3","MQTT","97","Publish Message (id=667) [Deviceb'Device - 2']"
"111604","686.899124856","192.168.15.3","192.168.15.4","MQTT","70","Connect Ack"
"111607","686.901736443","192.168.15.3","192.168.15.4","MQTT","70","Publish Ack (id=667)"
"111609","686.902456324","192.168.15.4","192.168.15.3","MQTT","68","Disconnect Req"
"111621","687.906837291","192.168.15.4","192.168.15.3","MQTT","90","Connect Command"
"111623","687.909777739","192.168.15.4","192.168.15.3","MQTT","97","Publish Message (id=668) [Deviceb'Device - 2']"
"111624","687.910133973","192.168.15.3","192.168.15.4","MQTT","70","Connect Ack"
"111627","687.912285810","192.168.15.3","192.168.15.4","MQTT","70","Publish Ack (id=668)"
"111629","687.912994460","192.168.15.4","192.168.15.3","MQTT","68","Disconnect Req"
"113460","688.917061565","192.168.15.4","192.168.15.3","MQTT","90","Connect Command"
"113462","688.920009337","192.168.15.4","192.168.15.3","MQTT","97","Publish Message (id=669) [Deviceb'Device - 2']"
"113463","688.920371271","192.168.15.3","192.168.15.4","MQTT","70","Connect Ack"
"113466","688.922742654","192.168.15.3","192.168.15.4","MQTT","70","Publish Ack (id=669)"
"113468","688.923564107","192.168.15.4","192.168.15.3","MQTT","68","Disconnect Req"
"113480","689.927438438","192.168.15.4","192.168.15.3","MQTT","90","Connect Command"
"113482","689.930246436","192.168.15.4","192.168.15.3","MQTT","97","Publish Message (id=670) [Deviceb'Device - 2']"
"113484","689.934456113","192.168.15.3","192.168.15.4","MQTT","70","Connect Ack"
"113486","689.936799994","192.168.15.3","192.168.15.4","MQTT","70","Publish Ack (id=670)"
"113488","689.937486121","192.168.15.4","192.168.15.3","MQTT","68","Disconnect Req"
"113499","690.941905444","192.168.15.4","192.168.15.3","MQTT","90","Connect Command"
"113501","690.948491023","192.168.15.4","192.168.15.3","MQTT","97","Publish Message (id=671) [Deviceb'Device - 2']"
"113502","690.948902661","192.168.15.3","192.168.15.4","MQTT","70","Connect Ack"
"113506","690.950945653","192.168.15.3","192.168.15.4","MQTT","70","Publish Ack (id=671)"
"113508","690.951653861","192.168.15.4","192.168.15.3","MQTT","68","Disconnect Req"
"113519","691.955656157","192.168.15.4","192.168.15.3","MQTT","90","Connect Command"
"113521","691.958555067","192.168.15.4","192.168.15.3","MQTT","97","Publish Message (id=672) [Deviceb'Device - 2']"
"113522","691.958971333","192.168.15.3","192.168.15.4","MQTT","70","Connect Ack"
"113525","691.961018764","192.168.15.3","192.168.15.4","MQTT","70","Publish Ack (id=672)"
"113527","691.961788168","192.168.15.4","192.168.15.3","MQTT","68","Disconnect Req"
"113539","692.965805341","192.168.15.4","192.168.15.3","MQTT","90","Connect Command"
"113541","692.971590978","192.168.15.4","192.168.15.3","MQTT","97","Publish Message (id=673) [Deviceb'Device - 2']"
"113542","692.971917676","192.168.15.3","192.168.15.4","MQTT","70","Connect Ack"
"113545","692.975570020","192.168.15.3","192.168.15.4","MQTT","70","Publish Ack (id=673)"
"113547","692.976313545","192.168.15.4","192.168.15.3","MQTT","68","Disconnect Req"
"113564","693.980820537","192.168.15.4","192.168.15.3","MQTT","90","Connect Command"
"113566","693.983529338","192.168.15.4","192.168.15.3","MQTT","97","Publish Message (id=674) [Deviceb'Device - 2']"
"113567","693.983915488","192.168.15.3","192.168.15.4","MQTT","70","Connect Ack"
"113570","693.987078837","192.168.15.3","192.168.15.4","MQTT","70","Publish Ack (id=674)"
"113572","693.987868470","192.168.15.4","192.168.15.3","MQTT","68","Disconnect Req"
"113610","694.992744359","192.168.15.4","192.168.15.3","MQTT","90","Connect Command"
"113612","694.995889885","192.168.15.4","192.168.15.3","MQTT","97","Publish Message (id=675) [Deviceb'Device - 2']"
"113614","694.999658970","192.168.15.3","192.168.15.4","MQTT","70","Connect Ack"
"113616","695.002058626","192.168.15.3","192.168.15.4","MQTT","70","Publish Ack (id=675)"
"113618","695.002646938","192.168.15.4","192.168.15.3","MQTT","68","Disconnect Req"
"113636","696.007003736","192.168.15.4","192.168.15.3","MQTT","90","Connect Command"
"113638","696.009959023","192.168.15.4","192.168.15.3","MQTT","97","Publish Message (id=676) [Deviceb'Device - 2']"
"113639","696.010301210","192.168.15.3","192.168.15.4","MQTT","70","Connect Ack"
"113642","696.012457365","192.168.15.3","192.168.15.4","MQTT","70","Publish Ack (id=676)"
"113644","696.012989922","192.168.15.4","192.168.15.3","MQTT","68","Disconnect Req"
"113656","697.017297278","192.168.15.4","192.168.15.3","MQTT","90","Connect Command"
"113658","697.020200666","192.168.15.4","192.168.15.3","MQTT","97","Publish Message (id=677) [Deviceb'Device - 2']"
"113659","697.020573291","192.168.15.3","192.168.15.4","MQTT","70","Connect Ack"
"113662","697.023038401","192.168.15.3","192.168.15.4","MQTT","70","Publish Ack (id=677)"
"113664","697.023713297","192.168.15.4","192.168.15.3","MQTT","68","Disconnect Req"
"113676","698.027689179","192.168.15.4","192.168.15.3","MQTT","90","Connect Command"
"113678","698.030621442","192.168.15.4","192.168.15.3","MQTT","97","Publish Message (id=678) [Deviceb'Device - 2']"
"113679","698.031000408","192.168.15.3","192.168.15.4","MQTT","70","Connect Ack"
"113682","698.033510944","192.168.15.3","192.168.15.4","MQTT","70","Publish Ack (id=678)"
"113684","698.034113773","192.168.15.4","192.168.15.3","MQTT","68","Disconnect Req"
"113699","699.038154785","192.168.15.4","192.168.15.3","MQTT","90","Connect Command"
"113701","699.041064656","192.168.15.4","192.168.15.3","MQTT","97","Publish Message (id=679) [Deviceb'Device - 2']"
"113702","699.041434916","192.168.15.3","192.168.15.4","MQTT","70","Connect Ack"
"113705","699.043648751","192.168.15.3","192.168.15.4","MQTT","70","Publish Ack (id=679)"
"113707","699.044313107","192.168.15.4","192.168.15.3","MQTT","68","Disconnect Req"
"113721","700.048642509","192.168.15.4","192.168.15.3","MQTT","90","Connect Command"
"113723","700.051556177","192.168.15.4","192.168.15.3","MQTT","97","Publish Message (id=680) [Deviceb'Device - 2']"
"113725","700.055795601","192.168.15.3","192.168.15.4","MQTT","70","Connect Ack"
"113727","700.058624247","192.168.15.3","192.168.15.4","MQTT","70","Publish Ack (id=680)"
"113729","700.058972997","192.168.15.4","192.168.15.3","MQTT","68","Disconnect Req"
"113789","701.062744094","192.168.15.4","192.168.15.3","MQTT","90","Connect Command"
"113791","701.065663894","192.168.15.4","192.168.15.3","MQTT","97","Publish Message (id=681) [Deviceb'Device - 2']"
"113792","701.066031088","192.168.15.3","192.168.15.4","MQTT","70","Connect Ack"
"113795","701.069375980","192.168.15.3","192.168.15.4","MQTT","70","Publish Ack (id=681)"
"113797","701.070378465","192.168.15.4","192.168.15.3","MQTT","68","Disconnect Req"
"113825","702.074397462","192.168.15.4","192.168.15.3","MQTT","90","Connect Command"
"113827","702.077217422","192.168.15.4","192.168.15.3","MQTT","97","Publish Message (id=682) [Deviceb'Device - 2']"
"113828","702.077588845","192.168.15.3","192.168.15.4","MQTT","70","Connect Ack"
"113831","702.080216001","192.168.15.3","192.168.15.4","MQTT","70","Publish Ack (id=682)"
"113833","702.081011745","192.168.15.4","192.168.15.3","MQTT","68","Disconnect Req"
"113849","703.085120842","192.168.15.4","192.168.15.3","MQTT","90","Connect Command"
"113851","703.088016596","192.168.15.4","192.168.15.3","MQTT","97","Publish Message (id=683) [Deviceb'Device - 2']"
"113852","703.088374071","192.168.15.3","192.168.15.4","MQTT","70","Connect Ack"
"113855","703.090641197","192.168.15.3","192.168.15.4","MQTT","70","Publish Ack (id=683)"
"113857","703.091441931","192.168.15.4","192.168.15.3","MQTT","68","Disconnect Req"
"113884","704.095148208","192.168.15.4","192.168.15.3","MQTT","90","Connect Command"
"113886","704.098009657","192.168.15.4","192.168.15.3","MQTT","97","Publish Message (id=684) [Deviceb'Device - 2']"
"113887","704.098390427","192.168.15.3","192.168.15.4","MQTT","70","Connect Ack"
"113890","704.100798159","192.168.15.3","192.168.15.4","MQTT","70","Publish Ack (id=684)"
"113892","704.101748896","192.168.15.4","192.168.15.3","MQTT","68","Disconnect Req"
"115841","705.105313706","192.168.15.4","192.168.15.3","MQTT","90","Connect Command"
"115843","705.108252461","192.168.15.4","192.168.15.3","MQTT","97","Publish Message (id=685) [Deviceb'Device - 2']"
"115844","705.109901027","192.168.15.3","192.168.15.4","MQTT","70","Connect Ack"
"115847","705.112264775","192.168.15.3","192.168.15.4","MQTT","70","Publish Ack (id=685)"
"115849","705.113042235","192.168.15.4","192.168.15.3","MQTT","68","Disconnect Req"
"115861","706.117690645","192.168.15.4","192.168.15.3","MQTT","90","Connect Command"
"115863","706.120632016","192.168.15.4","192.168.15.3","MQTT","97","Publish Message (id=686) [Deviceb'Device - 2']"
"115864","706.120986265","192.168.15.3","192.168.15.4","MQTT","70","Connect Ack"
"115867","706.123486462","192.168.15.3","192.168.15.4","MQTT","70","Publish Ack (id=686)"
"115869","706.124201834","192.168.15.4","192.168.15.3","MQTT","68","Disconnect Req"
"115881","707.128780033","192.168.15.4","192.168.15.3","MQTT","90","Connect Command"
"115883","707.131139814","192.168.15.4","192.168.15.3","MQTT","97","Publish Message (id=687) [Deviceb'Device - 2']"
"115885","707.135451785","192.168.15.3","192.168.15.4","MQTT","70","Connect Ack"
"115887","707.137939678","192.168.15.3","192.168.15.4","MQTT","70","Publish Ack (id=687)"
"115889","707.138328473","192.168.15.4","192.168.15.3","MQTT","68","Disconnect Req"
"115901","708.142508129","192.168.15.4","192.168.15.3","MQTT","90","Connect Command"
"115903","708.145556611","192.168.15.4","192.168.15.3","MQTT","97","Publish Message (id=688) [Deviceb'Device - 2']"
"115904","708.145974351","192.168.15.3","192.168.15.4","MQTT","70","Connect Ack"
"115907","708.149704512","192.168.15.3","192.168.15.4","MQTT","70","Publish Ack (id=688)"
"115909","708.150628158","192.168.15.4","192.168.15.3","MQTT","68","Disconnect Req"
"115924","709.154648043","192.168.15.4","192.168.15.3","MQTT","90","Connect Command"
"115926","709.157475868","192.168.15.4","192.168.15.3","MQTT","97","Publish Message (id=689) [Deviceb'Device - 2']"
"115927","709.158380218","192.168.15.3","192.168.15.4","MQTT","70","Connect Ack"
"115930","709.159929958","192.168.15.3","192.168.15.4","MQTT","70","Publish Ack (id=689)"
"115932","709.160339542","192.168.15.4","192.168.15.3","MQTT","68","Disconnect Req"
"115946","710.164220474","192.168.15.4","192.168.15.3","MQTT","90","Connect Command"
"115948","710.169495456","192.168.15.4","192.168.15.3","MQTT","97","Publish Message (id=690) [Deviceb'Device - 2']"
"115949","710.169913346","192.168.15.3","192.168.15.4","MQTT","70","Connect Ack"
"115952","710.172051788","192.168.15.3","192.168.15.4","MQTT","70","Publish Ack (id=690)"
"115954","710.172729840","192.168.15.4","192.168.15.3","MQTT","68","Disconnect Req"
"115966","711.176920482","192.168.15.4","192.168.15.3","MQTT","90","Connect Command"
"115968","711.182153914","192.168.15.4","192.168.15.3","MQTT","97","Publish Message (id=691) [Deviceb'Device - 2']"
"115969","711.182568669","192.168.15.3","192.168.15.4","MQTT","70","Connect Ack"
"115972","711.184943778","192.168.15.3","192.168.15.4","MQTT","70","Publish Ack (id=691)"
"115974","711.185777314","192.168.15.4","192.168.15.3","MQTT","68","Disconnect Req"
"115986","712.189715326","192.168.15.4","192.168.15.3","MQTT","90","Connect Command"
"115988","712.192589890","192.168.15.4","192.168.15.3","MQTT","97","Publish Message (id=692) [Deviceb'Device - 2']"
"115990","712.196938330","192.168.15.3","192.168.15.4","MQTT","70","Connect Ack"
"115992","712.199383853","192.168.15.3","192.168.15.4","MQTT","70","Publish Ack (id=692)"
"115994","712.200122870","192.168.15.4","192.168.15.3","MQTT","68","Disconnect Req"
"116005","713.204373315","192.168.15.4","192.168.15.3","MQTT","90","Connect Command"
"116007","713.207238341","192.168.15.4","192.168.15.3","MQTT","97","Publish Message (id=693) [Deviceb'Device - 2']"
"116008","713.207677522","192.168.15.3","192.168.15.4","MQTT","70","Connect Ack"
"116011","713.210076477","192.168.15.3","192.168.15.4","MQTT","70","Publish Ack (id=693)"
"116013","713.210679677","192.168.15.4","192.168.15.3","MQTT","68","Disconnect Req"
"116029","714.214762855","192.168.15.4","192.168.15.3","MQTT","90","Connect Command"
"116031","714.217645204","192.168.15.4","192.168.15.3","MQTT","97","Publish Message (id=694) [Deviceb'Device - 2']"
"116032","714.218077962","192.168.15.3","192.168.15.4","MQTT","70","Connect Ack"
"116035","714.220513847","192.168.15.3","192.168.15.4","MQTT","70","Publish Ack (id=694)"
"116037","714.221060490","192.168.15.4","192.168.15.3","MQTT","68","Disconnect Req"
"117863","715.225130357","192.168.15.4","192.168.15.3","MQTT","90","Connect Command"
"117865","715.228129887","192.168.15.4","192.168.15.3","MQTT","97","Publish Message (id=695) [Deviceb'Device - 2']"
"117866","715.228570990","192.168.15.3","192.168.15.4","MQTT","70","Connect Ack"
"117869","715.230926764","192.168.15.3","192.168.15.4","MQTT","70","Publish Ack (id=695)"
"117871","715.231518693","192.168.15.4","192.168.15.3","MQTT","68","Disconnect Req"
"117883","716.235483558","192.168.15.4","192.168.15.3","MQTT","90","Connect Command"
"117885","716.238899877","192.168.15.4","192.168.15.3","MQTT","97","Publish Message (id=696) [Deviceb'Device - 2']"
"117886","716.239568791","192.168.15.3","192.168.15.4","MQTT","70","Connect Ack"
"117889","716.241610200","192.168.15.3","192.168.15.4","MQTT","70","Publish Ack (id=696)"
"117891","716.242224381","192.168.15.4","192.168.15.3","MQTT","68","Disconnect Req"
"117905","717.245874585","192.168.15.4","192.168.15.3","MQTT","90","Connect Command"
"117907","717.248680288","192.168.15.4","192.168.15.3","MQTT","97","Publish Message (id=697) [Deviceb'Device - 2']"
"117909","717.252964407","192.168.15.3","192.168.15.4","MQTT","70","Connect Ack"
"117911","717.255255618","192.168.15.3","192.168.15.4","MQTT","70","Publish Ack (id=697)"
"117913","717.255910085","192.168.15.4","192.168.15.3","MQTT","68","Disconnect Req"
"117928","718.259764963","192.168.15.4","192.168.15.3","MQTT","90","Connect Command"
"117930","718.262688389","192.168.15.4","192.168.15.3","MQTT","97","Publish Message (id=698) [Deviceb'Device - 2']"
"117931","718.263144101","192.168.15.3","192.168.15.4","MQTT","70","Connect Ack"
"117934","718.265544749","192.168.15.3","192.168.15.4","MQTT","70","Publish Ack (id=698)"
"117936","718.266050856","192.168.15.4","192.168.15.3","MQTT","68","Disconnect Req"
"117948","719.270203229","192.168.15.4","192.168.15.3","MQTT","90","Connect Command"
"117950","719.272950402","192.168.15.4","192.168.15.3","MQTT","97","Publish Message (id=699) [Deviceb'Device - 2']"
"117951","719.273383932","192.168.15.3","192.168.15.4","MQTT","70","Connect Ack"
"117954","719.275800099","192.168.15.3","192.168.15.4","MQTT","70","Publish Ack (id=699)"
"117956","719.276380917","192.168.15.4","192.168.15.3","MQTT","68","Disconnect Req"
"117972","720.280503313","192.168.15.4","192.168.15.3","MQTT","90","Connect Command"
"117974","720.283433012","192.168.15.4","192.168.15.3","MQTT","97","Publish Message (id=700) [Deviceb'Device - 2']"
"117975","720.283880768","192.168.15.3","192.168.15.4","MQTT","70","Connect Ack"
"117978","720.286314078","192.168.15.3","192.168.15.4","MQTT","70","Publish Ack (id=700)"
"117980","720.286839772","192.168.15.4","192.168.15.3","MQTT","68","Disconnect Req"
"117992","721.291694735","192.168.15.4","192.168.15.3","MQTT","90","Connect Command"
"117994","721.294609706","192.168.15.4","192.168.15.3","MQTT","97","Publish Message (id=701) [Deviceb'Device - 2']"
"117995","721.295033918","192.168.15.3","192.168.15.4","MQTT","70","Connect Ack"
"117998","721.297304851","192.168.15.3","192.168.15.4","MQTT","70","Publish Ack (id=701)"
"118000","721.297897932","192.168.15.4","192.168.15.3","MQTT","68","Disconnect Req"
"118012","722.302072270","192.168.15.4","192.168.15.3","MQTT","90","Connect Command"
"118014","722.304937036","192.168.15.4","192.168.15.3","MQTT","97","Publish Message (id=702) [Deviceb'Device - 2']"
"118016","722.309275707","192.168.15.3","192.168.15.4","MQTT","70","Connect Ack"
"118018","722.311727642","192.168.15.3","192.168.15.4","MQTT","70","Publish Ack (id=702)"
"118020","722.312283663","192.168.15.4","192.168.15.3","MQTT","68","Disconnect Req"
"118035","723.316425007","192.168.15.4","192.168.15.3","MQTT","90","Connect Command"
"118037","723.319391695","192.168.15.4","192.168.15.3","MQTT","97","Publish Message (id=703) [Deviceb'Device - 2']"
"118038","723.319806259","192.168.15.3","192.168.15.4","MQTT","70","Connect Ack"
"118041","723.322223328","192.168.15.3","192.168.15.4","MQTT","70","Publish Ack (id=703)"
"118043","723.322942227","192.168.15.4","192.168.15.3","MQTT","68","Disconnect Req"
"118052","724.326569115","192.168.15.4","192.168.15.3","MQTT","90","Connect Command"
"118054","724.329441354","192.168.15.4","192.168.15.3","MQTT","97","Publish Message (id=704) [Deviceb'Device - 2']"
"118055","724.329979993","192.168.15.3","192.168.15.4","MQTT","70","Connect Ack"
"118058","724.332312121","192.168.15.3","192.168.15.4","MQTT","70","Publish Ack (id=704)"
"118060","724.332666681","192.168.15.4","192.168.15.3","MQTT","68","Disconnect Req"
"118072","725.336142592","192.168.15.4","192.168.15.3","MQTT","90","Connect Command"
"118074","725.339100032","192.168.15.4","192.168.15.3","MQTT","97","Publish Message (id=705) [Deviceb'Device - 2']"
"118075","725.339541216","192.168.15.3","192.168.15.4","MQTT","70","Connect Ack"
"118078","725.341990206","192.168.15.3","192.168.15.4","MQTT","70","Publish Ack (id=705)"
"118080","725.342274192","192.168.15.4","192.168.15.3","MQTT","68","Disconnect Req"
"118096","726.346261163","192.168.15.4","192.168.15.3","MQTT","90","Connect Command"
"118098","726.349091002","192.168.15.4","192.168.15.3","MQTT","97","Publish Message (id=706) [Deviceb'Device - 2']"
"118099","726.349458487","192.168.15.3","192.168.15.4","MQTT","70","Connect Ack"
"118102","726.351992787","192.168.15.3","192.168.15.4","MQTT","70","Publish Ack (id=706)"
"118104","726.352510456","192.168.15.4","192.168.15.3","MQTT","68","Disconnect Req"
"118116","727.356143664","192.168.15.4","192.168.15.3","MQTT","90","Connect Command"
"118118","727.359073352","192.168.15.4","192.168.15.3","MQTT","97","Publish Message (id=707) [Deviceb'Device - 2']"
"118120","727.363347572","192.168.15.3","192.168.15.4","MQTT","70","Connect Ack"
"118122","727.365790730","192.168.15.3","192.168.15.4","MQTT","70","Publish Ack (id=707)"
"118124","727.366248275","192.168.15.4","192.168.15.3","MQTT","68","Disconnect Req"
"118165","728.370320565","192.168.15.4","192.168.15.3","MQTT","90","Connect Command"
"118167","728.373253189","192.168.15.4","192.168.15.3","MQTT","97","Publish Message (id=708) [Deviceb'Device - 2']"
"118168","728.373642184","192.168.15.3","192.168.15.4","MQTT","70","Connect Ack"
"118171","728.376163470","192.168.15.3","192.168.15.4","MQTT","70","Publish Ack (id=708)"
"118173","728.377095803","192.168.15.4","192.168.15.3","MQTT","68","Disconnect Req"
"118197","729.380856793","192.168.15.4","192.168.15.3","MQTT","90","Connect Command"
"118199","729.383865290","192.168.15.4","192.168.15.3","MQTT","97","Publish Message (id=709) [Deviceb'Device - 2']"
"118200","729.384307516","192.168.15.3","192.168.15.4","MQTT","70","Connect Ack"
"118203","729.386814956","192.168.15.3","192.168.15.4","MQTT","70","Publish Ack (id=709)"
"118205","729.387608346","192.168.15.4","192.168.15.3","MQTT","68","Disconnect Req"
"118217","730.391266102","192.168.15.4","192.168.15.3","MQTT","90","Connect Command"
"118219","730.394130577","192.168.15.4","192.168.15.3","MQTT","97","Publish Message (id=710) [Deviceb'Device - 2']"
"118220","730.394569847","192.168.15.3","192.168.15.4","MQTT","70","Connect Ack"
"118223","730.397535113","192.168.15.3","192.168.15.4","MQTT","70","Publish Ack (id=710)"
"118225","730.398334965","192.168.15.4","192.168.15.3","MQTT","68","Disconnect Req"
"120068","731.401543393","192.168.15.4","192.168.15.3","MQTT","90","Connect Command"
"120070","731.404558072","192.168.15.4","192.168.15.3","MQTT","97","Publish Message (id=711) [Deviceb'Device - 2']"
"120071","731.404980009","192.168.15.3","192.168.15.4","MQTT","70","Connect Ack"
"120074","731.407286259","192.168.15.3","192.168.15.4","MQTT","70","Publish Ack (id=711)"
"120076","731.407585344","192.168.15.4","192.168.15.3","MQTT","68","Disconnect Req"
"120086","732.411041701","192.168.15.4","192.168.15.3","MQTT","90","Connect Command"
"120088","732.413866200","192.168.15.4","192.168.15.3","MQTT","97","Publish Message (id=712) [Deviceb'Device - 2']"
"120090","732.418252572","192.168.15.3","192.168.15.4","MQTT","70","Connect Ack"
"120092","732.420636940","192.168.15.3","192.168.15.4","MQTT","70","Publish Ack (id=712)"
"120094","732.421474333","192.168.15.4","192.168.15.3","MQTT","68","Disconnect Req"
"120113","733.425448531","192.168.15.4","192.168.15.3","MQTT","90","Connect Command"
"120115","733.428282007","192.168.15.4","192.168.15.3","MQTT","97","Publish Message (id=713) [Deviceb'Device - 2']"
"120116","733.428705948","192.168.15.3","192.168.15.4","MQTT","70","Connect Ack"
"120119","733.431163885","192.168.15.3","192.168.15.4","MQTT","70","Publish Ack (id=713)"
"120121","733.431534025","192.168.15.4","192.168.15.3","MQTT","68","Disconnect Req"
"120134","734.436051192","192.168.15.4","192.168.15.3","MQTT","90","Connect Command"
"120136","734.439073155","192.168.15.4","192.168.15.3","MQTT","97","Publish Message (id=714) [Deviceb'Device - 2']"
"120137","734.439507135","192.168.15.3","192.168.15.4","MQTT","70","Connect Ack"
"120140","734.441861536","192.168.15.3","192.168.15.4","MQTT","70","Publish Ack (id=714)"
"120142","734.442403059","192.168.15.4","192.168.15.3","MQTT","68","Disconnect Req"
"120163","735.446804097","192.168.15.4","192.168.15.3","MQTT","90","Connect Command"
"120165","735.449658994","192.168.15.4","192.168.15.3","MQTT","97","Publish Message (id=715) [Deviceb'Device - 2']"
"120166","735.450101381","192.168.15.3","192.168.15.4","MQTT","70","Connect Ack"
"120169","735.452568705","192.168.15.3","192.168.15.4","MQTT","70","Publish Ack (id=715)"
"120171","735.453078038","192.168.15.4","192.168.15.3","MQTT","68","Disconnect Req"
"120180","736.456985465","192.168.15.4","192.168.15.3","MQTT","90","Connect Command"
"120183","736.459372567","192.168.15.4","192.168.15.3","MQTT","97","Publish Message (id=716) [Deviceb'Device - 2']"
"120184","736.459804193","192.168.15.3","192.168.15.4","MQTT","70","Connect Ack"
"120188","736.462612742","192.168.15.3","192.168.15.4","MQTT","70","Publish Ack (id=716)"
"120190","736.463436279","192.168.15.4","192.168.15.3","MQTT","68","Disconnect Req"
"120199","737.467254276","192.168.15.4","192.168.15.3","MQTT","90","Connect Command"
"120201","737.470158566","192.168.15.4","192.168.15.3","MQTT","97","Publish Message (id=717) [Deviceb'Device - 2']"
"120203","737.474507708","192.168.15.3","192.168.15.4","MQTT","70","Connect Ack"
"120205","737.476942521","192.168.15.3","192.168.15.4","MQTT","70","Publish Ack (id=717)"
"120207","737.477402711","192.168.15.4","192.168.15.3","MQTT","68","Disconnect Req"
"120222","738.481327140","192.168.15.4","192.168.15.3","MQTT","90","Connect Command"
"120224","738.484176637","192.168.15.4","192.168.15.3","MQTT","97","Publish Message (id=718) [Deviceb'Device - 2']"
"120225","738.484578196","192.168.15.3","192.168.15.4","MQTT","70","Connect Ack"
"120228","738.487048425","192.168.15.3","192.168.15.4","MQTT","70","Publish Ack (id=718)"
"120230","738.487995806","192.168.15.4","192.168.15.3","MQTT","68","Disconnect Req"
"120242","739.492763241","192.168.15.4","192.168.15.3","MQTT","90","Connect Command"
"120244","739.495475498","192.168.15.4","192.168.15.3","MQTT","97","Publish Message (id=719) [Deviceb'Device - 2']"
"120245","739.495955055","192.168.15.3","192.168.15.4","MQTT","70","Connect Ack"
"120248","739.498356935","192.168.15.3","192.168.15.4","MQTT","70","Publish Ack (id=719)"
"120250","739.498783932","192.168.15.4","192.168.15.3","MQTT","68","Disconnect Req"
"120262","740.503219181","192.168.15.4","192.168.15.3","MQTT","90","Connect Command"
"120264","740.506000248","192.168.15.4","192.168.15.3","MQTT","97","Publish Message (id=720) [Deviceb'Device - 2']"
"120265","740.506400524","192.168.15.3","192.168.15.4","MQTT","70","Connect Ack"
"120268","740.510232298","192.168.15.3","192.168.15.4","MQTT","70","Publish Ack (id=720)"
"120270","740.510832643","192.168.15.4","192.168.15.3","MQTT","68","Disconnect Req"
"120282","741.515249101","192.168.15.4","192.168.15.3","MQTT","90","Connect Command"
"120284","741.518123765","192.168.15.4","192.168.15.3","MQTT","97","Publish Message (id=721) [Deviceb'Device - 2']"
"120285","741.518528440","192.168.15.3","192.168.15.4","MQTT","70","Connect Ack"
"120288","741.521078842","192.168.15.3","192.168.15.4","MQTT","70","Publish Ack (id=721)"
"120290","741.521538901","192.168.15.4","192.168.15.3","MQTT","68","Disconnect Req"
"122113","742.526124294","192.168.15.4","192.168.15.3","MQTT","90","Connect Command"
"122115","742.529022172","192.168.15.4","192.168.15.3","MQTT","97","Publish Message (id=722) [Deviceb'Device - 2']"
"122117","742.533346065","192.168.15.3","192.168.15.4","MQTT","70","Connect Ack"
"122119","742.535873644","192.168.15.3","192.168.15.4","MQTT","70","Publish Ack (id=722)"
"122121","742.536251558","192.168.15.4","192.168.15.3","MQTT","68","Disconnect Req"
"122136","743.539813214","192.168.15.4","192.168.15.3","MQTT","90","Connect Command"
"122138","743.544387280","192.168.15.4","192.168.15.3","MQTT","97","Publish Message (id=723) [Deviceb'Device - 2']"
"122139","743.544731030","192.168.15.3","192.168.15.4","MQTT","70","Connect Ack"
"122142","743.547140345","192.168.15.3","192.168.15.4","MQTT","70","Publish Ack (id=723)"
"122144","743.547607348","192.168.15.4","192.168.15.3","MQTT","68","Disconnect Req"
"122165","744.552135917","192.168.15.4","192.168.15.3","MQTT","90","Connect Command"
"122167","744.554995112","192.168.15.4","192.168.15.3","MQTT","97","Publish Message (id=724) [Deviceb'Device - 2']"
"122168","744.555407492","192.168.15.3","192.168.15.4","MQTT","70","Connect Ack"
"122171","744.557811125","192.168.15.3","192.168.15.4","MQTT","70","Publish Ack (id=724)"
"122173","744.558691720","192.168.15.4","192.168.15.3","MQTT","68","Disconnect Req"
"122185","745.563342529","192.168.15.4","192.168.15.3","MQTT","90","Connect Command"
"122187","745.566245406","192.168.15.4","192.168.15.3","MQTT","97","Publish Message (id=725) [Deviceb'Device - 2']"
"122188","745.566654139","192.168.15.3","192.168.15.4","MQTT","70","Connect Ack"
"122191","745.568950891","192.168.15.3","192.168.15.4","MQTT","70","Publish Ack (id=725)"
"122193","745.569752205","192.168.15.4","192.168.15.3","MQTT","68","Disconnect Req"
"122205","746.573963034","192.168.15.4","192.168.15.3","MQTT","90","Connect Command"
"122207","746.576876821","192.168.15.4","192.168.15.3","MQTT","97","Publish Message (id=726) [Deviceb'Device - 2']"
"122208","746.577260166","192.168.15.3","192.168.15.4","MQTT","70","Connect Ack"
"122211","746.579643832","192.168.15.3","192.168.15.4","MQTT","70","Publish Ack (id=726)"
"122213","746.580778026","192.168.15.4","192.168.15.3","MQTT","68","Disconnect Req"
"122233","747.585677748","192.168.15.4","192.168.15.3","MQTT","90","Connect Command"
"122235","747.588076583","192.168.15.4","192.168.15.3","MQTT","97","Publish Message (id=727) [Deviceb'Device - 2']"
"122237","747.592497530","192.168.15.3","192.168.15.4","MQTT","70","Connect Ack"
"122239","747.594906534","192.168.15.3","192.168.15.4","MQTT","70","Publish Ack (id=727)"
"122241","747.595399035","192.168.15.4","192.168.15.3","MQTT","68","Disconnect Req"
"122257","748.598870054","192.168.15.4","192.168.15.3","MQTT","90","Connect Command"
"122259","748.601722407","192.168.15.4","192.168.15.3","MQTT","97","Publish Message (id=728) [Deviceb'Device - 2']"
"122260","748.602153211","192.168.15.3","192.168.15.4","MQTT","70","Connect Ack"
"122263","748.604606188","192.168.15.3","192.168.15.4","MQTT","70","Publish Ack (id=728)"
"122265","748.605591921","192.168.15.4","192.168.15.3","MQTT","68","Disconnect Req"
"122277","749.609506343","192.168.15.4","192.168.15.3","MQTT","90","Connect Command"
"122279","749.612549245","192.168.15.4","192.168.15.3","MQTT","97","Publish Message (id=729) [Deviceb'Device - 2']"
"122280","749.612949983","192.168.15.3","192.168.15.4","MQTT","70","Connect Ack"
"122283","749.615422256","192.168.15.3","192.168.15.4","MQTT","70","Publish Ack (id=729)"
"122285","749.616536883","192.168.15.4","192.168.15.3","MQTT","68","Disconnect Req"
"122297","750.620073390","192.168.15.4","192.168.15.3","MQTT","90","Connect Command"
"122299","750.655943378","192.168.15.4","192.168.15.3","MQTT","97","Publish Message (id=730) [Deviceb'Device - 2']"
"122300","750.655957936","192.168.15.3","192.168.15.4","MQTT","70","Connect Ack"
"122303","750.658683898","192.168.15.3","192.168.15.4","MQTT","70","Publish Ack (id=730)"
"122305","750.659158405","192.168.15.4","192.168.15.3","MQTT","68","Disconnect Req"
"122317","751.663627536","192.168.15.4","192.168.15.3","MQTT","90","Connect Command"
"122319","751.666509593","192.168.15.4","192.168.15.3","MQTT","97","Publish Message (id=731) [Deviceb'Device - 2']"
"122320","751.666922915","192.168.15.3","192.168.15.4","MQTT","70","Connect Ack"
"122323","751.669979603","192.168.15.3","192.168.15.4","MQTT","70","Publish Ack (id=731)"
"122325","751.671026422","192.168.15.4","192.168.15.3","MQTT","68","Disconnect Req"
"122336","752.675690062","192.168.15.4","192.168.15.3","MQTT","90","Connect Command"
"122338","752.679244331","192.168.15.4","192.168.15.3","MQTT","97","Publish Message (id=732) [Deviceb'Device - 2']"
"122340","752.682877580","192.168.15.3","192.168.15.4","MQTT","70","Connect Ack"
"122342","752.685162619","192.168.15.3","192.168.15.4","MQTT","70","Publish Ack (id=732)"
"122344","752.685845019","192.168.15.4","192.168.15.3","MQTT","68","Disconnect Req"
"122355","753.689835475","192.168.15.4","192.168.15.3","MQTT","90","Connect Command"
"122357","753.692803735","192.168.15.4","192.168.15.3","MQTT","97","Publish Message (id=733) [Deviceb'Device - 2']"
"122358","753.693205465","192.168.15.3","192.168.15.4","MQTT","70","Connect Ack"
"122361","753.695935486","192.168.15.3","192.168.15.4","MQTT","70","Publish Ack (id=733)"
"122363","753.696670936","192.168.15.4","192.168.15.3","MQTT","68","Disconnect Req"
"122399","754.700753858","192.168.15.4","192.168.15.3","MQTT","90","Connect Command"
"122401","754.703805917","192.168.15.4","192.168.15.3","MQTT","97","Publish Message (id=734) [Deviceb'Device - 2']"
"122402","754.704229909","192.168.15.3","192.168.15.4","MQTT","70","Connect Ack"
"122405","754.706470274","192.168.15.3","192.168.15.4","MQTT","70","Publish Ack (id=734)"
"122407","754.707246161","192.168.15.4","192.168.15.3","MQTT","68","Disconnect Req"
"122419","755.711622378","192.168.15.4","192.168.15.3","MQTT","90","Connect Command"
"122421","755.716250026","192.168.15.4","192.168.15.3","MQTT","97","Publish Message (id=735) [Deviceb'Device - 2']"
"122422","755.716653018","192.168.15.3","192.168.15.4","MQTT","70","Connect Ack"
"122425","755.719216033","192.168.15.3","192.168.15.4","MQTT","70","Publish Ack (id=735)"
"122427","755.720010355","192.168.15.4","192.168.15.3","MQTT","68","Disconnect Req"
"122441","756.723952682","192.168.15.4","192.168.15.3","MQTT","90","Connect Command"
"122443","756.726816806","192.168.15.4","192.168.15.3","MQTT","97","Publish Message (id=736) [Deviceb'Device - 2']"
"122444","756.727220128","192.168.15.3","192.168.15.4","MQTT","70","Connect Ack"
"122447","756.729593354","192.168.15.3","192.168.15.4","MQTT","70","Publish Ack (id=736)"
"122449","756.730118217","192.168.15.4","192.168.15.3","MQTT","68","Disconnect Req"
"122461","757.734535002","192.168.15.4","192.168.15.3","MQTT","90","Connect Command"
"122463","757.737428332","192.168.15.4","192.168.15.3","MQTT","97","Publish Message (id=737) [Deviceb'Device - 2']"
"122465","757.741628792","192.168.15.3","192.168.15.4","MQTT","70","Connect Ack"
"122467","757.744055951","192.168.15.3","192.168.15.4","MQTT","70","Publish Ack (id=737)"
"122469","757.744774018","192.168.15.4","192.168.15.3","MQTT","68","Disconnect Req"
"124735","758.748638259","192.168.15.4","192.168.15.3","MQTT","90","Connect Command"
"124737","758.753876231","192.168.15.4","192.168.15.3","MQTT","97","Publish Message (id=738) [Deviceb'Device - 2']"
"124738","758.754284864","192.168.15.3","192.168.15.4","MQTT","70","Connect Ack"
"124741","758.756779049","192.168.15.3","192.168.15.4","MQTT","70","Publish Ack (id=738)"
"124743","758.757465546","192.168.15.4","192.168.15.3","MQTT","68","Disconnect Req"
"124757","759.761397560","192.168.15.4","192.168.15.3","MQTT","90","Connect Command"
"124759","759.764140054","192.168.15.4","192.168.15.3","MQTT","97","Publish Message (id=739) [Deviceb'Device - 2']"
"124760","759.764576429","192.168.15.3","192.168.15.4","MQTT","70","Connect Ack"
"124763","759.766973450","192.168.15.3","192.168.15.4","MQTT","70","Publish Ack (id=739)"
"124765","759.767740891","192.168.15.4","192.168.15.3","MQTT","68","Disconnect Req"
"124777","760.771860790","192.168.15.4","192.168.15.3","MQTT","90","Connect Command"
"124779","760.774795488","192.168.15.4","192.168.15.3","MQTT","97","Publish Message (id=740) [Deviceb'Device - 2']"
"124780","760.775183321","192.168.15.3","192.168.15.4","MQTT","70","Connect Ack"
"124783","760.777687766","192.168.15.3","192.168.15.4","MQTT","70","Publish Ack (id=740)"
"124785","760.778438304","192.168.15.4","192.168.15.3","MQTT","68","Disconnect Req"
"124797","761.783055294","192.168.15.4","192.168.15.3","MQTT","90","Connect Command"
"124799","761.785295539","192.168.15.4","192.168.15.3","MQTT","97","Publish Message (id=741) [Deviceb'Device - 2']"
"124800","761.785785675","192.168.15.3","192.168.15.4","MQTT","70","Connect Ack"
"124803","761.788070364","192.168.15.3","192.168.15.4","MQTT","70","Publish Ack (id=741)"
"124805","761.788828638","192.168.15.4","192.168.15.3","MQTT","68","Disconnect Req"
"124887","762.793226241","192.168.15.4","192.168.15.3","MQTT","90","Connect Command"
"124889","762.796112868","192.168.15.4","192.168.15.3","MQTT","97","Publish Message (id=742) [Deviceb'Device - 2']"
"124891","762.800753410","192.168.15.3","192.168.15.4","MQTT","70","Connect Ack"
"124893","762.803139861","192.168.15.3","192.168.15.4","MQTT","70","Publish Ack (id=742)"
"124895","762.803771606","192.168.15.4","192.168.15.3","MQTT","68","Disconnect Req"
"124912","763.807307851","192.168.15.4","192.168.15.3","MQTT","90","Connect Command"
"124914","763.811898600","192.168.15.4","192.168.15.3","MQTT","97","Publish Message (id=743) [Deviceb'Device - 2']"
"124915","763.812269721","192.168.15.3","192.168.15.4","MQTT","70","Connect Ack"
"124918","763.814558558","192.168.15.3","192.168.15.4","MQTT","70","Publish Ack (id=743)"
"124920","763.815189741","192.168.15.4","192.168.15.3","MQTT","68","Disconnect Req"
"124937","764.819486135","192.168.15.4","192.168.15.3","MQTT","90","Connect Command"
"124939","764.822385136","192.168.15.4","192.168.15.3","MQTT","97","Publish Message (id=744) [Deviceb'Device - 2']"
"124940","764.822815369","192.168.15.3","192.168.15.4","MQTT","70","Connect Ack"
"124943","764.825287452","192.168.15.3","192.168.15.4","MQTT","70","Publish Ack (id=744)"
"124945","764.826002434","192.168.15.4","192.168.15.3","MQTT","68","Disconnect Req"
"124959","765.830428304","192.168.15.4","192.168.15.3","MQTT","90","Connect Command"
"124961","765.833057224","192.168.15.4","192.168.15.3","MQTT","97","Publish Message (id=745) [Deviceb'Device - 2']"
"124962","765.833477538","192.168.15.3","192.168.15.4","MQTT","70","Connect Ack"
"124965","765.835838642","192.168.15.3","192.168.15.4","MQTT","70","Publish Ack (id=745)"
"124967","765.836452082","192.168.15.4","192.168.15.3","MQTT","68","Disconnect Req"
"124979","766.840042753","192.168.15.4","192.168.15.3","MQTT","90","Connect Command"
"124981","766.842916806","192.168.15.4","192.168.15.3","MQTT","97","Publish Message (id=746) [Deviceb'Device - 2']"
"124982","766.843328705","192.168.15.3","192.168.15.4","MQTT","70","Connect Ack"
"124985","766.845800057","192.168.15.3","192.168.15.4","MQTT","70","Publish Ack (id=746)"
"124987","766.846467008","192.168.15.4","192.168.15.3","MQTT","68","Disconnect Req"
"125000","767.850268951","192.168.15.4","192.168.15.3","MQTT","90","Connect Command"
"125002","767.853203588","192.168.15.4","192.168.15.3","MQTT","97","Publish Message (id=747) [Deviceb'Device - 2']"
"125004","767.857474161","192.168.15.3","192.168.15.4","MQTT","70","Connect Ack"
"125006","767.859783186","192.168.15.3","192.168.15.4","MQTT","70","Publish Ack (id=747)"
"125008","767.860467781","192.168.15.4","192.168.15.3","MQTT","68","Disconnect Req"
"125032","768.864864286","192.168.15.4","192.168.15.3","MQTT","90","Connect Command"
"125034","768.867789606","192.168.15.4","192.168.15.3","MQTT","97","Publish Message (id=748) [Deviceb'Device - 2']"
"125035","768.868238545","192.168.15.3","192.168.15.4","MQTT","70","Connect Ack"
"125038","768.870685440","192.168.15.3","192.168.15.4","MQTT","70","Publish Ack (id=748)"
"125040","768.871249567","192.168.15.4","192.168.15.3","MQTT","68","Disconnect Req"
"125048","769.875328345","192.168.15.4","192.168.15.3","MQTT","90","Connect Command"
"125050","769.878124691","192.168.15.4","192.168.15.3","MQTT","97","Publish Message (id=749) [Deviceb'Device - 2']"
"125051","769.878565424","192.168.15.3","192.168.15.4","MQTT","70","Connect Ack"
"125054","769.880883817","192.168.15.3","192.168.15.4","MQTT","70","Publish Ack (id=749)"
"125056","769.881225222","192.168.15.4","192.168.15.3","MQTT","68","Disconnect Req"
"125068","770.885185395","192.168.15.4","192.168.15.3","MQTT","90","Connect Command"
"125070","770.888164367","192.168.15.4","192.168.15.3","MQTT","97","Publish Message (id=750) [Deviceb'Device - 2']"
"125071","770.888581816","192.168.15.3","192.168.15.4","MQTT","70","Connect Ack"
"125074","770.891356210","192.168.15.3","192.168.15.4","MQTT","70","Publish Ack (id=750)"
"125076","770.891696614","192.168.15.4","192.168.15.3","MQTT","68","Disconnect Req"
"125091","771.895713709","192.168.15.4","192.168.15.3","MQTT","90","Connect Command"
"125093","771.898590857","192.168.15.4","192.168.15.3","MQTT","97","Publish Message (id=751) [Deviceb'Device - 2']"
"125094","771.898995422","192.168.15.3","192.168.15.4","MQTT","70","Connect Ack"
"125097","771.901433140","192.168.15.3","192.168.15.4","MQTT","70","Publish Ack (id=751)"
"125099","771.902104299","192.168.15.4","192.168.15.3","MQTT","68","Disconnect Req"
"125111","772.905424716","192.168.15.4","192.168.15.3","MQTT","90","Connect Command"
"125113","772.908460956","192.168.15.4","192.168.15.3","MQTT","97","Publish Message (id=752) [Deviceb'Device - 2']"
"125115","772.912579842","192.168.15.3","192.168.15.4","MQTT","70","Connect Ack"
"125117","772.915080520","192.168.15.3","192.168.15.4","MQTT","70","Publish Ack (id=752)"
"125119","772.915796022","192.168.15.4","192.168.15.3","MQTT","68","Disconnect Req"
"126476","773.919789955","192.168.15.4","192.168.15.3","MQTT","90","Connect Command"
"126478","773.922760480","192.168.15.4","192.168.15.3","MQTT","97","Publish Message (id=753) [Deviceb'Device - 2']"
"126479","773.923118828","192.168.15.3","192.168.15.4","MQTT","70","Connect Ack"
"126482","773.925584538","192.168.15.3","192.168.15.4","MQTT","70","Publish Ack (id=753)"
"126484","773.926057773","192.168.15.4","192.168.15.3","MQTT","68","Disconnect Req"
"126497","774.929881622","192.168.15.4","192.168.15.3","MQTT","90","Connect Command"
"126499","774.934051204","192.168.15.4","192.168.15.3","MQTT","97","Publish Message (id=754) [Deviceb'Device - 2']"
"126500","774.934409581","192.168.15.3","192.168.15.4","MQTT","70","Connect Ack"
"126503","774.936453686","192.168.15.3","192.168.15.4","MQTT","70","Publish Ack (id=754)"
"126505","774.936843913","192.168.15.4","192.168.15.3","MQTT","68","Disconnect Req"
"126561","775.939993159","192.168.15.4","192.168.15.3","MQTT","90","Connect Command"
"126563","775.942967151","192.168.15.4","192.168.15.3","MQTT","97","Publish Message (id=755) [Deviceb'Device - 2']"
"126564","775.943370994","192.168.15.3","192.168.15.4","MQTT","70","Connect Ack"
"126567","775.945473469","192.168.15.3","192.168.15.4","MQTT","70","Publish Ack (id=755)"
"126569","775.945845943","192.168.15.4","192.168.15.3","MQTT","68","Disconnect Req"
"126585","776.949776648","192.168.15.4","192.168.15.3","MQTT","90","Connect Command"
"126587","776.952686859","192.168.15.4","192.168.15.3","MQTT","97","Publish Message (id=756) [Deviceb'Device - 2']"
"126588","776.953137902","192.168.15.3","192.168.15.4","MQTT","70","Connect Ack"
"126591","776.955194259","192.168.15.3","192.168.15.4","MQTT","70","Publish Ack (id=756)"
"126593","776.955581371","192.168.15.4","192.168.15.3","MQTT","68","Disconnect Req"
"126608","777.959856176","192.168.15.4","192.168.15.3","MQTT","90","Connect Command"
"126610","777.962755177","192.168.15.4","192.168.15.3","MQTT","97","Publish Message (id=757) [Deviceb'Device - 2']"
"126612","777.966974823","192.168.15.3","192.168.15.4","MQTT","70","Connect Ack"
"126614","777.969312282","192.168.15.3","192.168.15.4","MQTT","70","Publish Ack (id=757)"
"126616","777.969696017","192.168.15.4","192.168.15.3","MQTT","68","Disconnect Req"
"126639","778.973309413","192.168.15.4","192.168.15.3","MQTT","90","Connect Command"
"126642","778.977120427","192.168.15.4","192.168.15.3","MQTT","97","Publish Message (id=758) [Deviceb'Device - 2']"
"126643","778.977480809","192.168.15.3","192.168.15.4","MQTT","70","Connect Ack"
"126646","778.980269861","192.168.15.3","192.168.15.4","MQTT","70","Publish Ack (id=758)"
"126648","778.980718149","192.168.15.4","192.168.15.3","MQTT","68","Disconnect Req"
"126660","779.984770955","192.168.15.4","192.168.15.3","MQTT","90","Connect Command"
"126662","779.987671688","192.168.15.4","192.168.15.3","MQTT","97","Publish Message (id=759) [Deviceb'Device - 2']"
"126663","779.988077125","192.168.15.3","192.168.15.4","MQTT","70","Connect Ack"
"126666","779.990175101","192.168.15.3","192.168.15.4","MQTT","70","Publish Ack (id=759)"
"126668","779.990812346","192.168.15.4","192.168.15.3","MQTT","68","Disconnect Req"
"126684","780.994657752","192.168.15.4","192.168.15.3","MQTT","90","Connect Command"
"126686","780.997556432","192.168.15.4","192.168.15.3","MQTT","97","Publish Message (id=760) [Deviceb'Device - 2']"
"126687","780.997912455","192.168.15.3","192.168.15.4","MQTT","70","Connect Ack"
"126690","781.000401310","192.168.15.3","192.168.15.4","MQTT","70","Publish Ack (id=760)"
"126692","781.000975545","192.168.15.4","192.168.15.3","MQTT","68","Disconnect Req"
"126704","782.005072898","192.168.15.4","192.168.15.3","MQTT","90","Connect Command"
"126706","782.007982668","192.168.15.4","192.168.15.3","MQTT","97","Publish Message (id=761) [Deviceb'Device - 2']"
"126707","782.008372896","192.168.15.3","192.168.15.4","MQTT","70","Connect Ack"
"126710","782.010902859","192.168.15.3","192.168.15.4","MQTT","70","Publish Ack (id=761)"
"126712","782.011550573","192.168.15.4","192.168.15.3","MQTT","68","Disconnect Req"
"126728","783.015455182","192.168.15.4","192.168.15.3","MQTT","90","Connect Command"
"126730","783.018410429","192.168.15.4","192.168.15.3","MQTT","97","Publish Message (id=762) [Deviceb'Device - 2']"
"126732","783.022736507","192.168.15.3","192.168.15.4","MQTT","70","Connect Ack"
"126734","783.025877465","192.168.15.3","192.168.15.4","MQTT","70","Publish Ack (id=762)"
"126736","783.026673329","192.168.15.4","192.168.15.3","MQTT","68","Disconnect Req"
"126763","784.030199193","192.168.15.4","192.168.15.3","MQTT","90","Connect Command"
"126765","784.033258567","192.168.15.4","192.168.15.3","MQTT","97","Publish Message (id=763) [Deviceb'Device - 2']"
"126766","784.033638295","192.168.15.3","192.168.15.4","MQTT","70","Connect Ack"
"126769","784.036110899","192.168.15.3","192.168.15.4","MQTT","70","Publish Ack (id=763)"
"126771","784.036410886","192.168.15.4","192.168.15.3","MQTT","68","Disconnect Req"
"128573","785.040104378","192.168.15.4","192.168.15.3","MQTT","90","Connect Command"
"128575","785.043096885","192.168.15.4","192.168.15.3","MQTT","97","Publish Message (id=764) [Deviceb'Device - 2']"
"128576","785.043483927","192.168.15.3","192.168.15.4","MQTT","70","Connect Ack"
"128580","785.046052933","192.168.15.3","192.168.15.4","MQTT","70","Publish Ack (id=764)"
"128582","785.046357870","192.168.15.4","192.168.15.3","MQTT","68","Disconnect Req"
"128591","786.050561586","192.168.15.4","192.168.15.3","MQTT","90","Connect Command"
"128593","786.053990959","192.168.15.4","192.168.15.3","MQTT","97","Publish Message (id=765) [Deviceb'Device - 2']"
"128594","786.054003633","192.168.15.3","192.168.15.4","MQTT","70","Connect Ack"
"128597","786.056870543","192.168.15.3","192.168.15.4","MQTT","70","Publish Ack (id=765)"
"128599","786.057162795","192.168.15.4","192.168.15.3","MQTT","68","Disconnect Req"
"128611","787.060665488","192.168.15.4","192.168.15.3","MQTT","90","Connect Command"
"128613","787.063617008","192.168.15.4","192.168.15.3","MQTT","97","Publish Message (id=766) [Deviceb'Device - 2']"
"128614","787.063976347","192.168.15.3","192.168.15.4","MQTT","70","Connect Ack"
"128617","787.066541095","192.168.15.3","192.168.15.4","MQTT","70","Publish Ack (id=766)"
"128619","787.067050709","192.168.15.4","192.168.15.3","MQTT","68","Disconnect Req"
"128657","788.070758761","192.168.15.4","192.168.15.3","MQTT","90","Connect Command"
"128659","788.073651880","192.168.15.4","192.168.15.3","MQTT","97","Publish Message (id=767) [Deviceb'Device - 2']"
"128661","788.078137240","192.168.15.3","192.168.15.4","MQTT","70","Connect Ack"
"128663","788.080387243","192.168.15.3","192.168.15.4","MQTT","70","Publish Ack (id=767)"
"128665","788.080709562","192.168.15.4","192.168.15.3","MQTT","68","Disconnect Req"
"128696","789.084159426","192.168.15.4","192.168.15.3","MQTT","90","Connect Command"
"128698","789.088848530","192.168.15.4","192.168.15.3","MQTT","97","Publish Message (id=768) [Deviceb'Device - 2']"
"128699","789.089226525","192.168.15.3","192.168.15.4","MQTT","70","Connect Ack"
"128702","789.091211337","192.168.15.3","192.168.15.4","MQTT","70","Publish Ack (id=768)"
"128704","789.091969240","192.168.15.4","192.168.15.3","MQTT","68","Disconnect Req"
"128716","790.096678476","192.168.15.4","192.168.15.3","MQTT","90","Connect Command"
"128718","790.099440528","192.168.15.4","192.168.15.3","MQTT","97","Publish Message (id=769) [Deviceb'Device - 2']"
"128719","790.099809134","192.168.15.3","192.168.15.4","MQTT","70","Connect Ack"
"128722","790.101930515","192.168.15.3","192.168.15.4","MQTT","70","Publish Ack (id=769)"
"128724","790.102405493","192.168.15.4","192.168.15.3","MQTT","68","Disconnect Req"
"128760","791.105968413","192.168.15.4","192.168.15.3","MQTT","90","Connect Command"
"128762","791.108874075","192.168.15.4","192.168.15.3","MQTT","97","Publish Message (id=770) [Deviceb'Device - 2']"
"128763","791.109261408","192.168.15.3","192.168.15.4","MQTT","70","Connect Ack"
"128766","791.111333455","192.168.15.3","192.168.15.4","MQTT","70","Publish Ack (id=770)"
"128768","791.112085366","192.168.15.4","192.168.15.3","MQTT","68","Disconnect Req"
"128782","792.116496330","192.168.15.4","192.168.15.3","MQTT","90","Connect Command"
"128784","792.118914992","192.168.15.4","192.168.15.3","MQTT","97","Publish Message (id=771) [Deviceb'Device - 2']"
"128785","792.119306923","192.168.15.3","192.168.15.4","MQTT","70","Connect Ack"
"128788","792.121380643","192.168.15.3","192.168.15.4","MQTT","70","Publish Ack (id=771)"
"128790","792.121742888","192.168.15.4","192.168.15.3","MQTT","68","Disconnect Req"
"128798","793.126248590","192.168.15.4","192.168.15.3","MQTT","90","Connect Command"
"128800","793.129127202","192.168.15.4","192.168.15.3","MQTT","97","Publish Message (id=772) [Deviceb'Device - 2']"
"128802","793.133264844","192.168.15.3","192.168.15.4","MQTT","70","Connect Ack"
"128804","793.135721358","192.168.15.3","192.168.15.4","MQTT","70","Publish Ack (id=772)"
"128806","793.136341851","192.168.15.4","192.168.15.3","MQTT","68","Disconnect Req"
"128823","794.139603454","192.168.15.4","192.168.15.3","MQTT","90","Connect Command"
"128825","794.142658259","192.168.15.4","192.168.15.3","MQTT","97","Publish Message (id=773) [Deviceb'Device - 2']"
"128826","794.143714145","192.168.15.3","192.168.15.4","MQTT","70","Connect Ack"
"128829","794.145376458","192.168.15.3","192.168.15.4","MQTT","70","Publish Ack (id=773)"
"128831","794.146192480","192.168.15.4","192.168.15.3","MQTT","68","Disconnect Req"
"129612","795.151770442","192.168.15.4","192.168.15.3","MQTT","90","Connect Command"
"129662","795.157407539","192.168.15.4","192.168.15.3","MQTT","97","Publish Message (id=774) [Deviceb'Device - 2']"
"129672","795.158230424","192.168.15.3","192.168.15.4","MQTT","70","Connect Ack"
"129703","795.160993728","192.168.15.3","192.168.15.4","MQTT","70","Publish Ack (id=774)"
"129705","795.161417239","192.168.15.4","192.168.15.3","MQTT","68","Disconnect Req"
"130147","796.165086133","192.168.15.4","192.168.15.3","MQTT","90","Connect Command"
"130149","796.168163621","192.168.15.4","192.168.15.3","MQTT","97","Publish Message (id=775) [Deviceb'Device - 2']"
"130150","796.168566592","192.168.15.3","192.168.15.4","MQTT","70","Connect Ack"
"130153","796.170956961","192.168.15.3","192.168.15.4","MQTT","70","Publish Ack (id=775)"
"130155","796.171339594","192.168.15.4","192.168.15.3","MQTT","68","Disconnect Req"
"130176","797.174771470","192.168.15.4","192.168.15.3","MQTT","90","Connect Command"
"130178","797.177785147","192.168.15.4","192.168.15.3","MQTT","97","Publish Message (id=776) [Deviceb'Device - 2']"
"130179","797.178176166","192.168.15.3","192.168.15.4","MQTT","70","Connect Ack"
"130182","797.180682033","192.168.15.3","192.168.15.4","MQTT","70","Publish Ack (id=776)"
"130184","797.181242753","192.168.15.4","192.168.15.3","MQTT","68","Disconnect Req"
"130196","798.184985659","192.168.15.4","192.168.15.3","MQTT","90","Connect Command"
"130198","798.187834354","192.168.15.4","192.168.15.3","MQTT","97","Publish Message (id=777) [Deviceb'Device - 2']"
"130200","798.192006100","192.168.15.3","192.168.15.4","MQTT","70","Connect Ack"
"130202","798.194373656","192.168.15.3","192.168.15.4","MQTT","70","Publish Ack (id=777)"
"130204","798.194842262","192.168.15.4","192.168.15.3","MQTT","68","Disconnect Req"
"130219","799.198424184","192.168.15.4","192.168.15.3","MQTT","90","Connect Command"
"130221","799.201430096","192.168.15.4","192.168.15.3","MQTT","97","Publish Message (id=778) [Deviceb'Device - 2']"
"130222","799.201782332","192.168.15.3","192.168.15.4","MQTT","70","Connect Ack"
"130225","799.204284583","192.168.15.3","192.168.15.4","MQTT","70","Publish Ack (id=778)"
"130227","799.204696742","192.168.15.4","192.168.15.3","MQTT","68","Disconnect Req"
"130241","800.207917882","192.168.15.4","192.168.15.3","MQTT","90","Connect Command"
"130243","800.210951296","192.168.15.4","192.168.15.3","MQTT","97","Publish Message (id=779) [Deviceb'Device - 2']"
"130244","800.211331716","192.168.15.3","192.168.15.4","MQTT","70","Connect Ack"
"130247","800.213733817","192.168.15.3","192.168.15.4","MQTT","70","Publish Ack (id=779)"
"130249","800.214037551","192.168.15.4","192.168.15.3","MQTT","68","Disconnect Req"
"130263","801.217789505","192.168.15.4","192.168.15.3","MQTT","90","Connect Command"
"130265","801.220826126","192.168.15.4","192.168.15.3","MQTT","97","Publish Message (id=780) [Deviceb'Device - 2']"
"130266","801.221219670","192.168.15.3","192.168.15.4","MQTT","70","Connect Ack"
"130269","801.223269194","192.168.15.3","192.168.15.4","MQTT","70","Publish Ack (id=780)"
"130271","801.223667778","192.168.15.4","192.168.15.3","MQTT","68","Disconnect Req"
"130283","802.227371232","192.168.15.4","192.168.15.3","MQTT","90","Connect Command"
"130285","802.230299988","192.168.15.4","192.168.15.3","MQTT","97","Publish Message (id=781) [Deviceb'Device - 2']"
"130286","802.230722187","192.168.15.3","192.168.15.4","MQTT","70","Connect Ack"
"130289","802.233438091","192.168.15.3","192.168.15.4","MQTT","70","Publish Ack (id=781)"
"130291","802.233831254","192.168.15.4","192.168.15.3","MQTT","68","Disconnect Req"
"130303","803.238180730","192.168.15.4","192.168.15.3","MQTT","90","Connect Command"
"130305","803.241193234","192.168.15.4","192.168.15.3","MQTT","97","Publish Message (id=782) [Deviceb'Device - 2']"
"130307","803.245656462","192.168.15.3","192.168.15.4","MQTT","70","Connect Ack"
"130309","803.248114779","192.168.15.3","192.168.15.4","MQTT","70","Publish Ack (id=782)"
"130311","803.248495449","192.168.15.4","192.168.15.3","MQTT","68","Disconnect Req"
"130322","804.252915880","192.168.15.4","192.168.15.3","MQTT","90","Connect Command"
"130324","804.255842763","192.168.15.4","192.168.15.3","MQTT","97","Publish Message (id=783) [Deviceb'Device - 2']"
"130325","804.256515936","192.168.15.3","192.168.15.4","MQTT","70","Connect Ack"
"130328","804.258591790","192.168.15.3","192.168.15.4","MQTT","70","Publish Ack (id=783)"
"130330","804.259056478","192.168.15.4","192.168.15.3","MQTT","68","Disconnect Req"
"130348","805.263753903","192.168.15.4","192.168.15.3","MQTT","90","Connect Command"
"130350","805.266923635","192.168.15.4","192.168.15.3","MQTT","97","Publish Message (id=784) [Deviceb'Device - 2']"
"130351","805.267333159","192.168.15.3","192.168.15.4","MQTT","70","Connect Ack"
"130354","805.269634259","192.168.15.3","192.168.15.4","MQTT","70","Publish Ack (id=784)"
"130356","805.270114207","192.168.15.4","192.168.15.3","MQTT","68","Disconnect Req"
"131853","806.274643435","192.168.15.4","192.168.15.3","MQTT","90","Connect Command"
"131855","806.277658044","192.168.15.4","192.168.15.3","MQTT","97","Publish Message (id=785) [Deviceb'Device - 2']"
"131856","806.278071355","192.168.15.3","192.168.15.4","MQTT","70","Connect Ack"
"131859","806.280175854","192.168.15.3","192.168.15.4","MQTT","70","Publish Ack (id=785)"
"131861","806.280985274","192.168.15.4","192.168.15.3","MQTT","68","Disconnect Req"
"131873","807.285149433","192.168.15.4","192.168.15.3","MQTT","90","Connect Command"
"131875","807.288145597","192.168.15.4","192.168.15.3","MQTT","97","Publish Message (id=786) [Deviceb'Device - 2']"
"131876","807.288503464","192.168.15.3","192.168.15.4","MQTT","70","Connect Ack"
"131879","807.290894243","192.168.15.3","192.168.15.4","MQTT","70","Publish Ack (id=786)"
"131881","807.291343743","192.168.15.4","192.168.15.3","MQTT","68","Disconnect Req"
"131893","808.295009461","192.168.15.4","192.168.15.3","MQTT","90","Connect Command"
"131895","808.297955520","192.168.15.4","192.168.15.3","MQTT","97","Publish Message (id=787) [Deviceb'Device - 2']"
"131897","808.302071511","192.168.15.3","192.168.15.4","MQTT","70","Connect Ack"
"131899","808.304341452","192.168.15.3","192.168.15.4","MQTT","70","Publish Ack (id=787)"
"131901","808.304829455","192.168.15.4","192.168.15.3","MQTT","68","Disconnect Req"
"131918","809.309093544","192.168.15.4","192.168.15.3","MQTT","90","Connect Command"
"131920","809.313751710","192.168.15.4","192.168.15.3","MQTT","97","Publish Message (id=788) [Deviceb'Device - 2']"
"131921","809.314147838","192.168.15.3","192.168.15.4","MQTT","70","Connect Ack"
"131924","809.316743936","192.168.15.3","192.168.15.4","MQTT","70","Publish Ack (id=788)"
"131926","809.317564127","192.168.15.4","192.168.15.3","MQTT","68","Disconnect Req"
"131938","810.320839408","192.168.15.4","192.168.15.3","MQTT","90","Connect Command"
"131940","810.326147542","192.168.15.4","192.168.15.3","MQTT","97","Publish Message (id=789) [Deviceb'Device - 2']"
"131941","810.326526849","192.168.15.3","192.168.15.4","MQTT","70","Connect Ack"
"131944","810.328983343","192.168.15.3","192.168.15.4","MQTT","70","Publish Ack (id=789)"
"131946","810.329460966","192.168.15.4","192.168.15.3","MQTT","68","Disconnect Req"
"131959","811.333737681","192.168.15.4","192.168.15.3","MQTT","90","Connect Command"
"131961","811.336740678","192.168.15.4","192.168.15.3","MQTT","97","Publish Message (id=790) [Deviceb'Device - 2']"
"131962","811.337090790","192.168.15.3","192.168.15.4","MQTT","70","Connect Ack"
"131965","811.339968129","192.168.15.3","192.168.15.4","MQTT","70","Publish Ack (id=790)"
"131967","811.340942832","192.168.15.4","192.168.15.3","MQTT","68","Disconnect Req"
"131997","812.344564719","192.168.15.4","192.168.15.3","MQTT","90","Connect Command"
"131999","812.347625977","192.168.15.4","192.168.15.3","MQTT","97","Publish Message (id=791) [Deviceb'Device - 2']"
"132000","812.348032796","192.168.15.3","192.168.15.4","MQTT","70","Connect Ack"
"132003","812.350505400","192.168.15.3","192.168.15.4","MQTT","70","Publish Ack (id=791)"
"132005","812.351059327","192.168.15.4","192.168.15.3","MQTT","68","Disconnect Req"
"132020","813.354307789","192.168.15.4","192.168.15.3","MQTT","90","Connect Command"
"132022","813.357316177","192.168.15.4","192.168.15.3","MQTT","97","Publish Message (id=792) [Deviceb'Device - 2']"
"132023","813.358085501","192.168.15.3","192.168.15.4","MQTT","70","Connect Ack"
"132026","813.360119797","192.168.15.3","192.168.15.4","MQTT","70","Publish Ack (id=792)"
"132028","813.360699993","192.168.15.4","192.168.15.3","MQTT","68","Disconnect Req"
"132037","814.364696891","192.168.15.4","192.168.15.3","MQTT","90","Connect Command"
"132039","814.367755944","192.168.15.4","192.168.15.3","MQTT","97","Publish Message (id=793) [Deviceb'Device - 2']"
"132040","814.368173293","192.168.15.3","192.168.15.4","MQTT","70","Connect Ack"
"132043","814.370559193","192.168.15.3","192.168.15.4","MQTT","70","Publish Ack (id=793)"
"132045","814.371557601","192.168.15.4","192.168.15.3","MQTT","68","Disconnect Req"
"132087","815.376190792","192.168.15.4","192.168.15.3","MQTT","90","Connect Command"
"132089","815.379078561","192.168.15.4","192.168.15.3","MQTT","97","Publish Message (id=794) [Deviceb'Device - 2']"
"132090","815.379513834","192.168.15.3","192.168.15.4","MQTT","70","Connect Ack"
"132093","815.381672665","192.168.15.3","192.168.15.4","MQTT","70","Publish Ack (id=794)"
"132095","815.382650814","192.168.15.4","192.168.15.3","MQTT","68","Disconnect Req"
"133871","816.387640189","192.168.15.4","192.168.15.3","MQTT","90","Connect Command"
"133873","816.390735611","192.168.15.4","192.168.15.3","MQTT","97","Publish Message (id=795) [Deviceb'Device - 2']"
"133874","816.391071466","192.168.15.3","192.168.15.4","MQTT","70","Connect Ack"
"133877","816.393706657","192.168.15.3","192.168.15.4","MQTT","70","Publish Ack (id=795)"
"133879","816.394684947","192.168.15.4","192.168.15.3","MQTT","68","Disconnect Req"
"133891","817.398772689","192.168.15.4","192.168.15.3","MQTT","90","Connect Command"
"133893","817.401543326","192.168.15.4","192.168.15.3","MQTT","97","Publish Message (id=796) [Deviceb'Device - 2']"
"133894","817.401938223","192.168.15.3","192.168.15.4","MQTT","70","Connect Ack"
"133897","817.404383505","192.168.15.3","192.168.15.4","MQTT","70","Publish Ack (id=796)"
"133899","817.405018115","192.168.15.4","192.168.15.3","MQTT","68","Disconnect Req"
"133914","818.408542433","192.168.15.4","192.168.15.3","MQTT","90","Connect Command"
"133916","818.411623096","192.168.15.4","192.168.15.3","MQTT","97","Publish Message (id=797) [Deviceb'Device - 2']"
"133918","818.415822916","192.168.15.3","192.168.15.4","MQTT","70","Connect Ack"
"133920","818.418291342","192.168.15.3","192.168.15.4","MQTT","70","Publish Ack (id=797)"
"133922","818.418688744","192.168.15.4","192.168.15.3","MQTT","68","Disconnect Req"
"133934","819.422372374","192.168.15.4","192.168.15.3","MQTT","90","Connect Command"
"133936","819.425275772","192.168.15.4","192.168.15.3","MQTT","97","Publish Message (id=798) [Deviceb'Device - 2']"
"133937","819.425653527","192.168.15.3","192.168.15.4","MQTT","70","Connect Ack"
"133940","819.428806317","192.168.15.3","192.168.15.4","MQTT","70","Publish Ack (id=798)"
"133942","819.429434534","192.168.15.4","192.168.15.3","MQTT","68","Disconnect Req"
"133950","820.433049323","192.168.15.4","192.168.15.3","MQTT","90","Connect Command"
"133952","820.436057100","192.168.15.4","192.168.15.3","MQTT","97","Publish Message (id=799) [Deviceb'Device - 2']"
"133953","820.436451575","192.168.15.3","192.168.15.4","MQTT","70","Connect Ack"
"133957","820.438828840","192.168.15.3","192.168.15.4","MQTT","70","Publish Ack (id=799)"
"133959","820.439761182","192.168.15.4","192.168.15.3","MQTT","68","Disconnect Req"
"133976","821.443413664","192.168.15.4","192.168.15.3","MQTT","90","Connect Command"
"133978","821.446413125","192.168.15.4","192.168.15.3","MQTT","97","Publish Message (id=800) [Deviceb'Device - 2']"
"133979","821.446829512","192.168.15.3","192.168.15.4","MQTT","70","Connect Ack"
"133982","821.449299341","192.168.15.3","192.168.15.4","MQTT","70","Publish Ack (id=800)"
"133984","821.449738250","192.168.15.4","192.168.15.3","MQTT","68","Disconnect Req"
"133999","822.453886269","192.168.15.4","192.168.15.3","MQTT","90","Connect Command"
"134001","822.456945553","192.168.15.4","192.168.15.3","MQTT","97","Publish Message (id=801) [Deviceb'Device - 2']"
"134002","822.457285155","192.168.15.3","192.168.15.4","MQTT","70","Connect Ack"
"134005","822.459694940","192.168.15.3","192.168.15.4","MQTT","70","Publish Ack (id=801)"
"134007","822.460503368","192.168.15.4","192.168.15.3","MQTT","68","Disconnect Req"
"134022","823.463952657","192.168.15.4","192.168.15.3","MQTT","90","Connect Command"
"134024","823.466978788","192.168.15.4","192.168.15.3","MQTT","97","Publish Message (id=802) [Deviceb'Device - 2']"
"134026","823.471086483","192.168.15.3","192.168.15.4","MQTT","70","Connect Ack"
"134028","823.473570430","192.168.15.3","192.168.15.4","MQTT","70","Publish Ack (id=802)"
"134030","823.474238813","192.168.15.4","192.168.15.3","MQTT","68","Disconnect Req"
"134051","824.481015753","192.168.15.4","192.168.15.3","MQTT","90","Connect Command"
"134053","824.483323075","192.168.15.4","192.168.15.3","MQTT","97","Publish Message (id=803) [Deviceb'Device - 2']"
"134054","824.483814934","192.168.15.3","192.168.15.4","MQTT","70","Connect Ack"
"134057","824.486250779","192.168.15.3","192.168.15.4","MQTT","70","Publish Ack (id=803)"
"134059","824.486907831","192.168.15.4","192.168.15.3","MQTT","68","Disconnect Req"
"134071","825.490560717","192.168.15.4","192.168.15.3","MQTT","90","Connect Command"
"134073","825.493891433","192.168.15.4","192.168.15.3","MQTT","97","Publish Message (id=804) [Deviceb'Device - 2']"
"134074","825.494247256","192.168.15.3","192.168.15.4","MQTT","70","Connect Ack"
"134077","825.496775405","192.168.15.3","192.168.15.4","MQTT","70","Publish Ack (id=804)"
"134079","825.497549819","192.168.15.4","192.168.15.3","MQTT","68","Disconnect Req"
"135461","826.501826005","192.168.15.4","192.168.15.3","MQTT","90","Connect Command"
"135463","826.506609588","192.168.15.4","192.168.15.3","MQTT","97","Publish Message (id=805) [Deviceb'Device - 2']"
"135464","826.506996590","192.168.15.3","192.168.15.4","MQTT","70","Connect Ack"
"135467","826.509056935","192.168.15.3","192.168.15.4","MQTT","70","Publish Ack (id=805)"
"135469","826.509361911","192.168.15.4","192.168.15.3","MQTT","68","Disconnect Req"
"135477","827.513241998","192.168.15.4","192.168.15.3","MQTT","90","Connect Command"
"135479","827.516268690","192.168.15.4","192.168.15.3","MQTT","97","Publish Message (id=806) [Deviceb'Device - 2']"
"135480","827.516615696","192.168.15.3","192.168.15.4","MQTT","70","Connect Ack"
"135483","827.519441658","192.168.15.3","192.168.15.4","MQTT","70","Publish Ack (id=806)"
"135485","827.520279833","192.168.15.4","192.168.15.3","MQTT","68","Disconnect Req"
"135496","828.524590213","192.168.15.4","192.168.15.3","MQTT","90","Connect Command"
"135498","828.527477471","192.168.15.4","192.168.15.3","MQTT","97","Publish Message (id=807) [Deviceb'Device - 2']"
"135500","828.531690095","192.168.15.3","192.168.15.4","MQTT","70","Connect Ack"
"135502","828.534038855","192.168.15.3","192.168.15.4","MQTT","70","Publish Ack (id=807)"
"135504","828.534375682","192.168.15.4","192.168.15.3","MQTT","68","Disconnect Req"
"135517","829.538958569","192.168.15.4","192.168.15.3","MQTT","90","Connect Command"
"135519","829.541982496","192.168.15.4","192.168.15.3","MQTT","97","Publish Message (id=808) [Deviceb'Device - 2']"
"135520","829.542401528","192.168.15.3","192.168.15.4","MQTT","70","Connect Ack"
"135523","829.544865075","192.168.15.3","192.168.15.4","MQTT","70","Publish Ack (id=808)"
"135525","829.545596307","192.168.15.4","192.168.15.3","MQTT","68","Disconnect Req"
"135537","830.549365165","192.168.15.4","192.168.15.3","MQTT","90","Connect Command"
"135539","830.552356601","192.168.15.4","192.168.15.3","MQTT","97","Publish Message (id=809) [Deviceb'Device - 2']"
"135540","830.552795370","192.168.15.3","192.168.15.4","MQTT","70","Connect Ack"
"135543","830.554822853","192.168.15.3","192.168.15.4","MQTT","70","Publish Ack (id=809)"
"135545","830.555083917","192.168.15.4","192.168.15.3","MQTT","68","Disconnect Req"
"135557","831.558610590","192.168.15.4","192.168.15.3","MQTT","90","Connect Command"
"135559","831.561640938","192.168.15.4","192.168.15.3","MQTT","97","Publish Message (id=810) [Deviceb'Device - 2']"
"135560","831.562000007","192.168.15.3","192.168.15.4","MQTT","70","Connect Ack"
"135563","831.564408240","192.168.15.3","192.168.15.4","MQTT","70","Publish Ack (id=810)"
"135565","831.564883428","192.168.15.4","192.168.15.3","MQTT","68","Disconnect Req"
"135581","832.568135100","192.168.15.4","192.168.15.3","MQTT","90","Connect Command"
"135583","832.570404760","192.168.15.4","192.168.15.3","MQTT","97","Publish Message (id=811) [Deviceb'Device - 2']"
"135584","832.570859179","192.168.15.3","192.168.15.4","MQTT","70","Connect Ack"
"135587","832.573399071","192.168.15.3","192.168.15.4","MQTT","70","Publish Ack (id=811)"
"135589","832.574174817","192.168.15.4","192.168.15.3","MQTT","68","Disconnect Req"
"135604","833.578078494","192.168.15.4","192.168.15.3","MQTT","90","Connect Command"
"135606","833.581140503","192.168.15.4","192.168.15.3","MQTT","97","Publish Message (id=812) [Deviceb'Device - 2']"
"135608","833.585348387","192.168.15.3","192.168.15.4","MQTT","70","Connect Ack"
"135610","833.587720251","192.168.15.3","192.168.15.4","MQTT","70","Publish Ack (id=812)"
"135612","833.588396018","192.168.15.4","192.168.15.3","MQTT","68","Disconnect Req"
"135629","834.592446793","192.168.15.4","192.168.15.3","MQTT","90","Connect Command"
"135631","834.595503421","192.168.15.4","192.168.15.3","MQTT","97","Publish Message (id=813) [Deviceb'Device - 2']"
"135632","834.595875345","192.168.15.3","192.168.15.4","MQTT","70","Connect Ack"
"135635","834.607678779","192.168.15.3","192.168.15.4","MQTT","70","Publish Ack (id=813)"
"135637","834.608071771","192.168.15.4","192.168.15.3","MQTT","68","Disconnect Req"
"135657","835.611541517","192.168.15.4","192.168.15.3","MQTT","90","Connect Command"
"135660","835.614617162","192.168.15.4","192.168.15.3","MQTT","97","Publish Message (id=814) [Deviceb'Device - 2']"
"135661","835.615150580","192.168.15.3","192.168.15.4","MQTT","70","Connect Ack"
"135664","835.617095998","192.168.15.3","192.168.15.4","MQTT","70","Publish Ack (id=814)"
"135666","835.617844994","192.168.15.4","192.168.15.3","MQTT","68","Disconnect Req"
"135696","836.621903665","192.168.15.4","192.168.15.3","MQTT","90","Connect Command"
"135698","836.625071443","192.168.15.4","192.168.15.3","MQTT","97","Publish Message (id=815) [Deviceb'Device - 2']"
"135699","836.625471029","192.168.15.3","192.168.15.4","MQTT","70","Connect Ack"
"135702","836.627791105","192.168.15.3","192.168.15.4","MQTT","70","Publish Ack (id=815)"
"135704","836.628655369","192.168.15.4","192.168.15.3","MQTT","68","Disconnect Req"
"135716","837.633047840","192.168.15.4","192.168.15.3","MQTT","90","Connect Command"
"135718","837.636092977","192.168.15.4","192.168.15.3","MQTT","97","Publish Message (id=816) [Deviceb'Device - 2']"
"135719","837.636660620","192.168.15.3","192.168.15.4","MQTT","70","Connect Ack"
"135722","837.639543490","192.168.15.3","192.168.15.4","MQTT","70","Publish Ack (id=816)"
"135724","837.640053414","192.168.15.4","192.168.15.3","MQTT","68","Disconnect Req"
"137199","838.644146711","192.168.15.4","192.168.15.3","MQTT","90","Connect Command"
"137201","838.647048397","192.168.15.4","192.168.15.3","MQTT","97","Publish Message (id=817) [Deviceb'Device - 2']"
"137203","838.651266601","192.168.15.3","192.168.15.4","MQTT","70","Connect Ack"
"137205","838.653576978","192.168.15.3","192.168.15.4","MQTT","70","Publish Ack (id=817)"
"137207","838.654357173","192.168.15.4","192.168.15.3","MQTT","68","Disconnect Req"
"137219","839.658116811","192.168.15.4","192.168.15.3","MQTT","90","Connect Command"
"137221","839.661070655","192.168.15.4","192.168.15.3","MQTT","97","Publish Message (id=818) [Deviceb'Device - 2']"
"137222","839.661486691","192.168.15.3","192.168.15.4","MQTT","70","Connect Ack"
"137225","839.663919521","192.168.15.3","192.168.15.4","MQTT","70","Publish Ack (id=818)"
"137227","839.664679237","192.168.15.4","192.168.15.3","MQTT","68","Disconnect Req"
"137239","840.668618845","192.168.15.4","192.168.15.3","MQTT","90","Connect Command"
"137241","840.671532573","192.168.15.4","192.168.15.3","MQTT","97","Publish Message (id=819) [Deviceb'Device - 2']"
"137242","840.671901019","192.168.15.3","192.168.15.4","MQTT","70","Connect Ack"
"137245","840.674422546","192.168.15.3","192.168.15.4","MQTT","70","Publish Ack (id=819)"
"137247","840.675247145","192.168.15.4","192.168.15.3","MQTT","68","Disconnect Req"
"137259","841.680124227","192.168.15.4","192.168.15.3","MQTT","90","Connect Command"
"137261","841.683089242","192.168.15.4","192.168.15.3","MQTT","97","Publish Message (id=820) [Deviceb'Device - 2']"
"137262","841.683446136","192.168.15.3","192.168.15.4","MQTT","70","Connect Ack"
"137265","841.686017878","192.168.15.3","192.168.15.4","MQTT","70","Publish Ack (id=820)"
"137267","841.686914723","192.168.15.4","192.168.15.3","MQTT","68","Disconnect Req"
"137279","842.690742843","192.168.15.4","192.168.15.3","MQTT","90","Connect Command"
"137281","842.693707598","192.168.15.4","192.168.15.3","MQTT","97","Publish Message (id=821) [Deviceb'Device - 2']"
"137282","842.693972348","192.168.15.3","192.168.15.4","MQTT","70","Connect Ack"
"137285","842.696504936","192.168.15.3","192.168.15.4","MQTT","70","Publish Ack (id=821)"
"137287","842.697354191","192.168.15.4","192.168.15.3","MQTT","68","Disconnect Req"
"137307","843.701554976","192.168.15.4","192.168.15.3","MQTT","90","Connect Command"
"137309","843.704506666","192.168.15.4","192.168.15.3","MQTT","97","Publish Message (id=822) [Deviceb'Device - 2']"
"137311","843.708644388","192.168.15.3","192.168.15.4","MQTT","70","Connect Ack"
"137313","843.710984241","192.168.15.3","192.168.15.4","MQTT","70","Publish Ack (id=822)"
"137315","843.711732035","192.168.15.4","192.168.15.3","MQTT","68","Disconnect Req"
"137328","844.716079488","192.168.15.4","192.168.15.3","MQTT","90","Connect Command"
"137330","844.718962739","192.168.15.4","192.168.15.3","MQTT","97","Publish Message (id=823) [Deviceb'Device - 2']"
"137331","844.719352325","192.168.15.3","192.168.15.4","MQTT","70","Connect Ack"
"137334","844.721990011","192.168.15.3","192.168.15.4","MQTT","70","Publish Ack (id=823)"
"137336","844.722900573","192.168.15.4","192.168.15.3","MQTT","68","Disconnect Req"
"137348","845.726842058","192.168.15.4","192.168.15.3","MQTT","90","Connect Command"
"137350","845.729789109","192.168.15.4","192.168.15.3","MQTT","97","Publish Message (id=824) [Deviceb'Device - 2']"
"137351","845.730186921","192.168.15.3","192.168.15.4","MQTT","70","Connect Ack"
"137354","845.732585005","192.168.15.3","192.168.15.4","MQTT","70","Publish Ack (id=824)"
"137356","845.733395196","192.168.15.4","192.168.15.3","MQTT","68","Disconnect Req"
"137368","846.737125815","192.168.15.4","192.168.15.3","MQTT","90","Connect Command"
"137370","846.740019896","192.168.15.4","192.168.15.3","MQTT","97","Publish Message (id=825) [Deviceb'Device - 2']"
"137371","846.740362904","192.168.15.3","192.168.15.4","MQTT","70","Connect Ack"
"137374","846.742837102","192.168.15.3","192.168.15.4","MQTT","70","Publish Ack (id=825)"
"137376","846.743698340","192.168.15.4","192.168.15.3","MQTT","68","Disconnect Req"
"137388","847.747359166","192.168.15.4","192.168.15.3","MQTT","90","Connect Command"
"137390","847.750294275","192.168.15.4","192.168.15.3","MQTT","97","Publish Message (id=826) [Deviceb'Device - 2']"
"137391","847.750625321","192.168.15.3","192.168.15.4","MQTT","70","Connect Ack"
"137394","847.753098356","192.168.15.3","192.168.15.4","MQTT","70","Publish Ack (id=826)"
"137396","847.753926662","192.168.15.4","192.168.15.3","MQTT","68","Disconnect Req"
"139487","848.758469476","192.168.15.4","192.168.15.3","MQTT","90","Connect Command"
"139489","848.761385148","192.168.15.4","192.168.15.3","MQTT","97","Publish Message (id=827) [Deviceb'Device - 2']"
"139491","848.765738338","192.168.15.3","192.168.15.4","MQTT","70","Connect Ack"
"139493","848.768127234","192.168.15.3","192.168.15.4","MQTT","70","Publish Ack (id=827)"
"139495","848.768917147","192.168.15.4","192.168.15.3","MQTT","68","Disconnect Req"
"139509","849.773562476","192.168.15.4","192.168.15.3","MQTT","90","Connect Command"
"139511","849.776527121","192.168.15.4","192.168.15.3","MQTT","97","Publish Message (id=828) [Deviceb'Device - 2']"
"139512","849.776891309","192.168.15.3","192.168.15.4","MQTT","70","Connect Ack"
"139515","849.779416333","192.168.15.3","192.168.15.4","MQTT","70","Publish Ack (id=828)"
"139517","849.780302198","192.168.15.4","192.168.15.3","MQTT","68","Disconnect Req"
"139529","850.785038379","192.168.15.4","192.168.15.3","MQTT","90","Connect Command"
"139531","850.787957628","192.168.15.4","192.168.15.3","MQTT","97","Publish Message (id=829) [Deviceb'Device - 2']"
"139532","850.788358245","192.168.15.3","192.168.15.4","MQTT","70","Connect Ack"
"139535","850.790692248","192.168.15.3","192.168.15.4","MQTT","70","Publish Ack (id=829)"
"139537","850.791470790","192.168.15.4","192.168.15.3","MQTT","68","Disconnect Req"
"139552","851.795898389","192.168.15.4","192.168.15.3","MQTT","90","Connect Command"
"139554","851.800607010","192.168.15.4","192.168.15.3","MQTT","97","Publish Message (id=830) [Deviceb'Device - 2']"
"139555","851.800975427","192.168.15.3","192.168.15.4","MQTT","70","Connect Ack"
"139558","851.803337802","192.168.15.3","192.168.15.4","MQTT","70","Publish Ack (id=830)"
"139560","851.803817189","192.168.15.4","192.168.15.3","MQTT","68","Disconnect Req"
"139572","852.808509649","192.168.15.4","192.168.15.3","MQTT","90","Connect Command"
"139574","852.811560396","192.168.15.4","192.168.15.3","MQTT","97","Publish Message (id=831) [Deviceb'Device - 2']"
"139575","852.811991270","192.168.15.3","192.168.15.4","MQTT","70","Connect Ack"
"139578","852.814485906","192.168.15.3","192.168.15.4","MQTT","70","Publish Ack (id=831)"
"139580","852.814931148","192.168.15.4","192.168.15.3","MQTT","68","Disconnect Req"
"139595","853.818618440","192.168.15.4","192.168.15.3","MQTT","90","Connect Command"
"139597","853.821416089","192.168.15.4","192.168.15.3","MQTT","97","Publish Message (id=832) [Deviceb'Device - 2']"
"139599","853.825649242","192.168.15.3","192.168.15.4","MQTT","70","Connect Ack"
"139601","853.828015204","192.168.15.3","192.168.15.4","MQTT","70","Publish Ack (id=832)"
"139603","853.828771454","192.168.15.4","192.168.15.3","MQTT","68","Disconnect Req"
"139616","854.832507517","192.168.15.4","192.168.15.3","MQTT","90","Connect Command"
"139618","854.835446453","192.168.15.4","192.168.15.3","MQTT","97","Publish Message (id=833) [Deviceb'Device - 2']"
"139619","854.835835579","192.168.15.3","192.168.15.4","MQTT","70","Connect Ack"
"139622","854.837966166","192.168.15.3","192.168.15.4","MQTT","70","Publish Ack (id=833)"
"139624","854.838752353","192.168.15.4","192.168.15.3","MQTT","68","Disconnect Req"
"139647","855.842851914","192.168.15.4","192.168.15.3","MQTT","90","Connect Command"
"139649","855.845735997","192.168.15.4","192.168.15.3","MQTT","97","Publish Message (id=834) [Deviceb'Device - 2']"
"139650","855.846087702","192.168.15.3","192.168.15.4","MQTT","70","Connect Ack"
"139653","855.848503399","192.168.15.3","192.168.15.4","MQTT","70","Publish Ack (id=834)"
"139655","855.849190548","192.168.15.4","192.168.15.3","MQTT","68","Disconnect Req"
"139667","856.853557817","192.168.15.4","192.168.15.3","MQTT","90","Connect Command"
"139669","856.856584629","192.168.15.4","192.168.15.3","MQTT","97","Publish Message (id=835) [Deviceb'Device - 2']"
"139670","856.857004933","192.168.15.3","192.168.15.4","MQTT","70","Connect Ack"
"139673","856.859043798","192.168.15.3","192.168.15.4","MQTT","70","Publish Ack (id=835)"
"139675","856.859371036","192.168.15.4","192.168.15.3","MQTT","68","Disconnect Req"
"139687","857.863426397","192.168.15.4","192.168.15.3","MQTT","90","Connect Command"
"139689","857.866250315","192.168.15.4","192.168.15.3","MQTT","97","Publish Message (id=836) [Deviceb'Device - 2']"
"139690","857.866689936","192.168.15.3","192.168.15.4","MQTT","70","Connect Ack"
"139693","857.869160587","192.168.15.3","192.168.15.4","MQTT","70","Publish Ack (id=836)"
"139695","857.869540926","192.168.15.4","192.168.15.3","MQTT","68","Disconnect Req"
"141056","858.873138782","192.168.15.4","192.168.15.3","MQTT","90","Connect Command"
"141058","858.876085282","192.168.15.4","192.168.15.3","MQTT","97","Publish Message (id=837) [Deviceb'Device - 2']"
"141060","858.880294148","192.168.15.3","192.168.15.4","MQTT","70","Connect Ack"
"141062","858.883896979","192.168.15.3","192.168.15.4","MQTT","70","Publish Ack (id=837)"
"141064","858.884272729","192.168.15.4","192.168.15.3","MQTT","68","Disconnect Req"
"141078","859.888431875","192.168.15.4","192.168.15.3","MQTT","90","Connect Command"
"141080","859.891288174","192.168.15.4","192.168.15.3","MQTT","97","Publish Message (id=838) [Deviceb'Device - 2']"
"141081","859.891678332","192.168.15.3","192.168.15.4","MQTT","70","Connect Ack"
"141084","859.894221279","192.168.15.3","192.168.15.4","MQTT","70","Publish Ack (id=838)"
"141086","859.894650951","192.168.15.4","192.168.15.3","MQTT","68","Disconnect Req"
"141100","860.898981534","192.168.15.4","192.168.15.3","MQTT","90","Connect Command"
"141102","860.904262277","192.168.15.4","192.168.15.3","MQTT","97","Publish Message (id=839) [Deviceb'Device - 2']"
"141103","860.904642586","192.168.15.3","192.168.15.4","MQTT","70","Connect Ack"
"141106","860.906935020","192.168.15.3","192.168.15.4","MQTT","70","Publish Ack (id=839)"
"141108","860.907600578","192.168.15.4","192.168.15.3","MQTT","68","Disconnect Req"
"141120","861.911397402","192.168.15.4","192.168.15.3","MQTT","90","Connect Command"
"141122","861.914235728","192.168.15.4","192.168.15.3","MQTT","97","Publish Message (id=840) [Deviceb'Device - 2']"
"141123","861.914670259","192.168.15.3","192.168.15.4","MQTT","70","Connect Ack"
"141126","861.917002759","192.168.15.3","192.168.15.4","MQTT","70","Publish Ack (id=840)"
"141128","861.917454573","192.168.15.4","192.168.15.3","MQTT","68","Disconnect Req"
"141140","862.921427480","192.168.15.4","192.168.15.3","MQTT","90","Connect Command"
"141142","862.924305480","192.168.15.4","192.168.15.3","MQTT","97","Publish Message (id=841) [Deviceb'Device - 2']"
"141143","862.924710225","192.168.15.3","192.168.15.4","MQTT","70","Connect Ack"
"141146","862.927168743","192.168.15.3","192.168.15.4","MQTT","70","Publish Ack (id=841)"
"141148","862.927838048","192.168.15.4","192.168.15.3","MQTT","68","Disconnect Req"
"141165","863.931315309","192.168.15.4","192.168.15.3","MQTT","90","Connect Command"
"141167","863.934748169","192.168.15.4","192.168.15.3","MQTT","97","Publish Message (id=842) [Deviceb'Device - 2']"
"141169","863.938707453","192.168.15.3","192.168.15.4","MQTT","70","Connect Ack"
"141171","863.941109354","192.168.15.3","192.168.15.4","MQTT","70","Publish Ack (id=842)"
"141173","863.941408079","192.168.15.4","192.168.15.3","MQTT","68","Disconnect Req"
"141196","864.945551210","192.168.15.4","192.168.15.3","MQTT","90","Connect Command"
"141198","864.948590866","192.168.15.4","192.168.15.3","MQTT","97","Publish Message (id=843) [Deviceb'Device - 2']"
"141199","864.949017162","192.168.15.3","192.168.15.4","MQTT","70","Connect Ack"
"141202","864.951485358","192.168.15.3","192.168.15.4","MQTT","70","Publish Ack (id=843)"
"141204","864.952398875","192.168.15.4","192.168.15.3","MQTT","68","Disconnect Req"
"141216","865.956197975","192.168.15.4","192.168.15.3","MQTT","90","Connect Command"
"141218","865.959224757","192.168.15.4","192.168.15.3","MQTT","97","Publish Message (id=844) [Deviceb'Device - 2']"
"141219","865.959611719","192.168.15.3","192.168.15.4","MQTT","70","Connect Ack"
"141222","865.961749971","192.168.15.3","192.168.15.4","MQTT","70","Publish Ack (id=844)"
"141224","865.962626248","192.168.15.4","192.168.15.3","MQTT","68","Disconnect Req"
"141236","866.966908102","192.168.15.4","192.168.15.3","MQTT","90","Connect Command"
"141238","866.969966674","192.168.15.4","192.168.15.3","MQTT","97","Publish Message (id=845) [Deviceb'Device - 2']"
"141239","866.970275167","192.168.15.3","192.168.15.4","MQTT","70","Connect Ack"
"141242","866.972794400","192.168.15.3","192.168.15.4","MQTT","70","Publish Ack (id=845)"
"141244","866.973209545","192.168.15.4","192.168.15.3","MQTT","68","Disconnect Req"
"141256","867.976862952","192.168.15.4","192.168.15.3","MQTT","90","Connect Command"
"141258","867.979936151","192.168.15.4","192.168.15.3","MQTT","97","Publish Message (id=846) [Deviceb'Device - 2']"
"141259","867.980300500","192.168.15.3","192.168.15.4","MQTT","70","Connect Ack"
"141262","867.982474319","192.168.15.3","192.168.15.4","MQTT","70","Publish Ack (id=846)"
"141264","867.982973573","192.168.15.4","192.168.15.3","MQTT","68","Disconnect Req"
"141279","868.987016767","192.168.15.4","192.168.15.3","MQTT","90","Connect Command"
"141281","868.990012300","192.168.15.4","192.168.15.3","MQTT","97","Publish Message (id=847) [Deviceb'Device - 2']"
"141282","868.991217478","192.168.15.3","192.168.15.4","MQTT","70","Connect Ack"
"141285","868.992833714","192.168.15.3","192.168.15.4","MQTT","70","Publish Ack (id=847)"
"141287","868.993546701","192.168.15.4","192.168.15.3","MQTT","68","Disconnect Req"
"142964","870.001867753","192.168.15.4","192.168.15.3","MQTT","90","Connect Command"
"143046","870.009467891","192.168.15.4","192.168.15.3","MQTT","97","Publish Message (id=848) [Deviceb'Device - 2']"
"143047","870.009479703","192.168.15.3","192.168.15.4","MQTT","70","Connect Ack"
"143144","870.018224044","192.168.15.3","192.168.15.4","MQTT","70","Publish Ack (id=848)"
"143150","870.018697389","192.168.15.4","192.168.15.3","MQTT","68","Disconnect Req"
"143687","871.022248033","192.168.15.4","192.168.15.3","MQTT","90","Connect Command"
"143689","871.025269906","192.168.15.4","192.168.15.3","MQTT","97","Publish Message (id=849) [Deviceb'Device - 2']"
"143690","871.025670393","192.168.15.3","192.168.15.4","MQTT","70","Connect Ack"
"143693","871.027835576","192.168.15.3","192.168.15.4","MQTT","70","Publish Ack (id=849)"
"143695","871.030412618","192.168.15.4","192.168.15.3","MQTT","68","Disconnect Req"
"143707","872.034847085","192.168.15.4","192.168.15.3","MQTT","90","Connect Command"
"143709","872.037835634","192.168.15.4","192.168.15.3","MQTT","97","Publish Message (id=850) [Deviceb'Device - 2']"
"143710","872.038176408","192.168.15.3","192.168.15.4","MQTT","70","Connect Ack"
"143713","872.040629466","192.168.15.3","192.168.15.4","MQTT","70","Publish Ack (id=850)"
"143715","872.041237686","192.168.15.4","192.168.15.3","MQTT","68","Disconnect Req"
"143727","873.045567324","192.168.15.4","192.168.15.3","MQTT","90","Connect Command"
"143729","873.048687823","192.168.15.4","192.168.15.3","MQTT","97","Publish Message (id=851) [Deviceb'Device - 2']"
"143730","873.049047242","192.168.15.3","192.168.15.4","MQTT","70","Connect Ack"
"143733","873.051539113","192.168.15.3","192.168.15.4","MQTT","70","Publish Ack (id=851)"
"143735","873.052178682","192.168.15.4","192.168.15.3","MQTT","68","Disconnect Req"
"143748","874.056277826","192.168.15.4","192.168.15.3","MQTT","90","Connect Command"
"143750","874.059302854","192.168.15.4","192.168.15.3","MQTT","97","Publish Message (id=852) [Deviceb'Device - 2']"
"143753","874.063492084","192.168.15.3","192.168.15.4","MQTT","70","Connect Ack"
"143756","874.065871192","192.168.15.3","192.168.15.4","MQTT","70","Publish Ack (id=852)"
"143758","874.066567929","192.168.15.4","192.168.15.3","MQTT","68","Disconnect Req"
"143791","875.070131260","192.168.15.4","192.168.15.3","MQTT","90","Connect Command"
"143793","875.073184853","192.168.15.4","192.168.15.3","MQTT","97","Publish Message (id=853) [Deviceb'Device - 2']"
"143794","875.073584368","192.168.15.3","192.168.15.4","MQTT","70","Connect Ack"
"143797","875.075642769","192.168.15.3","192.168.15.4","MQTT","70","Publish Ack (id=853)"
"143799","875.076031003","192.168.15.4","192.168.15.3","MQTT","68","Disconnect Req"
"143811","876.080237271","192.168.15.4","192.168.15.3","MQTT","90","Connect Command"
"143813","876.083247221","192.168.15.4","192.168.15.3","MQTT","97","Publish Message (id=854) [Deviceb'Device - 2']"
"143814","876.083646596","192.168.15.3","192.168.15.4","MQTT","70","Connect Ack"
"143817","876.086051552","192.168.15.3","192.168.15.4","MQTT","70","Publish Ack (id=854)"
"143819","876.086406373","192.168.15.4","192.168.15.3","MQTT","68","Disconnect Req"
"143831","877.090221971","192.168.15.4","192.168.15.3","MQTT","90","Connect Command"
"143833","877.093199821","192.168.15.4","192.168.15.3","MQTT","97","Publish Message (id=855) [Deviceb'Device - 2']"
"143834","877.093540555","192.168.15.3","192.168.15.4","MQTT","70","Connect Ack"
"143837","877.096193931","192.168.15.3","192.168.15.4","MQTT","70","Publish Ack (id=855)"
"143839","877.096594217","192.168.15.4","192.168.15.3","MQTT","68","Disconnect Req"
"143851","878.100224888","192.168.15.4","192.168.15.3","MQTT","90","Connect Command"
"143853","878.103157873","192.168.15.4","192.168.15.3","MQTT","97","Publish Message (id=856) [Deviceb'Device - 2']"
"143854","878.103577847","192.168.15.3","192.168.15.4","MQTT","70","Connect Ack"
"143857","878.105609398","192.168.15.3","192.168.15.4","MQTT","70","Publish Ack (id=856)"
"143859","878.105949260","192.168.15.4","192.168.15.3","MQTT","68","Disconnect Req"
"143874","879.109543911","192.168.15.4","192.168.15.3","MQTT","90","Connect Command"
"143876","879.114284523","192.168.15.4","192.168.15.3","MQTT","97","Publish Message (id=857) [Deviceb'Device - 2']"
"143878","879.118509601","192.168.15.3","192.168.15.4","MQTT","70","Connect Ack"
"143880","879.120969381","192.168.15.3","192.168.15.4","MQTT","70","Publish Ack (id=857)"
"143882","879.121454478","192.168.15.4","192.168.15.3","MQTT","68","Disconnect Req"
"143898","880.125846618","192.168.15.4","192.168.15.3","MQTT","90","Connect Command"
"143900","880.128591046","192.168.15.4","192.168.15.3","MQTT","97","Publish Message (id=858) [Deviceb'Device - 2']"
"143901","880.128973749","192.168.15.3","192.168.15.4","MQTT","70","Connect Ack"
"143904","880.131526495","192.168.15.3","192.168.15.4","MQTT","70","Publish Ack (id=858)"
"143906","880.131891596","192.168.15.4","192.168.15.3","MQTT","68","Disconnect Req"
"143918","881.135608692","192.168.15.4","192.168.15.3","MQTT","90","Connect Command"
"143920","881.140096185","192.168.15.4","192.168.15.3","MQTT","97","Publish Message (id=859) [Deviceb'Device - 2']"
"143921","881.140480702","192.168.15.3","192.168.15.4","MQTT","70","Connect Ack"
"143924","881.142962364","192.168.15.3","192.168.15.4","MQTT","70","Publish Ack (id=859)"
"143926","881.143429156","192.168.15.4","192.168.15.3","MQTT","68","Disconnect Req"
"143938","882.147250169","192.168.15.4","192.168.15.3","MQTT","90","Connect Command"
"143940","882.150156894","192.168.15.4","192.168.15.3","MQTT","97","Publish Message (id=860) [Deviceb'Device - 2']"
"143941","882.150564605","192.168.15.3","192.168.15.4","MQTT","70","Connect Ack"
"143944","882.152650679","192.168.15.3","192.168.15.4","MQTT","70","Publish Ack (id=860)"
"143946","882.153211559","192.168.15.4","192.168.15.3","MQTT","68","Disconnect Req"
"143958","883.157198496","192.168.15.4","192.168.15.3","MQTT","90","Connect Command"
"143960","883.164653359","192.168.15.4","192.168.15.3","MQTT","97","Publish Message (id=861) [Deviceb'Device - 2']"
"143961","883.164668968","192.168.15.3","192.168.15.4","MQTT","70","Connect Ack"
"143964","883.167049098","192.168.15.3","192.168.15.4","MQTT","70","Publish Ack (id=861)"
"143966","883.167322134","192.168.15.4","192.168.15.3","MQTT","68","Disconnect Req"
"143977","884.170662008","192.168.15.4","192.168.15.3","MQTT","90","Connect Command"
"143979","884.173616153","192.168.15.4","192.168.15.3","MQTT","97","Publish Message (id=862) [Deviceb'Device - 2']"
"143981","884.177877308","192.168.15.3","192.168.15.4","MQTT","70","Connect Ack"
"143983","884.180229655","192.168.15.3","192.168.15.4","MQTT","70","Publish Ack (id=862)"
"143985","884.180771991","192.168.15.4","192.168.15.3","MQTT","68","Disconnect Req"
"144008","885.184253573","192.168.15.4","192.168.15.3","MQTT","90","Connect Command"
"144010","885.187270777","192.168.15.4","192.168.15.3","MQTT","97","Publish Message (id=863) [Deviceb'Device - 2']"
"144011","885.187657358","192.168.15.3","192.168.15.4","MQTT","70","Connect Ack"
"144014","885.189812492","192.168.15.3","192.168.15.4","MQTT","70","Publish Ack (id=863)"
"144016","885.190274465","192.168.15.4","192.168.15.3","MQTT","68","Disconnect Req"
"145535","886.194633959","192.168.15.4","192.168.15.3","MQTT","90","Connect Command"
"145537","886.197640302","192.168.15.4","192.168.15.3","MQTT","97","Publish Message (id=864) [Deviceb'Device - 2']"
"145538","886.198016073","192.168.15.3","192.168.15.4","MQTT","70","Connect Ack"
"145541","886.200036953","192.168.15.3","192.168.15.4","MQTT","70","Publish Ack (id=864)"
"145543","886.200470984","192.168.15.4","192.168.15.3","MQTT","68","Disconnect Req"
"145555","887.204571699","192.168.15.4","192.168.15.3","MQTT","90","Connect Command"
"145557","887.207458747","192.168.15.4","192.168.15.3","MQTT","97","Publish Message (id=865) [Deviceb'Device - 2']"
"145558","887.207847622","192.168.15.3","192.168.15.4","MQTT","70","Connect Ack"
"145561","887.209956168","192.168.15.3","192.168.15.4","MQTT","70","Publish Ack (id=865)"
"145563","887.210791758","192.168.15.4","192.168.15.3","MQTT","68","Disconnect Req"
"145575","888.215234370","192.168.15.4","192.168.15.3","MQTT","90","Connect Command"
"145577","888.218177724","192.168.15.4","192.168.15.3","MQTT","97","Publish Message (id=866) [Deviceb'Device - 2']"
"145578","888.218538707","192.168.15.3","192.168.15.4","MQTT","70","Connect Ack"
"145581","888.221054102","192.168.15.3","192.168.15.4","MQTT","70","Publish Ack (id=866)"
"145583","888.221993948","192.168.15.4","192.168.15.3","MQTT","68","Disconnect Req"
"145602","889.226111798","192.168.15.4","192.168.15.3","MQTT","90","Connect Command"
"145604","889.228934905","192.168.15.4","192.168.15.3","MQTT","97","Publish Message (id=867) [Deviceb'Device - 2']"
"145606","889.232984361","192.168.15.3","192.168.15.4","MQTT","70","Connect Ack"
"145608","889.235253039","192.168.15.3","192.168.15.4","MQTT","70","Publish Ack (id=867)"
"145610","889.235756401","192.168.15.4","192.168.15.3","MQTT","68","Disconnect Req"
"145622","890.239287631","192.168.15.4","192.168.15.3","MQTT","90","Connect Command"
"145624","890.243851700","192.168.15.4","192.168.15.3","MQTT","97","Publish Message (id=868) [Deviceb'Device - 2']"
"145625","890.244239804","192.168.15.3","192.168.15.4","MQTT","70","Connect Ack"
"145628","890.246627147","192.168.15.3","192.168.15.4","MQTT","70","Publish Ack (id=868)"
"145630","890.247098808","192.168.15.4","192.168.15.3","MQTT","68","Disconnect Req"
"145642","891.251363885","192.168.15.4","192.168.15.3","MQTT","90","Connect Command"
"145644","891.254403241","192.168.15.4","192.168.15.3","MQTT","97","Publish Message (id=869) [Deviceb'Device - 2']"
"145645","891.254828755","192.168.15.3","192.168.15.4","MQTT","70","Connect Ack"
"145648","891.256916623","192.168.15.3","192.168.15.4","MQTT","70","Publish Ack (id=869)"
"145650","891.257223413","192.168.15.4","192.168.15.3","MQTT","68","Disconnect Req"
"145665","892.261499412","192.168.15.4","192.168.15.3","MQTT","90","Connect Command"
"145667","892.264262385","192.168.15.4","192.168.15.3","MQTT","97","Publish Message (id=870) [Deviceb'Device - 2']"
"145668","892.264673652","192.168.15.3","192.168.15.4","MQTT","70","Connect Ack"
"145671","892.267711505","192.168.15.3","192.168.15.4","MQTT","70","Publish Ack (id=870)"
"145673","892.268581310","192.168.15.4","192.168.15.3","MQTT","68","Disconnect Req"
"145685","893.272668231","192.168.15.4","192.168.15.3","MQTT","90","Connect Command"
"145687","893.275539429","192.168.15.4","192.168.15.3","MQTT","97","Publish Message (id=871) [Deviceb'Device - 2']"
"145688","893.275965074","192.168.15.3","192.168.15.4","MQTT","70","Connect Ack"
"145691","893.278310137","192.168.15.3","192.168.15.4","MQTT","70","Publish Ack (id=871)"
"145693","893.278768935","192.168.15.4","192.168.15.3","MQTT","68","Disconnect Req"
"145708","894.283173047","192.168.15.4","192.168.15.3","MQTT","90","Connect Command"
"145710","894.286061848","192.168.15.4","192.168.15.3","MQTT","97","Publish Message (id=872) [Deviceb'Device - 2']"
"145712","894.290058544","192.168.15.3","192.168.15.4","MQTT","70","Connect Ack"
"145714","894.292646006","192.168.15.3","192.168.15.4","MQTT","70","Publish Ack (id=872)"
"145716","894.292998071","192.168.15.4","192.168.15.3","MQTT","68","Disconnect Req"
"145725","895.297005905","192.168.15.4","192.168.15.3","MQTT","90","Connect Command"
"145727","895.299918662","192.168.15.4","192.168.15.3","MQTT","97","Publish Message (id=873) [Deviceb'Device - 2']"
"145728","895.300362270","192.168.15.3","192.168.15.4","MQTT","70","Connect Ack"
"145731","895.302642521","192.168.15.3","192.168.15.4","MQTT","70","Publish Ack (id=873)"
"145733","895.302992974","192.168.15.4","192.168.15.3","MQTT","68","Disconnect Req"
"145745","896.306661457","192.168.15.4","192.168.15.3","MQTT","90","Connect Command"
"145747","896.309560397","192.168.15.4","192.168.15.3","MQTT","97","Publish Message (id=874) [Deviceb'Device - 2']"
"145748","896.309968940","192.168.15.3","192.168.15.4","MQTT","70","Connect Ack"
"145751","896.311970113","192.168.15.3","192.168.15.4","MQTT","70","Publish Ack (id=874)"
"145753","896.312411347","192.168.15.4","192.168.15.3","MQTT","68","Disconnect Req"
"147478","897.316920400","192.168.15.4","192.168.15.3","MQTT","90","Connect Command"
"147480","897.319818498","192.168.15.4","192.168.15.3","MQTT","97","Publish Message (id=875) [Deviceb'Device - 2']"
"147481","897.320261576","192.168.15.3","192.168.15.4","MQTT","70","Connect Ack"
"147484","897.322519665","192.168.15.3","192.168.15.4","MQTT","70","Publish Ack (id=875)"
"147486","897.323028076","192.168.15.4","192.168.15.3","MQTT","68","Disconnect Req"
"147502","898.327455797","192.168.15.4","192.168.15.3","MQTT","90","Connect Command"
"147504","898.330392368","192.168.15.4","192.168.15.3","MQTT","97","Publish Message (id=876) [Deviceb'Device - 2']"
"147505","898.330782225","192.168.15.3","192.168.15.4","MQTT","70","Connect Ack"
"147508","898.333266982","192.168.15.3","192.168.15.4","MQTT","70","Publish Ack (id=876)"
"147510","898.333809077","192.168.15.4","192.168.15.3","MQTT","68","Disconnect Req"
"147529","899.338125769","192.168.15.4","192.168.15.3","MQTT","90","Connect Command"
"147531","899.340896486","192.168.15.4","192.168.15.3","MQTT","97","Publish Message (id=877) [Deviceb'Device - 2']"
"147533","899.345088371","192.168.15.3","192.168.15.4","MQTT","70","Connect Ack"
"147535","899.347437833","192.168.15.3","192.168.15.4","MQTT","70","Publish Ack (id=877)"
"147537","899.347860272","192.168.15.4","192.168.15.3","MQTT","68","Disconnect Req"
"147547","900.351787707","192.168.15.4","192.168.15.3","MQTT","90","Connect Command"
"147549","900.355268888","192.168.15.4","192.168.15.3","MQTT","97","Publish Message (id=878) [Deviceb'Device - 2']"
"147550","900.355562693","192.168.15.3","192.168.15.4","MQTT","70","Connect Ack"
"147553","900.358080924","192.168.15.3","192.168.15.4","MQTT","70","Publish Ack (id=878)"
"147555","900.358453869","192.168.15.4","192.168.15.3","MQTT","68","Disconnect Req"
"147569","901.362163171","192.168.15.4","192.168.15.3","MQTT","90","Connect Command"
"147571","901.365152272","192.168.15.4","192.168.15.3","MQTT","97","Publish Message (id=879) [Deviceb'Device - 2']"
"147572","901.365526520","192.168.15.3","192.168.15.4","MQTT","70","Connect Ack"
"147575","901.368013882","192.168.15.3","192.168.15.4","MQTT","70","Publish Ack (id=879)"
"147577","901.368398770","192.168.15.4","192.168.15.3","MQTT","68","Disconnect Req"
"147590","902.371616605","192.168.15.4","192.168.15.3","MQTT","90","Connect Command"
"147592","902.376937113","192.168.15.4","192.168.15.3","MQTT","97","Publish Message (id=880) [Deviceb'Device - 2']"
"147593","902.377363158","192.168.15.3","192.168.15.4","MQTT","70","Connect Ack"
"147596","902.379278229","192.168.15.3","192.168.15.4","MQTT","70","Publish Ack (id=880)"
"147598","902.379551375","192.168.15.4","192.168.15.3","MQTT","68","Disconnect Req"
"147610","903.383587968","192.168.15.4","192.168.15.3","MQTT","90","Connect Command"
"147613","903.386459757","192.168.15.4","192.168.15.3","MQTT","97","Publish Message (id=881) [Deviceb'Device - 2']"
"147614","903.386907854","192.168.15.3","192.168.15.4","MQTT","70","Connect Ack"
"147619","903.389121089","192.168.15.3","192.168.15.4","MQTT","70","Publish Ack (id=881)"
"147621","903.389435513","192.168.15.4","192.168.15.3","MQTT","68","Disconnect Req"
"147643","904.392753629","192.168.15.4","192.168.15.3","MQTT","90","Connect Command"
"147645","904.395695501","192.168.15.4","192.168.15.3","MQTT","97","Publish Message (id=882) [Deviceb'Device - 2']"
"147647","904.399957028","192.168.15.3","192.168.15.4","MQTT","70","Connect Ack"
"147649","904.402314214","192.168.15.3","192.168.15.4","MQTT","70","Publish Ack (id=882)"
"147651","904.402711485","192.168.15.4","192.168.15.3","MQTT","68","Disconnect Req"
"147664","905.405963295","192.168.15.4","192.168.15.3","MQTT","90","Connect Command"
"147666","905.408978786","192.168.15.4","192.168.15.3","MQTT","97","Publish Message (id=883) [Deviceb'Device - 2']"
"147667","905.409375376","192.168.15.3","192.168.15.4","MQTT","70","Connect Ack"
"147670","905.412204855","192.168.15.3","192.168.15.4","MQTT","70","Publish Ack (id=883)"
"147672","905.412523117","192.168.15.4","192.168.15.3","MQTT","68","Disconnect Req"
"148216","906.417671594","192.168.15.4","192.168.15.3","MQTT","90","Connect Command"
"148270","906.423028932","192.168.15.4","192.168.15.3","MQTT","97","Publish Message (id=884) [Deviceb'Device - 2']"
"148271","906.423045513","192.168.15.3","192.168.15.4","MQTT","70","Connect Ack"
"148304","906.426490897","192.168.15.3","192.168.15.4","MQTT","70","Publish Ack (id=884)"
"148310","906.426908566","192.168.15.4","192.168.15.3","MQTT","68","Disconnect Req"
"149423","907.430335402","192.168.15.4","192.168.15.3","MQTT","90","Connect Command"
"149425","907.433379236","192.168.15.4","192.168.15.3","MQTT","97","Publish Message (id=885) [Deviceb'Device - 2']"
"149426","907.433728426","192.168.15.3","192.168.15.4","MQTT","70","Connect Ack"
"149429","907.436142830","192.168.15.3","192.168.15.4","MQTT","70","Publish Ack (id=885)"
"149431","907.436666420","192.168.15.4","192.168.15.3","MQTT","68","Disconnect Req"
"149460","908.440831860","192.168.15.4","192.168.15.3","MQTT","90","Connect Command"
"149462","908.443749435","192.168.15.4","192.168.15.3","MQTT","97","Publish Message (id=886) [Deviceb'Device - 2']"
"149463","908.444144843","192.168.15.3","192.168.15.4","MQTT","70","Connect Ack"
"149466","908.446580106","192.168.15.3","192.168.15.4","MQTT","70","Publish Ack (id=886)"
"149468","908.447588393","192.168.15.4","192.168.15.3","MQTT","68","Disconnect Req"
"149516","909.451736090","192.168.15.4","192.168.15.3","MQTT","90","Connect Command"
"149518","909.454642044","192.168.15.4","192.168.15.3","MQTT","97","Publish Message (id=887) [Deviceb'Device - 2']"
"149520","909.458828618","192.168.15.3","192.168.15.4","MQTT","70","Connect Ack"
"149522","909.461166007","192.168.15.3","192.168.15.4","MQTT","70","Publish Ack (id=887)"
"149524","909.462018649","192.168.15.4","192.168.15.3","MQTT","68","Disconnect Req"
"149536","910.465972462","192.168.15.4","192.168.15.3","MQTT","90","Connect Command"
"149538","910.468948549","192.168.15.4","192.168.15.3","MQTT","97","Publish Message (id=888) [Deviceb'Device - 2']"
"149539","910.469337815","192.168.15.3","192.168.15.4","MQTT","70","Connect Ack"
"149542","910.471770313","192.168.15.3","192.168.15.4","MQTT","70","Publish Ack (id=888)"
"149544","910.472730689","192.168.15.4","192.168.15.3","MQTT","68","Disconnect Req"
"149556","911.477057165","192.168.15.4","192.168.15.3","MQTT","90","Connect Command"
"149558","911.479981924","192.168.15.4","192.168.15.3","MQTT","97","Publish Message (id=889) [Deviceb'Device - 2']"
"149559","911.480388312","192.168.15.3","192.168.15.4","MQTT","70","Connect Ack"
"149562","911.483060063","192.168.15.3","192.168.15.4","MQTT","70","Publish Ack (id=889)"
"149564","911.483748444","192.168.15.4","192.168.15.3","MQTT","68","Disconnect Req"
"149576","912.487792198","192.168.15.4","192.168.15.3","MQTT","90","Connect Command"
"149578","912.490792690","192.168.15.4","192.168.15.3","MQTT","97","Publish Message (id=890) [Deviceb'Device - 2']"
"149579","912.491143543","192.168.15.3","192.168.15.4","MQTT","70","Connect Ack"
"149582","912.493568388","192.168.15.3","192.168.15.4","MQTT","70","Publish Ack (id=890)"
"149584","912.494660011","192.168.15.4","192.168.15.3","MQTT","68","Disconnect Req"
"149603","913.499083132","192.168.15.4","192.168.15.3","MQTT","90","Connect Command"
"149605","913.501858289","192.168.15.4","192.168.15.3","MQTT","97","Publish Message (id=891) [Deviceb'Device - 2']"
"149606","913.503073086","192.168.15.3","192.168.15.4","MQTT","70","Connect Ack"
"149609","913.504724097","192.168.15.3","192.168.15.4","MQTT","70","Publish Ack (id=891)"
"149611","913.505462813","192.168.15.4","192.168.15.3","MQTT","68","Disconnect Req"
"149622","914.509439559","192.168.15.4","192.168.15.3","MQTT","90","Connect Command"
"149624","914.512516416","192.168.15.4","192.168.15.3","MQTT","97","Publish Message (id=892) [Deviceb'Device - 2']"
"149627","914.516826124","192.168.15.3","192.168.15.4","MQTT","70","Connect Ack"
"149629","914.519272699","192.168.15.3","192.168.15.4","MQTT","70","Publish Ack (id=892)"
"149632","914.519762915","192.168.15.4","192.168.15.3","MQTT","68","Disconnect Req"
"149652","915.524227658","192.168.15.4","192.168.15.3","MQTT","90","Connect Command"
"149654","915.527324953","192.168.15.4","192.168.15.3","MQTT","97","Publish Message (id=893) [Deviceb'Device - 2']"
"149655","915.527706064","192.168.15.3","192.168.15.4","MQTT","70","Connect Ack"
"149658","915.530148281","192.168.15.3","192.168.15.4","MQTT","70","Publish Ack (id=893)"
"149660","915.531242860","192.168.15.4","192.168.15.3","MQTT","68","Disconnect Req"
"149672","916.535478368","192.168.15.4","192.168.15.3","MQTT","90","Connect Command"
"149674","916.538425229","192.168.15.4","192.168.15.3","MQTT","97","Publish Message (id=894) [Deviceb'Device - 2']"
"149675","916.538851305","192.168.15.3","192.168.15.4","MQTT","70","Connect Ack"
"149678","916.541248045","192.168.15.3","192.168.15.4","MQTT","70","Publish Ack (id=894)"
"149680","916.542153567","192.168.15.4","192.168.15.3","MQTT","68","Disconnect Req"
"151066","917.546683945","192.168.15.4","192.168.15.3","MQTT","90","Connect Command"
"151068","917.549467277","192.168.15.4","192.168.15.3","MQTT","97","Publish Message (id=895) [Deviceb'Device - 2']"
"151069","917.549801870","192.168.15.3","192.168.15.4","MQTT","70","Connect Ack"
"151072","917.552239188","192.168.15.3","192.168.15.4","MQTT","70","Publish Ack (id=895)"
"151074","917.552766094","192.168.15.4","192.168.15.3","MQTT","68","Disconnect Req"
"151093","918.556451643","192.168.15.4","192.168.15.3","MQTT","90","Connect Command"
"151095","918.559512089","192.168.15.4","192.168.15.3","MQTT","97","Publish Message (id=896) [Deviceb'Device - 2']"
"151096","918.559899912","192.168.15.3","192.168.15.4","MQTT","70","Connect Ack"
"151099","918.562215990","192.168.15.3","192.168.15.4","MQTT","70","Publish Ack (id=896)"
"151101","918.563196815","192.168.15.4","192.168.15.3","MQTT","68","Disconnect Req"
"151115","919.567958049","192.168.15.4","192.168.15.3","MQTT","90","Connect Command"
"151117","919.570801605","192.168.15.4","192.168.15.3","MQTT","97","Publish Message (id=897) [Deviceb'Device - 2']"
"151119","919.574988530","192.168.15.3","192.168.15.4","MQTT","70","Connect Ack"
"151121","919.577785929","192.168.15.3","192.168.15.4","MQTT","70","Publish Ack (id=897)"
"151123","919.578140239","192.168.15.4","192.168.15.3","MQTT","68","Disconnect Req"
"151135","920.582037510","192.168.15.4","192.168.15.3","MQTT","90","Connect Command"
"151137","920.585056427","192.168.15.4","192.168.15.3","MQTT","97","Publish Message (id=898) [Deviceb'Device - 2']"
"151138","920.585426587","192.168.15.3","192.168.15.4","MQTT","70","Connect Ack"
"151141","920.587905473","192.168.15.3","192.168.15.4","MQTT","70","Publish Ack (id=898)"
"151143","920.588859637","192.168.15.4","192.168.15.3","MQTT","68","Disconnect Req"
"151168","921.592807925","192.168.15.4","192.168.15.3","MQTT","90","Connect Command"
"151171","921.597551753","192.168.15.4","192.168.15.3","MQTT","97","Publish Message (id=899) [Deviceb'Device - 2']"
"151172","921.597911433","192.168.15.3","192.168.15.4","MQTT","70","Connect Ack"
"151175","921.600355423","192.168.15.3","192.168.15.4","MQTT","70","Publish Ack (id=899)"
"151177","921.601247039","192.168.15.4","192.168.15.3","MQTT","68","Disconnect Req"
"151186","922.604768310","192.168.15.4","192.168.15.3","MQTT","90","Connect Command"
"151188","922.607681567","192.168.15.4","192.168.15.3","MQTT","97","Publish Message (id=900) [Deviceb'Device - 2']"
"151189","922.608064571","192.168.15.3","192.168.15.4","MQTT","70","Connect Ack"
"151192","922.610527588","192.168.15.3","192.168.15.4","MQTT","70","Publish Ack (id=900)"
"151194","922.611550872","192.168.15.4","192.168.15.3","MQTT","68","Disconnect Req"
"151209","923.615738495","192.168.15.4","192.168.15.3","MQTT","90","Connect Command"
"151211","923.618121891","192.168.15.4","192.168.15.3","MQTT","97","Publish Message (id=901) [Deviceb'Device - 2']"
"151212","923.618520024","192.168.15.3","192.168.15.4","MQTT","70","Connect Ack"
"151215","923.621028496","192.168.15.3","192.168.15.4","MQTT","70","Publish Ack (id=901)"
"151217","923.621803211","192.168.15.4","192.168.15.3","MQTT","68","Disconnect Req"
"151230","924.626339763","192.168.15.4","192.168.15.3","MQTT","90","Connect Command"
"151232","924.628797088","192.168.15.4","192.168.15.3","MQTT","97","Publish Message (id=902) [Deviceb'Device - 2']"
"151234","924.633005243","192.168.15.3","192.168.15.4","MQTT","70","Connect Ack"
"151236","924.635361748","192.168.15.3","192.168.15.4","MQTT","70","Publish Ack (id=902)"
"151238","924.635772245","192.168.15.4","192.168.15.3","MQTT","68","Disconnect Req"
"151250","925.640016474","192.168.15.4","192.168.15.3","MQTT","90","Connect Command"
"151252","925.642882322","192.168.15.4","192.168.15.3","MQTT","97","Publish Message (id=903) [Deviceb'Device - 2']"
"151253","925.643296996","192.168.15.3","192.168.15.4","MQTT","70","Connect Ack"
"151256","925.645393740","192.168.15.3","192.168.15.4","MQTT","70","Publish Ack (id=903)"
"151258","925.645726769","192.168.15.4","192.168.15.3","MQTT","68","Disconnect Req"
"151274","926.650067602","192.168.15.4","192.168.15.3","MQTT","90","Connect Command"
"151276","926.654637251","192.168.15.4","192.168.15.3","MQTT","97","Publish Message (id=904) [Deviceb'Device - 2']"
"151277","926.654952287","192.168.15.3","192.168.15.4","MQTT","70","Connect Ack"
"151280","926.657275940","192.168.15.3","192.168.15.4","MQTT","70","Publish Ack (id=904)"
"151282","926.657810009","192.168.15.4","192.168.15.3","MQTT","68","Disconnect Req"
"151614","927.662969028","192.168.15.4","192.168.15.3","MQTT","90","Connect Command"
"151677","927.670515775","192.168.15.4","192.168.15.3","MQTT","97","Publish Message (id=905) [Deviceb'Device - 2']"
"151678","927.670528389","192.168.15.3","192.168.15.4","MQTT","70","Connect Ack"
"151708","927.674220639","192.168.15.3","192.168.15.4","MQTT","70","Publish Ack (id=905)"
"151712","927.674542447","192.168.15.4","192.168.15.3","MQTT","68","Disconnect Req"
"152804","928.678733167","192.168.15.4","192.168.15.3","MQTT","90","Connect Command"
"152806","928.681637177","192.168.15.4","192.168.15.3","MQTT","97","Publish Message (id=906) [Deviceb'Device - 2']"
"152807","928.681984594","192.168.15.3","192.168.15.4","MQTT","70","Connect Ack"
"152810","928.684450095","192.168.15.3","192.168.15.4","MQTT","70","Publish Ack (id=906)"
"152812","928.685006336","192.168.15.4","192.168.15.3","MQTT","68","Disconnect Req"
"152820","929.689093162","192.168.15.4","192.168.15.3","MQTT","90","Connect Command"
"152822","929.692150862","192.168.15.4","192.168.15.3","MQTT","97","Publish Message (id=907) [Deviceb'Device - 2']"
"152824","929.696414643","192.168.15.3","192.168.15.4","MQTT","70","Connect Ack"
"152826","929.698874663","192.168.15.3","192.168.15.4","MQTT","70","Publish Ack (id=907)"
"152828","929.699295289","192.168.15.4","192.168.15.3","MQTT","68","Disconnect Req"
"152840","930.702735511","192.168.15.4","192.168.15.3","MQTT","90","Connect Command"
"152842","930.705741254","192.168.15.4","192.168.15.3","MQTT","97","Publish Message (id=908) [Deviceb'Device - 2']"
"152843","930.706140639","192.168.15.3","192.168.15.4","MQTT","70","Connect Ack"
"152846","930.708279442","192.168.15.3","192.168.15.4","MQTT","70","Publish Ack (id=908)"
"152848","930.709148866","192.168.15.4","192.168.15.3","MQTT","68","Disconnect Req"
"152868","931.713014053","192.168.15.4","192.168.15.3","MQTT","90","Connect Command"
"152870","931.716005929","192.168.15.4","192.168.15.3","MQTT","97","Publish Message (id=909) [Deviceb'Device - 2']"
"152871","931.716436523","192.168.15.3","192.168.15.4","MQTT","70","Connect Ack"
"152874","931.718491779","192.168.15.3","192.168.15.4","MQTT","70","Publish Ack (id=909)"
"152876","931.718843594","192.168.15.4","192.168.15.3","MQTT","68","Disconnect Req"
"152892","932.723367256","192.168.15.4","192.168.15.3","MQTT","90","Connect Command"
"152894","932.726058874","192.168.15.4","192.168.15.3","MQTT","97","Publish Message (id=910) [Deviceb'Device - 2']"
"152895","932.726801458","192.168.15.3","192.168.15.4","MQTT","70","Connect Ack"
"152898","932.728939019","192.168.15.3","192.168.15.4","MQTT","70","Publish Ack (id=910)"
"152900","932.729608325","192.168.15.4","192.168.15.3","MQTT","68","Disconnect Req"
"152915","933.734078015","192.168.15.4","192.168.15.3","MQTT","90","Connect Command"
"152917","933.737128823","192.168.15.4","192.168.15.3","MQTT","97","Publish Message (id=911) [Deviceb'Device - 2']"
"152918","933.737506577","192.168.15.3","192.168.15.4","MQTT","70","Connect Ack"
"152921","933.740035758","192.168.15.3","192.168.15.4","MQTT","70","Publish Ack (id=911)"
"152923","933.740394296","192.168.15.4","192.168.15.3","MQTT","68","Disconnect Req"
"152958","934.744850341","192.168.15.4","192.168.15.3","MQTT","90","Connect Command"
"152960","934.747797042","192.168.15.4","192.168.15.3","MQTT","97","Publish Message (id=912) [Deviceb'Device - 2']"
"152962","934.751991301","192.168.15.3","192.168.15.4","MQTT","70","Connect Ack"
"152964","934.754346624","192.168.15.3","192.168.15.4","MQTT","70","Publish Ack (id=912)"
"152966","934.754745338","192.168.15.4","192.168.15.3","MQTT","68","Disconnect Req"
"152978","935.758696839","192.168.15.4","192.168.15.3","MQTT","90","Connect Command"
"152980","935.761227032","192.168.15.4","192.168.15.3","MQTT","97","Publish Message (id=913) [Deviceb'Device - 2']"
"152981","935.761597443","192.168.15.3","192.168.15.4","MQTT","70","Connect Ack"
"152984","935.765617513","192.168.15.3","192.168.15.4","MQTT","70","Publish Ack (id=913)"
"152986","935.766108250","192.168.15.4","192.168.15.3","MQTT","68","Disconnect Req"
"152998","936.770552586","192.168.15.4","192.168.15.3","MQTT","90","Connect Command"
"153000","936.773492844","192.168.15.4","192.168.15.3","MQTT","97","Publish Message (id=914) [Deviceb'Device - 2']"
"153001","936.773920874","192.168.15.3","192.168.15.4","MQTT","70","Connect Ack"
"153004","936.775981148","192.168.15.3","192.168.15.4","MQTT","70","Publish Ack (id=914)"
"153006","936.776468520","192.168.15.4","192.168.15.3","MQTT","68","Disconnect Req"
"153018","937.780229011","192.168.15.4","192.168.15.3","MQTT","90","Connect Command"
"153020","937.783109397","192.168.15.4","192.168.15.3","MQTT","97","Publish Message (id=915) [Deviceb'Device - 2']"
"153021","937.783531485","192.168.15.3","192.168.15.4","MQTT","70","Connect Ack"
"153024","937.785614873","192.168.15.3","192.168.15.4","MQTT","70","Publish Ack (id=915)"
"153026","937.786156216","192.168.15.4","192.168.15.3","MQTT","68","Disconnect Req"
"155328","938.790108652","192.168.15.4","192.168.15.3","MQTT","90","Connect Command"
"155330","938.793177434","192.168.15.4","192.168.15.3","MQTT","97","Publish Message (id=916) [Deviceb'Device - 2']"
"155331","938.793599041","192.168.15.3","192.168.15.4","MQTT","70","Connect Ack"
"155334","938.795657432","192.168.15.3","192.168.15.4","MQTT","70","Publish Ack (id=916)"
"155336","938.796278126","192.168.15.4","192.168.15.3","MQTT","68","Disconnect Req"
"155348","939.800263164","192.168.15.4","192.168.15.3","MQTT","90","Connect Command"
"155350","939.803064159","192.168.15.4","192.168.15.3","MQTT","97","Publish Message (id=917) [Deviceb'Device - 2']"
"155352","939.807314394","192.168.15.3","192.168.15.4","MQTT","70","Connect Ack"
"155354","939.809621916","192.168.15.3","192.168.15.4","MQTT","70","Publish Ack (id=917)"
"155356","939.810017454","192.168.15.4","192.168.15.3","MQTT","68","Disconnect Req"
"155364","940.814292382","192.168.15.4","192.168.15.3","MQTT","90","Connect Command"
"155366","940.817281133","192.168.15.4","192.168.15.3","MQTT","97","Publish Message (id=918) [Deviceb'Device - 2']"
"155367","940.817672403","192.168.15.3","192.168.15.4","MQTT","70","Connect Ack"
"155370","940.819774637","192.168.15.3","192.168.15.4","MQTT","70","Publish Ack (id=918)"
"155372","940.820082499","192.168.15.4","192.168.15.3","MQTT","68","Disconnect Req"
"155384","941.823997756","192.168.15.4","192.168.15.3","MQTT","90","Connect Command"
"155386","941.826947573","192.168.15.4","192.168.15.3","MQTT","97","Publish Message (id=919) [Deviceb'Device - 2']"
"155387","941.827373518","192.168.15.3","192.168.15.4","MQTT","70","Connect Ack"
"155390","941.829799434","192.168.15.3","192.168.15.4","MQTT","70","Publish Ack (id=919)"
"155392","941.830456807","192.168.15.4","192.168.15.3","MQTT","68","Disconnect Req"
"155404","942.833979130","192.168.15.4","192.168.15.3","MQTT","90","Connect Command"
"155406","942.837022755","192.168.15.4","192.168.15.3","MQTT","97","Publish Message (id=920) [Deviceb'Device - 2']"
"155407","942.837381984","192.168.15.3","192.168.15.4","MQTT","70","Connect Ack"
"155410","942.839851873","192.168.15.3","192.168.15.4","MQTT","70","Publish Ack (id=920)"
"155412","942.840196344","192.168.15.4","192.168.15.3","MQTT","68","Disconnect Req"
"155427","943.843889774","192.168.15.4","192.168.15.3","MQTT","90","Connect Command"
"155429","943.846982601","192.168.15.4","192.168.15.3","MQTT","97","Publish Message (id=921) [Deviceb'Device - 2']"
"155430","943.847356257","192.168.15.3","192.168.15.4","MQTT","70","Connect Ack"
"155433","943.849887292","192.168.15.3","192.168.15.4","MQTT","70","Publish Ack (id=921)"
"155435","943.850782845","192.168.15.4","192.168.15.3","MQTT","68","Disconnect Req"
"155456","944.855163393","192.168.15.4","192.168.15.3","MQTT","90","Connect Command"
"155458","944.858148006","192.168.15.4","192.168.15.3","MQTT","97","Publish Message (id=922) [Deviceb'Device - 2']"
"155460","944.862446171","192.168.15.3","192.168.15.4","MQTT","70","Connect Ack"
"155462","944.864938433","192.168.15.3","192.168.15.4","MQTT","70","Publish Ack (id=922)"
"155464","944.865322128","192.168.15.4","192.168.15.3","MQTT","68","Disconnect Req"
"155504","945.869661872","192.168.15.4","192.168.15.3","MQTT","90","Connect Command"
"155506","945.872579247","192.168.15.4","192.168.15.3","MQTT","97","Publish Message (id=923) [Deviceb'Device - 2']"
"155507","945.872989643","192.168.15.3","192.168.15.4","MQTT","70","Connect Ack"
"155510","945.875045289","192.168.15.3","192.168.15.4","MQTT","70","Publish Ack (id=923)"
"155512","945.875487926","192.168.15.4","192.168.15.3","MQTT","68","Disconnect Req"
"155524","946.879557454","192.168.15.4","192.168.15.3","MQTT","90","Connect Command"
"155526","946.882428722","192.168.15.4","192.168.15.3","MQTT","97","Publish Message (id=924) [Deviceb'Device - 2']"
"155527","946.882803551","192.168.15.3","192.168.15.4","MQTT","70","Connect Ack"
"155530","946.885300261","192.168.15.3","192.168.15.4","MQTT","70","Publish Ack (id=924)"
"155532","946.886002268","192.168.15.4","192.168.15.3","MQTT","68","Disconnect Req"
"155546","947.889968059","192.168.15.4","192.168.15.3","MQTT","90","Connect Command"
"155548","947.892888591","192.168.15.4","192.168.15.3","MQTT","97","Publish Message (id=925) [Deviceb'Device - 2']"
"155549","947.893280522","192.168.15.3","192.168.15.4","MQTT","70","Connect Ack"
"155552","947.895806236","192.168.15.3","192.168.15.4","MQTT","70","Publish Ack (id=925)"
"155554","947.896163562","192.168.15.4","192.168.15.3","MQTT","68","Disconnect Req"
"155569","948.899835599","192.168.15.4","192.168.15.3","MQTT","90","Connect Command"
"155571","948.904631576","192.168.15.4","192.168.15.3","MQTT","97","Publish Message (id=926) [Deviceb'Device - 2']"
"155572","948.904952924","192.168.15.3","192.168.15.4","MQTT","70","Connect Ack"
"155575","948.907039989","192.168.15.3","192.168.15.4","MQTT","70","Publish Ack (id=926)"
"155577","948.907368010","192.168.15.4","192.168.15.3","MQTT","68","Disconnect Req"
"155585","949.910851955","192.168.15.4","192.168.15.3","MQTT","90","Connect Command"
"155587","949.913778077","192.168.15.4","192.168.15.3","MQTT","97","Publish Message (id=927) [Deviceb'Device - 2']"
"155589","949.918020798","192.168.15.3","192.168.15.4","MQTT","70","Connect Ack"
"155591","949.920355321","192.168.15.3","192.168.15.4","MQTT","70","Publish Ack (id=927)"
"155593","949.920778601","192.168.15.4","192.168.15.3","MQTT","68","Disconnect Req"
"155605","950.924820847","192.168.15.4","192.168.15.3","MQTT","90","Connect Command"
"155607","950.927819586","192.168.15.4","192.168.15.3","MQTT","97","Publish Message (id=928) [Deviceb'Device - 2']"
"155608","950.928166212","192.168.15.3","192.168.15.4","MQTT","70","Connect Ack"
"155611","950.930361893","192.168.15.3","192.168.15.4","MQTT","70","Publish Ack (id=928)"
"155613","950.930630851","192.168.15.4","192.168.15.3","MQTT","68","Disconnect Req"
"155625","951.934369110","192.168.15.4","192.168.15.3","MQTT","90","Connect Command"
"155627","951.937359463","192.168.15.4","192.168.15.3","MQTT","97","Publish Message (id=929) [Deviceb'Device - 2']"
"155628","951.937775850","192.168.15.3","192.168.15.4","MQTT","70","Connect Ack"
"155631","951.940173153","192.168.15.3","192.168.15.4","MQTT","70","Publish Ack (id=929)"
"155633","951.940507094","192.168.15.4","192.168.15.3","MQTT","68","Disconnect Req"
"155641","952.944269767","192.168.15.4","192.168.15.3","MQTT","90","Connect Command"
"155643","952.947159050","192.168.15.4","192.168.15.3","MQTT","97","Publish Message (id=930) [Deviceb'Device - 2']"
"155644","952.947530572","192.168.15.3","192.168.15.4","MQTT","70","Connect Ack"
"155647","952.949659006","192.168.15.3","192.168.15.4","MQTT","70","Publish Ack (id=930)"
"155649","952.950038403","192.168.15.4","192.168.15.3","MQTT","68","Disconnect Req"
"155671","953.954854580","192.168.15.4","192.168.15.3","MQTT","90","Connect Command"
"155673","953.957646418","192.168.15.4","192.168.15.3","MQTT","97","Publish Message (id=931) [Deviceb'Device - 2']"
"155674","953.958007901","192.168.15.3","192.168.15.4","MQTT","70","Connect Ack"
"155677","953.960500523","192.168.15.3","192.168.15.4","MQTT","70","Publish Ack (id=931)"
"155679","953.960818625","192.168.15.4","192.168.15.3","MQTT","68","Disconnect Req"
"156542","954.973034741","192.168.15.4","192.168.15.3","MQTT","90","Connect Command"
"156687","954.986571382","192.168.15.4","192.168.15.3","MQTT","97","Publish Message (id=932) [Deviceb'Device - 2']"
"156737","954.991189062","192.168.15.3","192.168.15.4","MQTT","70","Connect Ack"
"156873","955.003520535","192.168.15.3","192.168.15.4","MQTT","70","Publish Ack (id=932)"
"156882","955.004080383","192.168.15.4","192.168.15.3","MQTT","68","Disconnect Req"
"157393","956.007688529","192.168.15.4","192.168.15.3","MQTT","90","Connect Command"
"157395","956.010729968","192.168.15.4","192.168.15.3","MQTT","97","Publish Message (id=933) [Deviceb'Device - 2']"
"157396","956.011111920","192.168.15.3","192.168.15.4","MQTT","70","Connect Ack"
"157399","956.013236227","192.168.15.3","192.168.15.4","MQTT","70","Publish Ack (id=933)"
"157401","956.013518961","192.168.15.4","192.168.15.3","MQTT","68","Disconnect Req"
"157417","957.017018282","192.168.15.4","192.168.15.3","MQTT","90","Connect Command"
"157419","957.020045095","192.168.15.4","192.168.15.3","MQTT","97","Publish Message (id=934) [Deviceb'Device - 2']"
"157420","957.020401067","192.168.15.3","192.168.15.4","MQTT","70","Connect Ack"
"157423","957.022448788","192.168.15.3","192.168.15.4","MQTT","70","Publish Ack (id=934)"
"157425","957.022769705","192.168.15.4","192.168.15.3","MQTT","68","Disconnect Req"
"157437","958.027205496","192.168.15.4","192.168.15.3","MQTT","90","Connect Command"
"157439","958.030245484","192.168.15.4","192.168.15.3","MQTT","97","Publish Message (id=935) [Deviceb'Device - 2']"
"157440","958.030625853","192.168.15.3","192.168.15.4","MQTT","70","Connect Ack"
"157443","958.033026711","192.168.15.3","192.168.15.4","MQTT","70","Publish Ack (id=935)"
"157445","958.033387634","192.168.15.4","192.168.15.3","MQTT","68","Disconnect Req"
"157464","959.037518108","192.168.15.4","192.168.15.3","MQTT","90","Connect Command"
"157466","959.040497911","192.168.15.4","192.168.15.3","MQTT","97","Publish Message (id=936) [Deviceb'Device - 2']"
"157467","959.040892687","192.168.15.3","192.168.15.4","MQTT","70","Connect Ack"
"157470","959.044228734","192.168.15.3","192.168.15.4","MQTT","70","Publish Ack (id=936)"
"157472","959.044585298","192.168.15.4","192.168.15.3","MQTT","68","Disconnect Req"
"157484","960.048056094","192.168.15.4","192.168.15.3","MQTT","90","Connect Command"
"157486","960.050928835","192.168.15.4","192.168.15.3","MQTT","97","Publish Message (id=937) [Deviceb'Device - 2']"
"157487","960.051362965","192.168.15.3","192.168.15.4","MQTT","70","Connect Ack"
"157490","960.053902787","192.168.15.3","192.168.15.4","MQTT","70","Publish Ack (id=937)"
"157492","960.054295049","192.168.15.4","192.168.15.3","MQTT","68","Disconnect Req"
"157504","961.058388365","192.168.15.4","192.168.15.3","MQTT","90","Connect Command"
"157506","961.063363200","192.168.15.4","192.168.15.3","MQTT","97","Publish Message (id=938) [Deviceb'Device - 2']"
"157507","961.063374932","192.168.15.3","192.168.15.4","MQTT","70","Connect Ack"
"157510","961.065852395","192.168.15.3","192.168.15.4","MQTT","70","Publish Ack (id=938)"
"157512","961.066718102","192.168.15.4","192.168.15.3","MQTT","68","Disconnect Req"
"157524","962.079694252","192.168.15.4","192.168.15.3","MQTT","90","Connect Command"
"157526","962.082583434","192.168.15.4","192.168.15.3","MQTT","97","Publish Message (id=939) [Deviceb'Device - 2']"
"157527","962.082989221","192.168.15.3","192.168.15.4","MQTT","70","Connect Ack"
"157530","962.085147191","192.168.15.3","192.168.15.4","MQTT","70","Publish Ack (id=939)"
"157532","962.085547708","192.168.15.4","192.168.15.3","MQTT","68","Disconnect Req"
"157544","963.089576683","192.168.15.4","192.168.15.3","MQTT","90","Connect Command"
"157546","963.092595570","192.168.15.4","192.168.15.3","MQTT","97","Publish Message (id=940) [Deviceb'Device - 2']"
"157547","963.092903703","192.168.15.3","192.168.15.4","MQTT","70","Connect Ack"
"157550","963.095177692","192.168.15.3","192.168.15.4","MQTT","70","Publish Ack (id=940)"
"157552","963.095526722","192.168.15.4","192.168.15.3","MQTT","68","Disconnect Req"
"157563","964.099765694","192.168.15.4","192.168.15.3","MQTT","90","Connect Command"
"157565","964.102802354","192.168.15.4","192.168.15.3","MQTT","97","Publish Message (id=941) [Deviceb'Device - 2']"
"157566","964.103167845","192.168.15.3","192.168.15.4","MQTT","70","Connect Ack"
"157569","964.105258989","192.168.15.3","192.168.15.4","MQTT","70","Publish Ack (id=941)"
"157571","964.106117812","192.168.15.4","192.168.15.3","MQTT","68","Disconnect Req"
"157584","965.110115057","192.168.15.4","192.168.15.3","MQTT","90","Connect Command"
"157586","965.112786047","192.168.15.4","192.168.15.3","MQTT","97","Publish Message (id=942) [Deviceb'Device - 2']"
"157588","965.117094893","192.168.15.3","192.168.15.4","MQTT","70","Connect Ack"
"157590","965.119389671","192.168.15.3","192.168.15.4","MQTT","70","Publish Ack (id=942)"
"157592","965.119791792","192.168.15.4","192.168.15.3","MQTT","68","Disconnect Req"
"159490","966.123212367","192.168.15.4","192.168.15.3","MQTT","90","Connect Command"
"159492","966.126238328","192.168.15.4","192.168.15.3","MQTT","97","Publish Message (id=943) [Deviceb'Device - 2']"
"159493","966.126643934","192.168.15.3","192.168.15.4","MQTT","70","Connect Ack"
"159496","966.128717374","192.168.15.3","192.168.15.4","MQTT","70","Publish Ack (id=943)"
"159498","966.129324412","192.168.15.4","192.168.15.3","MQTT","68","Disconnect Req"
"159510","967.132441142","192.168.15.4","192.168.15.3","MQTT","90","Connect Command"
"159512","967.135488683","192.168.15.4","192.168.15.3","MQTT","97","Publish Message (id=944) [Deviceb'Device - 2']"
"159513","967.135872920","192.168.15.3","192.168.15.4","MQTT","70","Connect Ack"
"159516","967.138412721","192.168.15.3","192.168.15.4","MQTT","70","Publish Ack (id=944)"
"159518","967.138708711","192.168.15.4","192.168.15.3","MQTT","68","Disconnect Req"
"159530","968.142313667","192.168.15.4","192.168.15.3","MQTT","90","Connect Command"
"159532","968.145304502","192.168.15.4","192.168.15.3","MQTT","97","Publish Message (id=945) [Deviceb'Device - 2']"
"159533","968.145747048","192.168.15.3","192.168.15.4","MQTT","70","Connect Ack"
"159536","968.148669643","192.168.15.3","192.168.15.4","MQTT","70","Publish Ack (id=945)"
"159538","968.149165611","192.168.15.4","192.168.15.3","MQTT","68","Disconnect Req"
"159565","969.152776286","192.168.15.4","192.168.15.3","MQTT","90","Connect Command"
"159567","969.155809531","192.168.15.4","192.168.15.3","MQTT","97","Publish Message (id=946) [Deviceb'Device - 2']"
"159568","969.156238111","192.168.15.3","192.168.15.4","MQTT","70","Connect Ack"
"159571","969.158594305","192.168.15.3","192.168.15.4","MQTT","70","Publish Ack (id=946)"
"159573","969.158978922","192.168.15.4","192.168.15.3","MQTT","68","Disconnect Req"
"159595","970.164010506","192.168.15.4","192.168.15.3","MQTT","90","Connect Command"
"159597","970.167010357","192.168.15.4","192.168.15.3","MQTT","97","Publish Message (id=947) [Deviceb'Device - 2']"
"159599","970.171693371","192.168.15.3","192.168.15.4","MQTT","70","Connect Ack"
"159601","970.174051459","192.168.15.3","192.168.15.4","MQTT","70","Publish Ack (id=947)"
"159603","970.174373337","192.168.15.4","192.168.15.3","MQTT","68","Disconnect Req"
"159615","971.178420752","192.168.15.4","192.168.15.3","MQTT","90","Connect Command"
"159617","971.181284796","192.168.15.4","192.168.15.3","MQTT","97","Publish Message (id=948) [Deviceb'Device - 2']"
"159618","971.181706944","192.168.15.3","192.168.15.4","MQTT","70","Connect Ack"
"159621","971.184186712","192.168.15.3","192.168.15.4","MQTT","70","Publish Ack (id=948)"
"159623","971.184595495","192.168.15.4","192.168.15.3","MQTT","68","Disconnect Req"
"159638","972.188801758","192.168.15.4","192.168.15.3","MQTT","90","Connect Command"
"159640","972.191099833","192.168.15.4","192.168.15.3","MQTT","97","Publish Message (id=949) [Deviceb'Device - 2']"
"159641","972.191534004","192.168.15.3","192.168.15.4","MQTT","70","Connect Ack"
"159644","972.193962014","192.168.15.3","192.168.15.4","MQTT","70","Publish Ack (id=949)"
"159646","972.194374333","192.168.15.4","192.168.15.3","MQTT","68","Disconnect Req"
"159658","973.198631283","192.168.15.4","192.168.15.3","MQTT","90","Connect Command"
"159660","973.201389638","192.168.15.4","192.168.15.3","MQTT","97","Publish Message (id=950) [Deviceb'Device - 2']"
"159661","973.201790736","192.168.15.3","192.168.15.4","MQTT","70","Connect Ack"
"159664","973.204221241","192.168.15.3","192.168.15.4","MQTT","70","Publish Ack (id=950)"
"159666","973.204628060","192.168.15.4","192.168.15.3","MQTT","68","Disconnect Req"
"159677","974.208234903","192.168.15.4","192.168.15.3","MQTT","90","Connect Command"
"159679","974.211276032","192.168.15.4","192.168.15.3","MQTT","97","Publish Message (id=951) [Deviceb'Device - 2']"
"159680","974.211699843","192.168.15.3","192.168.15.4","MQTT","70","Connect Ack"
"159683","974.214193437","192.168.15.3","192.168.15.4","MQTT","70","Publish Ack (id=951)"
"159685","974.215053974","192.168.15.4","192.168.15.3","MQTT","68","Disconnect Req"
"159695","975.219289914","192.168.15.4","192.168.15.3","MQTT","90","Connect Command"
"159697","975.222270970","192.168.15.4","192.168.15.3","MQTT","97","Publish Message (id=952) [Deviceb'Device - 2']"
"159699","975.226509673","192.168.15.3","192.168.15.4","MQTT","70","Connect Ack"
"159701","975.228894792","192.168.15.3","192.168.15.4","MQTT","70","Publish Ack (id=952)"
"159703","975.229760028","192.168.15.4","192.168.15.3","MQTT","68","Disconnect Req"
"161522","976.233835457","192.168.15.4","192.168.15.3","MQTT","90","Connect Command"
"161524","976.236743735","192.168.15.4","192.168.15.3","MQTT","97","Publish Message (id=953) [Deviceb'Device - 2']"
"161525","976.237471591","192.168.15.3","192.168.15.4","MQTT","70","Connect Ack"
"161528","976.239676770","192.168.15.3","192.168.15.4","MQTT","70","Publish Ack (id=953)"
"161530","976.240063301","192.168.15.4","192.168.15.3","MQTT","68","Disconnect Req"
"161543","977.244509400","192.168.15.4","192.168.15.3","MQTT","90","Connect Command"
"161545","977.247467623","192.168.15.4","192.168.15.3","MQTT","97","Publish Message (id=954) [Deviceb'Device - 2']"
"161546","977.247863140","192.168.15.3","192.168.15.4","MQTT","70","Connect Ack"
"161549","977.250250714","192.168.15.3","192.168.15.4","MQTT","70","Publish Ack (id=954)"
"161551","977.251240756","192.168.15.4","192.168.15.3","MQTT","68","Disconnect Req"
"161637","978.255083064","192.168.15.4","192.168.15.3","MQTT","90","Connect Command"
"161639","978.257944484","192.168.15.4","192.168.15.3","MQTT","97","Publish Message (id=955) [Deviceb'Device - 2']"
"161640","978.258353607","192.168.15.3","192.168.15.4","MQTT","70","Connect Ack"
"161643","978.261503001","192.168.15.3","192.168.15.4","MQTT","70","Publish Ack (id=955)"
"161645","978.262013567","192.168.15.4","192.168.15.3","MQTT","68","Disconnect Req"
"161685","979.266372874","192.168.15.4","192.168.15.3","MQTT","90","Connect Command"
"161687","979.271227602","192.168.15.4","192.168.15.3","MQTT","97","Publish Message (id=956) [Deviceb'Device - 2']"
"161688","979.271797259","192.168.15.3","192.168.15.4","MQTT","70","Connect Ack"
"161691","979.273932797","192.168.15.3","192.168.15.4","MQTT","70","Publish Ack (id=956)"
"161693","979.274782012","192.168.15.4","192.168.15.3","MQTT","68","Disconnect Req"
"161701","980.278517743","192.168.15.4","192.168.15.3","MQTT","90","Connect Command"
"161703","980.281381948","192.168.15.4","192.168.15.3","MQTT","97","Publish Message (id=957) [Deviceb'Device - 2']"
"161705","980.285665726","192.168.15.3","192.168.15.4","MQTT","70","Connect Ack"
"161707","980.287980412","192.168.15.3","192.168.15.4","MQTT","70","Publish Ack (id=957)"
"161709","980.288598511","192.168.15.4","192.168.15.3","MQTT","68","Disconnect Req"
"161723","981.292920718","192.168.15.4","192.168.15.3","MQTT","90","Connect Command"
"161725","981.295893288","192.168.15.4","192.168.15.3","MQTT","97","Publish Message (id=958) [Deviceb'Device - 2']"
"161726","981.296297923","192.168.15.3","192.168.15.4","MQTT","70","Connect Ack"
"161729","981.298718108","192.168.15.3","192.168.15.4","MQTT","70","Publish Ack (id=958)"
"161731","981.299400097","192.168.15.4","192.168.15.3","MQTT","68","Disconnect Req"
"161747","982.303082357","192.168.15.4","192.168.15.3","MQTT","90","Connect Command"
"161749","982.306072409","192.168.15.4","192.168.15.3","MQTT","97","Publish Message (id=959) [Deviceb'Device - 2']"
"161750","982.306488005","192.168.15.3","192.168.15.4","MQTT","70","Connect Ack"
"161753","982.308886469","192.168.15.3","192.168.15.4","MQTT","70","Publish Ack (id=959)"
"161755","982.309163223","192.168.15.4","192.168.15.3","MQTT","68","Disconnect Req"
"161769","983.312980531","192.168.15.4","192.168.15.3","MQTT","90","Connect Command"
"161771","983.316303643","192.168.15.4","192.168.15.3","MQTT","97","Publish Message (id=960) [Deviceb'Device - 2']"
"161772","983.316610063","192.168.15.3","192.168.15.4","MQTT","70","Connect Ack"
"161775","983.319151407","192.168.15.3","192.168.15.4","MQTT","70","Publish Ack (id=960)"
"161777","983.319416658","192.168.15.4","192.168.15.3","MQTT","68","Disconnect Req"
"161804","984.323578877","192.168.15.4","192.168.15.3","MQTT","90","Connect Command"
"161806","984.326568740","192.168.15.4","192.168.15.3","MQTT","97","Publish Message (id=961) [Deviceb'Device - 2']"
"161807","984.327006217","192.168.15.3","192.168.15.4","MQTT","70","Connect Ack"
"161810","984.329432824","192.168.15.3","192.168.15.4","MQTT","70","Publish Ack (id=961)"
"161812","984.329745125","192.168.15.4","192.168.15.3","MQTT","68","Disconnect Req"
"161833","985.333431821","192.168.15.4","192.168.15.3","MQTT","90","Connect Command"
"161835","985.336425702","192.168.15.4","192.168.15.3","MQTT","97","Publish Message (id=962) [Deviceb'Device - 2']"
"161837","985.340579064","192.168.15.3","192.168.15.4","MQTT","70","Connect Ack"
"161839","985.342821493","192.168.15.3","192.168.15.4","MQTT","70","Publish Ack (id=962)"
"161841","985.343255303","192.168.15.4","192.168.15.3","MQTT","68","Disconnect Req"
"161855","986.346783574","192.168.15.4","192.168.15.3","MQTT","90","Connect Command"
"161857","986.349743651","192.168.15.4","192.168.15.3","MQTT","97","Publish Message (id=963) [Deviceb'Device - 2']"
"161858","986.350170568","192.168.15.3","192.168.15.4","MQTT","70","Connect Ack"
"161861","986.352488890","192.168.15.3","192.168.15.4","MQTT","70","Publish Ack (id=963)"
"161863","986.353205184","192.168.15.4","192.168.15.3","MQTT","68","Disconnect Req"
"161879","987.357971836","192.168.15.4","192.168.15.3","MQTT","90","Connect Command"
"161881","987.361011262","192.168.15.4","192.168.15.3","MQTT","97","Publish Message (id=964) [Deviceb'Device - 2']"
"161882","987.361646043","192.168.15.3","192.168.15.4","MQTT","70","Connect Ack"
"161885","987.363855570","192.168.15.3","192.168.15.4","MQTT","70","Publish Ack (id=964)"
"161887","987.364357309","192.168.15.4","192.168.15.3","MQTT","68","Disconnect Req"
"161899","988.368294111","192.168.15.4","192.168.15.3","MQTT","90","Connect Command"
"161901","988.371265479","192.168.15.4","192.168.15.3","MQTT","97","Publish Message (id=965) [Deviceb'Device - 2']"
"161902","988.371633946","192.168.15.3","192.168.15.4","MQTT","70","Connect Ack"
"161905","988.374172996","192.168.15.3","192.168.15.4","MQTT","70","Publish Ack (id=965)"
"161907","988.374898016","192.168.15.4","192.168.15.3","MQTT","68","Disconnect Req"
"161928","989.378894403","192.168.15.4","192.168.15.3","MQTT","90","Connect Command"
"161930","989.381888984","192.168.15.4","192.168.15.3","MQTT","97","Publish Message (id=966) [Deviceb'Device - 2']"
"161931","989.382290774","192.168.15.3","192.168.15.4","MQTT","70","Connect Ack"
"161934","989.384783947","192.168.15.3","192.168.15.4","MQTT","70","Publish Ack (id=966)"
"161936","989.385432964","192.168.15.4","192.168.15.3","MQTT","68","Disconnect Req"
"161949","990.388778081","192.168.15.4","192.168.15.3","MQTT","90","Connect Command"
"161951","990.391731585","192.168.15.4","192.168.15.3","MQTT","97","Publish Message (id=967) [Deviceb'Device - 2']"
"161953","990.395987411","192.168.15.3","192.168.15.4","MQTT","70","Connect Ack"
"161955","990.398321554","192.168.15.3","192.168.15.4","MQTT","70","Publish Ack (id=967)"
"161957","990.398874098","192.168.15.4","192.168.15.3","MQTT","68","Disconnect Req"
"161969","991.402791727","192.168.15.4","192.168.15.3","MQTT","90","Connect Command"
"161971","991.405763445","192.168.15.4","192.168.15.3","MQTT","97","Publish Message (id=968) [Deviceb'Device - 2']"
"161972","991.406183559","192.168.15.3","192.168.15.4","MQTT","70","Connect Ack"
"161975","991.408702221","192.168.15.3","192.168.15.4","MQTT","70","Publish Ack (id=968)"
"161977","991.409029710","192.168.15.4","192.168.15.3","MQTT","68","Disconnect Req"
"164368","992.412980805","192.168.15.4","192.168.15.3","MQTT","90","Connect Command"
"164370","992.415872571","192.168.15.4","192.168.15.3","MQTT","97","Publish Message (id=969) [Deviceb'Device - 2']"
"164371","992.416273129","192.168.15.3","192.168.15.4","MQTT","70","Connect Ack"
"164374","992.418928399","192.168.15.3","192.168.15.4","MQTT","70","Publish Ack (id=969)"
"164376","992.419455124","192.168.15.4","192.168.15.3","MQTT","68","Disconnect Req"
"164414","993.423299978","192.168.15.4","192.168.15.3","MQTT","90","Connect Command"
"164416","993.426282406","192.168.15.4","192.168.15.3","MQTT","97","Publish Message (id=970) [Deviceb'Device - 2']"
"164417","993.426736605","192.168.15.3","192.168.15.4","MQTT","70","Connect Ack"
"164420","993.429153544","192.168.15.3","192.168.15.4","MQTT","70","Publish Ack (id=970)"
"164422","993.429462649","192.168.15.4","192.168.15.3","MQTT","68","Disconnect Req"
"164455","994.433494284","192.168.15.4","192.168.15.3","MQTT","90","Connect Command"
"164463","994.439945400","192.168.15.4","192.168.15.3","MQTT","97","Publish Message (id=971) [Deviceb'Device - 2']"
"164464","994.440862484","192.168.15.3","192.168.15.4","MQTT","70","Connect Ack"
"164467","994.446705310","192.168.15.3","192.168.15.4","MQTT","70","Publish Ack (id=971)"
"164469","994.446981993","192.168.15.4","192.168.15.3","MQTT","68","Disconnect Req"
"164511","995.450829803","192.168.15.4","192.168.15.3","MQTT","90","Connect Command"
"164513","995.453803605","192.168.15.4","192.168.15.3","MQTT","97","Publish Message (id=972) [Deviceb'Device - 2']"
"164515","995.458016830","192.168.15.3","192.168.15.4","MQTT","70","Connect Ack"
"164517","995.460395978","192.168.15.3","192.168.15.4","MQTT","70","Publish Ack (id=972)"
"164519","995.461089910","192.168.15.4","192.168.15.3","MQTT","68","Disconnect Req"
"164531","996.465361060","192.168.15.4","192.168.15.3","MQTT","90","Connect Command"
"164533","996.468253498","192.168.15.4","192.168.15.3","MQTT","97","Publish Message (id=973) [Deviceb'Device - 2']"
"164534","996.468689513","192.168.15.3","192.168.15.4","MQTT","70","Connect Ack"
"164537","996.471080623","192.168.15.3","192.168.15.4","MQTT","70","Publish Ack (id=973)"
"164539","996.471465861","192.168.15.4","192.168.15.3","MQTT","68","Disconnect Req"
"164551","997.475654586","192.168.15.4","192.168.15.3","MQTT","90","Connect Command"
"164553","997.478537696","192.168.15.4","192.168.15.3","MQTT","97","Publish Message (id=974) [Deviceb'Device - 2']"
"164554","997.478907596","192.168.15.3","192.168.15.4","MQTT","70","Connect Ack"
"164557","997.481315398","192.168.15.3","192.168.15.4","MQTT","70","Publish Ack (id=974)"
"164559","997.481669958","192.168.15.4","192.168.15.3","MQTT","68","Disconnect Req"
"164570","998.485913778","192.168.15.4","192.168.15.3","MQTT","90","Connect Command"
"164572","998.488927035","192.168.15.4","192.168.15.3","MQTT","97","Publish Message (id=975) [Deviceb'Device - 2']"
"164573","998.489304669","192.168.15.3","192.168.15.4","MQTT","70","Connect Ack"
"164576","998.491771032","192.168.15.3","192.168.15.4","MQTT","70","Publish Ack (id=975)"
"164578","998.492202668","192.168.15.4","192.168.15.3","MQTT","68","Disconnect Req"
"164590","999.496218366","192.168.15.4","192.168.15.3","MQTT","90","Connect Command"
"164592","999.499210012","192.168.15.4","192.168.15.3","MQTT","97","Publish Message (id=976) [Deviceb'Device - 2']"
"164593","999.499648130","192.168.15.3","192.168.15.4","MQTT","70","Connect Ack"
"164596","999.502072474","192.168.15.3","192.168.15.4","MQTT","70","Publish Ack (id=976)"
"164598","999.502864471","192.168.15.4","192.168.15.3","MQTT","68","Disconnect Req"
"164610","1000.506757349","192.168.15.4","192.168.15.3","MQTT","90","Connect Command"
"164612","1000.509673031","192.168.15.4","192.168.15.3","MQTT","97","Publish Message (id=977) [Deviceb'Device - 2']"
"164614","1000.514001824","192.168.15.3","192.168.15.4","MQTT","70","Connect Ack"
"164616","1000.516423242","192.168.15.3","192.168.15.4","MQTT","70","Publish Ack (id=977)"
"164618","1000.517207685","192.168.15.4","192.168.15.3","MQTT","68","Disconnect Req"
"164630","1001.521630614","192.168.15.4","192.168.15.3","MQTT","90","Connect Command"
"164632","1001.524512502","192.168.15.4","192.168.15.3","MQTT","97","Publish Message (id=978) [Deviceb'Device - 2']"
"164633","1001.524930642","192.168.15.3","192.168.15.4","MQTT","70","Connect Ack"
"164636","1001.528346801","192.168.15.3","192.168.15.4","MQTT","70","Publish Ack (id=978)"
"164638","1001.529108070","192.168.15.4","192.168.15.3","MQTT","68","Disconnect Req"
"164650","1002.533476797","192.168.15.4","192.168.15.3","MQTT","90","Connect Command"
"164652","1002.536388020","192.168.15.4","192.168.15.3","MQTT","97","Publish Message (id=979) [Deviceb'Device - 2']"
"164653","1002.537161072","192.168.15.3","192.168.15.4","MQTT","70","Connect Ack"
"164656","1002.539285989","192.168.15.3","192.168.15.4","MQTT","70","Publish Ack (id=979)"
"164658","1002.540106580","192.168.15.4","192.168.15.3","MQTT","68","Disconnect Req"
"164673","1003.544373186","192.168.15.4","192.168.15.3","MQTT","90","Connect Command"
"164675","1003.549387205","192.168.15.4","192.168.15.3","MQTT","97","Publish Message (id=980) [Deviceb'Device - 2']"
"164676","1003.549793864","192.168.15.3","192.168.15.4","MQTT","70","Connect Ack"
"164679","1003.552300863","192.168.15.3","192.168.15.4","MQTT","70","Publish Ack (id=980)"
"164681","1003.553067994","192.168.15.4","192.168.15.3","MQTT","68","Disconnect Req"
"164693","1004.557211737","192.168.15.4","192.168.15.3","MQTT","90","Connect Command"
"164695","1004.560097071","192.168.15.4","192.168.15.3","MQTT","97","Publish Message (id=981) [Deviceb'Device - 2']"
"164696","1004.560585034","192.168.15.3","192.168.15.4","MQTT","70","Connect Ack"
"164699","1004.562962188","192.168.15.3","192.168.15.4","MQTT","70","Publish Ack (id=981)"
"164701","1004.563676308","192.168.15.4","192.168.15.3","MQTT","68","Disconnect Req"
"164714","1005.567906395","192.168.15.4","192.168.15.3","MQTT","90","Connect Command"
"164716","1005.570800437","192.168.15.4","192.168.15.3","MQTT","97","Publish Message (id=982) [Deviceb'Device - 2']"
"164717","1005.571206404","192.168.15.3","192.168.15.4","MQTT","70","Connect Ack"
"164720","1005.573604418","192.168.15.3","192.168.15.4","MQTT","70","Publish Ack (id=982)"
"164722","1005.574420180","192.168.15.4","192.168.15.3","MQTT","68","Disconnect Req"
"164734","1006.578726701","192.168.15.4","192.168.15.3","MQTT","90","Connect Command"
"164736","1006.581619450","192.168.15.4","192.168.15.3","MQTT","97","Publish Message (id=983) [Deviceb'Device - 2']"
"164737","1006.582030928","192.168.15.3","192.168.15.4","MQTT","70","Connect Ack"
"164740","1006.584418081","192.168.15.3","192.168.15.4","MQTT","70","Publish Ack (id=983)"
"164742","1006.585239343","192.168.15.4","192.168.15.3","MQTT","68","Disconnect Req"
"164758","1007.589451225","192.168.15.4","192.168.15.3","MQTT","90","Connect Command"
"164760","1007.592321341","192.168.15.4","192.168.15.3","MQTT","97","Publish Message (id=984) [Deviceb'Device - 2']"
"164762","1007.596627563","192.168.15.3","192.168.15.4","MQTT","70","Connect Ack"
"164764","1007.599098193","192.168.15.3","192.168.15.4","MQTT","70","Publish Ack (id=984)"
"164766","1007.599984198","192.168.15.4","192.168.15.3","MQTT","68","Disconnect Req"
"166080","1008.604483005","192.168.15.4","192.168.15.3","MQTT","90","Connect Command"
"166082","1008.607446458","192.168.15.4","192.168.15.3","MQTT","97","Publish Message (id=985) [Deviceb'Device - 2']"
"166083","1008.607809063","192.168.15.3","192.168.15.4","MQTT","70","Connect Ack"
"166086","1008.610580052","192.168.15.3","192.168.15.4","MQTT","70","Publish Ack (id=985)"
"166088","1008.611428786","192.168.15.4","192.168.15.3","MQTT","68","Disconnect Req"
"166096","1009.615777969","192.168.15.4","192.168.15.3","MQTT","90","Connect Command"
"166098","1009.618556742","192.168.15.4","192.168.15.3","MQTT","97","Publish Message (id=986) [Deviceb'Device - 2']"
"166099","1009.618959734","192.168.15.3","192.168.15.4","MQTT","70","Connect Ack"
"166102","1009.621871319","192.168.15.3","192.168.15.4","MQTT","70","Publish Ack (id=986)"
"166104","1009.622628911","192.168.15.4","192.168.15.3","MQTT","68","Disconnect Req"
"166120","1010.627732380","192.168.15.4","192.168.15.3","MQTT","90","Connect Command"
"166122","1010.630745025","192.168.15.4","192.168.15.3","MQTT","97","Publish Message (id=987) [Deviceb'Device - 2']"
"166123","1010.631134973","192.168.15.3","192.168.15.4","MQTT","70","Connect Ack"
"166126","1010.633531794","192.168.15.3","192.168.15.4","MQTT","70","Publish Ack (id=987)"
"166128","1010.633967818","192.168.15.4","192.168.15.3","MQTT","68","Disconnect Req"
"166143","1011.637781310","192.168.15.4","192.168.15.3","MQTT","90","Connect Command"
"166145","1011.640732359","192.168.15.4","192.168.15.3","MQTT","97","Publish Message (id=988) [Deviceb'Device - 2']"
"166146","1011.641124430","192.168.15.3","192.168.15.4","MQTT","70","Connect Ack"
"166149","1011.644433767","192.168.15.3","192.168.15.4","MQTT","70","Publish Ack (id=988)"
"166151","1011.644876093","192.168.15.4","192.168.15.3","MQTT","68","Disconnect Req"
"166163","1012.649125683","192.168.15.4","192.168.15.3","MQTT","90","Connect Command"
"166165","1012.651983385","192.168.15.4","192.168.15.3","MQTT","97","Publish Message (id=989) [Deviceb'Device - 2']"
"166167","1012.656420674","192.168.15.3","192.168.15.4","MQTT","70","Connect Ack"
"166169","1012.658745008","192.168.15.3","192.168.15.4","MQTT","70","Publish Ack (id=989)"
"166171","1012.659149343","192.168.15.4","192.168.15.3","MQTT","68","Disconnect Req"
"166188","1013.662906871","192.168.15.4","192.168.15.3","MQTT","90","Connect Command"
"166190","1013.665121297","192.168.15.4","192.168.15.3","MQTT","97","Publish Message (id=990) [Deviceb'Device - 2']"
"166191","1013.665556390","192.168.15.3","192.168.15.4","MQTT","70","Connect Ack"
"166194","1013.668100379","192.168.15.3","192.168.15.4","MQTT","70","Publish Ack (id=990)"
"166196","1013.668844386","192.168.15.4","192.168.15.3","MQTT","68","Disconnect Req"
"166208","1014.673778068","192.168.15.4","192.168.15.3","MQTT","90","Connect Command"
"166210","1014.676701946","192.168.15.4","192.168.15.3","MQTT","97","Publish Message (id=991) [Deviceb'Device - 2']"
"166211","1014.677108475","192.168.15.3","192.168.15.4","MQTT","70","Connect Ack"
"166214","1014.679478416","192.168.15.3","192.168.15.4","MQTT","70","Publish Ack (id=991)"
"166216","1014.680444883","192.168.15.4","192.168.15.3","MQTT","68","Disconnect Req"
"166257","1015.683998856","192.168.15.4","192.168.15.3","MQTT","90","Connect Command"
"166259","1015.686927373","192.168.15.4","192.168.15.3","MQTT","97","Publish Message (id=992) [Deviceb'Device - 2']"
"166260","1015.687509744","192.168.15.3","192.168.15.4","MQTT","70","Connect Ack"
"166263","1015.689713440","192.168.15.3","192.168.15.4","MQTT","70","Publish Ack (id=992)"
"166265","1015.690441026","192.168.15.4","192.168.15.3","MQTT","68","Disconnect Req"
"166277","1016.694077156","192.168.15.4","192.168.15.3","MQTT","90","Connect Command"
"166279","1016.696952892","192.168.15.4","192.168.15.3","MQTT","97","Publish Message (id=993) [Deviceb'Device - 2']"
"166280","1016.697475480","192.168.15.3","192.168.15.4","MQTT","70","Connect Ack"
"166283","1016.699710345","192.168.15.3","192.168.15.4","MQTT","70","Publish Ack (id=993)"
"166285","1016.700448120","192.168.15.4","192.168.15.3","MQTT","68","Disconnect Req"
"166298","1017.704059544","192.168.15.4","192.168.15.3","MQTT","90","Connect Command"
"166300","1017.708048916","192.168.15.4","192.168.15.3","MQTT","97","Publish Message (id=994) [Deviceb'Device - 2']"
"166302","1017.711415831","192.168.15.3","192.168.15.4","MQTT","70","Connect Ack"
"166304","1017.713787265","192.168.15.3","192.168.15.4","MQTT","70","Publish Ack (id=994)"
"166306","1017.714403820","192.168.15.4","192.168.15.3","MQTT","68","Disconnect Req"
"166862","1018.721859303","192.168.15.4","192.168.15.3","MQTT","90","Connect Command"
"166912","1018.726442087","192.168.15.4","192.168.15.3","MQTT","97","Publish Message (id=995) [Deviceb'Device - 2']"
"166922","1018.727280201","192.168.15.3","192.168.15.4","MQTT","70","Connect Ack"
"166973","1018.731824602","192.168.15.3","192.168.15.4","MQTT","70","Publish Ack (id=995)"
"166980","1018.732281927","192.168.15.4","192.168.15.3","MQTT","68","Disconnect Req"
"167742","1019.735091708","192.168.15.4","192.168.15.3","MQTT","90","Connect Command"
"167744","1019.739813495","192.168.15.4","192.168.15.3","MQTT","97","Publish Message (id=996) [Deviceb'Device - 2']"
"167745","1019.740181921","192.168.15.3","192.168.15.4","MQTT","70","Connect Ack"
"167748","1019.742495094","192.168.15.3","192.168.15.4","MQTT","70","Publish Ack (id=996)"
"167750","1019.743128722","192.168.15.4","192.168.15.3","MQTT","68","Disconnect Req"
"167760","1020.746976954","192.168.15.4","192.168.15.3","MQTT","90","Connect Command"
"167762","1020.749996332","192.168.15.4","192.168.15.3","MQTT","97","Publish Message (id=997) [Deviceb'Device - 2']"
"167763","1020.750381590","192.168.15.3","192.168.15.4","MQTT","70","Connect Ack"
"167766","1020.752756901","192.168.15.3","192.168.15.4","MQTT","70","Publish Ack (id=997)"
"167768","1020.753259060","192.168.15.4","192.168.15.3","MQTT","68","Disconnect Req"
"167780","1021.756930429","192.168.15.4","192.168.15.3","MQTT","90","Connect Command"
"167782","1021.759799533","192.168.15.4","192.168.15.3","MQTT","97","Publish Message (id=998) [Deviceb'Device - 2']"
"167783","1021.760204108","192.168.15.3","192.168.15.4","MQTT","70","Connect Ack"
"167786","1021.762607641","192.168.15.3","192.168.15.4","MQTT","70","Publish Ack (id=998)"
"167788","1021.763587043","192.168.15.4","192.168.15.3","MQTT","68","Disconnect Req"
"167800","1022.767788193","192.168.15.4","192.168.15.3","MQTT","90","Connect Command"
"167802","1022.770727170","192.168.15.4","192.168.15.3","MQTT","97","Publish Message (id=999) [Deviceb'Device - 2']"
"167804","1022.775067004","192.168.15.3","192.168.15.4","MQTT","70","Connect Ack"
"167806","1022.777478193","192.168.15.3","192.168.15.4","MQTT","70","Publish Ack (id=999)"
"167808","1022.777861367","192.168.15.4","192.168.15.3","MQTT","68","Disconnect Req"
"167823","1023.782163660","192.168.15.4","192.168.15.3","MQTT","90","Connect Command"
"167825","1023.785137823","192.168.15.4","192.168.15.3","MQTT","97","Publish Message (id=1000) [Deviceb'Device - 2']"
"167826","1023.785541165","192.168.15.3","192.168.15.4","MQTT","70","Connect Ack"
"167829","1023.787944339","192.168.15.3","192.168.15.4","MQTT","70","Publish Ack (id=1000)"
"167831","1023.788564481","192.168.15.4","192.168.15.3","MQTT","68","Disconnect Req"
"167851","1024.792205362","192.168.15.4","192.168.15.3","MQTT","90","Connect Command"
"167853","1024.795168715","192.168.15.4","192.168.15.3","MQTT","97","Publish Message (id=1001) [Deviceb'Device - 2']"
"167854","1024.795579762","192.168.15.3","192.168.15.4","MQTT","70","Connect Ack"
"167857","1024.798035745","192.168.15.3","192.168.15.4","MQTT","70","Publish Ack (id=1001)"
"167859","1024.798689982","192.168.15.4","192.168.15.3","MQTT","68","Disconnect Req"
"167872","1025.802263899","192.168.15.4","192.168.15.3","MQTT","90","Connect Command"
"167874","1025.805229385","192.168.15.4","192.168.15.3","MQTT","97","Publish Message (id=1002) [Deviceb'Device - 2']"
"167875","1025.805685227","192.168.15.3","192.168.15.4","MQTT","70","Connect Ack"
"167878","1025.808067411","192.168.15.3","192.168.15.4","MQTT","70","Publish Ack (id=1002)"
"167880","1025.808526899","192.168.15.4","192.168.15.3","MQTT","68","Disconnect Req"
"167892","1026.812851303","192.168.15.4","192.168.15.3","MQTT","90","Connect Command"
"167894","1026.815690821","192.168.15.4","192.168.15.3","MQTT","97","Publish Message (id=1003) [Deviceb'Device - 2']"
"167895","1026.816135812","192.168.15.3","192.168.15.4","MQTT","70","Connect Ack"
"167898","1026.818617434","192.168.15.3","192.168.15.4","MQTT","70","Publish Ack (id=1003)"
"167900","1026.819063367","192.168.15.4","192.168.15.3","MQTT","68","Disconnect Req"
"167912","1027.822578494","192.168.15.4","192.168.15.3","MQTT","90","Connect Command"
"167914","1027.827253471","192.168.15.4","192.168.15.3","MQTT","97","Publish Message (id=1004) [Deviceb'Device - 2']"
"167916","1027.831706430","192.168.15.3","192.168.15.4","MQTT","70","Connect Ack"
"167918","1027.834172442","192.168.15.3","192.168.15.4","MQTT","70","Publish Ack (id=1004)"
"167920","1027.834515190","192.168.15.4","192.168.15.3","MQTT","68","Disconnect Req"
"167932","1028.838933795","192.168.15.4","192.168.15.3","MQTT","90","Connect Command"
"167935","1028.841363779","192.168.15.4","192.168.15.3","MQTT","97","Publish Message (id=1005) [Deviceb'Device - 2']"
"167936","1028.841784164","192.168.15.3","192.168.15.4","MQTT","70","Connect Ack"
"167939","1028.844069485","192.168.15.3","192.168.15.4","MQTT","70","Publish Ack (id=1005)"
"167941","1028.844510528","192.168.15.4","192.168.15.3","MQTT","68","Disconnect Req"
"169860","1029.847913204","192.168.15.4","192.168.15.3","MQTT","90","Connect Command"
"169862","1029.850861107","192.168.15.4","192.168.15.3","MQTT","97","Publish Message (id=1006) [Deviceb'Device - 2']"
"169863","1029.851235494","192.168.15.3","192.168.15.4","MQTT","70","Connect Ack"
"169866","1029.853709742","192.168.15.3","192.168.15.4","MQTT","70","Publish Ack (id=1006)"
"169868","1029.854388605","192.168.15.4","192.168.15.3","MQTT","68","Disconnect Req"
"169880","1030.858847708","192.168.15.4","192.168.15.3","MQTT","90","Connect Command"
"169882","1030.861725939","192.168.15.4","192.168.15.3","MQTT","97","Publish Message (id=1007) [Deviceb'Device - 2']"
"169883","1030.862104524","192.168.15.3","192.168.15.4","MQTT","70","Connect Ack"
"169886","1030.864552653","192.168.15.3","192.168.15.4","MQTT","70","Publish Ack (id=1007)"
"169888","1030.865176692","192.168.15.4","192.168.15.3","MQTT","68","Disconnect Req"
"169900","1031.879549279","192.168.15.4","192.168.15.3","MQTT","90","Connect Command"
"169902","1031.881892709","192.168.15.4","192.168.15.3","MQTT","97","Publish Message (id=1008) [Deviceb'Device - 2']"
"169903","1031.882306781","192.168.15.3","192.168.15.4","MQTT","70","Connect Ack"
"169906","1031.884661142","192.168.15.3","192.168.15.4","MQTT","70","Publish Ack (id=1008)"
"169908","1031.885369141","192.168.15.4","192.168.15.3","MQTT","68","Disconnect Req"
"169927","1032.889362273","192.168.15.4","192.168.15.3","MQTT","90","Connect Command"
"169929","1032.892225526","192.168.15.4","192.168.15.3","MQTT","97","Publish Message (id=1009) [Deviceb'Device - 2']"
"169931","1032.896576091","192.168.15.3","192.168.15.4","MQTT","70","Connect Ack"
"169933","1032.899016925","192.168.15.3","192.168.15.4","MQTT","70","Publish Ack (id=1009)"
"169935","1032.899444213","192.168.15.4","192.168.15.3","MQTT","68","Disconnect Req"
"169950","1033.903568716","192.168.15.4","192.168.15.3","MQTT","90","Connect Command"
"169952","1033.906442218","192.168.15.4","192.168.15.3","MQTT","97","Publish Message (id=1010) [Deviceb'Device - 2']"
"169954","1033.906838277","192.168.15.3","192.168.15.4","MQTT","70","Connect Ack"
"169957","1033.909294931","192.168.15.3","192.168.15.4","MQTT","70","Publish Ack (id=1010)"
"169959","1033.910000355","192.168.15.4","192.168.15.3","MQTT","68","Disconnect Req"
"169970","1034.914242828","192.168.15.4","192.168.15.3","MQTT","90","Connect Command"
"169972","1034.917113826","192.168.15.4","192.168.15.3","MQTT","97","Publish Message (id=1011) [Deviceb'Device - 2']"
"169973","1034.917611607","192.168.15.3","192.168.15.4","MQTT","70","Connect Ack"
"169976","1034.919909131","192.168.15.3","192.168.15.4","MQTT","70","Publish Ack (id=1011)"
"169978","1034.920634021","192.168.15.4","192.168.15.3","MQTT","68","Disconnect Req"
"169992","1035.924841520","192.168.15.4","192.168.15.3","MQTT","90","Connect Command"
"169994","1035.927604765","192.168.15.4","192.168.15.3","MQTT","97","Publish Message (id=1012) [Deviceb'Device - 2']"
"169995","1035.928004861","192.168.15.3","192.168.15.4","MQTT","70","Connect Ack"
"169998","1035.930455274","192.168.15.3","192.168.15.4","MQTT","70","Publish Ack (id=1012)"
"170000","1035.931115212","192.168.15.4","192.168.15.3","MQTT","68","Disconnect Req"
"170012","1036.934967070","192.168.15.4","192.168.15.3","MQTT","90","Connect Command"
"170014","1036.937895136","192.168.15.4","192.168.15.3","MQTT","97","Publish Message (id=1013) [Deviceb'Device - 2']"
"170015","1036.938205793","192.168.15.3","192.168.15.4","MQTT","70","Connect Ack"
"170018","1036.940713574","192.168.15.3","192.168.15.4","MQTT","70","Publish Ack (id=1013)"
"170020","1036.941338035","192.168.15.4","192.168.15.3","MQTT","68","Disconnect Req"
"170059","1037.945090836","192.168.15.4","192.168.15.3","MQTT","90","Connect Command"
"170061","1037.947727510","192.168.15.4","192.168.15.3","MQTT","97","Publish Message (id=1014) [Deviceb'Device - 2']"
"170063","1037.952079979","192.168.15.3","192.168.15.4","MQTT","70","Connect Ack"
"170065","1037.954490757","192.168.15.3","192.168.15.4","MQTT","70","Publish Ack (id=1014)"
"170067","1037.955199326","192.168.15.4","192.168.15.3","MQTT","68","Disconnect Req"
"170101","1038.958876194","192.168.15.4","192.168.15.3","MQTT","90","Connect Command"
"170103","1038.961779002","192.168.15.4","192.168.15.3","MQTT","97","Publish Message (id=1015) [Deviceb'Device - 2']"
"170104","1038.962167777","192.168.15.3","192.168.15.4","MQTT","70","Connect Ack"
"170107","1038.964615896","192.168.15.3","192.168.15.4","MQTT","70","Publish Ack (id=1015)"
"170109","1038.965269572","192.168.15.4","192.168.15.3","MQTT","68","Disconnect Req"
"170137","1039.969550281","192.168.15.4","192.168.15.3","MQTT","90","Connect Command"
"170139","1039.971765850","192.168.15.4","192.168.15.3","MQTT","97","Publish Message (id=1016) [Deviceb'Device - 2']"
"170140","1039.972206463","192.168.15.3","192.168.15.4","MQTT","70","Connect Ack"
"170143","1039.974645183","192.168.15.3","192.168.15.4","MQTT","70","Publish Ack (id=1016)"
"170145","1039.975365455","192.168.15.4","192.168.15.3","MQTT","68","Disconnect Req"
"171600","1040.979804926","192.168.15.4","192.168.15.3","MQTT","90","Connect Command"
"171602","1040.982633303","192.168.15.4","192.168.15.3","MQTT","97","Publish Message (id=1017) [Deviceb'Device - 2']"
"171603","1040.983061272","192.168.15.3","192.168.15.4","MQTT","70","Connect Ack"
"171606","1040.985454036","192.168.15.3","192.168.15.4","MQTT","70","Publish Ack (id=1017)"
"171608","1040.986159770","192.168.15.4","192.168.15.3","MQTT","68","Disconnect Req"
"171624","1041.989849404","192.168.15.4","192.168.15.3","MQTT","90","Connect Command"
"171626","1041.992718989","192.168.15.4","192.168.15.3","MQTT","97","Publish Message (id=1018) [Deviceb'Device - 2']"
"171627","1041.993126710","192.168.15.3","192.168.15.4","MQTT","70","Connect Ack"
"171630","1041.995537027","192.168.15.3","192.168.15.4","MQTT","70","Publish Ack (id=1018)"
"171632","1041.996372787","192.168.15.4","192.168.15.3","MQTT","68","Disconnect Req"
"171644","1043.000789136","192.168.15.4","192.168.15.3","MQTT","90","Connect Command"
"171646","1043.003687646","192.168.15.4","192.168.15.3","MQTT","97","Publish Message (id=1019) [Deviceb'Device - 2']"
"171648","1043.007992114","192.168.15.3","192.168.15.4","MQTT","70","Connect Ack"
"171650","1043.010402631","192.168.15.3","192.168.15.4","MQTT","70","Publish Ack (id=1019)"
"171652","1043.011170633","192.168.15.4","192.168.15.3","MQTT","68","Disconnect Req"
"171663","1044.015314706","192.168.15.4","192.168.15.3","MQTT","90","Connect Command"
"171665","1044.018181125","192.168.15.4","192.168.15.3","MQTT","97","Publish Message (id=1020) [Deviceb'Device - 2']"
"171666","1044.018575650","192.168.15.3","192.168.15.4","MQTT","70","Connect Ack"
"171669","1044.021036392","192.168.15.3","192.168.15.4","MQTT","70","Publish Ack (id=1020)"
"171671","1044.021945401","192.168.15.4","192.168.15.3","MQTT","68","Disconnect Req"
"171684","1045.025868437","192.168.15.4","192.168.15.3","MQTT","90","Connect Command"
"171686","1045.030555758","192.168.15.4","192.168.15.3","MQTT","97","Publish Message (id=1021) [Deviceb'Device - 2']"
"171687","1045.031019746","192.168.15.3","192.168.15.4","MQTT","70","Connect Ack"
"171690","1045.033330414","192.168.15.3","192.168.15.4","MQTT","70","Publish Ack (id=1021)"
"171692","1045.033709902","192.168.15.4","192.168.15.3","MQTT","68","Disconnect Req"
"171704","1046.038088851","192.168.15.4","192.168.15.3","MQTT","90","Connect Command"
"171706","1046.040990577","192.168.15.4","192.168.15.3","MQTT","97","Publish Message (id=1022) [Deviceb'Device - 2']"
"171707","1046.041381646","192.168.15.3","192.168.15.4","MQTT","70","Connect Ack"
"171710","1046.043938059","192.168.15.3","192.168.15.4","MQTT","70","Publish Ack (id=1022)"
"171712","1046.044594560","192.168.15.4","192.168.15.3","MQTT","68","Disconnect Req"
"171724","1047.049032772","192.168.15.4","192.168.15.3","MQTT","90","Connect Command"
"171726","1047.051904681","192.168.15.4","192.168.15.3","MQTT","97","Publish Message (id=1023) [Deviceb'Device - 2']"
"171727","1047.052284089","192.168.15.3","192.168.15.4","MQTT","70","Connect Ack"
"171730","1047.054330528","192.168.15.3","192.168.15.4","MQTT","70","Publish Ack (id=1023)"
"171732","1047.055172319","192.168.15.4","192.168.15.3","MQTT","68","Disconnect Req"
"171747","1048.059170770","192.168.15.4","192.168.15.3","MQTT","90","Connect Command"
"171749","1048.062028432","192.168.15.4","192.168.15.3","MQTT","97","Publish Message (id=1024) [Deviceb'Device - 2']"
"171751","1048.066403754","192.168.15.3","192.168.15.4","MQTT","70","Connect Ack"
"171753","1048.068845941","192.168.15.3","192.168.15.4","MQTT","70","Publish Ack (id=1024)"
"171755","1048.069673906","192.168.15.4","192.168.15.3","MQTT","68","Disconnect Req"
"171767","1049.074010165","192.168.15.4","192.168.15.3","MQTT","90","Connect Command"
"171769","1049.076522745","192.168.15.4","192.168.15.3","MQTT","97","Publish Message (id=1025) [Deviceb'Device - 2']"
"171770","1049.076937018","192.168.15.3","192.168.15.4","MQTT","70","Connect Ack"
"171773","1049.079420083","192.168.15.3","192.168.15.4","MQTT","70","Publish Ack (id=1025)"
"171775","1049.080305276","192.168.15.4","192.168.15.3","MQTT","68","Disconnect Req"
"171783","1050.084719314","192.168.15.4","192.168.15.3","MQTT","90","Connect Command"
"171785","1050.087618675","192.168.15.4","192.168.15.3","MQTT","97","Publish Message (id=1026) [Deviceb'Device - 2']"
"171786","1050.088034581","192.168.15.3","192.168.15.4","MQTT","70","Connect Ack"
"171789","1050.090386708","192.168.15.3","192.168.15.4","MQTT","70","Publish Ack (id=1026)"
"171791","1050.091065491","192.168.15.4","192.168.15.3","MQTT","68","Disconnect Req"
"171804","1051.105290927","192.168.15.4","192.168.15.3","MQTT","90","Connect Command"
"171806","1051.108041187","192.168.15.4","192.168.15.3","MQTT","97","Publish Message (id=1027) [Deviceb'Device - 2']"
"171807","1051.108463425","192.168.15.3","192.168.15.4","MQTT","70","Connect Ack"
"171810","1051.110883350","192.168.15.3","192.168.15.4","MQTT","70","Publish Ack (id=1027)"
"171812","1051.111861620","192.168.15.4","192.168.15.3","MQTT","68","Disconnect Req"
"174074","1052.115990889","192.168.15.4","192.168.15.3","MQTT","90","Connect Command"
"174079","1052.118859342","192.168.15.4","192.168.15.3","MQTT","97","Publish Message (id=1028) [Deviceb'Device - 2']"
"174080","1052.119281681","192.168.15.3","192.168.15.4","MQTT","70","Connect Ack"
"174083","1052.121717706","192.168.15.3","192.168.15.4","MQTT","70","Publish Ack (id=1028)"
"174085","1052.122333761","192.168.15.4","192.168.15.3","MQTT","68","Disconnect Req"
"174105","1053.126963908","192.168.15.4","192.168.15.3","MQTT","90","Connect Command"
"174107","1053.129856597","192.168.15.4","192.168.15.3","MQTT","97","Publish Message (id=1029) [Deviceb'Device - 2']"
"174109","1053.134224976","192.168.15.3","192.168.15.4","MQTT","70","Connect Ack"
"174111","1053.136694274","192.168.15.3","192.168.15.4","MQTT","70","Publish Ack (id=1029)"
"174113","1053.137068221","192.168.15.4","192.168.15.3","MQTT","68","Disconnect Req"
"174132","1054.141171914","192.168.15.4","192.168.15.3","MQTT","90","Connect Command"
"174134","1054.144041138","192.168.15.4","192.168.15.3","MQTT","97","Publish Message (id=1030) [Deviceb'Device - 2']"
"174135","1054.144513171","192.168.15.3","192.168.15.4","MQTT","70","Connect Ack"
"174138","1054.147294850","192.168.15.3","192.168.15.4","MQTT","70","Publish Ack (id=1030)"
"174140","1054.147681310","192.168.15.4","192.168.15.3","MQTT","68","Disconnect Req"
"174177","1055.151768030","192.168.15.4","192.168.15.3","MQTT","90","Connect Command"
"174179","1055.154817285","192.168.15.4","192.168.15.3","MQTT","97","Publish Message (id=1031) [Deviceb'Device - 2']"
"174180","1055.155816504","192.168.15.3","192.168.15.4","MQTT","70","Connect Ack"
"174184","1055.157740662","192.168.15.3","192.168.15.4","MQTT","70","Publish Ack (id=1031)"
"174186","1055.158325948","192.168.15.4","192.168.15.3","MQTT","68","Disconnect Req"
"174208","1056.162055183","192.168.15.4","192.168.15.3","MQTT","90","Connect Command"
"174210","1056.165028484","192.168.15.4","192.168.15.3","MQTT","97","Publish Message (id=1032) [Deviceb'Device - 2']"
"174211","1056.165420696","192.168.15.3","192.168.15.4","MQTT","70","Connect Ack"
"174214","1056.167992668","192.168.15.3","192.168.15.4","MQTT","70","Publish Ack (id=1032)"
"174216","1056.168407743","192.168.15.4","192.168.15.3","MQTT","68","Disconnect Req"
"174228","1057.172035656","192.168.15.4","192.168.15.3","MQTT","90","Connect Command"
"174230","1057.174944917","192.168.15.4","192.168.15.3","MQTT","97","Publish Message (id=1033) [Deviceb'Device - 2']"
"174231","1057.175332229","192.168.15.3","192.168.15.4","MQTT","70","Connect Ack"
"174234","1057.177832716","192.168.15.3","192.168.15.4","MQTT","70","Publish Ack (id=1033)"
"174236","1057.178336298","192.168.15.4","192.168.15.3","MQTT","68","Disconnect Req"
"174249","1058.182188748","192.168.15.4","192.168.15.3","MQTT","90","Connect Command"
"174251","1058.185189792","192.168.15.4","192.168.15.3","MQTT","97","Publish Message (id=1034) [Deviceb'Device - 2']"
"174253","1058.189562198","192.168.15.3","192.168.15.4","MQTT","70","Connect Ack"
"174255","1058.191987754","192.168.15.3","192.168.15.4","MQTT","70","Publish Ack (id=1034)"
"174257","1058.192295696","192.168.15.4","192.168.15.3","MQTT","68","Disconnect Req"
"174272","1059.196457037","192.168.15.4","192.168.15.3","MQTT","90","Connect Command"
"174274","1059.199459203","192.168.15.4","192.168.15.3","MQTT","97","Publish Message (id=1035) [Deviceb'Device - 2']"
"174275","1059.199846405","192.168.15.3","192.168.15.4","MQTT","70","Connect Ack"
"174278","1059.202227536","192.168.15.3","192.168.15.4","MQTT","70","Publish Ack (id=1035)"
"174280","1059.202682296","192.168.15.4","192.168.15.3","MQTT","68","Disconnect Req"
"174292","1060.205888374","192.168.15.4","192.168.15.3","MQTT","90","Connect Command"
"174294","1060.208900879","192.168.15.4","192.168.15.3","MQTT","97","Publish Message (id=1036) [Deviceb'Device - 2']"
"174295","1060.209309582","192.168.15.3","192.168.15.4","MQTT","70","Connect Ack"
"174298","1060.211706343","192.168.15.3","192.168.15.4","MQTT","70","Publish Ack (id=1036)"
"174300","1060.212252917","192.168.15.4","192.168.15.3","MQTT","68","Disconnect Req"
"174312","1061.216202078","192.168.15.4","192.168.15.3","MQTT","90","Connect Command"
"174314","1061.218973157","192.168.15.4","192.168.15.3","MQTT","97","Publish Message (id=1037) [Deviceb'Device - 2']"
"174315","1061.219417276","192.168.15.3","192.168.15.4","MQTT","70","Connect Ack"
"174318","1061.221847000","192.168.15.3","192.168.15.4","MQTT","70","Publish Ack (id=1037)"
"174320","1061.222929406","192.168.15.4","192.168.15.3","MQTT","68","Disconnect Req"
"174332","1062.231157378","192.168.15.4","192.168.15.3","MQTT","90","Connect Command"
"174334","1062.234145518","192.168.15.4","192.168.15.3","MQTT","97","Publish Message (id=1038) [Deviceb'Device - 2']"
"174335","1062.234559400","192.168.15.3","192.168.15.4","MQTT","70","Connect Ack"
"174338","1062.237627872","192.168.15.3","192.168.15.4","MQTT","70","Publish Ack (id=1038)"
"174340","1062.238156992","192.168.15.4","192.168.15.3","MQTT","68","Disconnect Req"
"174352","1063.241584619","192.168.15.4","192.168.15.3","MQTT","90","Connect Command"
"174354","1063.244435839","192.168.15.4","192.168.15.3","MQTT","97","Publish Message (id=1039) [Deviceb'Device - 2']"
"174356","1063.248791183","192.168.15.3","192.168.15.4","MQTT","70","Connect Ack"
"174358","1063.251191642","192.168.15.3","192.168.15.4","MQTT","70","Publish Ack (id=1039)"
"174360","1063.251561922","192.168.15.4","192.168.15.3","MQTT","68","Disconnect Req"
"174383","1064.254884702","192.168.15.4","192.168.15.3","MQTT","90","Connect Command"
"174385","1064.257849708","192.168.15.4","192.168.15.3","MQTT","97","Publish Message (id=1040) [Deviceb'Device - 2']"
"174386","1064.258266566","192.168.15.3","192.168.15.4","MQTT","70","Connect Ack"
"174389","1064.260720806","192.168.15.3","192.168.15.4","MQTT","70","Publish Ack (id=1040)"
"174391","1064.261139097","192.168.15.4","192.168.15.3","MQTT","68","Disconnect Req"
"174400","1065.264749562","192.168.15.4","192.168.15.3","MQTT","90","Connect Command"
"174402","1065.267732532","192.168.15.4","192.168.15.3","MQTT","97","Publish Message (id=1041) [Deviceb'Device - 2']"
"174403","1065.268119233","192.168.15.3","192.168.15.4","MQTT","70","Connect Ack"
"174406","1065.270525913","192.168.15.3","192.168.15.4","MQTT","70","Publish Ack (id=1041)"
"174408","1065.270935016","192.168.15.4","192.168.15.3","MQTT","68","Disconnect Req"
"174420","1066.275123233","192.168.15.4","192.168.15.3","MQTT","90","Connect Command"
"174422","1066.279688034","192.168.15.4","192.168.15.3","MQTT","97","Publish Message (id=1042) [Deviceb'Device - 2']"
"174423","1066.280092378","192.168.15.3","192.168.15.4","MQTT","70","Connect Ack"
"174426","1066.282500481","192.168.15.3","192.168.15.4","MQTT","70","Publish Ack (id=1042)"
"174428","1066.283193120","192.168.15.4","192.168.15.3","MQTT","68","Disconnect Req"
"175905","1067.286907281","192.168.15.4","192.168.15.3","MQTT","90","Connect Command"
"175907","1067.289862278","192.168.15.4","192.168.15.3","MQTT","97","Publish Message (id=1043) [Deviceb'Device - 2']"
"175908","1067.290302540","192.168.15.3","192.168.15.4","MQTT","70","Connect Ack"
"175911","1067.292656681","192.168.15.3","192.168.15.4","MQTT","70","Publish Ack (id=1043)"
"175913","1067.293410155","192.168.15.4","192.168.15.3","MQTT","68","Disconnect Req"
"175925","1068.297098319","192.168.15.4","192.168.15.3","MQTT","90","Connect Command"
"175927","1068.300110494","192.168.15.4","192.168.15.3","MQTT","97","Publish Message (id=1044) [Deviceb'Device - 2']"
"175929","1068.304867066","192.168.15.3","192.168.15.4","MQTT","70","Connect Ack"
"175931","1068.307436003","192.168.15.3","192.168.15.4","MQTT","70","Publish Ack (id=1044)"
"175933","1068.307847831","192.168.15.4","192.168.15.3","MQTT","68","Disconnect Req"
"175950","1069.310951689","192.168.15.4","192.168.15.3","MQTT","90","Connect Command"
"175952","1069.313971007","192.168.15.4","192.168.15.3","MQTT","97","Publish Message (id=1045) [Deviceb'Device - 2']"
"175953","1069.314477915","192.168.15.3","192.168.15.4","MQTT","70","Connect Ack"
"175956","1069.318374532","192.168.15.3","192.168.15.4","MQTT","70","Publish Ack (id=1045)"
"175958","1069.318780911","192.168.15.4","192.168.15.3","MQTT","68","Disconnect Req"
"175970","1070.322210405","192.168.15.4","192.168.15.3","MQTT","90","Connect Command"
"175972","1070.325231847","192.168.15.4","192.168.15.3","MQTT","97","Publish Message (id=1046) [Deviceb'Device - 2']"
"175973","1070.325661820","192.168.15.3","192.168.15.4","MQTT","70","Connect Ack"
"175976","1070.328091333","192.168.15.3","192.168.15.4","MQTT","70","Publish Ack (id=1046)"
"175978","1070.328907136","192.168.15.4","192.168.15.3","MQTT","68","Disconnect Req"
"175990","1071.332949791","192.168.15.4","192.168.15.3","MQTT","90","Connect Command"
"175992","1071.336201027","192.168.15.4","192.168.15.3","MQTT","97","Publish Message (id=1047) [Deviceb'Device - 2']"
"175993","1071.336213030","192.168.15.3","192.168.15.4","MQTT","70","Connect Ack"
"175996","1071.338986093","192.168.15.3","192.168.15.4","MQTT","70","Publish Ack (id=1047)"
"175998","1071.339440482","192.168.15.4","192.168.15.3","MQTT","68","Disconnect Req"
"176018","1072.343329958","192.168.15.4","192.168.15.3","MQTT","90","Connect Command"
"176021","1072.346357281","192.168.15.4","192.168.15.3","MQTT","97","Publish Message (id=1048) [Deviceb'Device - 2']"
"176022","1072.346785921","192.168.15.3","192.168.15.4","MQTT","70","Connect Ack"
"176031","1072.349288813","192.168.15.3","192.168.15.4","MQTT","70","Publish Ack (id=1048)"
"176033","1072.350192221","192.168.15.4","192.168.15.3","MQTT","68","Disconnect Req"
"176058","1073.354187958","192.168.15.4","192.168.15.3","MQTT","90","Connect Command"
"176060","1073.357192458","192.168.15.4","192.168.15.3","MQTT","97","Publish Message (id=1049) [Deviceb'Device - 2']"
"176062","1073.361521552","192.168.15.3","192.168.15.4","MQTT","70","Connect Ack"
"176064","1073.363774361","192.168.15.3","192.168.15.4","MQTT","70","Publish Ack (id=1049)"
"176066","1073.364090078","192.168.15.4","192.168.15.3","MQTT","68","Disconnect Req"
"176079","1074.368506560","192.168.15.4","192.168.15.3","MQTT","90","Connect Command"
"176082","1074.371150328","192.168.15.4","192.168.15.3","MQTT","97","Publish Message (id=1050) [Deviceb'Device - 2']"
"176083","1074.371945642","192.168.15.3","192.168.15.4","MQTT","70","Connect Ack"
"176086","1074.374219311","192.168.15.3","192.168.15.4","MQTT","70","Publish Ack (id=1050)"
"176088","1074.375138939","192.168.15.4","192.168.15.3","MQTT","68","Disconnect Req"
"176098","1075.380747697","192.168.15.4","192.168.15.3","MQTT","90","Connect Command"
"176100","1075.383684750","192.168.15.4","192.168.15.3","MQTT","97","Publish Message (id=1051) [Deviceb'Device - 2']"
"176101","1075.384090878","192.168.15.3","192.168.15.4","MQTT","70","Connect Ack"
"176104","1075.386635709","192.168.15.3","192.168.15.4","MQTT","70","Publish Ack (id=1051)"
"176106","1075.387222108","192.168.15.4","192.168.15.3","MQTT","68","Disconnect Req"
"176118","1076.391435808","192.168.15.4","192.168.15.3","MQTT","90","Connect Command"
"176120","1076.394355718","192.168.15.4","192.168.15.3","MQTT","97","Publish Message (id=1052) [Deviceb'Device - 2']"
"176121","1076.394749513","192.168.15.3","192.168.15.4","MQTT","70","Connect Ack"
"176124","1076.397235573","192.168.15.3","192.168.15.4","MQTT","70","Publish Ack (id=1052)"
"176126","1076.397813656","192.168.15.4","192.168.15.3","MQTT","68","Disconnect Req"
"176138","1077.401911228","192.168.15.4","192.168.15.3","MQTT","90","Connect Command"
"176140","1077.404808847","192.168.15.4","192.168.15.3","MQTT","97","Publish Message (id=1053) [Deviceb'Device - 2']"
"176141","1077.405223460","192.168.15.3","192.168.15.4","MQTT","70","Connect Ack"
"176144","1077.407836972","192.168.15.3","192.168.15.4","MQTT","70","Publish Ack (id=1053)"
"176146","1077.408664586","192.168.15.4","192.168.15.3","MQTT","68","Disconnect Req"
"177889","1078.413098303","192.168.15.4","192.168.15.3","MQTT","90","Connect Command"
"177891","1078.416086022","192.168.15.4","192.168.15.3","MQTT","97","Publish Message (id=1054) [Deviceb'Device - 2']"
"177893","1078.420449952","192.168.15.3","192.168.15.4","MQTT","70","Connect Ack"
"177895","1078.422879876","192.168.15.3","192.168.15.4","MQTT","70","Publish Ack (id=1054)"
"177897","1078.423147482","192.168.15.4","192.168.15.3","MQTT","68","Disconnect Req"
"177912","1079.427003978","192.168.15.4","192.168.15.3","MQTT","90","Connect Command"
"177914","1079.429990815","192.168.15.4","192.168.15.3","MQTT","97","Publish Message (id=1055) [Deviceb'Device - 2']"
"177915","1079.430411500","192.168.15.3","192.168.15.4","MQTT","70","Connect Ack"
"177918","1079.432716468","192.168.15.3","192.168.15.4","MQTT","70","Publish Ack (id=1055)"
"177920","1079.433658569","192.168.15.4","192.168.15.3","MQTT","68","Disconnect Req"
"177934","1080.437123296","192.168.15.4","192.168.15.3","MQTT","90","Connect Command"
"177937","1080.440278341","192.168.15.4","192.168.15.3","MQTT","97","Publish Message (id=1056) [Deviceb'Device - 2']"
"177938","1080.440589218","192.168.15.3","192.168.15.4","MQTT","70","Connect Ack"
"177941","1080.443303320","192.168.15.3","192.168.15.4","MQTT","70","Publish Ack (id=1056)"
"177943","1080.443828923","192.168.15.4","192.168.15.3","MQTT","68","Disconnect Req"
"177952","1081.447910295","192.168.15.4","192.168.15.3","MQTT","90","Connect Command"
"177954","1081.450651768","192.168.15.4","192.168.15.3","MQTT","97","Publish Message (id=1057) [Deviceb'Device - 2']"
"177955","1081.451175038","192.168.15.3","192.168.15.4","MQTT","70","Connect Ack"
"177958","1081.453507257","192.168.15.3","192.168.15.4","MQTT","70","Publish Ack (id=1057)"
"177960","1081.454242808","192.168.15.4","192.168.15.3","MQTT","68","Disconnect Req"
"177972","1082.457875381","192.168.15.4","192.168.15.3","MQTT","90","Connect Command"
"177974","1082.460757269","192.168.15.4","192.168.15.3","MQTT","97","Publish Message (id=1058) [Deviceb'Device - 2']"
"177975","1082.461677719","192.168.15.3","192.168.15.4","MQTT","70","Connect Ack"
"177978","1082.463608249","192.168.15.3","192.168.15.4","MQTT","70","Publish Ack (id=1058)"
"177980","1082.464473275","192.168.15.4","192.168.15.3","MQTT","68","Disconnect Req"
"177992","1083.469264810","192.168.15.4","192.168.15.3","MQTT","90","Connect Command"
"177994","1083.471979762","192.168.15.4","192.168.15.3","MQTT","97","Publish Message (id=1059) [Deviceb'Device - 2']"
"177996","1083.476304528","192.168.15.3","192.168.15.4","MQTT","70","Connect Ack"
"177998","1083.478704656","192.168.15.3","192.168.15.4","MQTT","70","Publish Ack (id=1059)"
"178000","1083.479396153","192.168.15.4","192.168.15.3","MQTT","68","Disconnect Req"
"178015","1084.483293630","192.168.15.4","192.168.15.3","MQTT","90","Connect Command"
"178017","1084.486223789","192.168.15.4","192.168.15.3","MQTT","97","Publish Message (id=1060) [Deviceb'Device - 2']"
"178018","1084.486630087","192.168.15.3","192.168.15.4","MQTT","70","Connect Ack"
"178021","1084.489091130","192.168.15.3","192.168.15.4","MQTT","70","Publish Ack (id=1060)"
"178023","1084.489665325","192.168.15.4","192.168.15.3","MQTT","68","Disconnect Req"
"178045","1085.493383172","192.168.15.4","192.168.15.3","MQTT","90","Connect Command"
"178047","1085.496226287","192.168.15.4","192.168.15.3","MQTT","97","Publish Message (id=1061) [Deviceb'Device - 2']"
"178048","1085.496653775","192.168.15.3","192.168.15.4","MQTT","70","Connect Ack"
"178052","1085.499488975","192.168.15.3","192.168.15.4","MQTT","70","Publish Ack (id=1061)"
"178054","1085.500112283","192.168.15.4","192.168.15.3","MQTT","68","Disconnect Req"
"178067","1086.504626426","192.168.15.4","192.168.15.3","MQTT","90","Connect Command"
"178069","1086.507531468","192.168.15.4","192.168.15.3","MQTT","97","Publish Message (id=1062) [Deviceb'Device - 2']"
"178070","1086.507987310","192.168.15.3","192.168.15.4","MQTT","70","Connect Ack"
"178073","1086.510301465","192.168.15.3","192.168.15.4","MQTT","70","Publish Ack (id=1062)"
"178075","1086.510975339","192.168.15.4","192.168.15.3","MQTT","68","Disconnect Req"
"178087","1087.516045674","192.168.15.4","192.168.15.3","MQTT","90","Connect Command"
"178089","1087.519451543","192.168.15.4","192.168.15.3","MQTT","97","Publish Message (id=1063) [Deviceb'Device - 2']"
"178090","1087.519825730","192.168.15.3","192.168.15.4","MQTT","70","Connect Ack"
"178093","1087.522245384","192.168.15.3","192.168.15.4","MQTT","70","Publish Ack (id=1063)"
"178095","1087.522979893","192.168.15.4","192.168.15.3","MQTT","68","Disconnect Req"
"178107","1088.527152592","192.168.15.4","192.168.15.3","MQTT","90","Connect Command"
"178109","1088.531694308","192.168.15.4","192.168.15.3","MQTT","97","Publish Message (id=1064) [Deviceb'Device - 2']"
"178111","1088.535991412","192.168.15.3","192.168.15.4","MQTT","70","Connect Ack"
"178114","1088.538426135","192.168.15.3","192.168.15.4","MQTT","70","Publish Ack (id=1064)"
"178116","1088.539242759","192.168.15.4","192.168.15.3","MQTT","68","Disconnect Req"
"178144","1089.543487844","192.168.15.4","192.168.15.3","MQTT","90","Connect Command"
"178146","1089.546272018","192.168.15.4","192.168.15.3","MQTT","97","Publish Message (id=1065) [Deviceb'Device - 2']"
"178147","1089.546695799","192.168.15.3","192.168.15.4","MQTT","70","Connect Ack"
"178150","1089.549106617","192.168.15.3","192.168.15.4","MQTT","70","Publish Ack (id=1065)"
"178152","1089.549960472","192.168.15.4","192.168.15.3","MQTT","68","Disconnect Req"
"178164","1090.553833736","192.168.15.4","192.168.15.3","MQTT","90","Connect Command"
"178166","1090.556716986","192.168.15.4","192.168.15.3","MQTT","97","Publish Message (id=1066) [Deviceb'Device - 2']"
"178167","1090.557120238","192.168.15.3","192.168.15.4","MQTT","70","Connect Ack"
"178170","1090.559617840","192.168.15.3","192.168.15.4","MQTT","70","Publish Ack (id=1066)"
"178172","1090.560230559","192.168.15.4","192.168.15.3","MQTT","68","Disconnect Req"
"178184","1091.564345780","192.168.15.4","192.168.15.3","MQTT","90","Connect Command"
"178186","1091.567395977","192.168.15.4","192.168.15.3","MQTT","97","Publish Message (id=1067) [Deviceb'Device - 2']"
"178187","1091.567859483","192.168.15.3","192.168.15.4","MQTT","70","Connect Ack"
"178190","1091.570201951","192.168.15.3","192.168.15.4","MQTT","70","Publish Ack (id=1067)"
"178192","1091.570943413","192.168.15.4","192.168.15.3","MQTT","68","Disconnect Req"
"178204","1092.575397675","192.168.15.4","192.168.15.3","MQTT","90","Connect Command"
"178206","1092.578036264","192.168.15.4","192.168.15.3","MQTT","97","Publish Message (id=1068) [Deviceb'Device - 2']"
"178207","1092.578446810","192.168.15.3","192.168.15.4","MQTT","70","Connect Ack"
"178210","1092.580824916","192.168.15.3","192.168.15.4","MQTT","70","Publish Ack (id=1068)"
"178212","1092.581383933","192.168.15.4","192.168.15.3","MQTT","68","Disconnect Req"
"180403","1093.585295779","192.168.15.4","192.168.15.3","MQTT","90","Connect Command"
"180405","1093.588289990","192.168.15.4","192.168.15.3","MQTT","97","Publish Message (id=1069) [Deviceb'Device - 2']"
"180407","1093.592720025","192.168.15.3","192.168.15.4","MQTT","70","Connect Ack"
"180409","1093.595120834","192.168.15.3","192.168.15.4","MQTT","70","Publish Ack (id=1069)"
"180411","1093.595820597","192.168.15.4","192.168.15.3","MQTT","68","Disconnect Req"
"180423","1094.600088968","192.168.15.4","192.168.15.3","MQTT","90","Connect Command"
"180425","1094.602955187","192.168.15.4","192.168.15.3","MQTT","97","Publish Message (id=1070) [Deviceb'Device - 2']"
"180426","1094.603839890","192.168.15.3","192.168.15.4","MQTT","70","Connect Ack"
"180429","1094.605857003","192.168.15.3","192.168.15.4","MQTT","70","Publish Ack (id=1070)"
"180431","1094.606358902","192.168.15.4","192.168.15.3","MQTT","68","Disconnect Req"
"180453","1095.610715641","192.168.15.4","192.168.15.3","MQTT","90","Connect Command"
"180455","1095.613647363","192.168.15.4","192.168.15.3","MQTT","97","Publish Message (id=1071) [Deviceb'Device - 2']"
"180456","1095.614110148","192.168.15.3","192.168.15.4","MQTT","70","Connect Ack"
"180459","1095.616487363","192.168.15.3","192.168.15.4","MQTT","70","Publish Ack (id=1071)"
"180461","1095.616991706","192.168.15.4","192.168.15.3","MQTT","68","Disconnect Req"
"180473","1096.620482248","192.168.15.4","192.168.15.3","MQTT","90","Connect Command"
"180475","1096.622990219","192.168.15.4","192.168.15.3","MQTT","97","Publish Message (id=1072) [Deviceb'Device - 2']"
"180476","1096.623411426","192.168.15.3","192.168.15.4","MQTT","70","Connect Ack"
"180479","1096.625891885","192.168.15.3","192.168.15.4","MQTT","70","Publish Ack (id=1072)"
"180481","1096.626472342","192.168.15.4","192.168.15.3","MQTT","68","Disconnect Req"
"180493","1097.630253034","192.168.15.4","192.168.15.3","MQTT","90","Connect Command"
"180495","1097.633292019","192.168.15.4","192.168.15.3","MQTT","97","Publish Message (id=1073) [Deviceb'Device - 2']"
"180496","1097.633693298","192.168.15.3","192.168.15.4","MQTT","70","Connect Ack"
"180499","1097.636153008","192.168.15.3","192.168.15.4","MQTT","70","Publish Ack (id=1073)"
"180501","1097.636530572","192.168.15.4","192.168.15.3","MQTT","68","Disconnect Req"
"180518","1098.640375374","192.168.15.4","192.168.15.3","MQTT","90","Connect Command"
"180520","1098.643390564","192.168.15.4","192.168.15.3","MQTT","97","Publish Message (id=1074) [Deviceb'Device - 2']"
"180522","1098.647737823","192.168.15.3","192.168.15.4","MQTT","70","Connect Ack"
"180524","1098.650141758","192.168.15.3","192.168.15.4","MQTT","70","Publish Ack (id=1074)"
"180526","1098.650402331","192.168.15.4","192.168.15.3","MQTT","68","Disconnect Req"
"180537","1099.653888806","192.168.15.4","192.168.15.3","MQTT","90","Connect Command"
"180539","1099.656807784","192.168.15.4","192.168.15.3","MQTT","97","Publish Message (id=1075) [Deviceb'Device - 2']"
"180540","1099.657218120","192.168.15.3","192.168.15.4","MQTT","70","Connect Ack"
"180544","1099.659761088","192.168.15.3","192.168.15.4","MQTT","70","Publish Ack (id=1075)"
"180546","1099.660372845","192.168.15.4","192.168.15.3","MQTT","68","Disconnect Req"
"180556","1100.664060449","192.168.15.4","192.168.15.3","MQTT","90","Connect Command"
"180558","1100.667036165","192.168.15.4","192.168.15.3","MQTT","97","Publish Message (id=1076) [Deviceb'Device - 2']"
"180559","1100.667467441","192.168.15.3","192.168.15.4","MQTT","70","Connect Ack"
"180562","1100.669965904","192.168.15.3","192.168.15.4","MQTT","70","Publish Ack (id=1076)"
"180564","1100.670392801","192.168.15.4","192.168.15.3","MQTT","68","Disconnect Req"
"180580","1101.674633535","192.168.15.4","192.168.15.3","MQTT","90","Connect Command"
"180582","1101.677540030","192.168.15.4","192.168.15.3","MQTT","97","Publish Message (id=1077) [Deviceb'Device - 2']"
"180583","1101.678023584","192.168.15.3","192.168.15.4","MQTT","70","Connect Ack"
"180586","1101.680365412","192.168.15.3","192.168.15.4","MQTT","70","Publish Ack (id=1077)"
"180588","1101.680828417","192.168.15.4","192.168.15.3","MQTT","68","Disconnect Req"
"180600","1102.684201379","192.168.15.4","192.168.15.3","MQTT","90","Connect Command"
"180602","1102.687561171","192.168.15.4","192.168.15.3","MQTT","97","Publish Message (id=1078) [Deviceb'Device - 2']"
"180603","1102.690386502","192.168.15.3","192.168.15.4","MQTT","70","Connect Ack"
"180606","1102.692812789","192.168.15.3","192.168.15.4","MQTT","70","Publish Ack (id=1078)"
"180608","1102.693634463","192.168.15.4","192.168.15.3","MQTT","68","Disconnect Req"
"180623","1103.697613180","192.168.15.4","192.168.15.3","MQTT","90","Connect Command"
"180625","1103.700584047","192.168.15.4","192.168.15.3","MQTT","97","Publish Message (id=1079) [Deviceb'Device - 2']"
"180627","1103.704818122","192.168.15.3","192.168.15.4","MQTT","70","Connect Ack"
"180629","1103.707255711","192.168.15.3","192.168.15.4","MQTT","70","Publish Ack (id=1079)"
"180631","1103.707614018","192.168.15.4","192.168.15.3","MQTT","68","Disconnect Req"
"180656","1104.711621931","192.168.15.4","192.168.15.3","MQTT","90","Connect Command"
"180658","1104.714575164","192.168.15.4","192.168.15.3","MQTT","97","Publish Message (id=1080) [Deviceb'Device - 2']"
"180659","1104.714995028","192.168.15.3","192.168.15.4","MQTT","70","Connect Ack"
"180662","1104.717280088","192.168.15.3","192.168.15.4","MQTT","70","Publish Ack (id=1080)"
"180664","1104.717702126","192.168.15.4","192.168.15.3","MQTT","68","Disconnect Req"
"180676","1105.721481869","192.168.15.4","192.168.15.3","MQTT","90","Connect Command"
"180678","1105.724438238","192.168.15.4","192.168.15.3","MQTT","97","Publish Message (id=1081) [Deviceb'Device - 2']"
"180679","1105.724873230","192.168.15.3","192.168.15.4","MQTT","70","Connect Ack"
"180682","1105.727507741","192.168.15.3","192.168.15.4","MQTT","70","Publish Ack (id=1081)"
"180684","1105.727829800","192.168.15.4","192.168.15.3","MQTT","68","Disconnect Req"
"180696","1106.731826162","192.168.15.4","192.168.15.3","MQTT","90","Connect Command"
"180698","1106.734717358","192.168.15.4","192.168.15.3","MQTT","97","Publish Message (id=1082) [Deviceb'Device - 2']"
"180699","1106.735132623","192.168.15.3","192.168.15.4","MQTT","70","Connect Ack"
"180702","1106.737470974","192.168.15.3","192.168.15.4","MQTT","70","Publish Ack (id=1082)"
"180704","1106.738120211","192.168.15.4","192.168.15.3","MQTT","68","Disconnect Req"
"180716","1107.742091297","192.168.15.4","192.168.15.3","MQTT","90","Connect Command"
"180718","1107.745083584","192.168.15.4","192.168.15.3","MQTT","97","Publish Message (id=1083) [Deviceb'Device - 2']"
"180719","1107.745515981","192.168.15.3","192.168.15.4","MQTT","70","Connect Ack"
"180722","1107.747849764","192.168.15.3","192.168.15.4","MQTT","70","Publish Ack (id=1083)"
"180724","1107.748392019","192.168.15.4","192.168.15.3","MQTT","68","Disconnect Req"
"180742","1108.752239070","192.168.15.4","192.168.15.3","MQTT","90","Connect Command"
"180744","1108.755083908","192.168.15.4","192.168.15.3","MQTT","97","Publish Message (id=1084) [Deviceb'Device - 2']"
"180746","1108.759444232","192.168.15.3","192.168.15.4","MQTT","70","Connect Ack"
"180748","1108.762172150","192.168.15.3","192.168.15.4","MQTT","70","Publish Ack (id=1084)"
"180750","1108.762587996","192.168.15.4","192.168.15.3","MQTT","68","Disconnect Req"
"183020","1109.766967563","192.168.15.4","192.168.15.3","MQTT","90","Connect Command"
"183022","1109.769684851","192.168.15.4","192.168.15.3","MQTT","97","Publish Message (id=1085) [Deviceb'Device - 2']"
"183023","1109.770138318","192.168.15.3","192.168.15.4","MQTT","70","Connect Ack"
"183026","1109.772381770","192.168.15.3","192.168.15.4","MQTT","70","Publish Ack (id=1085)"
"183028","1109.772726241","192.168.15.4","192.168.15.3","MQTT","68","Disconnect Req"
"183040","1110.776193133","192.168.15.4","192.168.15.3","MQTT","90","Connect Command"
"183042","1110.779191261","192.168.15.4","192.168.15.3","MQTT","97","Publish Message (id=1086) [Deviceb'Device - 2']"
"183043","1110.779617908","192.168.15.3","192.168.15.4","MQTT","70","Connect Ack"
"183046","1110.781849046","192.168.15.3","192.168.15.4","MQTT","70","Publish Ack (id=1086)"
"183048","1110.782369620","192.168.15.4","192.168.15.3","MQTT","68","Disconnect Req"
"183060","1111.786053014","192.168.15.4","192.168.15.3","MQTT","90","Connect Command"
"183062","1111.789590462","192.168.15.4","192.168.15.3","MQTT","97","Publish Message (id=1087) [Deviceb'Device - 2']"
"183063","1111.789967875","192.168.15.3","192.168.15.4","MQTT","70","Connect Ack"
"183066","1111.792923894","192.168.15.3","192.168.15.4","MQTT","70","Publish Ack (id=1087)"
"183068","1111.793179677","192.168.15.4","192.168.15.3","MQTT","68","Disconnect Req"
"183092","1112.797601908","192.168.15.4","192.168.15.3","MQTT","90","Connect Command"
"183094","1112.800553539","192.168.15.4","192.168.15.3","MQTT","97","Publish Message (id=1088) [Deviceb'Device - 2']"
"183095","1112.800950720","192.168.15.3","192.168.15.4","MQTT","70","Connect Ack"
"183098","1112.803320380","192.168.15.3","192.168.15.4","MQTT","70","Publish Ack (id=1088)"
"183100","1112.803648851","192.168.15.4","192.168.15.3","MQTT","68","Disconnect Req"
"183117","1113.807706622","192.168.15.4","192.168.15.3","MQTT","90","Connect Command"
"183119","1113.810568032","192.168.15.4","192.168.15.3","MQTT","97","Publish Message (id=1089) [Deviceb'Device - 2']"
"183121","1113.814826363","192.168.15.3","192.168.15.4","MQTT","70","Connect Ack"
"183123","1113.817135829","192.168.15.3","192.168.15.4","MQTT","70","Publish Ack (id=1089)"
"183125","1113.817453059","192.168.15.4","192.168.15.3","MQTT","68","Disconnect Req"
"183159","1114.821850623","192.168.15.4","192.168.15.3","MQTT","90","Connect Command"
"183161","1114.824677247","192.168.15.4","192.168.15.3","MQTT","97","Publish Message (id=1090) [Deviceb'Device - 2']"
"183162","1114.825028211","192.168.15.3","192.168.15.4","MQTT","70","Connect Ack"
"183165","1114.827115477","192.168.15.3","192.168.15.4","MQTT","70","Publish Ack (id=1090)"
"183167","1114.827424972","192.168.15.4","192.168.15.3","MQTT","68","Disconnect Req"
"183180","1115.831169322","192.168.15.4","192.168.15.3","MQTT","90","Connect Command"
"183182","1115.834089693","192.168.15.4","192.168.15.3","MQTT","97","Publish Message (id=1091) [Deviceb'Device - 2']"
"183183","1115.834495620","192.168.15.3","192.168.15.4","MQTT","70","Connect Ack"
"183186","1115.836616610","192.168.15.3","192.168.15.4","MQTT","70","Publish Ack (id=1091)"
"183188","1115.836982482","192.168.15.4","192.168.15.3","MQTT","68","Disconnect Req"
"183200","1116.841197102","192.168.15.4","192.168.15.3","MQTT","90","Connect Command"
"183202","1116.844170193","192.168.15.4","192.168.15.3","MQTT","97","Publish Message (id=1092) [Deviceb'Device - 2']"
"183203","1116.844598974","192.168.15.3","192.168.15.4","MQTT","70","Connect Ack"
"183206","1116.846650562","192.168.15.3","192.168.15.4","MQTT","70","Publish Ack (id=1092)"
"183208","1116.847175605","192.168.15.4","192.168.15.3","MQTT","68","Disconnect Req"
"183220","1117.851037738","192.168.15.4","192.168.15.3","MQTT","90","Connect Command"
"183222","1117.853976294","192.168.15.4","192.168.15.3","MQTT","97","Publish Message (id=1093) [Deviceb'Device - 2']"
"183223","1117.854826571","192.168.15.3","192.168.15.4","MQTT","70","Connect Ack"
"183226","1117.856554348","192.168.15.3","192.168.15.4","MQTT","70","Publish Ack (id=1093)"
"183228","1117.856919869","192.168.15.4","192.168.15.3","MQTT","68","Disconnect Req"
"183243","1118.860781992","192.168.15.4","192.168.15.3","MQTT","90","Connect Command"
"183245","1118.872305489","192.168.15.4","192.168.15.3","MQTT","97","Publish Message (id=1094) [Deviceb'Device - 2']"
"183246","1118.872693322","192.168.15.3","192.168.15.4","MQTT","70","Connect Ack"
"183249","1118.875084783","192.168.15.3","192.168.15.4","MQTT","70","Publish Ack (id=1094)"
"183251","1118.875483577","192.168.15.4","192.168.15.3","MQTT","68","Disconnect Req"
"183266","1119.879722994","192.168.15.4","192.168.15.3","MQTT","90","Connect Command"
"183268","1119.882744367","192.168.15.4","192.168.15.3","MQTT","97","Publish Message (id=1095) [Deviceb'Device - 2']"
"183269","1119.883147208","192.168.15.3","192.168.15.4","MQTT","70","Connect Ack"
"183272","1119.885340365","192.168.15.3","192.168.15.4","MQTT","70","Publish Ack (id=1095)"
"183274","1119.886163290","192.168.15.4","192.168.15.3","MQTT","68","Disconnect Req"
"183287","1120.890353844","192.168.15.4","192.168.15.3","MQTT","90","Connect Command"
"183289","1120.893407919","192.168.15.4","192.168.15.3","MQTT","97","Publish Message (id=1096) [Deviceb'Device - 2']"
"183290","1120.894169579","192.168.15.3","192.168.15.4","MQTT","70","Connect Ack"
"183293","1120.895848833","192.168.15.3","192.168.15.4","MQTT","70","Publish Ack (id=1096)"
"183295","1120.896724659","192.168.15.4","192.168.15.3","MQTT","68","Disconnect Req"
"183307","1121.900971632","192.168.15.4","192.168.15.3","MQTT","90","Connect Command"
"183309","1121.904017571","192.168.15.4","192.168.15.3","MQTT","97","Publish Message (id=1097) [Deviceb'Device - 2']"
"183310","1121.904434699","192.168.15.3","192.168.15.4","MQTT","70","Connect Ack"
"183313","1121.906518629","192.168.15.3","192.168.15.4","MQTT","70","Publish Ack (id=1097)"
"183315","1121.907433509","192.168.15.4","192.168.15.3","MQTT","68","Disconnect Req"
"183325","1122.912006036","192.168.15.4","192.168.15.3","MQTT","90","Connect Command"
"183327","1122.914945894","192.168.15.4","192.168.15.3","MQTT","97","Publish Message (id=1098) [Deviceb'Device - 2']"
"183328","1122.915303130","192.168.15.3","192.168.15.4","MQTT","70","Connect Ack"
"183331","1122.917809378","192.168.15.3","192.168.15.4","MQTT","70","Publish Ack (id=1098)"
"183333","1122.918477401","192.168.15.4","192.168.15.3","MQTT","68","Disconnect Req"
"183344","1123.922307678","192.168.15.4","192.168.15.3","MQTT","90","Connect Command"
"183346","1123.925341243","192.168.15.4","192.168.15.3","MQTT","97","Publish Message (id=1099) [Deviceb'Device - 2']"
"183347","1123.925734567","192.168.15.3","192.168.15.4","MQTT","70","Connect Ack"
"183350","1123.928158419","192.168.15.3","192.168.15.4","MQTT","70","Publish Ack (id=1099)"
"183352","1123.928421466","192.168.15.4","192.168.15.3","MQTT","68","Disconnect Req"
"183362","1124.932706162","192.168.15.4","192.168.15.3","MQTT","90","Connect Command"
"183364","1124.935693480","192.168.15.4","192.168.15.3","MQTT","97","Publish Message (id=1100) [Deviceb'Device - 2']"
"183365","1124.936134744","192.168.15.3","192.168.15.4","MQTT","70","Connect Ack"
"183368","1124.938303023","192.168.15.3","192.168.15.4","MQTT","70","Publish Ack (id=1100)"
"183370","1124.938685747","192.168.15.4","192.168.15.3","MQTT","68","Disconnect Req"
"184706","1125.941988626","192.168.15.4","192.168.15.3","MQTT","90","Connect Command"
"184708","1125.945039073","192.168.15.4","192.168.15.3","MQTT","97","Publish Message (id=1101) [Deviceb'Device - 2']"
"184709","1125.945462614","192.168.15.3","192.168.15.4","MQTT","70","Connect Ack"
"184712","1125.947559939","192.168.15.3","192.168.15.4","MQTT","70","Publish Ack (id=1101)"
"184714","1125.947959044","192.168.15.4","192.168.15.3","MQTT","68","Disconnect Req"
"184726","1126.951063358","192.168.15.4","192.168.15.3","MQTT","90","Connect Command"
"184728","1126.954068850","192.168.15.4","192.168.15.3","MQTT","97","Publish Message (id=1102) [Deviceb'Device - 2']"
"184729","1126.954466973","192.168.15.3","192.168.15.4","MQTT","70","Connect Ack"
"184732","1126.956587532","192.168.15.3","192.168.15.4","MQTT","70","Publish Ack (id=1102)"
"184734","1126.956964434","192.168.15.4","192.168.15.3","MQTT","68","Disconnect Req"
"184746","1127.960972387","192.168.15.4","192.168.15.3","MQTT","90","Connect Command"
"184748","1127.964196072","192.168.15.3","192.168.15.4","MQTT","70","Connect Ack"
"184749","1127.964236028","192.168.15.4","192.168.15.3","MQTT","97","Publish Message (id=1103) [Deviceb'Device - 2']"
"184752","1127.966970798","192.168.15.3","192.168.15.4","MQTT","70","Publish Ack (id=1103)"
"184754","1127.967628742","192.168.15.4","192.168.15.3","MQTT","68","Disconnect Req"
"184769","1128.971881118","192.168.15.4","192.168.15.3","MQTT","90","Connect Command"
"184771","1128.974693896","192.168.15.4","192.168.15.3","MQTT","97","Publish Message (id=1104) [Deviceb'Device - 2']"
"184773","1128.978888165","192.168.15.3","192.168.15.4","MQTT","70","Connect Ack"
"184775","1128.981215486","192.168.15.3","192.168.15.4","MQTT","70","Publish Ack (id=1104)"
"184777","1128.981543235","192.168.15.4","192.168.15.3","MQTT","68","Disconnect Req"
"184789","1129.985379274","192.168.15.4","192.168.15.3","MQTT","90","Connect Command"
"184791","1129.988105949","192.168.15.4","192.168.15.3","MQTT","97","Publish Message (id=1105) [Deviceb'Device - 2']"
"184792","1129.988507869","192.168.15.3","192.168.15.4","MQTT","70","Connect Ack"
"184795","1129.990899290","192.168.15.3","192.168.15.4","MQTT","70","Publish Ack (id=1105)"
"184797","1129.991235606","192.168.15.4","192.168.15.3","MQTT","68","Disconnect Req"
"184809","1130.995116279","192.168.15.4","192.168.15.3","MQTT","90","Connect Command"
"184811","1130.998174611","192.168.15.4","192.168.15.3","MQTT","97","Publish Message (id=1106) [Deviceb'Device - 2']"
"184812","1130.998558497","192.168.15.3","192.168.15.4","MQTT","70","Connect Ack"
"184815","1131.001037484","192.168.15.3","192.168.15.4","MQTT","70","Publish Ack (id=1106)"
"184817","1131.001393888","192.168.15.4","192.168.15.3","MQTT","68","Disconnect Req"
"184831","1132.005390842","192.168.15.4","192.168.15.3","MQTT","90","Connect Command"
"184833","1132.008422304","192.168.15.4","192.168.15.3","MQTT","97","Publish Message (id=1107) [Deviceb'Device - 2']"
"184834","1132.008847367","192.168.15.3","192.168.15.4","MQTT","70","Connect Ack"
"184837","1132.010817452","192.168.15.3","192.168.15.4","MQTT","70","Publish Ack (id=1107)"
"184839","1132.011156874","192.168.15.4","192.168.15.3","MQTT","68","Disconnect Req"
"184851","1133.014177912","192.168.15.4","192.168.15.3","MQTT","90","Connect Command"
"184853","1133.017200477","192.168.15.4","192.168.15.3","MQTT","97","Publish Message (id=1108) [Deviceb'Device - 2']"
"184854","1133.017614359","192.168.15.3","192.168.15.4","MQTT","70","Connect Ack"
"184857","1133.019730961","192.168.15.3","192.168.15.4","MQTT","70","Publish Ack (id=1108)"
"184859","1133.020087705","192.168.15.4","192.168.15.3","MQTT","68","Disconnect Req"
"184875","1134.023631694","192.168.15.4","192.168.15.3","MQTT","90","Connect Command"
"184877","1134.026689575","192.168.15.4","192.168.15.3","MQTT","97","Publish Message (id=1109) [Deviceb'Device - 2']"
"184879","1134.030873796","192.168.15.3","192.168.15.4","MQTT","70","Connect Ack"
"184881","1134.033257272","192.168.15.3","192.168.15.4","MQTT","70","Publish Ack (id=1109)"
"184883","1134.033533985","192.168.15.4","192.168.15.3","MQTT","68","Disconnect Req"
"184898","1135.036875551","192.168.15.4","192.168.15.3","MQTT","90","Connect Command"
"184900","1135.041637695","192.168.15.4","192.168.15.3","MQTT","97","Publish Message (id=1110) [Deviceb'Device - 2']"
"184901","1135.041963541","192.168.15.3","192.168.15.4","MQTT","70","Connect Ack"
"184904","1135.044487633","192.168.15.3","192.168.15.4","MQTT","70","Publish Ack (id=1110)"
"184906","1135.044883110","192.168.15.4","192.168.15.3","MQTT","68","Disconnect Req"
"186372","1136.049134437","192.168.15.4","192.168.15.3","MQTT","90","Connect Command"
"186374","1136.052076389","192.168.15.4","192.168.15.3","MQTT","97","Publish Message (id=1111) [Deviceb'Device - 2']"
"186375","1136.052412465","192.168.15.3","192.168.15.4","MQTT","70","Connect Ack"
"186378","1136.054817261","192.168.15.3","192.168.15.4","MQTT","70","Publish Ack (id=1111)"
"186380","1136.055832611","192.168.15.4","192.168.15.3","MQTT","68","Disconnect Req"
"186393","1137.059550339","192.168.15.4","192.168.15.3","MQTT","90","Connect Command"
"186395","1137.062472684","192.168.15.4","192.168.15.3","MQTT","97","Publish Message (id=1112) [Deviceb'Device - 2']"
"186396","1137.062857131","192.168.15.3","192.168.15.4","MQTT","70","Connect Ack"
"186399","1137.065339404","192.168.15.3","192.168.15.4","MQTT","70","Publish Ack (id=1112)"
"186401","1137.066188890","192.168.15.4","192.168.15.3","MQTT","68","Disconnect Req"
"186414","1138.069952134","192.168.15.4","192.168.15.3","MQTT","90","Connect Command"
"186416","1138.072727991","192.168.15.4","192.168.15.3","MQTT","97","Publish Message (id=1113) [Deviceb'Device - 2']"
"186417","1138.073077713","192.168.15.3","192.168.15.4","MQTT","70","Connect Ack"
"186420","1138.075549606","192.168.15.3","192.168.15.4","MQTT","70","Publish Ack (id=1113)"
"186422","1138.076480366","192.168.15.4","192.168.15.3","MQTT","68","Disconnect Req"
"186442","1139.080240534","192.168.15.4","192.168.15.3","MQTT","90","Connect Command"
"186444","1139.083152970","192.168.15.4","192.168.15.3","MQTT","97","Publish Message (id=1114) [Deviceb'Device - 2']"
"186446","1139.087295031","192.168.15.3","192.168.15.4","MQTT","70","Connect Ack"
"186448","1139.089762607","192.168.15.3","192.168.15.4","MQTT","70","Publish Ack (id=1114)"
"186450","1139.090193752","192.168.15.4","192.168.15.3","MQTT","68","Disconnect Req"
"186463","1140.094208413","192.168.15.4","192.168.15.3","MQTT","90","Connect Command"
"186465","1140.097241728","192.168.15.4","192.168.15.3","MQTT","97","Publish Message (id=1115) [Deviceb'Device - 2']"
"186466","1140.097635693","192.168.15.3","192.168.15.4","MQTT","70","Connect Ack"
"186469","1140.100006705","192.168.15.3","192.168.15.4","MQTT","70","Publish Ack (id=1115)"
"186471","1140.100379701","192.168.15.4","192.168.15.3","MQTT","68","Disconnect Req"
"186487","1141.104715859","192.168.15.4","192.168.15.3","MQTT","90","Connect Command"
"186489","1141.107753031","192.168.15.4","192.168.15.3","MQTT","97","Publish Message (id=1116) [Deviceb'Device - 2']"
"186490","1141.108125515","192.168.15.3","192.168.15.4","MQTT","70","Connect Ack"
"186493","1141.110169439","192.168.15.3","192.168.15.4","MQTT","70","Publish Ack (id=1116)"
"186495","1141.110623748","192.168.15.4","192.168.15.3","MQTT","68","Disconnect Req"
"186507","1142.114611760","192.168.15.4","192.168.15.3","MQTT","90","Connect Command"
"186509","1142.117936175","192.168.15.4","192.168.15.3","MQTT","97","Publish Message (id=1117) [Deviceb'Device - 2']"
"186510","1142.118199192","192.168.15.3","192.168.15.4","MQTT","70","Connect Ack"
"186513","1142.120451972","192.168.15.3","192.168.15.4","MQTT","70","Publish Ack (id=1117)"
"186515","1142.121197501","192.168.15.4","192.168.15.3","MQTT","68","Disconnect Req"
"186527","1143.125127131","192.168.15.4","192.168.15.3","MQTT","90","Connect Command"
"186529","1143.127819712","192.168.15.4","192.168.15.3","MQTT","97","Publish Message (id=1118) [Deviceb'Device - 2']"
"186530","1143.127840411","192.168.15.3","192.168.15.4","MQTT","70","Connect Ack"
"186533","1143.130664881","192.168.15.3","192.168.15.4","MQTT","70","Publish Ack (id=1118)"
"186535","1143.131435698","192.168.15.4","192.168.15.3","MQTT","68","Disconnect Req"
"186558","1144.135222079","192.168.15.4","192.168.15.3","MQTT","90","Connect Command"
"186560","1144.138179941","192.168.15.4","192.168.15.3","MQTT","97","Publish Message (id=1119) [Deviceb'Device - 2']"
"186561","1144.138953624","192.168.15.3","192.168.15.4","MQTT","70","Connect Ack"
"186564","1144.141118677","192.168.15.3","192.168.15.4","MQTT","70","Publish Ack (id=1119)"
"186566","1144.141829571","192.168.15.4","192.168.15.3","MQTT","68","Disconnect Req"
"186574","1145.145628065","192.168.15.4","192.168.15.3","MQTT","90","Connect Command"
"186576","1145.148703079","192.168.15.4","192.168.15.3","MQTT","97","Publish Message (id=1120) [Deviceb'Device - 2']"
"186577","1145.149070904","192.168.15.3","192.168.15.4","MQTT","70","Connect Ack"
"186580","1145.151537608","192.168.15.3","192.168.15.4","MQTT","70","Publish Ack (id=1120)"
"186582","1145.152314937","192.168.15.4","192.168.15.3","MQTT","68","Disconnect Req"
"186595","1146.156919465","192.168.15.4","192.168.15.3","MQTT","90","Connect Command"
"186597","1146.159858732","192.168.15.4","192.168.15.3","MQTT","97","Publish Message (id=1121) [Deviceb'Device - 2']"
"186598","1146.160197322","192.168.15.3","192.168.15.4","MQTT","70","Connect Ack"
"186601","1146.163249282","192.168.15.3","192.168.15.4","MQTT","70","Publish Ack (id=1121)"
"186603","1146.164181455","192.168.15.4","192.168.15.3","MQTT","68","Disconnect Req"
"188544","1147.168508148","192.168.15.4","192.168.15.3","MQTT","90","Connect Command"
"188546","1147.171441795","192.168.15.4","192.168.15.3","MQTT","97","Publish Message (id=1122) [Deviceb'Device - 2']"
"188547","1147.171866598","192.168.15.3","192.168.15.4","MQTT","70","Connect Ack"
"188550","1147.174319094","192.168.15.3","192.168.15.4","MQTT","70","Publish Ack (id=1122)"
"188552","1147.175303155","192.168.15.4","192.168.15.3","MQTT","68","Disconnect Req"
"188564","1148.178946116","192.168.15.4","192.168.15.3","MQTT","90","Connect Command"
"188566","1148.182237949","192.168.15.4","192.168.15.3","MQTT","97","Publish Message (id=1123) [Deviceb'Device - 2']"
"188567","1148.182576610","192.168.15.3","192.168.15.4","MQTT","70","Connect Ack"
"188570","1148.185166306","192.168.15.3","192.168.15.4","MQTT","70","Publish Ack (id=1123)"
"188572","1148.186023386","192.168.15.4","192.168.15.3","MQTT","68","Disconnect Req"
"188587","1149.190265931","192.168.15.4","192.168.15.3","MQTT","90","Connect Command"
"188589","1149.193109678","192.168.15.4","192.168.15.3","MQTT","97","Publish Message (id=1124) [Deviceb'Device - 2']"
"188591","1149.197325789","192.168.15.3","192.168.15.4","MQTT","70","Connect Ack"
"188593","1149.199680731","192.168.15.3","192.168.15.4","MQTT","70","Publish Ack (id=1124)"
"188595","1149.200494950","192.168.15.4","192.168.15.3","MQTT","68","Disconnect Req"
"188619","1150.204282385","192.168.15.4","192.168.15.3","MQTT","90","Connect Command"
"188621","1150.207750252","192.168.15.4","192.168.15.3","MQTT","97","Publish Message (id=1125) [Deviceb'Device - 2']"
"188622","1150.207982741","192.168.15.3","192.168.15.4","MQTT","70","Connect Ack"
"188625","1150.210654743","192.168.15.3","192.168.15.4","MQTT","70","Publish Ack (id=1125)"
"188627","1150.211500321","192.168.15.4","192.168.15.3","MQTT","68","Disconnect Req"
"188639","1151.215515186","192.168.15.4","192.168.15.3","MQTT","90","Connect Command"
"188641","1151.218875269","192.168.15.4","192.168.15.3","MQTT","97","Publish Message (id=1126) [Deviceb'Device - 2']"
"188642","1151.219235029","192.168.15.3","192.168.15.4","MQTT","70","Connect Ack"
"188645","1151.221696884","192.168.15.3","192.168.15.4","MQTT","70","Publish Ack (id=1126)"
"188647","1151.222365478","192.168.15.4","192.168.15.3","MQTT","68","Disconnect Req"
"188659","1152.226850823","192.168.15.4","192.168.15.3","MQTT","90","Connect Command"
"188661","1152.229742610","192.168.15.4","192.168.15.3","MQTT","97","Publish Message (id=1127) [Deviceb'Device - 2']"
"188662","1152.230089045","192.168.15.3","192.168.15.4","MQTT","70","Connect Ack"
"188665","1152.233299535","192.168.15.3","192.168.15.4","MQTT","70","Publish Ack (id=1127)"
"188667","1152.233889911","192.168.15.4","192.168.15.3","MQTT","68","Disconnect Req"
"188682","1153.237835355","192.168.15.4","192.168.15.3","MQTT","90","Connect Command"
"188684","1153.240774332","192.168.15.4","192.168.15.3","MQTT","97","Publish Message (id=1128) [Deviceb'Device - 2']"
"188685","1153.241115206","192.168.15.3","192.168.15.4","MQTT","70","Connect Ack"
"188688","1153.243550611","192.168.15.3","192.168.15.4","MQTT","70","Publish Ack (id=1128)"
"188690","1153.243915230","192.168.15.4","192.168.15.3","MQTT","68","Disconnect Req"
"188711","1154.247470388","192.168.15.4","192.168.15.3","MQTT","90","Connect Command"
"188713","1154.250372354","192.168.15.4","192.168.15.3","MQTT","97","Publish Message (id=1129) [Deviceb'Device - 2']"
"188715","1154.254575461","192.168.15.3","192.168.15.4","MQTT","70","Connect Ack"
"188717","1154.257055740","192.168.15.3","192.168.15.4","MQTT","70","Publish Ack (id=1129)"
"188719","1154.258007299","192.168.15.4","192.168.15.3","MQTT","68","Disconnect Req"
"188754","1155.261739982","192.168.15.4","192.168.15.3","MQTT","90","Connect Command"
"188756","1155.264724585","192.168.15.4","192.168.15.3","MQTT","97","Publish Message (id=1130) [Deviceb'Device - 2']"
"188757","1155.265085557","192.168.15.3","192.168.15.4","MQTT","70","Connect Ack"
"188760","1155.267355920","192.168.15.3","192.168.15.4","MQTT","70","Publish Ack (id=1130)"
"188763","1155.268134321","192.168.15.4","192.168.15.3","MQTT","68","Disconnect Req"
"188804","1156.271806301","192.168.15.4","192.168.15.3","MQTT","90","Connect Command"
"188806","1156.274220485","192.168.15.4","192.168.15.3","MQTT","97","Publish Message (id=1131) [Deviceb'Device - 2']"
"188807","1156.274580726","192.168.15.3","192.168.15.4","MQTT","70","Connect Ack"
"188810","1156.276782469","192.168.15.3","192.168.15.4","MQTT","70","Publish Ack (id=1131)"
"188812","1156.277613911","192.168.15.4","192.168.15.3","MQTT","68","Disconnect Req"
"190232","1157.281654617","192.168.15.4","192.168.15.3","MQTT","90","Connect Command"
"190234","1157.286444383","192.168.15.4","192.168.15.3","MQTT","97","Publish Message (id=1132) [Deviceb'Device - 2']"
"190235","1157.286818049","192.168.15.3","192.168.15.4","MQTT","70","Connect Ack"
"190238","1157.289122897","192.168.15.3","192.168.15.4","MQTT","70","Publish Ack (id=1132)"
"190240","1157.289737709","192.168.15.4","192.168.15.3","MQTT","68","Disconnect Req"
"190252","1158.293245909","192.168.15.4","192.168.15.3","MQTT","90","Connect Command"
"190254","1158.296198571","192.168.15.4","192.168.15.3","MQTT","97","Publish Message (id=1133) [Deviceb'Device - 2']"
"190255","1158.296518216","192.168.15.3","192.168.15.4","MQTT","70","Connect Ack"
"190258","1158.299073236","192.168.15.3","192.168.15.4","MQTT","70","Publish Ack (id=1133)"
"190260","1158.299665706","192.168.15.4","192.168.15.3","MQTT","68","Disconnect Req"
"190281","1159.303945355","192.168.15.4","192.168.15.3","MQTT","90","Connect Command"
"190283","1159.307173980","192.168.15.4","192.168.15.3","MQTT","97","Publish Message (id=1134) [Deviceb'Device - 2']"
"190285","1159.311047282","192.168.15.3","192.168.15.4","MQTT","70","Connect Ack"
"190287","1159.313451488","192.168.15.3","192.168.15.4","MQTT","70","Publish Ack (id=1134)"
"190289","1159.314232244","192.168.15.4","192.168.15.3","MQTT","68","Disconnect Req"
"190305","1160.318173022","192.168.15.4","192.168.15.3","MQTT","90","Connect Command"
"190307","1160.321153287","192.168.15.4","192.168.15.3","MQTT","97","Publish Message (id=1135) [Deviceb'Device - 2']"
"190308","1160.321557501","192.168.15.3","192.168.15.4","MQTT","70","Connect Ack"
"190311","1160.323633256","192.168.15.3","192.168.15.4","MQTT","70","Publish Ack (id=1135)"
"190313","1160.324276953","192.168.15.4","192.168.15.3","MQTT","68","Disconnect Req"
"190327","1161.328462344","192.168.15.4","192.168.15.3","MQTT","90","Connect Command"
"190329","1161.331385601","192.168.15.4","192.168.15.3","MQTT","97","Publish Message (id=1136) [Deviceb'Device - 2']"
"190330","1161.331794203","192.168.15.3","192.168.15.4","MQTT","70","Connect Ack"
"190333","1161.333878344","192.168.15.3","192.168.15.4","MQTT","70","Publish Ack (id=1136)"
"190335","1161.334481454","192.168.15.4","192.168.15.3","MQTT","68","Disconnect Req"
"190347","1162.338023008","192.168.15.4","192.168.15.3","MQTT","90","Connect Command"
"190349","1162.341023150","192.168.15.4","192.168.15.3","MQTT","97","Publish Message (id=1137) [Deviceb'Device - 2']"
"190350","1162.341446570","192.168.15.3","192.168.15.4","MQTT","70","Connect Ack"
"190353","1162.343499983","192.168.15.3","192.168.15.4","MQTT","70","Publish Ack (id=1137)"
"190355","1162.344151334","192.168.15.4","192.168.15.3","MQTT","68","Disconnect Req"
"190369","1163.348958102","192.168.15.4","192.168.15.3","MQTT","90","Connect Command"
"190371","1163.351564840","192.168.15.4","192.168.15.3","MQTT","97","Publish Message (id=1138) [Deviceb'Device - 2']"
"190372","1163.351999211","192.168.15.3","192.168.15.4","MQTT","70","Connect Ack"
"190375","1163.354383258","192.168.15.3","192.168.15.4","MQTT","70","Publish Ack (id=1138)"
"190377","1163.354723101","192.168.15.4","192.168.15.3","MQTT","68","Disconnect Req"
"190412","1164.358954851","192.168.15.4","192.168.15.3","MQTT","90","Connect Command"
"190414","1164.362094226","192.168.15.4","192.168.15.3","MQTT","97","Publish Message (id=1139) [Deviceb'Device - 2']"
"190416","1164.366166435","192.168.15.3","192.168.15.4","MQTT","70","Connect Ack"
"190418","1164.368486612","192.168.15.3","192.168.15.4","MQTT","70","Publish Ack (id=1139)"
"190420","1164.368956290","192.168.15.4","192.168.15.3","MQTT","68","Disconnect Req"
"190479","1165.372858377","192.168.15.4","192.168.15.3","MQTT","90","Connect Command"
"190481","1165.375748101","192.168.15.4","192.168.15.3","MQTT","97","Publish Message (id=1140) [Deviceb'Device - 2']"
"190482","1165.376124252","192.168.15.3","192.168.15.4","MQTT","70","Connect Ack"
"190485","1165.378770515","192.168.15.3","192.168.15.4","MQTT","70","Publish Ack (id=1140)"
"190487","1165.379106560","192.168.15.4","192.168.15.3","MQTT","68","Disconnect Req"
"190559","1166.382773795","192.168.15.4","192.168.15.3","MQTT","90","Connect Command"
"190561","1166.385762014","192.168.15.4","192.168.15.3","MQTT","97","Publish Message (id=1141) [Deviceb'Device - 2']"
"190562","1166.386191506","192.168.15.3","192.168.15.4","MQTT","70","Connect Ack"
"190565","1166.388755203","192.168.15.3","192.168.15.4","MQTT","70","Publish Ack (id=1141)"
"190567","1166.389242294","192.168.15.4","192.168.15.3","MQTT","68","Disconnect Req"
"190579","1167.393079720","192.168.15.4","192.168.15.3","MQTT","90","Connect Command"
"190581","1167.396092666","192.168.15.4","192.168.15.3","MQTT","97","Publish Message (id=1142) [Deviceb'Device - 2']"
"190582","1167.396953995","192.168.15.3","192.168.15.4","MQTT","70","Connect Ack"
"190585","1167.398905214","192.168.15.3","192.168.15.4","MQTT","70","Publish Ack (id=1142)"
"190587","1167.399530496","192.168.15.4","192.168.15.3","MQTT","68","Disconnect Req"
"191927","1168.403680144","192.168.15.4","192.168.15.3","MQTT","90","Connect Command"
"191929","1168.406654447","192.168.15.4","192.168.15.3","MQTT","97","Publish Message (id=1143) [Deviceb'Device - 2']"
"191930","1168.407334313","192.168.15.3","192.168.15.4","MQTT","70","Connect Ack"
"191933","1168.409664137","192.168.15.3","192.168.15.4","MQTT","70","Publish Ack (id=1143)"
"191935","1168.410544632","192.168.15.4","192.168.15.3","MQTT","68","Disconnect Req"
"191948","1169.414876102","192.168.15.4","192.168.15.3","MQTT","90","Connect Command"
"191950","1169.417807845","192.168.15.4","192.168.15.3","MQTT","97","Publish Message (id=1144) [Deviceb'Device - 2']"
"191952","1169.422026842","192.168.15.3","192.168.15.4","MQTT","70","Connect Ack"
"191954","1169.424349312","192.168.15.3","192.168.15.4","MQTT","70","Publish Ack (id=1144)"
"191956","1169.424768986","192.168.15.4","192.168.15.3","MQTT","68","Disconnect Req"
"191970","1170.428339458","192.168.15.4","192.168.15.3","MQTT","90","Connect Command"
"191972","1170.431342605","192.168.15.4","192.168.15.3","MQTT","97","Publish Message (id=1145) [Deviceb'Device - 2']"
"191973","1170.431756879","192.168.15.3","192.168.15.4","MQTT","70","Connect Ack"
"191976","1170.433758914","192.168.15.3","192.168.15.4","MQTT","70","Publish Ack (id=1145)"
"191978","1170.434349460","192.168.15.4","192.168.15.3","MQTT","68","Disconnect Req"
"191996","1171.439150860","192.168.15.4","192.168.15.3","MQTT","90","Connect Command"
"191998","1171.441800790","192.168.15.4","192.168.15.3","MQTT","97","Publish Message (id=1146) [Deviceb'Device - 2']"
"191999","1171.442219432","192.168.15.3","192.168.15.4","MQTT","70","Connect Ack"
"192002","1171.444556420","192.168.15.3","192.168.15.4","MQTT","70","Publish Ack (id=1146)"
"192004","1171.445330864","192.168.15.4","192.168.15.3","MQTT","68","Disconnect Req"
"192016","1172.449759389","192.168.15.4","192.168.15.3","MQTT","90","Connect Command"
"192018","1172.452665393","192.168.15.4","192.168.15.3","MQTT","97","Publish Message (id=1147) [Deviceb'Device - 2']"
"192019","1172.453070910","192.168.15.3","192.168.15.4","MQTT","70","Connect Ack"
"192022","1172.455379534","192.168.15.3","192.168.15.4","MQTT","70","Publish Ack (id=1147)"
"192024","1172.456458875","192.168.15.4","192.168.15.3","MQTT","68","Disconnect Req"
"192036","1173.459904803","192.168.15.4","192.168.15.3","MQTT","90","Connect Command"
"192038","1173.462756043","192.168.15.4","192.168.15.3","MQTT","97","Publish Message (id=1148) [Deviceb'Device - 2']"
"192039","1173.463124881","192.168.15.3","192.168.15.4","MQTT","70","Connect Ack"
"192042","1173.465585022","192.168.15.3","192.168.15.4","MQTT","70","Publish Ack (id=1148)"
"192044","1173.466506304","192.168.15.4","192.168.15.3","MQTT","68","Disconnect Req"
"192059","1174.470751464","192.168.15.4","192.168.15.3","MQTT","90","Connect Command"
"192061","1174.473581644","192.168.15.4","192.168.15.3","MQTT","97","Publish Message (id=1149) [Deviceb'Device - 2']"
"192068","1174.478370959","192.168.15.3","192.168.15.4","MQTT","70","Connect Ack"
"192076","1174.483334163","192.168.15.3","192.168.15.4","MQTT","70","Publish Ack (id=1149)"
"192078","1174.483609934","192.168.15.4","192.168.15.3","MQTT","68","Disconnect Req"
"192102","1175.487360889","192.168.15.4","192.168.15.3","MQTT","90","Connect Command"
"192104","1175.490204144","192.168.15.4","192.168.15.3","MQTT","97","Publish Message (id=1150) [Deviceb'Device - 2']"
"192105","1175.490588170","192.168.15.3","192.168.15.4","MQTT","70","Connect Ack"
"192108","1175.493392733","192.168.15.3","192.168.15.4","MQTT","70","Publish Ack (id=1150)"
"192110","1175.494202393","192.168.15.4","192.168.15.3","MQTT","68","Disconnect Req"
"192124","1176.498396456","192.168.15.4","192.168.15.3","MQTT","90","Connect Command"
"192126","1176.502827934","192.168.15.4","192.168.15.3","MQTT","97","Publish Message (id=1151) [Deviceb'Device - 2']"
"192127","1176.503181292","192.168.15.3","192.168.15.4","MQTT","70","Connect Ack"
"192130","1176.505650060","192.168.15.3","192.168.15.4","MQTT","70","Publish Ack (id=1151)"
"192132","1176.506440505","192.168.15.4","192.168.15.3","MQTT","68","Disconnect Req"
"192148","1177.510281542","192.168.15.4","192.168.15.3","MQTT","90","Connect Command"
"192150","1177.513181725","192.168.15.4","192.168.15.3","MQTT","97","Publish Message (id=1152) [Deviceb'Device - 2']"
"192151","1177.513639160","192.168.15.3","192.168.15.4","MQTT","70","Connect Ack"
"192154","1177.516087538","192.168.15.3","192.168.15.4","MQTT","70","Publish Ack (id=1152)"
"192156","1177.516882612","192.168.15.4","192.168.15.3","MQTT","68","Disconnect Req"
"194548","1178.525999243","192.168.15.4","192.168.15.3","MQTT","90","Connect Command"
"194552","1178.528655685","192.168.15.4","192.168.15.3","MQTT","97","Publish Message (id=1153) [Deviceb'Device - 2']"
"194553","1178.529081751","192.168.15.3","192.168.15.4","MQTT","70","Connect Ack"
"194556","1178.531946637","192.168.15.3","192.168.15.4","MQTT","70","Publish Ack (id=1153)"
"194558","1178.532948892","192.168.15.4","192.168.15.3","MQTT","68","Disconnect Req"
"194577","1179.537314812","192.168.15.4","192.168.15.3","MQTT","90","Connect Command"
"194580","1179.548747026","192.168.15.4","192.168.15.3","MQTT","97","Publish Message (id=1154) [Deviceb'Device - 2']"
"194581","1179.549104632","192.168.15.3","192.168.15.4","MQTT","70","Connect Ack"
"194584","1179.551728343","192.168.15.3","192.168.15.4","MQTT","70","Publish Ack (id=1154)"
"194586","1179.552275106","192.168.15.4","192.168.15.3","MQTT","68","Disconnect Req"
"194594","1180.556013901","192.168.15.4","192.168.15.3","MQTT","90","Connect Command"
"194596","1180.558879729","192.168.15.4","192.168.15.3","MQTT","97","Publish Message (id=1155) [Deviceb'Device - 2']"
"194597","1180.559318719","192.168.15.3","192.168.15.4","MQTT","70","Connect Ack"
"194600","1180.561718566","192.168.15.3","192.168.15.4","MQTT","70","Publish Ack (id=1155)"
"194602","1180.562355962","192.168.15.4","192.168.15.3","MQTT","68","Disconnect Req"
"194614","1181.566057305","192.168.15.4","192.168.15.3","MQTT","90","Connect Command"
"194616","1181.568960104","192.168.15.4","192.168.15.3","MQTT","97","Publish Message (id=1156) [Deviceb'Device - 2']"
"194617","1181.569334511","192.168.15.3","192.168.15.4","MQTT","70","Connect Ack"
"194620","1181.571569858","192.168.15.3","192.168.15.4","MQTT","70","Publish Ack (id=1156)"
"194622","1181.572103557","192.168.15.4","192.168.15.3","MQTT","68","Disconnect Req"
"194636","1182.576936520","192.168.15.4","192.168.15.3","MQTT","90","Connect Command"
"194638","1182.579028736","192.168.15.4","192.168.15.3","MQTT","97","Publish Message (id=1157) [Deviceb'Device - 2']"
"194639","1182.579365373","192.168.15.3","192.168.15.4","MQTT","70","Connect Ack"
"194642","1182.581616128","192.168.15.3","192.168.15.4","MQTT","70","Publish Ack (id=1157)"
"194644","1182.582252481","192.168.15.4","192.168.15.3","MQTT","68","Disconnect Req"
"194656","1183.587107447","192.168.15.4","192.168.15.3","MQTT","90","Connect Command"
"194658","1183.590057745","192.168.15.4","192.168.15.3","MQTT","97","Publish Message (id=1158) [Deviceb'Device - 2']"
"194659","1183.590460246","192.168.15.3","192.168.15.4","MQTT","70","Connect Ack"
"194662","1183.592861786","192.168.15.3","192.168.15.4","MQTT","70","Publish Ack (id=1158)"
"194664","1183.593405374","192.168.15.4","192.168.15.3","MQTT","68","Disconnect Req"
"194687","1184.597327818","192.168.15.4","192.168.15.3","MQTT","90","Connect Command"
"194689","1184.600341787","192.168.15.4","192.168.15.3","MQTT","97","Publish Message (id=1159) [Deviceb'Device - 2']"
"194691","1184.604249615","192.168.15.3","192.168.15.4","MQTT","70","Connect Ack"
"194693","1184.606444765","192.168.15.3","192.168.15.4","MQTT","70","Publish Ack (id=1159)"
"194695","1184.607144227","192.168.15.4","192.168.15.3","MQTT","68","Disconnect Req"
"194708","1185.611578658","192.168.15.4","192.168.15.3","MQTT","90","Connect Command"
"194710","1185.614463993","192.168.15.4","192.168.15.3","MQTT","97","Publish Message (id=1160) [Deviceb'Device - 2']"
"194711","1185.614899416","192.168.15.3","192.168.15.4","MQTT","70","Connect Ack"
"194714","1185.617266011","192.168.15.3","192.168.15.4","MQTT","70","Publish Ack (id=1160)"
"194716","1185.617868360","192.168.15.4","192.168.15.3","MQTT","68","Disconnect Req"
"194728","1186.622077786","192.168.15.4","192.168.15.3","MQTT","90","Connect Command"
"194730","1186.624750950","192.168.15.4","192.168.15.3","MQTT","97","Publish Message (id=1161) [Deviceb'Device - 2']"
"194731","1186.625246577","192.168.15.3","192.168.15.4","MQTT","70","Connect Ack"
"194734","1186.627593314","192.168.15.3","192.168.15.4","MQTT","70","Publish Ack (id=1161)"
"194736","1186.628181676","192.168.15.4","192.168.15.3","MQTT","68","Disconnect Req"
"194745","1187.632185104","192.168.15.4","192.168.15.3","MQTT","90","Connect Command"
"194747","1187.635165689","192.168.15.4","192.168.15.3","MQTT","97","Publish Message (id=1162) [Deviceb'Device - 2']"
"194748","1187.635572989","192.168.15.3","192.168.15.4","MQTT","70","Connect Ack"
"194751","1187.637921319","192.168.15.3","192.168.15.4","MQTT","70","Publish Ack (id=1162)"
"194753","1187.638576017","192.168.15.4","192.168.15.3","MQTT","68","Disconnect Req"
"194764","1188.642481551","192.168.15.4","192.168.15.3","MQTT","90","Connect Command"
"194767","1188.645315218","192.168.15.4","192.168.15.3","MQTT","97","Publish Message (id=1163) [Deviceb'Device - 2']"
"194768","1188.645856061","192.168.15.3","192.168.15.4","MQTT","70","Connect Ack"
"194773","1188.648127194","192.168.15.3","192.168.15.4","MQTT","70","Publish Ack (id=1163)"
"194775","1188.648805306","192.168.15.4","192.168.15.3","MQTT","68","Disconnect Req"
"194787","1189.653118522","192.168.15.4","192.168.15.3","MQTT","90","Connect Command"
"194789","1189.656053921","192.168.15.4","192.168.15.3","MQTT","97","Publish Message (id=1164) [Deviceb'Device - 2']"
"194791","1189.660323263","192.168.15.3","192.168.15.4","MQTT","70","Connect Ack"
"194793","1189.662676712","192.168.15.3","192.168.15.4","MQTT","70","Publish Ack (id=1164)"
"194795","1189.663073853","192.168.15.4","192.168.15.3","MQTT","68","Disconnect Req"
"194807","1190.666898183","192.168.15.4","192.168.15.3","MQTT","90","Connect Command"
"194809","1190.669963799","192.168.15.4","192.168.15.3","MQTT","97","Publish Message (id=1165) [Deviceb'Device - 2']"
"194810","1190.670343667","192.168.15.3","192.168.15.4","MQTT","70","Connect Ack"
"194813","1190.672748764","192.168.15.3","192.168.15.4","MQTT","70","Publish Ack (id=1165)"
"194815","1190.673751891","192.168.15.4","192.168.15.3","MQTT","68","Disconnect Req"
"194840","1191.677935330","192.168.15.4","192.168.15.3","MQTT","90","Connect Command"
"194842","1191.680919913","192.168.15.4","192.168.15.3","MQTT","97","Publish Message (id=1166) [Deviceb'Device - 2']"
"194843","1191.681438533","192.168.15.3","192.168.15.4","MQTT","70","Connect Ack"
"194846","1191.683762126","192.168.15.3","192.168.15.4","MQTT","70","Publish Ack (id=1166)"
"194848","1191.684518406","192.168.15.4","192.168.15.3","MQTT","68","Disconnect Req"
"194860","1192.688593412","192.168.15.4","192.168.15.3","MQTT","90","Connect Command"
"194862","1192.693152080","192.168.15.4","192.168.15.3","MQTT","97","Publish Message (id=1167) [Deviceb'Device - 2']"
"194863","1192.693542318","192.168.15.3","192.168.15.4","MQTT","70","Connect Ack"
"194866","1192.696379883","192.168.15.3","192.168.15.4","MQTT","70","Publish Ack (id=1167)"
"194868","1192.697024491","192.168.15.4","192.168.15.3","MQTT","68","Disconnect Req"
"194881","1193.701421204","192.168.15.4","192.168.15.3","MQTT","90","Connect Command"
"194883","1193.704313112","192.168.15.4","192.168.15.3","MQTT","97","Publish Message (id=1168) [Deviceb'Device - 2']"
"194884","1193.704699843","192.168.15.3","192.168.15.4","MQTT","70","Connect Ack"
"194887","1193.707114378","192.168.15.3","192.168.15.4","MQTT","70","Publish Ack (id=1168)"
"194889","1193.707835251","192.168.15.4","192.168.15.3","MQTT","68","Disconnect Req"
"196219","1194.712282008","192.168.15.4","192.168.15.3","MQTT","90","Connect Command"
"196221","1194.715131525","192.168.15.4","192.168.15.3","MQTT","97","Publish Message (id=1169) [Deviceb'Device - 2']"
"196223","1194.719469667","192.168.15.3","192.168.15.4","MQTT","70","Connect Ack"
"196225","1194.722149343","192.168.15.3","192.168.15.4","MQTT","70","Publish Ack (id=1169)"
"196227","1194.722515055","192.168.15.4","192.168.15.3","MQTT","68","Disconnect Req"
"196250","1195.725767425","192.168.15.4","192.168.15.3","MQTT","90","Connect Command"
"196252","1195.728787024","192.168.15.4","192.168.15.3","MQTT","97","Publish Message (id=1170) [Deviceb'Device - 2']"
"196253","1195.729166100","192.168.15.3","192.168.15.4","MQTT","70","Connect Ack"
"196256","1195.731599581","192.168.15.3","192.168.15.4","MQTT","70","Publish Ack (id=1170)"
"196258","1195.731983186","192.168.15.4","192.168.15.3","MQTT","68","Disconnect Req"
"196270","1196.736321820","192.168.15.4","192.168.15.3","MQTT","90","Connect Command"
"196272","1196.739321982","192.168.15.4","192.168.15.3","MQTT","97","Publish Message (id=1171) [Deviceb'Device - 2']"
"196273","1196.739741625","192.168.15.3","192.168.15.4","MQTT","70","Connect Ack"
"196276","1196.742197578","192.168.15.3","192.168.15.4","MQTT","70","Publish Ack (id=1171)"
"196278","1196.742558341","192.168.15.4","192.168.15.3","MQTT","68","Disconnect Req"
"196289","1197.746470811","192.168.15.4","192.168.15.3","MQTT","90","Connect Command"
"196291","1197.749669268","192.168.15.3","192.168.15.4","MQTT","70","Connect Ack"
"196292","1197.749715265","192.168.15.4","192.168.15.3","MQTT","97","Publish Message (id=1172) [Deviceb'Device - 2']"
"196295","1197.752582816","192.168.15.3","192.168.15.4","MQTT","70","Publish Ack (id=1172)"
"196297","1197.753033839","192.168.15.4","192.168.15.3","MQTT","68","Disconnect Req"
"196308","1198.756665417","192.168.15.4","192.168.15.3","MQTT","90","Connect Command"
"196310","1198.759561112","192.168.15.4","192.168.15.3","MQTT","97","Publish Message (id=1173) [Deviceb'Device - 2']"
"196311","1198.759986506","192.168.15.3","192.168.15.4","MQTT","70","Connect Ack"
"196314","1198.762340616","192.168.15.3","192.168.15.4","MQTT","70","Publish Ack (id=1173)"
"196316","1198.763205091","192.168.15.4","192.168.15.3","MQTT","68","Disconnect Req"
"196329","1199.766755487","192.168.15.4","192.168.15.3","MQTT","90","Connect Command"
"196331","1199.769768423","192.168.15.4","192.168.15.3","MQTT","97","Publish Message (id=1174) [Deviceb'Device - 2']"
"196333","1199.774117215","192.168.15.3","192.168.15.4","MQTT","70","Connect Ack"
"196335","1199.776409148","192.168.15.3","192.168.15.4","MQTT","70","Publish Ack (id=1174)"
"196337","1199.777303970","192.168.15.4","192.168.15.3","MQTT","68","Disconnect Req"
"196351","1200.781608751","192.168.15.4","192.168.15.3","MQTT","90","Connect Command"
"196353","1200.784465612","192.168.15.4","192.168.15.3","MQTT","97","Publish Message (id=1175) [Deviceb'Device - 2']"
"196354","1200.784857783","192.168.15.3","192.168.15.4","MQTT","70","Connect Ack"
"196357","1200.787293358","192.168.15.3","192.168.15.4","MQTT","70","Publish Ack (id=1175)"
"196359","1200.788152983","192.168.15.4","192.168.15.3","MQTT","68","Disconnect Req"
"196377","1201.792498791","192.168.15.4","192.168.15.3","MQTT","90","Connect Command"
"196379","1201.795687450","192.168.15.3","192.168.15.4","MQTT","70","Connect Ack"
"196380","1201.795723618","192.168.15.4","192.168.15.3","MQTT","97","Publish Message (id=1176) [Deviceb'Device - 2']"
"196383","1201.798570701","192.168.15.3","192.168.15.4","MQTT","70","Publish Ack (id=1176)"
"196385","1201.799477916","192.168.15.4","192.168.15.3","MQTT","68","Disconnect Req"
"196397","1202.803500596","192.168.15.4","192.168.15.3","MQTT","90","Connect Command"
"196399","1202.806361365","192.168.15.4","192.168.15.3","MQTT","97","Publish Message (id=1177) [Deviceb'Device - 2']"
"196400","1202.806761922","192.168.15.3","192.168.15.4","MQTT","70","Connect Ack"
"196403","1202.809237773","192.168.15.3","192.168.15.4","MQTT","70","Publish Ack (id=1177)"
"196405","1202.810108248","192.168.15.4","192.168.15.3","MQTT","68","Disconnect Req"
"196416","1203.814181483","192.168.15.4","192.168.15.3","MQTT","90","Connect Command"
"196418","1203.817076947","192.168.15.4","192.168.15.3","MQTT","97","Publish Message (id=1178) [Deviceb'Device - 2']"
"196419","1203.817466704","192.168.15.3","192.168.15.4","MQTT","70","Connect Ack"
"196422","1203.819934540","192.168.15.3","192.168.15.4","MQTT","70","Publish Ack (id=1178)"
"196424","1203.820843057","192.168.15.4","192.168.15.3","MQTT","68","Disconnect Req"
"196436","1204.825428662","192.168.15.4","192.168.15.3","MQTT","90","Connect Command"
"196438","1204.828097939","192.168.15.4","192.168.15.3","MQTT","97","Publish Message (id=1179) [Deviceb'Device - 2']"
"196440","1204.832062975","192.168.15.3","192.168.15.4","MQTT","70","Connect Ack"
"196442","1204.834487008","192.168.15.3","192.168.15.4","MQTT","70","Publish Ack (id=1179)"
"196444","1204.835174338","192.168.15.4","192.168.15.3","MQTT","68","Disconnect Req"
"197231","1205.842610452","192.168.15.4","192.168.15.3","MQTT","90","Connect Command"
"197326","1205.851395090","192.168.15.4","192.168.15.3","MQTT","97","Publish Message (id=1180) [Deviceb'Device - 2']"
"197336","1205.852326321","192.168.15.3","192.168.15.4","MQTT","70","Connect Ack"
"197405","1205.858675114","192.168.15.3","192.168.15.4","MQTT","70","Publish Ack (id=1180)"
"197413","1205.859292572","192.168.15.4","192.168.15.3","MQTT","68","Disconnect Req"
"198254","1206.863670876","192.168.15.4","192.168.15.3","MQTT","90","Connect Command"
"198256","1206.868310608","192.168.15.4","192.168.15.3","MQTT","97","Publish Message (id=1181) [Deviceb'Device - 2']"
"198257","1206.868716185","192.168.15.3","192.168.15.4","MQTT","70","Connect Ack"
"198260","1206.870988601","192.168.15.3","192.168.15.4","MQTT","70","Publish Ack (id=1181)"
"198262","1206.871853336","192.168.15.4","192.168.15.3","MQTT","68","Disconnect Req"
"198311","1207.875675748","192.168.15.4","192.168.15.3","MQTT","90","Connect Command"
"198313","1207.878558327","192.168.15.4","192.168.15.3","MQTT","97","Publish Message (id=1182) [Deviceb'Device - 2']"
"198314","1207.878918939","192.168.15.3","192.168.15.4","MQTT","70","Connect Ack"
"198317","1207.881389550","192.168.15.3","192.168.15.4","MQTT","70","Publish Ack (id=1182)"
"198319","1207.882422954","192.168.15.4","192.168.15.3","MQTT","68","Disconnect Req"
"198367","1208.887013619","192.168.15.4","192.168.15.3","MQTT","90","Connect Command"
"198369","1208.889761203","192.168.15.4","192.168.15.3","MQTT","97","Publish Message (id=1183) [Deviceb'Device - 2']"
"198370","1208.890169265","192.168.15.3","192.168.15.4","MQTT","70","Connect Ack"
"198373","1208.893471368","192.168.15.3","192.168.15.4","MQTT","70","Publish Ack (id=1183)"
"198375","1208.894178124","192.168.15.4","192.168.15.3","MQTT","68","Disconnect Req"
"198399","1209.897847507","192.168.15.4","192.168.15.3","MQTT","90","Connect Command"
"198401","1209.900763320","192.168.15.4","192.168.15.3","MQTT","97","Publish Message (id=1184) [Deviceb'Device - 2']"
"198403","1209.905226879","192.168.15.3","192.168.15.4","MQTT","70","Connect Ack"
"198405","1209.907548348","192.168.15.3","192.168.15.4","MQTT","70","Publish Ack (id=1184)"
"198407","1209.907909100","192.168.15.4","192.168.15.3","MQTT","68","Disconnect Req"
"198421","1210.912343139","192.168.15.4","192.168.15.3","MQTT","90","Connect Command"
"198423","1210.915223606","192.168.15.4","192.168.15.3","MQTT","97","Publish Message (id=1185) [Deviceb'Device - 2']"
"198424","1210.915639191","192.168.15.3","192.168.15.4","MQTT","70","Connect Ack"
"198427","1210.918316403","192.168.15.3","192.168.15.4","MQTT","70","Publish Ack (id=1185)"
"198429","1210.918978605","192.168.15.4","192.168.15.3","MQTT","68","Disconnect Req"
"198441","1211.923998933","192.168.15.4","192.168.15.3","MQTT","90","Connect Command"
"198443","1211.926873628","192.168.15.4","192.168.15.3","MQTT","97","Publish Message (id=1186) [Deviceb'Device - 2']"
"198444","1211.927478852","192.168.15.3","192.168.15.4","MQTT","70","Connect Ack"
"198447","1211.929622796","192.168.15.3","192.168.15.4","MQTT","70","Publish Ack (id=1186)"
"198449","1211.930553005","192.168.15.4","192.168.15.3","MQTT","68","Disconnect Req"
"198461","1212.934824368","192.168.15.4","192.168.15.3","MQTT","90","Connect Command"
"198463","1212.937746483","192.168.15.4","192.168.15.3","MQTT","97","Publish Message (id=1187) [Deviceb'Device - 2']"
"198464","1212.938144806","192.168.15.3","192.168.15.4","MQTT","70","Connect Ack"
"198467","1212.940641326","192.168.15.3","192.168.15.4","MQTT","70","Publish Ack (id=1187)"
"198469","1212.941313486","192.168.15.4","192.168.15.3","MQTT","68","Disconnect Req"
"198484","1213.945843218","192.168.15.4","192.168.15.3","MQTT","90","Connect Command"
"198486","1213.949258816","192.168.15.4","192.168.15.3","MQTT","97","Publish Message (id=1188) [Deviceb'Device - 2']"
"198487","1213.949558662","192.168.15.3","192.168.15.4","MQTT","70","Connect Ack"
"198490","1213.951995429","192.168.15.3","192.168.15.4","MQTT","70","Publish Ack (id=1188)"
"198492","1213.952807545","192.168.15.4","192.168.15.3","MQTT","68","Disconnect Req"
"198500","1214.956770706","192.168.15.4","192.168.15.3","MQTT","90","Connect Command"
"198502","1214.959770627","192.168.15.4","192.168.15.3","MQTT","97","Publish Message (id=1189) [Deviceb'Device - 2']"
"198504","1214.963828449","192.168.15.3","192.168.15.4","MQTT","70","Connect Ack"
"198506","1214.966213048","192.168.15.3","192.168.15.4","MQTT","70","Publish Ack (id=1189)"
"198508","1214.967004153","192.168.15.4","192.168.15.3","MQTT","68","Disconnect Req"
"198524","1215.970889778","192.168.15.4","192.168.15.3","MQTT","90","Connect Command"
"198526","1215.973666337","192.168.15.4","192.168.15.3","MQTT","97","Publish Message (id=1190) [Deviceb'Device - 2']"
"198527","1215.974137628","192.168.15.3","192.168.15.4","MQTT","70","Connect Ack"
"198530","1215.976478855","192.168.15.3","192.168.15.4","MQTT","70","Publish Ack (id=1190)"
"198532","1215.977191823","192.168.15.4","192.168.15.3","MQTT","68","Disconnect Req"
"200466","1216.983969085","192.168.15.4","192.168.15.3","MQTT","90","Connect Command"
"200468","1216.986850322","192.168.15.4","192.168.15.3","MQTT","97","Publish Message (id=1191) [Deviceb'Device - 2']"
"200469","1216.987213960","192.168.15.3","192.168.15.4","MQTT","70","Connect Ack"
"200472","1216.989576216","192.168.15.3","192.168.15.4","MQTT","70","Publish Ack (id=1191)"
"200474","1216.989995388","192.168.15.4","192.168.15.3","MQTT","68","Disconnect Req"
"200486","1217.994101541","192.168.15.4","192.168.15.3","MQTT","90","Connect Command"
"200488","1217.996965195","192.168.15.4","192.168.15.3","MQTT","97","Publish Message (id=1192) [Deviceb'Device - 2']"
"200489","1217.997360532","192.168.15.3","192.168.15.4","MQTT","70","Connect Ack"
"200492","1218.000075395","192.168.15.3","192.168.15.4","MQTT","70","Publish Ack (id=1192)"
"200494","1218.000934750","192.168.15.4","192.168.15.3","MQTT","68","Disconnect Req"
"200512","1219.005427924","192.168.15.4","192.168.15.3","MQTT","90","Connect Command"
"200514","1219.010083796","192.168.15.4","192.168.15.3","MQTT","97","Publish Message (id=1193) [Deviceb'Device - 2']"
"200515","1219.010453395","192.168.15.3","192.168.15.4","MQTT","70","Connect Ack"
"200518","1219.012895161","192.168.15.3","192.168.15.4","MQTT","70","Publish Ack (id=1193)"
"200520","1219.013628217","192.168.15.4","192.168.15.3","MQTT","68","Disconnect Req"
"200534","1220.017957324","192.168.15.4","192.168.15.3","MQTT","90","Connect Command"
"200536","1220.020921508","192.168.15.4","192.168.15.3","MQTT","97","Publish Message (id=1194) [Deviceb'Device - 2']"
"200538","1220.025334682","192.168.15.3","192.168.15.4","MQTT","70","Connect Ack"
"200540","1220.027669426","192.168.15.3","192.168.15.4","MQTT","70","Publish Ack (id=1194)"
"200542","1220.028176825","192.168.15.4","192.168.15.3","MQTT","68","Disconnect Req"
"200562","1221.032817731","192.168.15.4","192.168.15.3","MQTT","90","Connect Command"
"200564","1221.035549576","192.168.15.4","192.168.15.3","MQTT","97","Publish Message (id=1195) [Deviceb'Device - 2']"
"200565","1221.035954090","192.168.15.3","192.168.15.4","MQTT","70","Connect Ack"
"200568","1221.038432416","192.168.15.3","192.168.15.4","MQTT","70","Publish Ack (id=1195)"
"200570","1221.039273186","192.168.15.4","192.168.15.3","MQTT","68","Disconnect Req"
"200601","1222.043669850","192.168.15.4","192.168.15.3","MQTT","90","Connect Command"
"200603","1222.046466708","192.168.15.4","192.168.15.3","MQTT","97","Publish Message (id=1196) [Deviceb'Device - 2']"
"200604","1222.046902382","192.168.15.3","192.168.15.4","MQTT","70","Connect Ack"
"200607","1222.049229251","192.168.15.3","192.168.15.4","MQTT","70","Publish Ack (id=1196)"
"200609","1222.049733565","192.168.15.4","192.168.15.3","MQTT","68","Disconnect Req"
"200621","1223.054191505","192.168.15.4","192.168.15.3","MQTT","90","Connect Command"
"200623","1223.056904995","192.168.15.4","192.168.15.3","MQTT","97","Publish Message (id=1197) [Deviceb'Device - 2']"
"200624","1223.057332443","192.168.15.3","192.168.15.4","MQTT","70","Connect Ack"
"200627","1223.059679370","192.168.15.3","192.168.15.4","MQTT","70","Publish Ack (id=1197)"
"200629","1223.060358234","192.168.15.4","192.168.15.3","MQTT","68","Disconnect Req"
"200652","1224.064416649","192.168.15.4","192.168.15.3","MQTT","90","Connect Command"
"200654","1224.067330718","192.168.15.4","192.168.15.3","MQTT","97","Publish Message (id=1198) [Deviceb'Device - 2']"
"200655","1224.067725354","192.168.15.3","192.168.15.4","MQTT","70","Connect Ack"
"200658","1224.070255718","192.168.15.3","192.168.15.4","MQTT","70","Publish Ack (id=1198)"
"200660","1224.070995828","192.168.15.4","192.168.15.3","MQTT","68","Disconnect Req"
"200673","1225.075122992","192.168.15.4","192.168.15.3","MQTT","90","Connect Command"
"200675","1225.077983481","192.168.15.4","192.168.15.3","MQTT","97","Publish Message (id=1199) [Deviceb'Device - 2']"
"200677","1225.082426632","192.168.15.3","192.168.15.4","MQTT","70","Connect Ack"
"200679","1225.084778628","192.168.15.3","192.168.15.4","MQTT","70","Publish Ack (id=1199)"
"200681","1225.085436903","192.168.15.4","192.168.15.3","MQTT","68","Disconnect Req"
"200734","1226.089306380","192.168.15.4","192.168.15.3","MQTT","90","Connect Command"
"200736","1226.095604508","192.168.15.4","192.168.15.3","MQTT","97","Publish Message (id=1200) [Deviceb'Device - 2']"
"200737","1226.096421903","192.168.15.3","192.168.15.4","MQTT","70","Connect Ack"
"200740","1226.098444988","192.168.15.3","192.168.15.4","MQTT","70","Publish Ack (id=1200)"
"200742","1226.099232707","192.168.15.4","192.168.15.3","MQTT","68","Disconnect Req"
"200778","1227.103414115","192.168.15.4","192.168.15.3","MQTT","90","Connect Command"
"200780","1227.106274142","192.168.15.4","192.168.15.3","MQTT","97","Publish Message (id=1201) [Deviceb'Device - 2']"
"200781","1227.106803654","192.168.15.3","192.168.15.4","MQTT","70","Connect Ack"
"200784","1227.109189424","192.168.15.3","192.168.15.4","MQTT","70","Publish Ack (id=1201)"
"200786","1227.109999646","192.168.15.4","192.168.15.3","MQTT","68","Disconnect Req"
"200798","1228.113839819","192.168.15.4","192.168.15.3","MQTT","90","Connect Command"
"200800","1228.116767915","192.168.15.4","192.168.15.3","MQTT","97","Publish Message (id=1202) [Deviceb'Device - 2']"
"200801","1228.117196535","192.168.15.3","192.168.15.4","MQTT","70","Connect Ack"
"200804","1228.119597835","192.168.15.3","192.168.15.4","MQTT","70","Publish Ack (id=1202)"
"200806","1228.120457450","192.168.15.4","192.168.15.3","MQTT","68","Disconnect Req"
"200825","1229.124875054","192.168.15.4","192.168.15.3","MQTT","90","Connect Command"
"200827","1229.127824521","192.168.15.4","192.168.15.3","MQTT","97","Publish Message (id=1203) [Deviceb'Device - 2']"
"200828","1229.128224286","192.168.15.3","192.168.15.4","MQTT","70","Connect Ack"
"200831","1229.130621619","192.168.15.3","192.168.15.4","MQTT","70","Publish Ack (id=1203)"
"200833","1229.131240639","192.168.15.4","192.168.15.3","MQTT","68","Disconnect Req"
"200842","1230.135176021","192.168.15.4","192.168.15.3","MQTT","90","Connect Command"
"200844","1230.138028183","192.168.15.4","192.168.15.3","MQTT","97","Publish Message (id=1204) [Deviceb'Device - 2']"
"200845","1230.138479887","192.168.15.3","192.168.15.4","MQTT","70","Connect Ack"
"200848","1230.140937904","192.168.15.3","192.168.15.4","MQTT","70","Publish Ack (id=1204)"
"200850","1230.141831344","192.168.15.4","192.168.15.3","MQTT","68","Disconnect Req"
"200861","1231.146478023","192.168.15.4","192.168.15.3","MQTT","90","Connect Command"
"200863","1231.149373848","192.168.15.4","192.168.15.3","MQTT","97","Publish Message (id=1205) [Deviceb'Device - 2']"
"200864","1231.149764617","192.168.15.3","192.168.15.4","MQTT","70","Connect Ack"
"200867","1231.152235439","192.168.15.3","192.168.15.4","MQTT","70","Publish Ack (id=1205)"
"200869","1231.153001136","192.168.15.4","192.168.15.3","MQTT","68","Disconnect Req"
"200881","1232.157734900","192.168.15.4","192.168.15.3","MQTT","90","Connect Command"
"200883","1232.160558889","192.168.15.4","192.168.15.3","MQTT","97","Publish Message (id=1206) [Deviceb'Device - 2']"
"200884","1232.160981759","192.168.15.3","192.168.15.4","MQTT","70","Connect Ack"
"200887","1232.163392526","192.168.15.3","192.168.15.4","MQTT","70","Publish Ack (id=1206)"
"200889","1232.164101507","192.168.15.4","192.168.15.3","MQTT","68","Disconnect Req"
"202166","1233.168530774","192.168.15.4","192.168.15.3","MQTT","90","Connect Command"
"202168","1233.171424936","192.168.15.4","192.168.15.3","MQTT","97","Publish Message (id=1207) [Deviceb'Device - 2']"
"202169","1233.171906366","192.168.15.3","192.168.15.4","MQTT","70","Connect Ack"
"202172","1233.174356578","192.168.15.3","192.168.15.4","MQTT","70","Publish Ack (id=1207)"
"202174","1233.175068705","192.168.15.4","192.168.15.3","MQTT","68","Disconnect Req"
"202190","1234.179637447","192.168.15.4","192.168.15.3","MQTT","90","Connect Command"
"202192","1234.183190926","192.168.15.4","192.168.15.3","MQTT","97","Publish Message (id=1208) [Deviceb'Device - 2']"
"202193","1234.184311284","192.168.15.3","192.168.15.4","MQTT","70","Connect Ack"
"202196","1234.185874519","192.168.15.3","192.168.15.4","MQTT","70","Publish Ack (id=1208)"
"202198","1234.186579472","192.168.15.4","192.168.15.3","MQTT","68","Disconnect Req"
"202232","1235.190841244","192.168.15.4","192.168.15.3","MQTT","90","Connect Command"
"202234","1235.193730527","192.168.15.4","192.168.15.3","MQTT","97","Publish Message (id=1209) [Deviceb'Device - 2']"
"202236","1235.198108704","192.168.15.3","192.168.15.4","MQTT","70","Connect Ack"
"202238","1235.200515194","192.168.15.3","192.168.15.4","MQTT","70","Publish Ack (id=1209)"
"202240","1235.200878341","192.168.15.4","192.168.15.3","MQTT","68","Disconnect Req"
"202253","1236.204748192","192.168.15.4","192.168.15.3","MQTT","90","Connect Command"
"202255","1236.207609491","192.168.15.4","192.168.15.3","MQTT","97","Publish Message (id=1210) [Deviceb'Device - 2']"
"202256","1236.208020298","192.168.15.3","192.168.15.4","MQTT","70","Connect Ack"
"202259","1236.210887459","192.168.15.3","192.168.15.4","MQTT","70","Publish Ack (id=1210)"
"202261","1236.211709643","192.168.15.4","192.168.15.3","MQTT","68","Disconnect Req"
"202273","1237.216317861","192.168.15.4","192.168.15.3","MQTT","90","Connect Command"
"202275","1237.218906435","192.168.15.4","192.168.15.3","MQTT","97","Publish Message (id=1211) [Deviceb'Device - 2']"
"202276","1237.219335896","192.168.15.3","192.168.15.4","MQTT","70","Connect Ack"
"202279","1237.221676392","192.168.15.3","192.168.15.4","MQTT","70","Publish Ack (id=1211)"
"202281","1237.222424526","192.168.15.4","192.168.15.3","MQTT","68","Disconnect Req"
"202289","1238.226356956","192.168.15.4","192.168.15.3","MQTT","90","Connect Command"
"202291","1238.229250527","192.168.15.4","192.168.15.3","MQTT","97","Publish Message (id=1212) [Deviceb'Device - 2']"
"202292","1238.229704495","192.168.15.3","192.168.15.4","MQTT","70","Connect Ack"
"202295","1238.232304300","192.168.15.3","192.168.15.4","MQTT","70","Publish Ack (id=1212)"
"202297","1238.233065690","192.168.15.4","192.168.15.3","MQTT","68","Disconnect Req"
"202312","1239.237450295","192.168.15.4","192.168.15.3","MQTT","90","Connect Command"
"202314","1239.240351320","192.168.15.4","192.168.15.3","MQTT","97","Publish Message (id=1213) [Deviceb'Device - 2']"
"202315","1239.240716350","192.168.15.3","192.168.15.4","MQTT","70","Connect Ack"
"202318","1239.243144812","192.168.15.3","192.168.15.4","MQTT","70","Publish Ack (id=1213)"
"202320","1239.244408391","192.168.15.4","192.168.15.3","MQTT","68","Disconnect Req"
"202332","1240.248703928","192.168.15.4","192.168.15.3","MQTT","90","Connect Command"
"202334","1240.253251636","192.168.15.4","192.168.15.3","MQTT","97","Publish Message (id=1214) [Deviceb'Device - 2']"
"202336","1240.257700197","192.168.15.3","192.168.15.4","MQTT","70","Connect Ack"
"202338","1240.260007830","192.168.15.3","192.168.15.4","MQTT","70","Publish Ack (id=1214)"
"202340","1240.260808714","192.168.15.4","192.168.15.3","MQTT","68","Disconnect Req"
"202352","1241.265002010","192.168.15.4","192.168.15.3","MQTT","90","Connect Command"
"202354","1241.267862308","192.168.15.4","192.168.15.3","MQTT","97","Publish Message (id=1215) [Deviceb'Device - 2']"
"202355","1241.268280278","192.168.15.3","192.168.15.4","MQTT","70","Connect Ack"
"202358","1241.270717145","192.168.15.3","192.168.15.4","MQTT","70","Publish Ack (id=1215)"
"202360","1241.271627145","192.168.15.4","192.168.15.3","MQTT","68","Disconnect Req"
"202372","1242.276917686","192.168.15.4","192.168.15.3","MQTT","90","Connect Command"
"202374","1242.279589246","192.168.15.4","192.168.15.3","MQTT","97","Publish Message (id=1216) [Deviceb'Device - 2']"
"202375","1242.280007738","192.168.15.3","192.168.15.4","MQTT","70","Connect Ack"
"202378","1242.282287247","192.168.15.3","192.168.15.4","MQTT","70","Publish Ack (id=1216)"
"202380","1242.282712742","192.168.15.4","192.168.15.3","MQTT","68","Disconnect Req"
"204263","1243.286298799","192.168.15.4","192.168.15.3","MQTT","90","Connect Command"
"204265","1243.289345299","192.168.15.4","192.168.15.3","MQTT","97","Publish Message (id=1217) [Deviceb'Device - 2']"
"204266","1243.290350640","192.168.15.3","192.168.15.4","MQTT","70","Connect Ack"
"204269","1243.292188314","192.168.15.3","192.168.15.4","MQTT","70","Publish Ack (id=1217)"
"204271","1243.292418910","192.168.15.4","192.168.15.3","MQTT","68","Disconnect Req"
"204286","1244.296306680","192.168.15.4","192.168.15.3","MQTT","90","Connect Command"
"204288","1244.299200491","192.168.15.4","192.168.15.3","MQTT","97","Publish Message (id=1218) [Deviceb'Device - 2']"
"204289","1244.300336970","192.168.15.3","192.168.15.4","MQTT","70","Connect Ack"
"204292","1244.302072681","192.168.15.3","192.168.15.4","MQTT","70","Publish Ack (id=1218)"
"204294","1244.302408957","192.168.15.4","192.168.15.3","MQTT","68","Disconnect Req"
"204306","1245.306706821","192.168.15.4","192.168.15.3","MQTT","90","Connect Command"
"204308","1245.309335350","192.168.15.4","192.168.15.3","MQTT","97","Publish Message (id=1219) [Deviceb'Device - 2']"
"204310","1245.313571600","192.168.15.3","192.168.15.4","MQTT","70","Connect Ack"
"204312","1245.316298786","192.168.15.3","192.168.15.4","MQTT","70","Publish Ack (id=1219)"
"204314","1245.316679556","192.168.15.4","192.168.15.3","MQTT","68","Disconnect Req"
"204323","1246.321049446","192.168.15.4","192.168.15.3","MQTT","90","Connect Command"
"204325","1246.323944850","192.168.15.4","192.168.15.3","MQTT","97","Publish Message (id=1220) [Deviceb'Device - 2']"
"204326","1246.324356729","192.168.15.3","192.168.15.4","MQTT","70","Connect Ack"
"204329","1246.326714016","192.168.15.3","192.168.15.4","MQTT","70","Publish Ack (id=1220)"
"204331","1246.327065050","192.168.15.4","192.168.15.3","MQTT","68","Disconnect Req"
"204343","1247.330655216","192.168.15.4","192.168.15.3","MQTT","90","Connect Command"
"204345","1247.332884431","192.168.15.4","192.168.15.3","MQTT","97","Publish Message (id=1221) [Deviceb'Device - 2']"
"204346","1247.333330003","192.168.15.3","192.168.15.4","MQTT","70","Connect Ack"
"204349","1247.335593483","192.168.15.3","192.168.15.4","MQTT","70","Publish Ack (id=1221)"
"204351","1247.336000162","192.168.15.4","192.168.15.3","MQTT","68","Disconnect Req"
"204367","1248.340122826","192.168.15.4","192.168.15.3","MQTT","90","Connect Command"
"204369","1248.343028129","192.168.15.4","192.168.15.3","MQTT","97","Publish Message (id=1222) [Deviceb'Device - 2']"
"204370","1248.343437964","192.168.15.3","192.168.15.4","MQTT","70","Connect Ack"
"204373","1248.345805840","192.168.15.3","192.168.15.4","MQTT","70","Publish Ack (id=1222)"
"204375","1248.346149250","192.168.15.4","192.168.15.3","MQTT","68","Disconnect Req"
"204390","1249.349886014","192.168.15.4","192.168.15.3","MQTT","90","Connect Command"
"204392","1249.352911584","192.168.15.4","192.168.15.3","MQTT","97","Publish Message (id=1223) [Deviceb'Device - 2']"
"204393","1249.353334664","192.168.15.3","192.168.15.4","MQTT","70","Connect Ack"
"204396","1249.355797641","192.168.15.3","192.168.15.4","MQTT","70","Publish Ack (id=1223)"
"204398","1249.356225309","192.168.15.4","192.168.15.3","MQTT","68","Disconnect Req"
"204406","1250.360350347","192.168.15.4","192.168.15.3","MQTT","90","Connect Command"
"204408","1250.364230022","192.168.15.4","192.168.15.3","MQTT","97","Publish Message (id=1224) [Deviceb'Device - 2']"
"204410","1250.367642443","192.168.15.3","192.168.15.4","MQTT","70","Connect Ack"
"204412","1250.370019548","192.168.15.3","192.168.15.4","MQTT","70","Publish Ack (id=1224)"
"204414","1250.370402602","192.168.15.4","192.168.15.3","MQTT","68","Disconnect Req"
"204426","1251.374517161","192.168.15.4","192.168.15.3","MQTT","90","Connect Command"
"204428","1251.377377138","192.168.15.4","192.168.15.3","MQTT","97","Publish Message (id=1225) [Deviceb'Device - 2']"
"204429","1251.377773928","192.168.15.3","192.168.15.4","MQTT","70","Connect Ack"
"204432","1251.380256101","192.168.15.3","192.168.15.4","MQTT","70","Publish Ack (id=1225)"
"204434","1251.380731911","192.168.15.4","192.168.15.3","MQTT","68","Disconnect Req"
"204446","1252.384946067","192.168.15.4","192.168.15.3","MQTT","90","Connect Command"
"204448","1252.387821263","192.168.15.4","192.168.15.3","MQTT","97","Publish Message (id=1226) [Deviceb'Device - 2']"
"204449","1252.388255614","192.168.15.3","192.168.15.4","MQTT","70","Connect Ack"
"204452","1252.390800105","192.168.15.3","192.168.15.4","MQTT","70","Publish Ack (id=1226)"
"204454","1252.391236710","192.168.15.4","192.168.15.3","MQTT","68","Disconnect Req"
"204468","1253.394738201","192.168.15.4","192.168.15.3","MQTT","90","Connect Command"
"204470","1253.397716392","192.168.15.4","192.168.15.3","MQTT","97","Publish Message (id=1227) [Deviceb'Device - 2']"
"204471","1253.398147226","192.168.15.3","192.168.15.4","MQTT","70","Connect Ack"
"204474","1253.400507008","192.168.15.3","192.168.15.4","MQTT","70","Publish Ack (id=1227)"
"204476","1253.400922694","192.168.15.4","192.168.15.3","MQTT","68","Disconnect Req"
"206336","1254.404979074","192.168.15.4","192.168.15.3","MQTT","90","Connect Command"
"206338","1254.407998011","192.168.15.4","192.168.15.3","MQTT","97","Publish Message (id=1228) [Deviceb'Device - 2']"
"206339","1254.408412405","192.168.15.3","192.168.15.4","MQTT","70","Connect Ack"
"206342","1254.410756116","192.168.15.3","192.168.15.4","MQTT","70","Publish Ack (id=1228)"
"206344","1254.411120855","192.168.15.4","192.168.15.3","MQTT","68","Disconnect Req"
"206382","1255.414645000","192.168.15.4","192.168.15.3","MQTT","90","Connect Command"
"206384","1255.417624643","192.168.15.4","192.168.15.3","MQTT","97","Publish Message (id=1229) [Deviceb'Device - 2']"
"206386","1255.422029632","192.168.15.3","192.168.15.4","MQTT","70","Connect Ack"
"206388","1255.424447733","192.168.15.3","192.168.15.4","MQTT","70","Publish Ack (id=1229)"
"206390","1255.424812223","192.168.15.4","192.168.15.3","MQTT","68","Disconnect Req"
"206403","1256.429081895","192.168.15.4","192.168.15.3","MQTT","90","Connect Command"
"206405","1256.431950178","192.168.15.4","192.168.15.3","MQTT","97","Publish Message (id=1230) [Deviceb'Device - 2']"
"206406","1256.432354052","192.168.15.3","192.168.15.4","MQTT","70","Connect Ack"
"206409","1256.434798634","192.168.15.3","192.168.15.4","MQTT","70","Publish Ack (id=1230)"
"206411","1256.435474722","192.168.15.4","192.168.15.3","MQTT","68","Disconnect Req"
"206428","1257.439311968","192.168.15.4","192.168.15.3","MQTT","90","Connect Command"
"206430","1257.442315276","192.168.15.4","192.168.15.3","MQTT","97","Publish Message (id=1231) [Deviceb'Device - 2']"
"206431","1257.442768473","192.168.15.3","192.168.15.4","MQTT","70","Connect Ack"
"206434","1257.445140257","192.168.15.3","192.168.15.4","MQTT","70","Publish Ack (id=1231)"
"206436","1257.445472886","192.168.15.4","192.168.15.3","MQTT","68","Disconnect Req"
"206449","1258.449201558","192.168.15.4","192.168.15.3","MQTT","90","Connect Command"
"206451","1258.452191050","192.168.15.4","192.168.15.3","MQTT","97","Publish Message (id=1232) [Deviceb'Device - 2']"
"206452","1258.452608499","192.168.15.3","192.168.15.4","MQTT","70","Connect Ack"
"206455","1258.456209557","192.168.15.3","192.168.15.4","MQTT","70","Publish Ack (id=1232)"
"206457","1258.456652435","192.168.15.4","192.168.15.3","MQTT","68","Disconnect Req"
"206475","1259.460931137","192.168.15.4","192.168.15.3","MQTT","90","Connect Command"
"206477","1259.463834907","192.168.15.4","192.168.15.3","MQTT","97","Publish Message (id=1233) [Deviceb'Device - 2']"
"206478","1259.464219615","192.168.15.3","192.168.15.4","MQTT","70","Connect Ack"
"206481","1259.466741152","192.168.15.3","192.168.15.4","MQTT","70","Publish Ack (id=1233)"
"206483","1259.467130949","192.168.15.4","192.168.15.3","MQTT","68","Disconnect Req"
"206498","1260.471147476","192.168.15.4","192.168.15.3","MQTT","90","Connect Command"
"206500","1260.473866125","192.168.15.4","192.168.15.3","MQTT","97","Publish Message (id=1234) [Deviceb'Device - 2']"
"206502","1260.478252619","192.168.15.3","192.168.15.4","MQTT","70","Connect Ack"
"206504","1260.480712118","192.168.15.3","192.168.15.4","MQTT","70","Publish Ack (id=1234)"
"206506","1260.481115671","192.168.15.4","192.168.15.3","MQTT","68","Disconnect Req"
"206514","1261.485429630","192.168.15.4","192.168.15.3","MQTT","90","Connect Command"
"206516","1261.488401449","192.168.15.4","192.168.15.3","MQTT","97","Publish Message (id=1235) [Deviceb'Device - 2']"
"206517","1261.488858523","192.168.15.3","192.168.15.4","MQTT","70","Connect Ack"
"206520","1261.491317542","192.168.15.3","192.168.15.4","MQTT","70","Publish Ack (id=1235)"
"206522","1261.491720885","192.168.15.4","192.168.15.3","MQTT","68","Disconnect Req"
"206534","1262.495893689","192.168.15.4","192.168.15.3","MQTT","90","Connect Command"
"206536","1262.498811085","192.168.15.4","192.168.15.3","MQTT","97","Publish Message (id=1236) [Deviceb'Device - 2']"
"206537","1262.499176235","192.168.15.3","192.168.15.4","MQTT","70","Connect Ack"
"206540","1262.501743389","192.168.15.3","192.168.15.4","MQTT","70","Publish Ack (id=1236)"
"206542","1262.502534264","192.168.15.4","192.168.15.3","MQTT","68","Disconnect Req"
"206556","1263.506963301","192.168.15.4","192.168.15.3","MQTT","90","Connect Command"
"206558","1263.509863073","192.168.15.4","192.168.15.3","MQTT","97","Publish Message (id=1237) [Deviceb'Device - 2']"
"206559","1263.510246678","192.168.15.3","192.168.15.4","MQTT","70","Connect Ack"
"206562","1263.512642408","192.168.15.3","192.168.15.4","MQTT","70","Publish Ack (id=1237)"
"206564","1263.513369633","192.168.15.4","192.168.15.3","MQTT","68","Disconnect Req"
"206587","1264.518015761","192.168.15.4","192.168.15.3","MQTT","90","Connect Command"
"206589","1264.520900796","192.168.15.4","192.168.15.3","MQTT","97","Publish Message (id=1238) [Deviceb'Device - 2']"
"206590","1264.521324246","192.168.15.3","192.168.15.4","MQTT","70","Connect Ack"
"206593","1264.523792493","192.168.15.3","192.168.15.4","MQTT","70","Publish Ack (id=1238)"
"206595","1264.524561888","192.168.15.4","192.168.15.3","MQTT","68","Disconnect Req"
"206607","1265.529169353","192.168.15.4","192.168.15.3","MQTT","90","Connect Command"
"206609","1265.532071600","192.168.15.4","192.168.15.3","MQTT","97","Publish Message (id=1239) [Deviceb'Device - 2']"
"206611","1265.536384946","192.168.15.3","192.168.15.4","MQTT","70","Connect Ack"
"206613","1265.538752281","192.168.15.3","192.168.15.4","MQTT","70","Publish Ack (id=1239)"
"206615","1265.539457144","192.168.15.4","192.168.15.3","MQTT","68","Disconnect Req"
"206628","1266.543295436","192.168.15.4","192.168.15.3","MQTT","90","Connect Command"
"206630","1266.546171283","192.168.15.4","192.168.15.3","MQTT","97","Publish Message (id=1240) [Deviceb'Device - 2']"
"206631","1266.546550861","192.168.15.3","192.168.15.4","MQTT","70","Connect Ack"
"206634","1266.548769075","192.168.15.3","192.168.15.4","MQTT","70","Publish Ack (id=1240)"
"206636","1266.549497662","192.168.15.4","192.168.15.3","MQTT","68","Disconnect Req"
"206648","1267.553892566","192.168.15.4","192.168.15.3","MQTT","90","Connect Command"
"206650","1267.556835610","192.168.15.4","192.168.15.3","MQTT","97","Publish Message (id=1241) [Deviceb'Device - 2']"
"206651","1267.557244102","192.168.15.3","192.168.15.4","MQTT","70","Connect Ack"
"206654","1267.559636506","192.168.15.3","192.168.15.4","MQTT","70","Publish Ack (id=1241)"
"206656","1267.560413434","192.168.15.4","192.168.15.3","MQTT","68","Disconnect Req"
"206668","1268.564800273","192.168.15.4","192.168.15.3","MQTT","90","Connect Command"
"206670","1268.567581982","192.168.15.4","192.168.15.3","MQTT","97","Publish Message (id=1242) [Deviceb'Device - 2']"
"206671","1268.568020712","192.168.15.3","192.168.15.4","MQTT","70","Connect Ack"
"206674","1268.571066270","192.168.15.3","192.168.15.4","MQTT","70","Publish Ack (id=1242)"
"206676","1268.571648150","192.168.15.4","192.168.15.3","MQTT","68","Disconnect Req"
"206888","1269.577955089","192.168.15.4","192.168.15.3","MQTT","90","Connect Command"
"206931","1269.582960593","192.168.15.4","192.168.15.3","MQTT","97","Publish Message (id=1243) [Deviceb'Device - 2']"
"206942","1269.583882245","192.168.15.3","192.168.15.4","MQTT","70","Connect Ack"
"206981","1269.587290629","192.168.15.3","192.168.15.4","MQTT","70","Publish Ack (id=1243)"
"206989","1269.587850097","192.168.15.4","192.168.15.3","MQTT","68","Disconnect Req"
"209168","1270.591695795","192.168.15.4","192.168.15.3","MQTT","90","Connect Command"
"209170","1270.594653246","192.168.15.4","192.168.15.3","MQTT","97","Publish Message (id=1244) [Deviceb'Device - 2']"
"209172","1270.599026695","192.168.15.3","192.168.15.4","MQTT","70","Connect Ack"
"209174","1270.601437022","192.168.15.3","192.168.15.4","MQTT","70","Publish Ack (id=1244)"
"209176","1270.601797623","192.168.15.4","192.168.15.3","MQTT","68","Disconnect Req"
"209188","1271.605593518","192.168.15.4","192.168.15.3","MQTT","90","Connect Command"
"209190","1271.608480797","192.168.15.4","192.168.15.3","MQTT","97","Publish Message (id=1245) [Deviceb'Device - 2']"
"209191","1271.608984349","192.168.15.3","192.168.15.4","MQTT","70","Connect Ack"
"209194","1271.611356293","192.168.15.3","192.168.15.4","MQTT","70","Publish Ack (id=1245)"
"209196","1271.611782830","192.168.15.4","192.168.15.3","MQTT","68","Disconnect Req"
"209207","1272.615458135","192.168.15.4","192.168.15.3","MQTT","90","Connect Command"
"209209","1272.618325055","192.168.15.4","192.168.15.3","MQTT","97","Publish Message (id=1246) [Deviceb'Device - 2']"
"209210","1272.618927444","192.168.15.3","192.168.15.4","MQTT","70","Connect Ack"
"209213","1272.621195011","192.168.15.3","192.168.15.4","MQTT","70","Publish Ack (id=1246)"
"209215","1272.622050348","192.168.15.4","192.168.15.3","MQTT","68","Disconnect Req"
"209223","1273.626429424","192.168.15.4","192.168.15.3","MQTT","90","Connect Command"
"209225","1273.637843845","192.168.15.4","192.168.15.3","MQTT","97","Publish Message (id=1247) [Deviceb'Device - 2']"
"209226","1273.638241877","192.168.15.3","192.168.15.4","MQTT","70","Connect Ack"
"209229","1273.640644510","192.168.15.3","192.168.15.4","MQTT","70","Publish Ack (id=1247)"
"209231","1273.641270924","192.168.15.4","192.168.15.3","MQTT","68","Disconnect Req"
"209245","1274.645446314","192.168.15.4","192.168.15.3","MQTT","90","Connect Command"
"209247","1274.649926054","192.168.15.4","192.168.15.3","MQTT","97","Publish Message (id=1248) [Deviceb'Device - 2']"
"209248","1274.650307315","192.168.15.3","192.168.15.4","MQTT","70","Connect Ack"
"209251","1274.652630598","192.168.15.3","192.168.15.4","MQTT","70","Publish Ack (id=1248)"
"209253","1274.653437283","192.168.15.4","192.168.15.3","MQTT","68","Disconnect Req"
"209267","1275.657831127","192.168.15.4","192.168.15.3","MQTT","90","Connect Command"
"209269","1275.660657862","192.168.15.4","192.168.15.3","MQTT","97","Publish Message (id=1249) [Deviceb'Device - 2']"
"209272","1275.665119467","192.168.15.3","192.168.15.4","MQTT","70","Connect Ack"
"209274","1275.668099190","192.168.15.3","192.168.15.4","MQTT","70","Publish Ack (id=1249)"
"209276","1275.668901186","192.168.15.4","192.168.15.3","MQTT","68","Disconnect Req"
"209288","1276.673320161","192.168.15.4","192.168.15.3","MQTT","90","Connect Command"
"209290","1276.676100257","192.168.15.4","192.168.15.3","MQTT","97","Publish Message (id=1250) [Deviceb'Device - 2']"
"209291","1276.676508809","192.168.15.3","192.168.15.4","MQTT","70","Connect Ack"
"209294","1276.679047198","192.168.15.3","192.168.15.4","MQTT","70","Publish Ack (id=1250)"
"209296","1276.679676929","192.168.15.4","192.168.15.3","MQTT","68","Disconnect Req"
"209308","1277.683920339","192.168.15.4","192.168.15.3","MQTT","90","Connect Command"
"209310","1277.686763625","192.168.15.4","192.168.15.3","MQTT","97","Publish Message (id=1251) [Deviceb'Device - 2']"
"209311","1277.687212153","192.168.15.3","192.168.15.4","MQTT","70","Connect Ack"
"209314","1277.689606981","192.168.15.3","192.168.15.4","MQTT","70","Publish Ack (id=1251)"
"209316","1277.689994323","192.168.15.4","192.168.15.3","MQTT","68","Disconnect Req"
"209328","1278.693876442","192.168.15.4","192.168.15.3","MQTT","90","Connect Command"
"209330","1278.696884338","192.168.15.4","192.168.15.3","MQTT","97","Publish Message (id=1252) [Deviceb'Device - 2']"
"209331","1278.697372521","192.168.15.3","192.168.15.4","MQTT","70","Connect Ack"
"209334","1278.700062367","192.168.15.3","192.168.15.4","MQTT","70","Publish Ack (id=1252)"
"209336","1278.700487971","192.168.15.4","192.168.15.3","MQTT","68","Disconnect Req"
"209351","1279.703743014","192.168.15.4","192.168.15.3","MQTT","90","Connect Command"
"209353","1279.706770026","192.168.15.4","192.168.15.3","MQTT","97","Publish Message (id=1253) [Deviceb'Device - 2']"
"209354","1279.707183178","192.168.15.3","192.168.15.4","MQTT","70","Connect Ack"
"209357","1279.709452999","192.168.15.3","192.168.15.4","MQTT","70","Publish Ack (id=1253)"
"209359","1279.709787011","192.168.15.4","192.168.15.3","MQTT","68","Disconnect Req"
"209373","1280.714343685","192.168.15.4","192.168.15.3","MQTT","90","Connect Command"
"209375","1280.717203752","192.168.15.4","192.168.15.3","MQTT","97","Publish Message (id=1254) [Deviceb'Device - 2']"
"209377","1280.721587891","192.168.15.3","192.168.15.4","MQTT","70","Connect Ack"
"209379","1280.723972710","192.168.15.3","192.168.15.4","MQTT","70","Publish Ack (id=1254)"
"209381","1280.724344393","192.168.15.4","192.168.15.3","MQTT","68","Disconnect Req"
"209393","1281.728730356","192.168.15.4","192.168.15.3","MQTT","90","Connect Command"
"209395","1281.731627103","192.168.15.4","192.168.15.3","MQTT","97","Publish Message (id=1255) [Deviceb'Device - 2']"
"209396","1281.732084458","192.168.15.3","192.168.15.4","MQTT","70","Connect Ack"
"209399","1281.734504172","192.168.15.3","192.168.15.4","MQTT","70","Publish Ack (id=1255)"
"209401","1281.734897245","192.168.15.4","192.168.15.3","MQTT","68","Disconnect Req"
"209415","1282.739204237","192.168.15.4","192.168.15.3","MQTT","90","Connect Command"
"209417","1282.742335738","192.168.15.4","192.168.15.3","MQTT","97","Publish Message (id=1256) [Deviceb'Device - 2']"
"209418","1282.742688685","192.168.15.3","192.168.15.4","MQTT","70","Connect Ack"
"209421","1282.745101056","192.168.15.3","192.168.15.4","MQTT","70","Publish Ack (id=1256)"
"209423","1282.745482227","192.168.15.4","192.168.15.3","MQTT","68","Disconnect Req"
"209440","1283.749281842","192.168.15.4","192.168.15.3","MQTT","90","Connect Command"
"209442","1283.752351857","192.168.15.4","192.168.15.3","MQTT","97","Publish Message (id=1257) [Deviceb'Device - 2']"
"209443","1283.752778053","192.168.15.3","192.168.15.4","MQTT","70","Connect Ack"
"209446","1283.755689437","192.168.15.3","192.168.15.4","MQTT","70","Publish Ack (id=1257)"
"209448","1283.756135981","192.168.15.4","192.168.15.3","MQTT","68","Disconnect Req"
"209456","1284.760137265","192.168.15.4","192.168.15.3","MQTT","90","Connect Command"
"209458","1284.762968468","192.168.15.4","192.168.15.3","MQTT","97","Publish Message (id=1258) [Deviceb'Device - 2']"
"209459","1284.763372452","192.168.15.3","192.168.15.4","MQTT","70","Connect Ack"
"209462","1284.765883770","192.168.15.3","192.168.15.4","MQTT","70","Publish Ack (id=1258)"
"209464","1284.766506448","192.168.15.4","192.168.15.3","MQTT","68","Disconnect Req"
"211356","1285.770428864","192.168.15.4","192.168.15.3","MQTT","90","Connect Command"
"211358","1285.773345268","192.168.15.4","192.168.15.3","MQTT","97","Publish Message (id=1259) [Deviceb'Device - 2']"
"211360","1285.777513709","192.168.15.3","192.168.15.4","MQTT","70","Connect Ack"
"211362","1285.779812575","192.168.15.3","192.168.15.4","MQTT","70","Publish Ack (id=1259)"
"211364","1285.780445492","192.168.15.4","192.168.15.3","MQTT","68","Disconnect Req"
"211409","1286.784888944","192.168.15.4","192.168.15.3","MQTT","90","Connect Command"
"211411","1286.787894336","192.168.15.4","192.168.15.3","MQTT","97","Publish Message (id=1260) [Deviceb'Device - 2']"
"211412","1286.788749994","192.168.15.3","192.168.15.4","MQTT","70","Connect Ack"
"211415","1286.790781495","192.168.15.3","192.168.15.4","MQTT","70","Publish Ack (id=1260)"
"211417","1286.791414972","192.168.15.4","192.168.15.3","MQTT","68","Disconnect Req"
"211429","1287.795676770","192.168.15.4","192.168.15.3","MQTT","90","Connect Command"
"211431","1287.798562196","192.168.15.4","192.168.15.3","MQTT","97","Publish Message (id=1261) [Deviceb'Device - 2']"
"211432","1287.799079534","192.168.15.3","192.168.15.4","MQTT","70","Connect Ack"
"211435","1287.801333876","192.168.15.3","192.168.15.4","MQTT","70","Publish Ack (id=1261)"
"211437","1287.801706110","192.168.15.4","192.168.15.3","MQTT","68","Disconnect Req"
"211453","1288.805647613","192.168.15.4","192.168.15.3","MQTT","90","Connect Command"
"211455","1288.808648777","192.168.15.4","192.168.15.3","MQTT","97","Publish Message (id=1262) [Deviceb'Device - 2']"
"211456","1288.809118605","192.168.15.3","192.168.15.4","MQTT","70","Connect Ack"
"211459","1288.811456826","192.168.15.3","192.168.15.4","MQTT","70","Publish Ack (id=1262)"
"211461","1288.811796077","192.168.15.4","192.168.15.3","MQTT","68","Disconnect Req"
"211473","1289.815312508","192.168.15.4","192.168.15.3","MQTT","90","Connect Command"
"211475","1289.818276411","192.168.15.4","192.168.15.3","MQTT","97","Publish Message (id=1263) [Deviceb'Device - 2']"
"211476","1289.818697548","192.168.15.3","192.168.15.4","MQTT","70","Connect Ack"
"211479","1289.821070785","192.168.15.3","192.168.15.4","MQTT","70","Publish Ack (id=1263)"
"211481","1289.821663586","192.168.15.4","192.168.15.3","MQTT","68","Disconnect Req"
"211493","1290.826049659","192.168.15.4","192.168.15.3","MQTT","90","Connect Command"
"211495","1290.828974950","192.168.15.4","192.168.15.3","MQTT","97","Publish Message (id=1264) [Deviceb'Device - 2']"
"211497","1290.833266784","192.168.15.3","192.168.15.4","MQTT","70","Connect Ack"
"211499","1290.835744398","192.168.15.3","192.168.15.4","MQTT","70","Publish Ack (id=1264)"
"211501","1290.836624202","192.168.15.4","192.168.15.3","MQTT","68","Disconnect Req"
"211517","1291.840640296","192.168.15.4","192.168.15.3","MQTT","90","Connect Command"
"211519","1291.843558373","192.168.15.4","192.168.15.3","MQTT","97","Publish Message (id=1265) [Deviceb'Device - 2']"
"211520","1291.843974840","192.168.15.3","192.168.15.4","MQTT","70","Connect Ack"
"211523","1291.846457805","192.168.15.3","192.168.15.4","MQTT","70","Publish Ack (id=1265)"
"211525","1291.846961747","192.168.15.4","192.168.15.3","MQTT","68","Disconnect Req"
"211539","1292.850510348","192.168.15.4","192.168.15.3","MQTT","90","Connect Command"
"211541","1292.853390413","192.168.15.4","192.168.15.3","MQTT","97","Publish Message (id=1266) [Deviceb'Device - 2']"
"211542","1292.853811239","192.168.15.3","192.168.15.4","MQTT","70","Connect Ack"
"211545","1292.856321395","192.168.15.3","192.168.15.4","MQTT","70","Publish Ack (id=1266)"
"211547","1292.856732643","192.168.15.4","192.168.15.3","MQTT","68","Disconnect Req"
"211570","1293.860244435","192.168.15.4","192.168.15.3","MQTT","90","Connect Command"
"211572","1293.863045881","192.168.15.4","192.168.15.3","MQTT","97","Publish Message (id=1267) [Deviceb'Device - 2']"
"211573","1293.863474511","192.168.15.3","192.168.15.4","MQTT","70","Connect Ack"
"211576","1293.866002832","192.168.15.3","192.168.15.4","MQTT","70","Publish Ack (id=1267)"
"211578","1293.866378973","192.168.15.4","192.168.15.3","MQTT","68","Disconnect Req"
"211608","1294.870582785","192.168.15.4","192.168.15.3","MQTT","90","Connect Command"
"211610","1294.873493818","192.168.15.4","192.168.15.3","MQTT","97","Publish Message (id=1268) [Deviceb'Device - 2']"
"211611","1294.873857205","192.168.15.3","192.168.15.4","MQTT","70","Connect Ack"
"211614","1294.876431142","192.168.15.3","192.168.15.4","MQTT","70","Publish Ack (id=1268)"
"211616","1294.877188333","192.168.15.4","192.168.15.3","MQTT","68","Disconnect Req"
"211637","1295.881130030","192.168.15.4","192.168.15.3","MQTT","90","Connect Command"
"211639","1295.883939853","192.168.15.4","192.168.15.3","MQTT","97","Publish Message (id=1269) [Deviceb'Device - 2']"
"211641","1295.888204115","192.168.15.3","192.168.15.4","MQTT","70","Connect Ack"
"211643","1295.890591308","192.168.15.3","192.168.15.4","MQTT","70","Publish Ack (id=1269)"
"211645","1295.890951369","192.168.15.4","192.168.15.3","MQTT","68","Disconnect Req"
"211657","1296.894337754","192.168.15.4","192.168.15.3","MQTT","90","Connect Command"
"211659","1296.897709078","192.168.15.4","192.168.15.3","MQTT","97","Publish Message (id=1270) [Deviceb'Device - 2']"
"211660","1296.897994027","192.168.15.3","192.168.15.4","MQTT","70","Connect Ack"
"211663","1296.900339602","192.168.15.3","192.168.15.4","MQTT","70","Publish Ack (id=1270)"
"211665","1296.901192113","192.168.15.4","192.168.15.3","MQTT","68","Disconnect Req"
"211677","1297.904646368","192.168.15.4","192.168.15.3","MQTT","90","Connect Command"
"211679","1297.907503770","192.168.15.4","192.168.15.3","MQTT","97","Publish Message (id=1271) [Deviceb'Device - 2']"
"211680","1297.907913665","192.168.15.3","192.168.15.4","MQTT","70","Connect Ack"
"211683","1297.910383344","192.168.15.3","192.168.15.4","MQTT","70","Publish Ack (id=1271)"
"211685","1297.910843243","192.168.15.4","192.168.15.3","MQTT","68","Disconnect Req"
"211700","1298.914512825","192.168.15.4","192.168.15.3","MQTT","90","Connect Command"
"211702","1298.917353736","192.168.15.4","192.168.15.3","MQTT","97","Publish Message (id=1272) [Deviceb'Device - 2']"
"211703","1298.917793117","192.168.15.3","192.168.15.4","MQTT","70","Connect Ack"
"211706","1298.920297552","192.168.15.3","192.168.15.4","MQTT","70","Publish Ack (id=1272)"
"211708","1298.920770967","192.168.15.4","192.168.15.3","MQTT","68","Disconnect Req"
"211720","1299.925097592","192.168.15.4","192.168.15.3","MQTT","90","Connect Command"
"211722","1299.928018093","192.168.15.4","192.168.15.3","MQTT","97","Publish Message (id=1273) [Deviceb'Device - 2']"
"211723","1299.928491989","192.168.15.3","192.168.15.4","MQTT","70","Connect Ack"
"211726","1299.930821704","192.168.15.3","192.168.15.4","MQTT","70","Publish Ack (id=1273)"
"211728","1299.931227842","192.168.15.4","192.168.15.3","MQTT","68","Disconnect Req"
"211740","1300.935385217","192.168.15.4","192.168.15.3","MQTT","90","Connect Command"
"211742","1300.938225697","192.168.15.4","192.168.15.3","MQTT","97","Publish Message (id=1274) [Deviceb'Device - 2']"
"211744","1300.942486533","192.168.15.3","192.168.15.4","MQTT","70","Connect Ack"
"211746","1300.944872184","192.168.15.3","192.168.15.4","MQTT","70","Publish Ack (id=1274)"
"211748","1300.945311414","192.168.15.4","192.168.15.3","MQTT","68","Disconnect Req"
"213672","1301.950185493","192.168.15.4","192.168.15.3","MQTT","90","Connect Command"
"213674","1301.953938750","192.168.15.3","192.168.15.4","MQTT","70","Connect Ack"
"213675","1301.953986510","192.168.15.4","192.168.15.3","MQTT","97","Publish Message (id=1275) [Deviceb'Device - 2']"
"213678","1301.956672929","192.168.15.3","192.168.15.4","MQTT","70","Publish Ack (id=1275)"
"213680","1301.957157135","192.168.15.4","192.168.15.3","MQTT","68","Disconnect Req"
"213689","1302.961464122","192.168.15.4","192.168.15.3","MQTT","90","Connect Command"
"213691","1302.964398190","192.168.15.4","192.168.15.3","MQTT","97","Publish Message (id=1276) [Deviceb'Device - 2']"
"213692","1302.964792756","192.168.15.3","192.168.15.4","MQTT","70","Connect Ack"
"213695","1302.967210688","192.168.15.3","192.168.15.4","MQTT","70","Publish Ack (id=1276)"
"213697","1302.967897706","192.168.15.4","192.168.15.3","MQTT","68","Disconnect Req"
"213711","1303.972779022","192.168.15.4","192.168.15.3","MQTT","90","Connect Command"
"213713","1303.976036591","192.168.15.4","192.168.15.3","MQTT","97","Publish Message (id=1277) [Deviceb'Device - 2']"
"213714","1303.976304617","192.168.15.3","192.168.15.4","MQTT","70","Connect Ack"
"213717","1303.979271016","192.168.15.3","192.168.15.4","MQTT","70","Publish Ack (id=1277)"
"213719","1303.979924341","192.168.15.4","192.168.15.3","MQTT","68","Disconnect Req"
"213741","1304.983583014","192.168.15.4","192.168.15.3","MQTT","90","Connect Command"
"213743","1304.986494478","192.168.15.4","192.168.15.3","MQTT","97","Publish Message (id=1278) [Deviceb'Device - 2']"
"213744","1304.986902179","192.168.15.3","192.168.15.4","MQTT","70","Connect Ack"
"213747","1304.989022919","192.168.15.3","192.168.15.4","MQTT","70","Publish Ack (id=1278)"
"213749","1304.989734604","192.168.15.4","192.168.15.3","MQTT","68","Disconnect Req"
"213767","1305.993470565","192.168.15.4","192.168.15.3","MQTT","90","Connect Command"
"213769","1305.995831389","192.168.15.4","192.168.15.3","MQTT","97","Publish Message (id=1279) [Deviceb'Device - 2']"
"213771","1306.000306379","192.168.15.3","192.168.15.4","MQTT","70","Connect Ack"
"213773","1306.002746483","192.168.15.3","192.168.15.4","MQTT","70","Publish Ack (id=1279)"
"213775","1306.003118356","192.168.15.4","192.168.15.3","MQTT","68","Disconnect Req"
"213791","1307.007080524","192.168.15.4","192.168.15.3","MQTT","90","Connect Command"
"213793","1307.010079594","192.168.15.4","192.168.15.3","MQTT","97","Publish Message (id=1280) [Deviceb'Device - 2']"
"213794","1307.010465083","192.168.15.3","192.168.15.4","MQTT","70","Connect Ack"
"213797","1307.021206451","192.168.15.3","192.168.15.4","MQTT","70","Publish Ack (id=1280)"
"213799","1307.022189360","192.168.15.4","192.168.15.3","MQTT","68","Disconnect Req"
"213807","1308.026356554","192.168.15.4","192.168.15.3","MQTT","90","Connect Command"
"213809","1308.029259222","192.168.15.4","192.168.15.3","MQTT","97","Publish Message (id=1281) [Deviceb'Device - 2']"
"213810","1308.029616598","192.168.15.3","192.168.15.4","MQTT","70","Connect Ack"
"213813","1308.032059136","192.168.15.3","192.168.15.4","MQTT","70","Publish Ack (id=1281)"
"213815","1308.032533553","192.168.15.4","192.168.15.3","MQTT","68","Disconnect Req"
"213830","1309.035649462","192.168.15.4","192.168.15.3","MQTT","90","Connect Command"
"213832","1309.038636168","192.168.15.4","192.168.15.3","MQTT","97","Publish Message (id=1282) [Deviceb'Device - 2']"
"213833","1309.039152184","192.168.15.3","192.168.15.4","MQTT","70","Connect Ack"
"213836","1309.041310935","192.168.15.3","192.168.15.4","MQTT","70","Publish Ack (id=1282)"
"213838","1309.041553774","192.168.15.4","192.168.15.3","MQTT","68","Disconnect Req"
"213850","1310.045051263","192.168.15.4","192.168.15.3","MQTT","90","Connect Command"
"213852","1310.049641251","192.168.15.4","192.168.15.3","MQTT","97","Publish Message (id=1283) [Deviceb'Device - 2']"
"213853","1310.050074460","192.168.15.3","192.168.15.4","MQTT","70","Connect Ack"
"213856","1310.052354831","192.168.15.3","192.168.15.4","MQTT","70","Publish Ack (id=1283)"
"213858","1310.052723849","192.168.15.4","192.168.15.3","MQTT","68","Disconnect Req"
"213870","1311.056049254","192.168.15.4","192.168.15.3","MQTT","90","Connect Command"
"213872","1311.059049447","192.168.15.4","192.168.15.3","MQTT","97","Publish Message (id=1284) [Deviceb'Device - 2']"
"213874","1311.063419729","192.168.15.3","192.168.15.4","MQTT","70","Connect Ack"
"213876","1311.066084056","192.168.15.3","192.168.15.4","MQTT","70","Publish Ack (id=1284)"
"213878","1311.066569684","192.168.15.4","192.168.15.3","MQTT","68","Disconnect Req"
"215405","1312.070776356","192.168.15.4","192.168.15.3","MQTT","90","Connect Command"
"215407","1312.073363718","192.168.15.4","192.168.15.3","MQTT","97","Publish Message (id=1285) [Deviceb'Device - 2']"
"215408","1312.073801225","192.168.15.3","192.168.15.4","MQTT","70","Connect Ack"
"215411","1312.076133996","192.168.15.3","192.168.15.4","MQTT","70","Publish Ack (id=1285)"
"215413","1312.076469821","192.168.15.4","192.168.15.3","MQTT","68","Disconnect Req"
"215425","1313.080666103","192.168.15.4","192.168.15.3","MQTT","90","Connect Command"
"215427","1313.083551558","192.168.15.4","192.168.15.3","MQTT","97","Publish Message (id=1286) [Deviceb'Device - 2']"
"215428","1313.083959279","192.168.15.3","192.168.15.4","MQTT","70","Connect Ack"
"215431","1313.086437134","192.168.15.3","192.168.15.4","MQTT","70","Publish Ack (id=1286)"
"215433","1313.086856396","192.168.15.4","192.168.15.3","MQTT","68","Disconnect Req"
"215448","1314.090642902","192.168.15.4","192.168.15.3","MQTT","90","Connect Command"
"215450","1314.093604171","192.168.15.4","192.168.15.3","MQTT","97","Publish Message (id=1287) [Deviceb'Device - 2']"
"215451","1314.094009527","192.168.15.3","192.168.15.4","MQTT","70","Connect Ack"
"215454","1314.096354020","192.168.15.3","192.168.15.4","MQTT","70","Publish Ack (id=1287)"
"215456","1314.097094810","192.168.15.4","192.168.15.3","MQTT","68","Disconnect Req"
"215468","1315.100928528","192.168.15.4","192.168.15.3","MQTT","90","Connect Command"
"215470","1315.103819073","192.168.15.4","192.168.15.3","MQTT","97","Publish Message (id=1288) [Deviceb'Device - 2']"
"215471","1315.104226603","192.168.15.3","192.168.15.4","MQTT","70","Connect Ack"
"215474","1315.106648733","192.168.15.3","192.168.15.4","MQTT","70","Publish Ack (id=1288)"
"215476","1315.106979849","192.168.15.4","192.168.15.3","MQTT","68","Disconnect Req"
"215489","1316.110991633","192.168.15.4","192.168.15.3","MQTT","90","Connect Command"
"215491","1316.113962099","192.168.15.4","192.168.15.3","MQTT","97","Publish Message (id=1289) [Deviceb'Device - 2']"
"215493","1316.118321671","192.168.15.3","192.168.15.4","MQTT","70","Connect Ack"
"215495","1316.120730546","192.168.15.3","192.168.15.4","MQTT","70","Publish Ack (id=1289)"
"215497","1316.121199182","192.168.15.4","192.168.15.3","MQTT","68","Disconnect Req"
"215509","1317.125136125","192.168.15.4","192.168.15.3","MQTT","90","Connect Command"
"215511","1317.128150173","192.168.15.4","192.168.15.3","MQTT","97","Publish Message (id=1290) [Deviceb'Device - 2']"
"215512","1317.129400357","192.168.15.3","192.168.15.4","MQTT","70","Connect Ack"
"215515","1317.131043554","192.168.15.3","192.168.15.4","MQTT","70","Publish Ack (id=1290)"
"215517","1317.131434253","192.168.15.4","192.168.15.3","MQTT","68","Disconnect Req"
"215531","1318.135473459","192.168.15.4","192.168.15.3","MQTT","90","Connect Command"
"215533","1318.138369173","192.168.15.4","192.168.15.3","MQTT","97","Publish Message (id=1291) [Deviceb'Device - 2']"
"215534","1318.138769691","192.168.15.3","192.168.15.4","MQTT","70","Connect Ack"
"215537","1318.141281380","192.168.15.3","192.168.15.4","MQTT","70","Publish Ack (id=1291)"
"215539","1318.144072377","192.168.15.4","192.168.15.3","MQTT","68","Disconnect Req"
"215554","1319.148422360","192.168.15.4","192.168.15.3","MQTT","90","Connect Command"
"215556","1319.150762144","192.168.15.4","192.168.15.3","MQTT","97","Publish Message (id=1292) [Deviceb'Device - 2']"
"215557","1319.151118878","192.168.15.3","192.168.15.4","MQTT","70","Connect Ack"
"215560","1319.153834342","192.168.15.3","192.168.15.4","MQTT","70","Publish Ack (id=1292)"
"215562","1319.154331792","192.168.15.4","192.168.15.3","MQTT","68","Disconnect Req"
"215576","1320.158586585","192.168.15.4","192.168.15.3","MQTT","90","Connect Command"
"215578","1320.161479575","192.168.15.4","192.168.15.3","MQTT","97","Publish Message (id=1293) [Deviceb'Device - 2']"
"215579","1320.161878760","192.168.15.3","192.168.15.4","MQTT","70","Connect Ack"
"215582","1320.164366092","192.168.15.3","192.168.15.4","MQTT","70","Publish Ack (id=1293)"
"215584","1320.164840369","192.168.15.4","192.168.15.3","MQTT","68","Disconnect Req"
"215595","1321.169167350","192.168.15.4","192.168.15.3","MQTT","90","Connect Command"
"215598","1321.172140240","192.168.15.4","192.168.15.3","MQTT","97","Publish Message (id=1294) [Deviceb'Device - 2']"
"215600","1321.176735057","192.168.15.3","192.168.15.4","MQTT","70","Connect Ack"
"215602","1321.179124225","192.168.15.3","192.168.15.4","MQTT","70","Publish Ack (id=1294)"
"215604","1321.179535663","192.168.15.4","192.168.15.3","MQTT","68","Disconnect Req"
"215614","1322.183200422","192.168.15.4","192.168.15.3","MQTT","90","Connect Command"
"215616","1322.186038838","192.168.15.4","192.168.15.3","MQTT","97","Publish Message (id=1295) [Deviceb'Device - 2']"
"215617","1322.186449715","192.168.15.3","192.168.15.4","MQTT","70","Connect Ack"
"215620","1322.188911299","192.168.15.3","192.168.15.4","MQTT","70","Publish Ack (id=1295)"
"215622","1322.189334489","192.168.15.4","192.168.15.3","MQTT","68","Disconnect Req"
"217287","1323.193457836","192.168.15.4","192.168.15.3","MQTT","90","Connect Command"
"217289","1323.196405248","192.168.15.4","192.168.15.3","MQTT","97","Publish Message (id=1296) [Deviceb'Device - 2']"
"217290","1323.196801547","192.168.15.3","192.168.15.4","MQTT","70","Connect Ack"
"217293","1323.199323055","192.168.15.3","192.168.15.4","MQTT","70","Publish Ack (id=1296)"
"217295","1323.199803914","192.168.15.4","192.168.15.3","MQTT","68","Disconnect Req"
"217310","1324.203597136","192.168.15.4","192.168.15.3","MQTT","90","Connect Command"
"217312","1324.206537025","192.168.15.4","192.168.15.3","MQTT","97","Publish Message (id=1297) [Deviceb'Device - 2']"
"217313","1324.206915200","192.168.15.3","192.168.15.4","MQTT","70","Connect Ack"
"217316","1324.209363809","192.168.15.3","192.168.15.4","MQTT","70","Publish Ack (id=1297)"
"217318","1324.209838937","192.168.15.4","192.168.15.3","MQTT","68","Disconnect Req"
"217338","1325.214292680","192.168.15.4","192.168.15.3","MQTT","90","Connect Command"
"217340","1325.217187213","192.168.15.4","192.168.15.3","MQTT","97","Publish Message (id=1298) [Deviceb'Device - 2']"
"217341","1325.217553455","192.168.15.3","192.168.15.4","MQTT","70","Connect Ack"
"217344","1325.220040587","192.168.15.3","192.168.15.4","MQTT","70","Publish Ack (id=1298)"
"217346","1325.220416889","192.168.15.4","192.168.15.3","MQTT","68","Disconnect Req"
"217359","1326.224469093","192.168.15.4","192.168.15.3","MQTT","90","Connect Command"
"217361","1326.227215606","192.168.15.4","192.168.15.3","MQTT","97","Publish Message (id=1299) [Deviceb'Device - 2']"
"217363","1326.231314255","192.168.15.3","192.168.15.4","MQTT","70","Connect Ack"
"217365","1326.233579277","192.168.15.3","192.168.15.4","MQTT","70","Publish Ack (id=1299)"
"217367","1326.233982099","192.168.15.4","192.168.15.3","MQTT","68","Disconnect Req"
"217383","1327.238486897","192.168.15.4","192.168.15.3","MQTT","90","Connect Command"
"217385","1327.241350992","192.168.15.4","192.168.15.3","MQTT","97","Publish Message (id=1300) [Deviceb'Device - 2']"
"217386","1327.241715291","192.168.15.3","192.168.15.4","MQTT","70","Connect Ack"
"217389","1327.244231789","192.168.15.3","192.168.15.4","MQTT","70","Publish Ack (id=1300)"
"217391","1327.244831643","192.168.15.4","192.168.15.3","MQTT","68","Disconnect Req"
"217403","1328.249107669","192.168.15.4","192.168.15.3","MQTT","90","Connect Command"
"217405","1328.252261361","192.168.15.3","192.168.15.4","MQTT","70","Connect Ack"
"217406","1328.252290376","192.168.15.4","192.168.15.3","MQTT","97","Publish Message (id=1301) [Deviceb'Device - 2']"
"217409","1328.254831591","192.168.15.3","192.168.15.4","MQTT","70","Publish Ack (id=1301)"
"217411","1328.255230685","192.168.15.4","192.168.15.3","MQTT","68","Disconnect Req"
"217429","1329.259578818","192.168.15.4","192.168.15.3","MQTT","90","Connect Command"
"217431","1329.262419319","192.168.15.4","192.168.15.3","MQTT","97","Publish Message (id=1302) [Deviceb'Device - 2']"
"217432","1329.262855453","192.168.15.3","192.168.15.4","MQTT","70","Connect Ack"
"217435","1329.264897584","192.168.15.3","192.168.15.4","MQTT","70","Publish Ack (id=1302)"
"217437","1329.265673812","192.168.15.4","192.168.15.3","MQTT","68","Disconnect Req"
"217461","1330.269661003","192.168.15.4","192.168.15.3","MQTT","90","Connect Command"
"217463","1330.274352794","192.168.15.4","192.168.15.3","MQTT","97","Publish Message (id=1303) [Deviceb'Device - 2']"
"217464","1330.274696474","192.168.15.3","192.168.15.4","MQTT","70","Connect Ack"
"217467","1330.285919883","192.168.15.3","192.168.15.4","MQTT","70","Publish Ack (id=1303)"
"217469","1330.286651997","192.168.15.4","192.168.15.3","MQTT","68","Disconnect Req"
"217481","1331.290603023","192.168.15.4","192.168.15.3","MQTT","90","Connect Command"
"217483","1331.293485372","192.168.15.4","192.168.15.3","MQTT","97","Publish Message (id=1304) [Deviceb'Device - 2']"
"217485","1331.297715871","192.168.15.3","192.168.15.4","MQTT","70","Connect Ack"
"217487","1331.300130386","192.168.15.3","192.168.15.4","MQTT","70","Publish Ack (id=1304)"
"217489","1331.300865696","192.168.15.4","192.168.15.3","MQTT","68","Disconnect Req"
"217503","1332.304659182","192.168.15.4","192.168.15.3","MQTT","90","Connect Command"
"217505","1332.307559546","192.168.15.4","192.168.15.3","MQTT","97","Publish Message (id=1305) [Deviceb'Device - 2']"
"217506","1332.307957047","192.168.15.3","192.168.15.4","MQTT","70","Connect Ack"
"217509","1332.310409223","192.168.15.3","192.168.15.4","MQTT","70","Publish Ack (id=1305)"
"217511","1332.311213955","192.168.15.4","192.168.15.3","MQTT","68","Disconnect Req"
"219596","1333.315203660","192.168.15.4","192.168.15.3","MQTT","90","Connect Command"
"219598","1333.318266571","192.168.15.4","192.168.15.3","MQTT","97","Publish Message (id=1306) [Deviceb'Device - 2']"
"219599","1333.318641720","192.168.15.3","192.168.15.4","MQTT","70","Connect Ack"
"219602","1333.321143891","192.168.15.3","192.168.15.4","MQTT","70","Publish Ack (id=1306)"
"219604","1333.321800923","192.168.15.4","192.168.15.3","MQTT","68","Disconnect Req"
"219621","1334.325862756","192.168.15.4","192.168.15.3","MQTT","90","Connect Command"
"219623","1334.328868669","192.168.15.4","192.168.15.3","MQTT","97","Publish Message (id=1307) [Deviceb'Device - 2']"
"219624","1334.329286679","192.168.15.3","192.168.15.4","MQTT","70","Connect Ack"
"219627","1334.331374367","192.168.15.3","192.168.15.4","MQTT","70","Publish Ack (id=1307)"
"219629","1334.331727204","192.168.15.4","192.168.15.3","MQTT","68","Disconnect Req"
"219642","1335.344887030","192.168.15.4","192.168.15.3","MQTT","90","Connect Command"
"219644","1335.347894266","192.168.15.4","192.168.15.3","MQTT","97","Publish Message (id=1308) [Deviceb'Device - 2']"
"219645","1335.348847278","192.168.15.3","192.168.15.4","MQTT","70","Connect Ack"
"219648","1335.350424019","192.168.15.3","192.168.15.4","MQTT","70","Publish Ack (id=1308)"
"219650","1335.350714178","192.168.15.4","192.168.15.3","MQTT","68","Disconnect Req"
"219665","1336.354442441","192.168.15.4","192.168.15.3","MQTT","90","Connect Command"
"219667","1336.357411434","192.168.15.4","192.168.15.3","MQTT","97","Publish Message (id=1309) [Deviceb'Device - 2']"
"219669","1336.361704651","192.168.15.3","192.168.15.4","MQTT","70","Connect Ack"
"219671","1336.364697670","192.168.15.3","192.168.15.4","MQTT","70","Publish Ack (id=1309)"
"219673","1336.365040809","192.168.15.4","192.168.15.3","MQTT","68","Disconnect Req"
"219685","1337.368795142","192.168.15.4","192.168.15.3","MQTT","90","Connect Command"
"219687","1337.371638688","192.168.15.4","192.168.15.3","MQTT","97","Publish Message (id=1310) [Deviceb'Device - 2']"
"219688","1337.372010761","192.168.15.3","192.168.15.4","MQTT","70","Connect Ack"
"219691","1337.374108688","192.168.15.3","192.168.15.4","MQTT","70","Publish Ack (id=1310)"
"219693","1337.374537198","192.168.15.4","192.168.15.3","MQTT","68","Disconnect Req"
"219705","1338.378018484","192.168.15.4","192.168.15.3","MQTT","90","Connect Command"
"219707","1338.380914519","192.168.15.4","192.168.15.3","MQTT","97","Publish Message (id=1311) [Deviceb'Device - 2']"
"219708","1338.381341506","192.168.15.3","192.168.15.4","MQTT","70","Connect Ack"
"219711","1338.383405088","192.168.15.3","192.168.15.4","MQTT","70","Publish Ack (id=1311)"
"219713","1338.383720394","192.168.15.4","192.168.15.3","MQTT","68","Disconnect Req"
"219728","1339.387463217","192.168.15.4","192.168.15.3","MQTT","90","Connect Command"
"219730","1339.390381354","192.168.15.4","192.168.15.3","MQTT","97","Publish Message (id=1312) [Deviceb'Device - 2']"
"219731","1339.390753799","192.168.15.3","192.168.15.4","MQTT","70","Connect Ack"
"219734","1339.393204452","192.168.15.3","192.168.15.4","MQTT","70","Publish Ack (id=1312)"
"219736","1339.393594149","192.168.15.4","192.168.15.3","MQTT","68","Disconnect Req"
"219750","1340.397401864","192.168.15.4","192.168.15.3","MQTT","90","Connect Command"
"219752","1340.400186640","192.168.15.4","192.168.15.3","MQTT","97","Publish Message (id=1313) [Deviceb'Device - 2']"
"219753","1340.400613446","192.168.15.3","192.168.15.4","MQTT","70","Connect Ack"
"219756","1340.403281891","192.168.15.3","192.168.15.4","MQTT","70","Publish Ack (id=1313)"
"219758","1340.403689502","192.168.15.4","192.168.15.3","MQTT","68","Disconnect Req"
"219770","1341.407258275","192.168.15.4","192.168.15.3","MQTT","90","Connect Command"
"219772","1341.410256874","192.168.15.4","192.168.15.3","MQTT","97","Publish Message (id=1314) [Deviceb'Device - 2']"
"219774","1341.414471122","192.168.15.3","192.168.15.4","MQTT","70","Connect Ack"
"219776","1341.416793433","192.168.15.3","192.168.15.4","MQTT","70","Publish Ack (id=1314)"
"219778","1341.417487755","192.168.15.4","192.168.15.3","MQTT","68","Disconnect Req"
"219786","1342.421971168","192.168.15.4","192.168.15.3","MQTT","90","Connect Command"
"219788","1342.424926065","192.168.15.4","192.168.15.3","MQTT","97","Publish Message (id=1315) [Deviceb'Device - 2']"
"219789","1342.425325170","192.168.15.3","192.168.15.4","MQTT","70","Connect Ack"
"219792","1342.427419550","192.168.15.3","192.168.15.4","MQTT","70","Publish Ack (id=1315)"
"219794","1342.427729045","192.168.15.4","192.168.15.3","MQTT","68","Disconnect Req"
"219806","1343.432093831","192.168.15.4","192.168.15.3","MQTT","90","Connect Command"
"219808","1343.434983474","192.168.15.4","192.168.15.3","MQTT","97","Publish Message (id=1316) [Deviceb'Device - 2']"
"219809","1343.435317325","192.168.15.3","192.168.15.4","MQTT","70","Connect Ack"
"219812","1343.438454807","192.168.15.3","192.168.15.4","MQTT","70","Publish Ack (id=1316)"
"219814","1343.438817723","192.168.15.4","192.168.15.3","MQTT","68","Disconnect Req"
"221716","1344.442513627","192.168.15.4","192.168.15.3","MQTT","90","Connect Command"
"221718","1344.445429030","192.168.15.4","192.168.15.3","MQTT","97","Publish Message (id=1317) [Deviceb'Device - 2']"
"221719","1344.445841860","192.168.15.3","192.168.15.4","MQTT","70","Connect Ack"
"221722","1344.447897296","192.168.15.3","192.168.15.4","MQTT","70","Publish Ack (id=1317)"
"221724","1344.448191573","192.168.15.4","192.168.15.3","MQTT","68","Disconnect Req"
"221736","1345.452389675","192.168.15.4","192.168.15.3","MQTT","90","Connect Command"
"221738","1345.455489907","192.168.15.4","192.168.15.3","MQTT","97","Publish Message (id=1318) [Deviceb'Device - 2']"
"221739","1345.455819039","192.168.15.3","192.168.15.4","MQTT","70","Connect Ack"
"221742","1345.457968874","192.168.15.3","192.168.15.4","MQTT","70","Publish Ack (id=1318)"
"221744","1345.458670951","192.168.15.4","192.168.15.3","MQTT","68","Disconnect Req"
"221791","1346.463758496","192.168.15.4","192.168.15.3","MQTT","90","Connect Command"
"221793","1346.468390564","192.168.15.4","192.168.15.3","MQTT","97","Publish Message (id=1319) [Deviceb'Device - 2']"
"221795","1346.472529700","192.168.15.3","192.168.15.4","MQTT","70","Connect Ack"
"221797","1346.474926171","192.168.15.3","192.168.15.4","MQTT","70","Publish Ack (id=1319)"
"221799","1346.475721584","192.168.15.4","192.168.15.3","MQTT","68","Disconnect Req"
"221808","1347.480988729","192.168.15.4","192.168.15.3","MQTT","90","Connect Command"
"221810","1347.483858144","192.168.15.4","192.168.15.3","MQTT","97","Publish Message (id=1320) [Deviceb'Device - 2']"
"221811","1347.484215500","192.168.15.3","192.168.15.4","MQTT","70","Connect Ack"
"221814","1347.486615087","192.168.15.3","192.168.15.4","MQTT","70","Publish Ack (id=1320)"
"221816","1347.487500270","192.168.15.4","192.168.15.3","MQTT","68","Disconnect Req"
"221824","1348.491932667","192.168.15.4","192.168.15.3","MQTT","90","Connect Command"
"221826","1348.494926017","192.168.15.4","192.168.15.3","MQTT","97","Publish Message (id=1321) [Deviceb'Device - 2']"
"221827","1348.495344067","192.168.15.3","192.168.15.4","MQTT","70","Connect Ack"
"221830","1348.497333839","192.168.15.3","192.168.15.4","MQTT","70","Publish Ack (id=1321)"
"221832","1348.498269678","192.168.15.4","192.168.15.3","MQTT","68","Disconnect Req"
"221849","1349.501976926","192.168.15.4","192.168.15.3","MQTT","90","Connect Command"
"221851","1349.504901245","192.168.15.4","192.168.15.3","MQTT","97","Publish Message (id=1322) [Deviceb'Device - 2']"
"221852","1349.505315067","192.168.15.3","192.168.15.4","MQTT","70","Connect Ack"
"221855","1349.507817749","192.168.15.3","192.168.15.4","MQTT","70","Publish Ack (id=1322)"
"221857","1349.508600118","192.168.15.4","192.168.15.3","MQTT","68","Disconnect Req"
"221865","1350.512678586","192.168.15.4","192.168.15.3","MQTT","90","Connect Command"
"221867","1350.515706962","192.168.15.4","192.168.15.3","MQTT","97","Publish Message (id=1323) [Deviceb'Device - 2']"
"221868","1350.516064227","192.168.15.3","192.168.15.4","MQTT","70","Connect Ack"
"221871","1350.518242726","192.168.15.3","192.168.15.4","MQTT","70","Publish Ack (id=1323)"
"221873","1350.519118442","192.168.15.4","192.168.15.3","MQTT","68","Disconnect Req"
"221885","1351.522973347","192.168.15.4","192.168.15.3","MQTT","90","Connect Command"
"221887","1351.526064862","192.168.15.4","192.168.15.3","MQTT","97","Publish Message (id=1324) [Deviceb'Device - 2']"
"221889","1351.530250456","192.168.15.3","192.168.15.4","MQTT","70","Connect Ack"
"221891","1351.532617892","192.168.15.3","192.168.15.4","MQTT","70","Publish Ack (id=1324)"
"221893","1351.533524836","192.168.15.4","192.168.15.3","MQTT","68","Disconnect Req"
"221905","1352.537220802","192.168.15.4","192.168.15.3","MQTT","90","Connect Command"
"221907","1352.542008084","192.168.15.4","192.168.15.3","MQTT","97","Publish Message (id=1325) [Deviceb'Device - 2']"
"221908","1352.542342967","192.168.15.3","192.168.15.4","MQTT","70","Connect Ack"
"221911","1352.545007675","192.168.15.3","192.168.15.4","MQTT","70","Publish Ack (id=1325)"
"221913","1352.545486680","192.168.15.4","192.168.15.3","MQTT","68","Disconnect Req"
"221925","1353.549444401","192.168.15.4","192.168.15.3","MQTT","90","Connect Command"
"221927","1353.552459090","192.168.15.4","192.168.15.3","MQTT","97","Publish Message (id=1326) [Deviceb'Device - 2']"
"221928","1353.552887110","192.168.15.3","192.168.15.4","MQTT","70","Connect Ack"
"221931","1353.555211173","192.168.15.3","192.168.15.4","MQTT","70","Publish Ack (id=1326)"
"221933","1353.556024000","192.168.15.4","192.168.15.3","MQTT","68","Disconnect Req"
"221960","1354.560115906","192.168.15.4","192.168.15.3","MQTT","90","Connect Command"
"221962","1354.563201369","192.168.15.4","192.168.15.3","MQTT","97","Publish Message (id=1327) [Deviceb'Device - 2']"
"221963","1354.563533307","192.168.15.3","192.168.15.4","MQTT","70","Connect Ack"
"221966","1354.565965997","192.168.15.3","192.168.15.4","MQTT","70","Publish Ack (id=1327)"
"221968","1354.566801116","192.168.15.4","192.168.15.3","MQTT","68","Disconnect Req"
"221999","1355.570733359","192.168.15.4","192.168.15.3","MQTT","90","Connect Command"
"222001","1355.573635586","192.168.15.4","192.168.15.3","MQTT","97","Publish Message (id=1328) [Deviceb'Device - 2']"
"222002","1355.573965730","192.168.15.3","192.168.15.4","MQTT","70","Connect Ack"
"222005","1355.576129170","192.168.15.3","192.168.15.4","MQTT","70","Publish Ack (id=1328)"
"222007","1355.576930165","192.168.15.4","192.168.15.3","MQTT","68","Disconnect Req"
"222020","1356.581220837","192.168.15.4","192.168.15.3","MQTT","90","Connect Command"
"222022","1356.584099609","192.168.15.4","192.168.15.3","MQTT","97","Publish Message (id=1329) [Deviceb'Device - 2']"
"222024","1356.588387056","192.168.15.3","192.168.15.4","MQTT","70","Connect Ack"
"222026","1356.590875460","192.168.15.3","192.168.15.4","MQTT","70","Publish Ack (id=1329)"
"222028","1356.591282089","192.168.15.4","192.168.15.3","MQTT","68","Disconnect Req"
"222040","1357.595427779","192.168.15.4","192.168.15.3","MQTT","90","Connect Command"
"222042","1357.598317362","192.168.15.4","192.168.15.3","MQTT","97","Publish Message (id=1330) [Deviceb'Device - 2']"
"222043","1357.598710526","192.168.15.3","192.168.15.4","MQTT","70","Connect Ack"
"222046","1357.601231663","192.168.15.3","192.168.15.4","MQTT","70","Publish Ack (id=1330)"
"222048","1357.601586303","192.168.15.4","192.168.15.3","MQTT","68","Disconnect Req"
"222060","1358.605411977","192.168.15.4","192.168.15.3","MQTT","90","Connect Command"
"222062","1358.608402501","192.168.15.4","192.168.15.3","MQTT","97","Publish Message (id=1331) [Deviceb'Device - 2']"
"222063","1358.608800403","192.168.15.3","192.168.15.4","MQTT","70","Connect Ack"
"222066","1358.611283798","192.168.15.3","192.168.15.4","MQTT","70","Publish Ack (id=1331)"
"222068","1358.611575209","192.168.15.4","192.168.15.3","MQTT","68","Disconnect Req"
"222083","1359.615016355","192.168.15.4","192.168.15.3","MQTT","90","Connect Command"
"222085","1359.618020304","192.168.15.4","192.168.15.3","MQTT","97","Publish Message (id=1332) [Deviceb'Device - 2']"
"222086","1359.618447552","192.168.15.3","192.168.15.4","MQTT","70","Connect Ack"
"222089","1359.620859162","192.168.15.3","192.168.15.4","MQTT","70","Publish Ack (id=1332)"
"222091","1359.621159780","192.168.15.4","192.168.15.3","MQTT","68","Disconnect Req"
"224042","1360.625126991","192.168.15.4","192.168.15.3","MQTT","90","Connect Command"
"224044","1360.628352710","192.168.15.4","192.168.15.3","MQTT","97","Publish Message (id=1333) [Deviceb'Device - 2']"
"224045","1360.628769728","192.168.15.3","192.168.15.4","MQTT","70","Connect Ack"
"224048","1360.630809715","192.168.15.3","192.168.15.4","MQTT","70","Publish Ack (id=1333)"
"224050","1360.631521891","192.168.15.4","192.168.15.3","MQTT","68","Disconnect Req"
"224062","1361.635401888","192.168.15.4","192.168.15.3","MQTT","90","Connect Command"
"224064","1361.638150354","192.168.15.4","192.168.15.3","MQTT","97","Publish Message (id=1334) [Deviceb'Device - 2']"
"224066","1361.642391232","192.168.15.3","192.168.15.4","MQTT","70","Connect Ack"
"224068","1361.644738310","192.168.15.3","192.168.15.4","MQTT","70","Publish Ack (id=1334)"
"224070","1361.645087831","192.168.15.4","192.168.15.3","MQTT","68","Disconnect Req"
"224082","1362.649181151","192.168.15.4","192.168.15.3","MQTT","90","Connect Command"
"224084","1362.652225697","192.168.15.4","192.168.15.3","MQTT","97","Publish Message (id=1335) [Deviceb'Device - 2']"
"224085","1362.652659838","192.168.15.3","192.168.15.4","MQTT","70","Connect Ack"
"224088","1362.654707730","192.168.15.3","192.168.15.4","MQTT","70","Publish Ack (id=1335)"
"224090","1362.655302645","192.168.15.4","192.168.15.3","MQTT","68","Disconnect Req"
"224107","1363.659473622","192.168.15.4","192.168.15.3","MQTT","90","Connect Command"
"224109","1363.662515814","192.168.15.4","192.168.15.3","MQTT","97","Publish Message (id=1336) [Deviceb'Device - 2']"
"224110","1363.662961026","192.168.15.3","192.168.15.4","MQTT","70","Connect Ack"
"224113","1363.664980865","192.168.15.3","192.168.15.4","MQTT","70","Publish Ack (id=1336)"
"224115","1363.665311049","192.168.15.4","192.168.15.3","MQTT","68","Disconnect Req"
"224132","1364.668512826","192.168.15.4","192.168.15.3","MQTT","90","Connect Command"
"224134","1364.671547483","192.168.15.4","192.168.15.3","MQTT","97","Publish Message (id=1337) [Deviceb'Device - 2']"
"224135","1364.671888097","192.168.15.3","192.168.15.4","MQTT","70","Connect Ack"
"224138","1364.674423901","192.168.15.3","192.168.15.4","MQTT","70","Publish Ack (id=1337)"
"224140","1364.674963081","192.168.15.4","192.168.15.3","MQTT","68","Disconnect Req"
"224148","1365.679410752","192.168.15.4","192.168.15.3","MQTT","90","Connect Command"
"224150","1365.682373854","192.168.15.4","192.168.15.3","MQTT","97","Publish Message (id=1338) [Deviceb'Device - 2']"
"224151","1365.682774833","192.168.15.3","192.168.15.4","MQTT","70","Connect Ack"
"224154","1365.684854164","192.168.15.3","192.168.15.4","MQTT","70","Publish Ack (id=1338)"
"224156","1365.685406358","192.168.15.4","192.168.15.3","MQTT","68","Disconnect Req"
"224169","1366.693301878","192.168.15.4","192.168.15.3","MQTT","90","Connect Command"
"224171","1366.696344881","192.168.15.4","192.168.15.3","MQTT","97","Publish Message (id=1339) [Deviceb'Device - 2']"
"224173","1366.700540514","192.168.15.3","192.168.15.4","MQTT","70","Connect Ack"
"224175","1366.703013750","192.168.15.3","192.168.15.4","MQTT","70","Publish Ack (id=1339)"
"224177","1366.703283089","192.168.15.4","192.168.15.3","MQTT","68","Disconnect Req"
"224189","1367.707558715","192.168.15.4","192.168.15.3","MQTT","90","Connect Command"
"224191","1367.710605806","192.168.15.4","192.168.15.3","MQTT","97","Publish Message (id=1340) [Deviceb'Device - 2']"
"224192","1367.711028355","192.168.15.3","192.168.15.4","MQTT","70","Connect Ack"
"224195","1367.713189291","192.168.15.3","192.168.15.4","MQTT","70","Publish Ack (id=1340)"
"224197","1367.713781040","192.168.15.4","192.168.15.3","MQTT","68","Disconnect Req"
"224209","1368.717311066","192.168.15.4","192.168.15.3","MQTT","90","Connect Command"
"224211","1368.722029828","192.168.15.4","192.168.15.3","MQTT","97","Publish Message (id=1341) [Deviceb'Device - 2']"
"224212","1368.722457336","192.168.15.3","192.168.15.4","MQTT","70","Connect Ack"
"224215","1368.724439243","192.168.15.3","192.168.15.4","MQTT","70","Publish Ack (id=1341)"
"224217","1368.724766491","192.168.15.4","192.168.15.3","MQTT","68","Disconnect Req"
"224232","1369.728998205","192.168.15.4","192.168.15.3","MQTT","90","Connect Command"
"224234","1369.732006111","192.168.15.4","192.168.15.3","MQTT","97","Publish Message (id=1342) [Deviceb'Device - 2']"
"224235","1369.732425444","192.168.15.3","192.168.15.4","MQTT","70","Connect Ack"
"224238","1369.734895074","192.168.15.3","192.168.15.4","MQTT","70","Publish Ack (id=1342)"
"224240","1369.735209648","192.168.15.4","192.168.15.3","MQTT","68","Disconnect Req"
"225688","1370.738683989","192.168.15.4","192.168.15.3","MQTT","90","Connect Command"
"225690","1370.741685033","192.168.15.4","192.168.15.3","MQTT","97","Publish Message (id=1343) [Deviceb'Device - 2']"
"225691","1370.742072075","192.168.15.3","192.168.15.4","MQTT","70","Connect Ack"
"225694","1370.744408232","192.168.15.3","192.168.15.4","MQTT","70","Publish Ack (id=1343)"
"225696","1370.745145656","192.168.15.4","192.168.15.3","MQTT","68","Disconnect Req"
"225708","1371.749329270","192.168.15.4","192.168.15.3","MQTT","90","Connect Command"
"225710","1371.752282454","192.168.15.4","192.168.15.3","MQTT","97","Publish Message (id=1344) [Deviceb'Device - 2']"
"225712","1371.756785898","192.168.15.3","192.168.15.4","MQTT","70","Connect Ack"
"225714","1371.759088151","192.168.15.3","192.168.15.4","MQTT","70","Publish Ack (id=1344)"
"225716","1371.759437812","192.168.15.4","192.168.15.3","MQTT","68","Disconnect Req"
"225728","1372.764060345","192.168.15.4","192.168.15.3","MQTT","90","Connect Command"
"225730","1372.766910044","192.168.15.4","192.168.15.3","MQTT","97","Publish Message (id=1345) [Deviceb'Device - 2']"
"225731","1372.767325188","192.168.15.3","192.168.15.4","MQTT","70","Connect Ack"
"225734","1372.769808964","192.168.15.3","192.168.15.4","MQTT","70","Publish Ack (id=1345)"
"225736","1372.770221915","192.168.15.4","192.168.15.3","MQTT","68","Disconnect Req"
"225748","1373.773744026","192.168.15.4","192.168.15.3","MQTT","90","Connect Command"
"225750","1373.776725533","192.168.15.4","192.168.15.3","MQTT","97","Publish Message (id=1346) [Deviceb'Device - 2']"
"225751","1373.777152541","192.168.15.3","192.168.15.4","MQTT","70","Connect Ack"
"225754","1373.779699766","192.168.15.3","192.168.15.4","MQTT","70","Publish Ack (id=1346)"
"225756","1373.780078993","192.168.15.4","192.168.15.3","MQTT","68","Disconnect Req"
"225769","1374.784262167","192.168.15.4","192.168.15.3","MQTT","90","Connect Command"
"225772","1374.787230680","192.168.15.4","192.168.15.3","MQTT","97","Publish Message (id=1347) [Deviceb'Device - 2']"
"225773","1374.787646526","192.168.15.3","192.168.15.4","MQTT","70","Connect Ack"
"225776","1374.790088984","192.168.15.3","192.168.15.4","MQTT","70","Publish Ack (id=1347)"
"225778","1374.790345739","192.168.15.4","192.168.15.3","MQTT","68","Disconnect Req"
"225789","1375.794384899","192.168.15.4","192.168.15.3","MQTT","90","Connect Command"
"225791","1375.797258812","192.168.15.4","192.168.15.3","MQTT","97","Publish Message (id=1348) [Deviceb'Device - 2']"
"225792","1375.797653018","192.168.15.3","192.168.15.4","MQTT","70","Connect Ack"
"225795","1375.800139659","192.168.15.3","192.168.15.4","MQTT","70","Publish Ack (id=1348)"
"225797","1375.800999365","192.168.15.4","192.168.15.3","MQTT","68","Disconnect Req"
"225813","1376.804319166","192.168.15.4","192.168.15.3","MQTT","90","Connect Command"
"225815","1376.807767105","192.168.15.4","192.168.15.3","MQTT","97","Publish Message (id=1349) [Deviceb'Device - 2']"
"225817","1376.811722253","192.168.15.3","192.168.15.4","MQTT","70","Connect Ack"
"225819","1376.814286311","192.168.15.3","192.168.15.4","MQTT","70","Publish Ack (id=1349)"
"225821","1376.814771548","192.168.15.4","192.168.15.3","MQTT","68","Disconnect Req"
"225832","1377.818548916","192.168.15.4","192.168.15.3","MQTT","90","Connect Command"
"225834","1377.821591058","192.168.15.4","192.168.15.3","MQTT","97","Publish Message (id=1350) [Deviceb'Device - 2']"
"225835","1377.821987678","192.168.15.3","192.168.15.4","MQTT","70","Connect Ack"
"225838","1377.824692912","192.168.15.3","192.168.15.4","MQTT","70","Publish Ack (id=1350)"
"225840","1377.825137814","192.168.15.4","192.168.15.3","MQTT","68","Disconnect Req"
"225860","1378.828845459","192.168.15.4","192.168.15.3","MQTT","90","Connect Command"
"225862","1378.831876470","192.168.15.4","192.168.15.3","MQTT","97","Publish Message (id=1351) [Deviceb'Device - 2']"
"225863","1378.832310711","192.168.15.3","192.168.15.4","MQTT","70","Connect Ack"
"225866","1378.837363193","192.168.15.3","192.168.15.4","MQTT","70","Publish Ack (id=1351)"
"225868","1378.837721280","192.168.15.4","192.168.15.3","MQTT","68","Disconnect Req"
"225881","1379.841823912","192.168.15.4","192.168.15.3","MQTT","90","Connect Command"
"225883","1379.844737761","192.168.15.4","192.168.15.3","MQTT","97","Publish Message (id=1352) [Deviceb'Device - 2']"
"225884","1379.845123671","192.168.15.3","192.168.15.4","MQTT","70","Connect Ack"
"225887","1379.847387511","192.168.15.3","192.168.15.4","MQTT","70","Publish Ack (id=1352)"
"225889","1379.847804139","192.168.15.4","192.168.15.3","MQTT","68","Disconnect Req"
"225918","1380.850994817","192.168.15.4","192.168.15.3","MQTT","90","Connect Command"
"225920","1380.853984700","192.168.15.4","192.168.15.3","MQTT","97","Publish Message (id=1353) [Deviceb'Device - 2']"
"225921","1380.854376110","192.168.15.3","192.168.15.4","MQTT","70","Connect Ack"
"225924","1380.856869895","192.168.15.3","192.168.15.4","MQTT","70","Publish Ack (id=1353)"
"225926","1380.857327580","192.168.15.4","192.168.15.3","MQTT","68","Disconnect Req"
"227446","1381.860802016","192.168.15.4","192.168.15.3","MQTT","90","Connect Command"
"227448","1381.863828959","192.168.15.4","192.168.15.3","MQTT","97","Publish Message (id=1354) [Deviceb'Device - 2']"
"227450","1381.868197177","192.168.15.3","192.168.15.4","MQTT","70","Connect Ack"
"227452","1381.870650005","192.168.15.3","192.168.15.4","MQTT","70","Publish Ack (id=1354)"
"227454","1381.870878267","192.168.15.4","192.168.15.3","MQTT","68","Disconnect Req"
"227490","1382.875418237","192.168.15.4","192.168.15.3","MQTT","90","Connect Command"
"227492","1382.878287521","192.168.15.4","192.168.15.3","MQTT","97","Publish Message (id=1355) [Deviceb'Device - 2']"
"227493","1382.878687297","192.168.15.3","192.168.15.4","MQTT","70","Connect Ack"
"227496","1382.881162437","192.168.15.3","192.168.15.4","MQTT","70","Publish Ack (id=1355)"
"227498","1382.881782850","192.168.15.4","192.168.15.3","MQTT","68","Disconnect Req"
"227515","1383.886218173","192.168.15.4","192.168.15.3","MQTT","90","Connect Command"
"227517","1383.889105232","192.168.15.4","192.168.15.3","MQTT","97","Publish Message (id=1356) [Deviceb'Device - 2']"
"227518","1383.889621929","192.168.15.3","192.168.15.4","MQTT","70","Connect Ack"
"227521","1383.891968796","192.168.15.3","192.168.15.4","MQTT","70","Publish Ack (id=1356)"
"227523","1383.892545927","192.168.15.4","192.168.15.3","MQTT","68","Disconnect Req"
"227547","1384.895964885","192.168.15.4","192.168.15.3","MQTT","90","Connect Command"
"227549","1384.898890767","192.168.15.4","192.168.15.3","MQTT","97","Publish Message (id=1357) [Deviceb'Device - 2']"
"227550","1384.899324968","192.168.15.3","192.168.15.4","MQTT","70","Connect Ack"
"227553","1384.901580413","192.168.15.3","192.168.15.4","MQTT","70","Publish Ack (id=1357)"
"227555","1384.901920305","192.168.15.4","192.168.15.3","MQTT","68","Disconnect Req"
"227577","1385.905804436","192.168.15.4","192.168.15.3","MQTT","90","Connect Command"
"227579","1385.907951606","192.168.15.4","192.168.15.3","MQTT","97","Publish Message (id=1358) [Deviceb'Device - 2']"
"227580","1385.908335933","192.168.15.3","192.168.15.4","MQTT","70","Connect Ack"
"227583","1385.911050505","192.168.15.3","192.168.15.4","MQTT","70","Publish Ack (id=1358)"
"227585","1385.911415886","192.168.15.4","192.168.15.3","MQTT","68","Disconnect Req"
"227598","1386.915510086","192.168.15.4","192.168.15.3","MQTT","90","Connect Command"
"227600","1386.918507713","192.168.15.4","192.168.15.3","MQTT","97","Publish Message (id=1359) [Deviceb'Device - 2']"
"227602","1386.922997111","192.168.15.3","192.168.15.4","MQTT","70","Connect Ack"
"227604","1386.925319102","192.168.15.3","192.168.15.4","MQTT","70","Publish Ack (id=1359)"
"227606","1386.926107673","192.168.15.4","192.168.15.3","MQTT","68","Disconnect Req"
"227618","1387.929673798","192.168.15.4","192.168.15.3","MQTT","90","Connect Command"
"227620","1387.934255251","192.168.15.4","192.168.15.3","MQTT","97","Publish Message (id=1360) [Deviceb'Device - 2']"
"227621","1387.934603850","192.168.15.3","192.168.15.4","MQTT","70","Connect Ack"
"227624","1387.936999960","192.168.15.3","192.168.15.4","MQTT","70","Publish Ack (id=1360)"
"227626","1387.937445512","192.168.15.4","192.168.15.3","MQTT","68","Disconnect Req"
"227637","1388.941368909","192.168.15.4","192.168.15.3","MQTT","90","Connect Command"
"227639","1388.944406612","192.168.15.4","192.168.15.3","MQTT","97","Publish Message (id=1361) [Deviceb'Device - 2']"
"227640","1388.944810155","192.168.15.3","192.168.15.4","MQTT","70","Connect Ack"
"227643","1388.947309350","192.168.15.3","192.168.15.4","MQTT","70","Publish Ack (id=1361)"
"227645","1388.948203170","192.168.15.4","192.168.15.3","MQTT","68","Disconnect Req"
"227669","1389.952265751","192.168.15.4","192.168.15.3","MQTT","90","Connect Command"
"227671","1389.955169391","192.168.15.4","192.168.15.3","MQTT","97","Publish Message (id=1362) [Deviceb'Device - 2']"
"227672","1389.955579667","192.168.15.3","192.168.15.4","MQTT","70","Connect Ack"
"227675","1389.957906146","192.168.15.3","192.168.15.4","MQTT","70","Publish Ack (id=1362)"
"227677","1389.958614164","192.168.15.4","192.168.15.3","MQTT","68","Disconnect Req"
"227689","1390.963082271","192.168.15.4","192.168.15.3","MQTT","90","Connect Command"
"227691","1390.965994538","192.168.15.4","192.168.15.3","MQTT","97","Publish Message (id=1363) [Deviceb'Device - 2']"
"227692","1390.966440621","192.168.15.3","192.168.15.4","MQTT","70","Connect Ack"
"227695","1390.968727946","192.168.15.3","192.168.15.4","MQTT","70","Publish Ack (id=1363)"
"227697","1390.969620333","192.168.15.4","192.168.15.3","MQTT","68","Disconnect Req"
"229703","1391.973743037","192.168.15.4","192.168.15.3","MQTT","90","Connect Command"
"229705","1391.976749281","192.168.15.4","192.168.15.3","MQTT","97","Publish Message (id=1364) [Deviceb'Device - 2']"
"229707","1391.981122910","192.168.15.3","192.168.15.4","MQTT","70","Connect Ack"
"229709","1391.983569626","192.168.15.3","192.168.15.4","MQTT","70","Publish Ack (id=1364)"
"229711","1391.984250783","192.168.15.4","192.168.15.3","MQTT","68","Disconnect Req"
"229721","1392.987721113","192.168.15.4","192.168.15.3","MQTT","90","Connect Command"
"229723","1392.990761051","192.168.15.4","192.168.15.3","MQTT","97","Publish Message (id=1365) [Deviceb'Device - 2']"
"229724","1392.991247331","192.168.15.3","192.168.15.4","MQTT","70","Connect Ack"
"229728","1392.993447470","192.168.15.3","192.168.15.4","MQTT","70","Publish Ack (id=1365)"
"229730","1392.994139539","192.168.15.4","192.168.15.3","MQTT","68","Disconnect Req"
"229742","1393.998393915","192.168.15.4","192.168.15.3","MQTT","90","Connect Command"
"229744","1394.001307564","192.168.15.4","192.168.15.3","MQTT","97","Publish Message (id=1366) [Deviceb'Device - 2']"
"229745","1394.001708892","192.168.15.3","192.168.15.4","MQTT","70","Connect Ack"
"229748","1394.004096607","192.168.15.3","192.168.15.4","MQTT","70","Publish Ack (id=1366)"
"229750","1394.005012448","192.168.15.4","192.168.15.3","MQTT","68","Disconnect Req"
"229769","1395.009241500","192.168.15.4","192.168.15.3","MQTT","90","Connect Command"
"229771","1395.012195946","192.168.15.4","192.168.15.3","MQTT","97","Publish Message (id=1367) [Deviceb'Device - 2']"
"229772","1395.012608666","192.168.15.3","192.168.15.4","MQTT","70","Connect Ack"
"229775","1395.015051736","192.168.15.3","192.168.15.4","MQTT","70","Publish Ack (id=1367)"
"229777","1395.015467171","192.168.15.4","192.168.15.3","MQTT","68","Disconnect Req"
"229796","1396.020507652","192.168.15.4","192.168.15.3","MQTT","90","Connect Command"
"229798","1396.023408246","192.168.15.4","192.168.15.3","MQTT","97","Publish Message (id=1368) [Deviceb'Device - 2']"
"229799","1396.023815466","192.168.15.3","192.168.15.4","MQTT","70","Connect Ack"
"229802","1396.026252283","192.168.15.3","192.168.15.4","MQTT","70","Publish Ack (id=1368)"
"229804","1396.027123540","192.168.15.4","192.168.15.3","MQTT","68","Disconnect Req"
"229817","1397.030614292","192.168.15.4","192.168.15.3","MQTT","90","Connect Command"
"229819","1397.033611569","192.168.15.4","192.168.15.3","MQTT","97","Publish Message (id=1369) [Deviceb'Device - 2']"
"229821","1397.037987463","192.168.15.3","192.168.15.4","MQTT","70","Connect Ack"
"229823","1397.040457693","192.168.15.3","192.168.15.4","MQTT","70","Publish Ack (id=1369)"
"229825","1397.040745327","192.168.15.4","192.168.15.3","MQTT","68","Disconnect Req"
"229841","1398.044686107","192.168.15.4","192.168.15.3","MQTT","90","Connect Command"
"229843","1398.047715765","192.168.15.4","192.168.15.3","MQTT","97","Publish Message (id=1370) [Deviceb'Device - 2']"
"229844","1398.048093770","192.168.15.3","192.168.15.4","MQTT","70","Connect Ack"
"229847","1398.050573448","192.168.15.3","192.168.15.4","MQTT","70","Publish Ack (id=1370)"
"229849","1398.051490733","192.168.15.4","192.168.15.3","MQTT","68","Disconnect Req"
"229864","1399.055132335","192.168.15.4","192.168.15.3","MQTT","90","Connect Command"
"229866","1399.058130694","192.168.15.4","192.168.15.3","MQTT","97","Publish Message (id=1371) [Deviceb'Device - 2']"
"229867","1399.058523596","192.168.15.3","192.168.15.4","MQTT","70","Connect Ack"
"229870","1399.060881825","192.168.15.3","192.168.15.4","MQTT","70","Publish Ack (id=1371)"
"229872","1399.061606886","192.168.15.4","192.168.15.3","MQTT","68","Disconnect Req"
"229886","1400.065505056","192.168.15.4","192.168.15.3","MQTT","90","Connect Command"
"229888","1400.068753427","192.168.15.4","192.168.15.3","MQTT","97","Publish Message (id=1372) [Deviceb'Device - 2']"
"229889","1400.069088501","192.168.15.3","192.168.15.4","MQTT","70","Connect Ack"
"229892","1400.071657839","192.168.15.3","192.168.15.4","MQTT","70","Publish Ack (id=1372)"
"229894","1400.072038819","192.168.15.4","192.168.15.3","MQTT","68","Disconnect Req"
"229902","1401.075552971","192.168.15.4","192.168.15.3","MQTT","90","Connect Command"
"229904","1401.080159561","192.168.15.4","192.168.15.3","MQTT","97","Publish Message (id=1373) [Deviceb'Device - 2']"
"229905","1401.080587129","192.168.15.3","192.168.15.4","MQTT","70","Connect Ack"
"229908","1401.082947792","192.168.15.3","192.168.15.4","MQTT","70","Publish Ack (id=1373)"
"229910","1401.083318854","192.168.15.4","192.168.15.3","MQTT","68","Disconnect Req"
"229922","1402.086829373","192.168.15.4","192.168.15.3","MQTT","90","Connect Command"
"229924","1402.089708526","192.168.15.4","192.168.15.3","MQTT","97","Publish Message (id=1374) [Deviceb'Device - 2']"
"229925","1402.090325413","192.168.15.3","192.168.15.4","MQTT","70","Connect Ack"
"229928","1402.092859645","192.168.15.3","192.168.15.4","MQTT","70","Publish Ack (id=1374)"
"229930","1402.093137861","192.168.15.4","192.168.15.3","MQTT","68","Disconnect Req"
"231242","1403.096849839","192.168.15.4","192.168.15.3","MQTT","90","Connect Command"
"231244","1403.099625487","192.168.15.4","192.168.15.3","MQTT","97","Publish Message (id=1375) [Deviceb'Device - 2']"
"231245","1403.100041153","192.168.15.3","192.168.15.4","MQTT","70","Connect Ack"
"231248","1403.102418578","192.168.15.3","192.168.15.4","MQTT","70","Publish Ack (id=1375)"
"231250","1403.103038059","192.168.15.4","192.168.15.3","MQTT","68","Disconnect Req"
"231265","1404.107573073","192.168.15.4","192.168.15.3","MQTT","90","Connect Command"
"231267","1404.110445795","192.168.15.4","192.168.15.3","MQTT","97","Publish Message (id=1376) [Deviceb'Device - 2']"
"231268","1404.110856061","192.168.15.3","192.168.15.4","MQTT","70","Connect Ack"
"231271","1404.113219920","192.168.15.3","192.168.15.4","MQTT","70","Publish Ack (id=1376)"
"231273","1404.113574691","192.168.15.4","192.168.15.3","MQTT","68","Disconnect Req"
"231285","1405.117069360","192.168.15.4","192.168.15.3","MQTT","90","Connect Command"
"231287","1405.120077718","192.168.15.4","192.168.15.3","MQTT","97","Publish Message (id=1377) [Deviceb'Device - 2']"
"231288","1405.120481812","192.168.15.3","192.168.15.4","MQTT","70","Connect Ack"
"231291","1405.122940260","192.168.15.3","192.168.15.4","MQTT","70","Publish Ack (id=1377)"
"231293","1405.123197336","192.168.15.4","192.168.15.3","MQTT","68","Disconnect Req"
"231306","1406.126379633","192.168.15.4","192.168.15.3","MQTT","90","Connect Command"
"231308","1406.129340000","192.168.15.4","192.168.15.3","MQTT","97","Publish Message (id=1378) [Deviceb'Device - 2']"
"231309","1406.129878839","192.168.15.3","192.168.15.4","MQTT","70","Connect Ack"
"231312","1406.132226368","192.168.15.3","192.168.15.4","MQTT","70","Publish Ack (id=1378)"
"231314","1406.132806956","192.168.15.4","192.168.15.3","MQTT","68","Disconnect Req"
"231326","1407.136497916","192.168.15.4","192.168.15.3","MQTT","90","Connect Command"
"231328","1407.139382119","192.168.15.4","192.168.15.3","MQTT","97","Publish Message (id=1379) [Deviceb'Device - 2']"
"231329","1407.140116969","192.168.15.3","192.168.15.4","MQTT","70","Connect Ack"
"231332","1407.142178597","192.168.15.3","192.168.15.4","MQTT","70","Publish Ack (id=1379)"
"231334","1407.142497169","192.168.15.4","192.168.15.3","MQTT","68","Disconnect Req"
"231346","1408.146337974","192.168.15.4","192.168.15.3","MQTT","90","Connect Command"
"231348","1408.149206357","192.168.15.4","192.168.15.3","MQTT","97","Publish Message (id=1380) [Deviceb'Device - 2']"
"231349","1408.149712674","192.168.15.3","192.168.15.4","MQTT","70","Connect Ack"
"231352","1408.152178667","192.168.15.3","192.168.15.4","MQTT","70","Publish Ack (id=1380)"
"231354","1408.152495205","192.168.15.4","192.168.15.3","MQTT","68","Disconnect Req"
"231369","1409.156322394","192.168.15.4","192.168.15.3","MQTT","90","Connect Command"
"231371","1409.161477370","192.168.15.4","192.168.15.3","MQTT","97","Publish Message (id=1381) [Deviceb'Device - 2']"
"231372","1409.161912142","192.168.15.3","192.168.15.4","MQTT","70","Connect Ack"
"231375","1409.164345032","192.168.15.3","192.168.15.4","MQTT","70","Publish Ack (id=1381)"
"231377","1409.164765276","192.168.15.4","192.168.15.3","MQTT","68","Disconnect Req"
"231387","1410.168620619","192.168.15.4","192.168.15.3","MQTT","90","Connect Command"
"231389","1410.170889709","192.168.15.4","192.168.15.3","MQTT","97","Publish Message (id=1382) [Deviceb'Device - 2']"
"231390","1410.171244400","192.168.15.3","192.168.15.4","MQTT","70","Connect Ack"
"231394","1410.173543396","192.168.15.3","192.168.15.4","MQTT","70","Publish Ack (id=1382)"
"231396","1410.173970133","192.168.15.4","192.168.15.3","MQTT","68","Disconnect Req"
"231405","1411.177360035","192.168.15.4","192.168.15.3","MQTT","90","Connect Command"
"231407","1411.180349648","192.168.15.4","192.168.15.3","MQTT","97","Publish Message (id=1383) [Deviceb'Device - 2']"
"231408","1411.180735718","192.168.15.3","192.168.15.4","MQTT","70","Connect Ack"
"231411","1411.183105859","192.168.15.3","192.168.15.4","MQTT","70","Publish Ack (id=1383)"
"231413","1411.183398842","192.168.15.4","192.168.15.3","MQTT","68","Disconnect Req"
"231425","1412.186788213","192.168.15.4","192.168.15.3","MQTT","90","Connect Command"
"231427","1412.191352122","192.168.15.4","192.168.15.3","MQTT","97","Publish Message (id=1384) [Deviceb'Device - 2']"
"231429","1412.195714660","192.168.15.3","192.168.15.4","MQTT","70","Connect Ack"
"231431","1412.198041329","192.168.15.3","192.168.15.4","MQTT","70","Publish Ack (id=1384)"
"231433","1412.198671761","192.168.15.4","192.168.15.3","MQTT","68","Disconnect Req"
"232167","1413.202888998","192.168.15.4","192.168.15.3","MQTT","90","Connect Command"
"232187","1413.206492621","192.168.15.4","192.168.15.3","MQTT","97","Publish Message (id=1385) [Deviceb'Device - 2']"
"232198","1413.207426387","192.168.15.3","192.168.15.4","MQTT","70","Connect Ack"
"232236","1413.210808762","192.168.15.3","192.168.15.4","MQTT","70","Publish Ack (id=1385)"
"232240","1413.211274382","192.168.15.4","192.168.15.3","MQTT","68","Disconnect Req"
"233434","1414.214955826","192.168.15.4","192.168.15.3","MQTT","90","Connect Command"
"233436","1414.217988480","192.168.15.4","192.168.15.3","MQTT","97","Publish Message (id=1386) [Deviceb'Device - 2']"
"233437","1414.218404897","192.168.15.3","192.168.15.4","MQTT","70","Connect Ack"
"233440","1414.220798934","192.168.15.3","192.168.15.4","MQTT","70","Publish Ack (id=1386)"
"233442","1414.221448221","192.168.15.4","192.168.15.3","MQTT","68","Disconnect Req"
"233488","1415.225966219","192.168.15.4","192.168.15.3","MQTT","90","Connect Command"
"233490","1415.228809364","192.168.15.4","192.168.15.3","MQTT","97","Publish Message (id=1387) [Deviceb'Device - 2']"
"233491","1415.229204030","192.168.15.3","192.168.15.4","MQTT","70","Connect Ack"
"233494","1415.231711561","192.168.15.3","192.168.15.4","MQTT","70","Publish Ack (id=1387)"
"233496","1415.232195827","192.168.15.4","192.168.15.3","MQTT","68","Disconnect Req"
"233511","1416.236656183","192.168.15.4","192.168.15.3","MQTT","90","Connect Command"
"233513","1416.239534515","192.168.15.4","192.168.15.3","MQTT","97","Publish Message (id=1388) [Deviceb'Device - 2']"
"233514","1416.239939180","192.168.15.3","192.168.15.4","MQTT","70","Connect Ack"
"233517","1416.242367552","192.168.15.3","192.168.15.4","MQTT","70","Publish Ack (id=1388)"
"233519","1416.242911430","192.168.15.4","192.168.15.3","MQTT","68","Disconnect Req"
"233533","1417.247418026","192.168.15.4","192.168.15.3","MQTT","90","Connect Command"
"233535","1417.250346132","192.168.15.4","192.168.15.3","MQTT","97","Publish Message (id=1389) [Deviceb'Device - 2']"
"233537","1417.254720191","192.168.15.3","192.168.15.4","MQTT","70","Connect Ack"
"233539","1417.257080474","192.168.15.3","192.168.15.4","MQTT","70","Publish Ack (id=1389)"
"233541","1417.257505848","192.168.15.4","192.168.15.3","MQTT","68","Disconnect Req"
"233555","1418.261745520","192.168.15.4","192.168.15.3","MQTT","90","Connect Command"
"233557","1418.264635705","192.168.15.4","192.168.15.3","MQTT","97","Publish Message (id=1390) [Deviceb'Device - 2']"
"233558","1418.265057242","192.168.15.3","192.168.15.4","MQTT","70","Connect Ack"
"233561","1418.267417856","192.168.15.3","192.168.15.4","MQTT","70","Publish Ack (id=1390)"
"233563","1418.267927709","192.168.15.4","192.168.15.3","MQTT","68","Disconnect Req"
"233580","1419.271270847","192.168.15.4","192.168.15.3","MQTT","90","Connect Command"
"233582","1419.274252404","192.168.15.4","192.168.15.3","MQTT","97","Publish Message (id=1391) [Deviceb'Device - 2']"
"233583","1419.274632953","192.168.15.3","192.168.15.4","MQTT","70","Connect Ack"
"233586","1419.277033602","192.168.15.3","192.168.15.4","MQTT","70","Publish Ack (id=1391)"
"233588","1419.277532496","192.168.15.4","192.168.15.3","MQTT","68","Disconnect Req"
"233602","1420.281316435","192.168.15.4","192.168.15.3","MQTT","90","Connect Command"
"233604","1420.284284036","192.168.15.4","192.168.15.3","MQTT","97","Publish Message (id=1392) [Deviceb'Device - 2']"
"233605","1420.284707617","192.168.15.3","192.168.15.4","MQTT","70","Connect Ack"
"233608","1420.287148782","192.168.15.3","192.168.15.4","MQTT","70","Publish Ack (id=1392)"
"233610","1420.287707488","192.168.15.4","192.168.15.3","MQTT","68","Disconnect Req"
"233622","1421.291877098","192.168.15.4","192.168.15.3","MQTT","90","Connect Command"
"233624","1421.294772723","192.168.15.4","192.168.15.3","MQTT","97","Publish Message (id=1393) [Deviceb'Device - 2']"
"233625","1421.295181876","192.168.15.3","192.168.15.4","MQTT","70","Connect Ack"
"233628","1421.297658158","192.168.15.3","192.168.15.4","MQTT","70","Publish Ack (id=1393)"
"233630","1421.298558189","192.168.15.4","192.168.15.3","MQTT","68","Disconnect Req"
"233642","1422.302661354","192.168.15.4","192.168.15.3","MQTT","90","Connect Command"
"233644","1422.305587777","192.168.15.4","192.168.15.3","MQTT","97","Publish Message (id=1394) [Deviceb'Device - 2']"
"233646","1422.310021279","192.168.15.3","192.168.15.4","MQTT","70","Connect Ack"
"233648","1422.312417870","192.168.15.3","192.168.15.4","MQTT","70","Publish Ack (id=1394)"
"233650","1422.312866418","192.168.15.4","192.168.15.3","MQTT","68","Disconnect Req"
"233659","1423.316544016","192.168.15.4","192.168.15.3","MQTT","90","Connect Command"
"233661","1423.320799853","192.168.15.4","192.168.15.3","MQTT","97","Publish Message (id=1395) [Deviceb'Device - 2']"
"233662","1423.321166817","192.168.15.3","192.168.15.4","MQTT","70","Connect Ack"
"233665","1423.323740002","192.168.15.3","192.168.15.4","MQTT","70","Publish Ack (id=1395)"
"233667","1423.324203949","192.168.15.4","192.168.15.3","MQTT","68","Disconnect Req"
"234983","1424.327491059","192.168.15.4","192.168.15.3","MQTT","90","Connect Command"
"234985","1424.330512011","192.168.15.4","192.168.15.3","MQTT","97","Publish Message (id=1396) [Deviceb'Device - 2']"
"234986","1424.330911456","192.168.15.3","192.168.15.4","MQTT","70","Connect Ack"
"234989","1424.333321783","192.168.15.3","192.168.15.4","MQTT","70","Publish Ack (id=1396)"
"234991","1424.334295975","192.168.15.4","192.168.15.3","MQTT","68","Disconnect Req"
"234999","1425.338290402","192.168.15.4","192.168.15.3","MQTT","90","Connect Command"
"235001","1425.341170918","192.168.15.4","192.168.15.3","MQTT","97","Publish Message (id=1397) [Deviceb'Device - 2']"
"235002","1425.341548873","192.168.15.3","192.168.15.4","MQTT","70","Connect Ack"
"235005","1425.344089437","192.168.15.3","192.168.15.4","MQTT","70","Publish Ack (id=1397)"
"235007","1425.344624959","192.168.15.4","192.168.15.3","MQTT","68","Disconnect Req"
"235021","1426.348032357","192.168.15.4","192.168.15.3","MQTT","90","Connect Command"
"235023","1426.350884359","192.168.15.4","192.168.15.3","MQTT","97","Publish Message (id=1398) [Deviceb'Device - 2']"
"235024","1426.351307078","192.168.15.3","192.168.15.4","MQTT","70","Connect Ack"
"235027","1426.353728507","192.168.15.3","192.168.15.4","MQTT","70","Publish Ack (id=1398)"
"235029","1426.354239463","192.168.15.4","192.168.15.3","MQTT","68","Disconnect Req"
"235045","1427.357852471","192.168.15.4","192.168.15.3","MQTT","90","Connect Command"
"235047","1427.365478880","192.168.15.4","192.168.15.3","MQTT","97","Publish Message (id=1399) [Deviceb'Device - 2']"
"235049","1427.370035947","192.168.15.3","192.168.15.4","MQTT","70","Connect Ack"
"235051","1427.372525243","192.168.15.3","192.168.15.4","MQTT","70","Publish Ack (id=1399)"
"235053","1427.372879483","192.168.15.4","192.168.15.3","MQTT","68","Disconnect Req"
"235065","1428.376299516","192.168.15.4","192.168.15.3","MQTT","90","Connect Command"
"235067","1428.379161557","192.168.15.4","192.168.15.3","MQTT","97","Publish Message (id=1400) [Deviceb'Device - 2']"
"235068","1428.379567825","192.168.15.3","192.168.15.4","MQTT","70","Connect Ack"
"235071","1428.382015072","192.168.15.3","192.168.15.4","MQTT","70","Publish Ack (id=1400)"
"235073","1428.382552318","192.168.15.4","192.168.15.3","MQTT","68","Disconnect Req"
"235088","1429.386232053","192.168.15.4","192.168.15.3","MQTT","90","Connect Command"
"235090","1429.389215444","192.168.15.4","192.168.15.3","MQTT","97","Publish Message (id=1401) [Deviceb'Device - 2']"
"235091","1429.389660495","192.168.15.3","192.168.15.4","MQTT","70","Connect Ack"
"235094","1429.392072315","192.168.15.3","192.168.15.4","MQTT","70","Publish Ack (id=1401)"
"235096","1429.392456522","192.168.15.4","192.168.15.3","MQTT","68","Disconnect Req"
"235108","1430.396114185","192.168.15.4","192.168.15.3","MQTT","90","Connect Command"
"235110","1430.399048443","192.168.15.4","192.168.15.3","MQTT","97","Publish Message (id=1402) [Deviceb'Device - 2']"
"235111","1430.399442067","192.168.15.3","192.168.15.4","MQTT","70","Connect Ack"
"235114","1430.401891808","192.168.15.3","192.168.15.4","MQTT","70","Publish Ack (id=1402)"
"235116","1430.402486633","192.168.15.4","192.168.15.3","MQTT","68","Disconnect Req"
"235124","1431.406246481","192.168.15.4","192.168.15.3","MQTT","90","Connect Command"
"235126","1431.409283182","192.168.15.4","192.168.15.3","MQTT","97","Publish Message (id=1403) [Deviceb'Device - 2']"
"235127","1431.409722873","192.168.15.3","192.168.15.4","MQTT","70","Connect Ack"
"235130","1431.412088917","192.168.15.3","192.168.15.4","MQTT","70","Publish Ack (id=1403)"
"235132","1431.413067137","192.168.15.4","192.168.15.3","MQTT","68","Disconnect Req"
"235148","1432.416931789","192.168.15.4","192.168.15.3","MQTT","90","Connect Command"
"235150","1432.419959019","192.168.15.4","192.168.15.3","MQTT","97","Publish Message (id=1404) [Deviceb'Device - 2']"
"235152","1432.425594359","192.168.15.3","192.168.15.4","MQTT","70","Connect Ack"
"235154","1432.427784568","192.168.15.3","192.168.15.4","MQTT","70","Publish Ack (id=1404)"
"235156","1432.428071981","192.168.15.4","192.168.15.3","MQTT","68","Disconnect Req"
"235168","1433.432190456","192.168.15.4","192.168.15.3","MQTT","90","Connect Command"
"235170","1433.435727262","192.168.15.3","192.168.15.4","MQTT","70","Connect Ack"
"235171","1433.435766125","192.168.15.4","192.168.15.3","MQTT","97","Publish Message (id=1405) [Deviceb'Device - 2']"
"235174","1433.438597572","192.168.15.3","192.168.15.4","MQTT","70","Publish Ack (id=1405)"
"235176","1433.439323130","192.168.15.4","192.168.15.3","MQTT","68","Disconnect Req"
"236741","1434.443215877","192.168.15.4","192.168.15.3","MQTT","90","Connect Command"
"236743","1434.446280433","192.168.15.4","192.168.15.3","MQTT","97","Publish Message (id=1406) [Deviceb'Device - 2']"
"236744","1434.446717928","192.168.15.3","192.168.15.4","MQTT","70","Connect Ack"
"236747","1434.449088787","192.168.15.3","192.168.15.4","MQTT","70","Publish Ack (id=1406)"
"236749","1434.449864258","192.168.15.4","192.168.15.3","MQTT","68","Disconnect Req"
"236761","1435.453687114","192.168.15.4","192.168.15.3","MQTT","90","Connect Command"
"236763","1435.458379428","192.168.15.4","192.168.15.3","MQTT","97","Publish Message (id=1407) [Deviceb'Device - 2']"
"236764","1435.458773651","192.168.15.3","192.168.15.4","MQTT","70","Connect Ack"
"236767","1435.461216716","192.168.15.3","192.168.15.4","MQTT","70","Publish Ack (id=1407)"
"236769","1435.462071266","192.168.15.4","192.168.15.3","MQTT","68","Disconnect Req"
"236778","1436.466114108","192.168.15.4","192.168.15.3","MQTT","90","Connect Command"
"236780","1436.468959591","192.168.15.4","192.168.15.3","MQTT","97","Publish Message (id=1408) [Deviceb'Device - 2']"
"236781","1436.469313829","192.168.15.3","192.168.15.4","MQTT","70","Connect Ack"
"236784","1436.471768606","192.168.15.3","192.168.15.4","MQTT","70","Publish Ack (id=1408)"
"236786","1436.472693549","192.168.15.4","192.168.15.3","MQTT","68","Disconnect Req"
"236798","1437.476846506","192.168.15.4","192.168.15.3","MQTT","90","Connect Command"
"236800","1437.479893029","192.168.15.4","192.168.15.3","MQTT","97","Publish Message (id=1409) [Deviceb'Device - 2']"
"236802","1437.484257976","192.168.15.3","192.168.15.4","MQTT","70","Connect Ack"
"236804","1437.486622002","192.168.15.3","192.168.15.4","MQTT","70","Publish Ack (id=1409)"
"236806","1437.487423572","192.168.15.4","192.168.15.3","MQTT","68","Disconnect Req"
"236818","1438.491271105","192.168.15.4","192.168.15.3","MQTT","90","Connect Command"
"236820","1438.494282141","192.168.15.4","192.168.15.3","MQTT","97","Publish Message (id=1410) [Deviceb'Device - 2']"
"236821","1438.494622883","192.168.15.3","192.168.15.4","MQTT","70","Connect Ack"
"236824","1438.496731848","192.168.15.3","192.168.15.4","MQTT","70","Publish Ack (id=1410)"
"236826","1438.497606717","192.168.15.4","192.168.15.3","MQTT","68","Disconnect Req"
"236841","1439.501830417","192.168.15.4","192.168.15.3","MQTT","90","Connect Command"
"236843","1439.504714684","192.168.15.4","192.168.15.3","MQTT","97","Publish Message (id=1411) [Deviceb'Device - 2']"
"236844","1439.505097486","192.168.15.3","192.168.15.4","MQTT","70","Connect Ack"
"236847","1439.507593360","192.168.15.3","192.168.15.4","MQTT","70","Publish Ack (id=1411)"
"236849","1439.508188912","192.168.15.4","192.168.15.3","MQTT","68","Disconnect Req"
"236861","1440.512091227","192.168.15.4","192.168.15.3","MQTT","90","Connect Command"
"236863","1440.514951869","192.168.15.4","192.168.15.3","MQTT","97","Publish Message (id=1412) [Deviceb'Device - 2']"
"236864","1440.515319552","192.168.15.3","192.168.15.4","MQTT","70","Connect Ack"
"236867","1440.517456029","192.168.15.3","192.168.15.4","MQTT","70","Publish Ack (id=1412)"
"236869","1440.517852366","192.168.15.4","192.168.15.3","MQTT","68","Disconnect Req"
"236881","1441.521416936","192.168.15.4","192.168.15.3","MQTT","90","Connect Command"
"236883","1441.524446235","192.168.15.4","192.168.15.3","MQTT","97","Publish Message (id=1413) [Deviceb'Device - 2']"
"236884","1441.525372772","192.168.15.3","192.168.15.4","MQTT","70","Connect Ack"
"236887","1441.527292601","192.168.15.3","192.168.15.4","MQTT","70","Publish Ack (id=1413)"
"236889","1441.527669551","192.168.15.4","192.168.15.3","MQTT","68","Disconnect Req"
"236901","1442.531302739","192.168.15.4","192.168.15.3","MQTT","90","Connect Command"
"236903","1442.534281244","192.168.15.4","192.168.15.3","MQTT","97","Publish Message (id=1414) [Deviceb'Device - 2']"
"236905","1442.538450382","192.168.15.3","192.168.15.4","MQTT","70","Connect Ack"
"236907","1442.541268163","192.168.15.3","192.168.15.4","MQTT","70","Publish Ack (id=1414)"
"236909","1442.541837577","192.168.15.4","192.168.15.3","MQTT","68","Disconnect Req"
"236921","1443.545784125","192.168.15.4","192.168.15.3","MQTT","90","Connect Command"
"236923","1443.548735769","192.168.15.4","192.168.15.3","MQTT","97","Publish Message (id=1415) [Deviceb'Device - 2']"
"236924","1443.549089636","192.168.15.3","192.168.15.4","MQTT","70","Connect Ack"
"236927","1443.551216775","192.168.15.3","192.168.15.4","MQTT","70","Publish Ack (id=1415)"
"236929","1443.551915923","192.168.15.4","192.168.15.3","MQTT","68","Disconnect Req"
"237002","1444.555495110","192.168.15.4","192.168.15.3","MQTT","90","Connect Command"
"237004","1444.558340202","192.168.15.4","192.168.15.3","MQTT","97","Publish Message (id=1416) [Deviceb'Device - 2']"
"237005","1444.558720449","192.168.15.3","192.168.15.4","MQTT","70","Connect Ack"
"237008","1444.561165578","192.168.15.3","192.168.15.4","MQTT","70","Publish Ack (id=1416)"
"237010","1444.561803019","192.168.15.4","192.168.15.3","MQTT","68","Disconnect Req"
"238907","1445.566270349","192.168.15.4","192.168.15.3","MQTT","90","Connect Command"
"238909","1445.569191936","192.168.15.4","192.168.15.3","MQTT","97","Publish Message (id=1417) [Deviceb'Device - 2']"
"238910","1445.569641424","192.168.15.3","192.168.15.4","MQTT","70","Connect Ack"
"238913","1445.571660960","192.168.15.3","192.168.15.4","MQTT","70","Publish Ack (id=1417)"
"238915","1445.572071254","192.168.15.4","192.168.15.3","MQTT","68","Disconnect Req"
"238932","1446.576393891","192.168.15.4","192.168.15.3","MQTT","90","Connect Command"
"238934","1446.579269591","192.168.15.4","192.168.15.3","MQTT","97","Publish Message (id=1418) [Deviceb'Device - 2']"
"238935","1446.579641292","192.168.15.3","192.168.15.4","MQTT","70","Connect Ack"
"238938","1446.581766919","192.168.15.3","192.168.15.4","MQTT","70","Publish Ack (id=1418)"
"238940","1446.582491394","192.168.15.4","192.168.15.3","MQTT","68","Disconnect Req"
"238948","1447.587276455","192.168.15.4","192.168.15.3","MQTT","90","Connect Command"
"238950","1447.590179687","192.168.15.4","192.168.15.3","MQTT","97","Publish Message (id=1419) [Deviceb'Device - 2']"
"238952","1447.594422785","192.168.15.3","192.168.15.4","MQTT","70","Connect Ack"
"238954","1447.596863476","192.168.15.3","192.168.15.4","MQTT","70","Publish Ack (id=1419)"
"238956","1447.597425114","192.168.15.4","192.168.15.3","MQTT","68","Disconnect Req"
"238972","1448.601255773","192.168.15.4","192.168.15.3","MQTT","90","Connect Command"
"238974","1448.603511575","192.168.15.4","192.168.15.3","MQTT","97","Publish Message (id=1420) [Deviceb'Device - 2']"
"238975","1448.604468319","192.168.15.3","192.168.15.4","MQTT","70","Connect Ack"
"238978","1448.606075708","192.168.15.3","192.168.15.4","MQTT","70","Publish Ack (id=1420)"
"238980","1448.606854617","192.168.15.4","192.168.15.3","MQTT","68","Disconnect Req"
"238999","1449.610703792","192.168.15.4","192.168.15.3","MQTT","90","Connect Command"
"239001","1449.613658201","192.168.15.4","192.168.15.3","MQTT","97","Publish Message (id=1421) [Deviceb'Device - 2']"
"239002","1449.614096627","192.168.15.3","192.168.15.4","MQTT","70","Connect Ack"
"239005","1449.616496941","192.168.15.3","192.168.15.4","MQTT","70","Publish Ack (id=1421)"
"239007","1449.617091462","192.168.15.4","192.168.15.3","MQTT","68","Disconnect Req"
"239033","1450.620958000","192.168.15.4","192.168.15.3","MQTT","90","Connect Command"
"239035","1450.623891029","192.168.15.4","192.168.15.3","MQTT","97","Publish Message (id=1422) [Deviceb'Device - 2']"
"239036","1450.624262079","192.168.15.3","192.168.15.4","MQTT","70","Connect Ack"
"239039","1450.626682321","192.168.15.3","192.168.15.4","MQTT","70","Publish Ack (id=1422)"
"239041","1450.627541640","192.168.15.4","192.168.15.3","MQTT","68","Disconnect Req"
"239053","1451.631846711","192.168.15.4","192.168.15.3","MQTT","90","Connect Command"
"239055","1451.634754803","192.168.15.4","192.168.15.3","MQTT","97","Publish Message (id=1423) [Deviceb'Device - 2']"
"239056","1451.635196806","192.168.15.3","192.168.15.4","MQTT","70","Connect Ack"
"239059","1451.637493625","192.168.15.3","192.168.15.4","MQTT","70","Publish Ack (id=1423)"
"239061","1451.638053350","192.168.15.4","192.168.15.3","MQTT","68","Disconnect Req"
"239080","1452.642257712","192.168.15.4","192.168.15.3","MQTT","90","Connect Command"
"239082","1452.645180181","192.168.15.4","192.168.15.3","MQTT","97","Publish Message (id=1424) [Deviceb'Device - 2']"
"239084","1452.649334371","192.168.15.3","192.168.15.4","MQTT","70","Connect Ack"
"239086","1452.651752529","192.168.15.3","192.168.15.4","MQTT","70","Publish Ack (id=1424)"
"239088","1452.652621728","192.168.15.4","192.168.15.3","MQTT","68","Disconnect Req"
"239102","1453.656883439","192.168.15.4","192.168.15.3","MQTT","90","Connect Command"
"239104","1453.659826255","192.168.15.4","192.168.15.3","MQTT","97","Publish Message (id=1425) [Deviceb'Device - 2']"
"239105","1453.660212433","192.168.15.3","192.168.15.4","MQTT","70","Connect Ack"
"239108","1453.662293246","192.168.15.3","192.168.15.4","MQTT","70","Publish Ack (id=1425)"
"239110","1453.663093174","192.168.15.4","192.168.15.3","MQTT","68","Disconnect Req"
"239125","1454.667172630","192.168.15.4","192.168.15.3","MQTT","90","Connect Command"
"239127","1454.670043412","192.168.15.4","192.168.15.3","MQTT","97","Publish Message (id=1426) [Deviceb'Device - 2']"
"239128","1454.670435431","192.168.15.3","192.168.15.4","MQTT","70","Connect Ack"
"239131","1454.672900637","192.168.15.3","192.168.15.4","MQTT","70","Publish Ack (id=1426)"
"239133","1454.673494887","192.168.15.4","192.168.15.3","MQTT","68","Disconnect Req"
"239147","1455.676872329","192.168.15.4","192.168.15.3","MQTT","90","Connect Command"
"239149","1455.679923862","192.168.15.4","192.168.15.3","MQTT","97","Publish Message (id=1427) [Deviceb'Device - 2']"
"239150","1455.680337662","192.168.15.3","192.168.15.4","MQTT","70","Connect Ack"
"239153","1455.682833466","192.168.15.3","192.168.15.4","MQTT","70","Publish Ack (id=1427)"
"239155","1455.683304074","192.168.15.4","192.168.15.3","MQTT","68","Disconnect Req"
"240483","1456.686921699","192.168.15.4","192.168.15.3","MQTT","90","Connect Command"
"240485","1456.689946150","192.168.15.4","192.168.15.3","MQTT","97","Publish Message (id=1428) [Deviceb'Device - 2']"
"240486","1456.690350903","192.168.15.3","192.168.15.4","MQTT","70","Connect Ack"
"240489","1456.692737962","192.168.15.3","192.168.15.4","MQTT","70","Publish Ack (id=1428)"
"240491","1456.693266379","192.168.15.4","192.168.15.3","MQTT","68","Disconnect Req"
"240503","1457.697610212","192.168.15.4","192.168.15.3","MQTT","90","Connect Command"
"240505","1457.700598706","192.168.15.4","192.168.15.3","MQTT","97","Publish Message (id=1429) [Deviceb'Device - 2']"
"240507","1457.704904532","192.168.15.3","192.168.15.4","MQTT","70","Connect Ack"
"240509","1457.707397592","192.168.15.3","192.168.15.4","MQTT","70","Publish Ack (id=1429)"
"240511","1457.707777388","192.168.15.4","192.168.15.3","MQTT","68","Disconnect Req"
"240519","1458.711426259","192.168.15.4","192.168.15.3","MQTT","90","Connect Command"
"240521","1458.714394925","192.168.15.4","192.168.15.3","MQTT","97","Publish Message (id=1430) [Deviceb'Device - 2']"
"240522","1458.714761075","192.168.15.3","192.168.15.4","MQTT","70","Connect Ack"
"240525","1458.717351228","192.168.15.3","192.168.15.4","MQTT","70","Publish Ack (id=1430)"
"240527","1458.717878752","192.168.15.4","192.168.15.3","MQTT","68","Disconnect Req"
"240538","1459.722915249","192.168.15.4","192.168.15.3","MQTT","90","Connect Command"
"240540","1459.725366640","192.168.15.4","192.168.15.3","MQTT","97","Publish Message (id=1431) [Deviceb'Device - 2']"
"240541","1459.725785079","192.168.15.3","192.168.15.4","MQTT","70","Connect Ack"
"240544","1459.728179202","192.168.15.3","192.168.15.4","MQTT","70","Publish Ack (id=1431)"
"240546","1459.728935167","192.168.15.4","192.168.15.3","MQTT","68","Disconnect Req"
"240558","1460.733306320","192.168.15.4","192.168.15.3","MQTT","90","Connect Command"
"240560","1460.736203332","192.168.15.4","192.168.15.3","MQTT","97","Publish Message (id=1432) [Deviceb'Device - 2']"
"240561","1460.736677666","192.168.15.3","192.168.15.4","MQTT","70","Connect Ack"
"240564","1460.738923920","192.168.15.3","192.168.15.4","MQTT","70","Publish Ack (id=1432)"
"240566","1460.739621014","192.168.15.4","192.168.15.3","MQTT","68","Disconnect Req"
"240580","1461.743331612","192.168.15.4","192.168.15.3","MQTT","90","Connect Command"
"240582","1461.746400347","192.168.15.4","192.168.15.3","MQTT","97","Publish Message (id=1433) [Deviceb'Device - 2']"
"240583","1461.746820048","192.168.15.3","192.168.15.4","MQTT","70","Connect Ack"
"240586","1461.749215333","192.168.15.3","192.168.15.4","MQTT","70","Publish Ack (id=1433)"
"240588","1461.749897509","192.168.15.4","192.168.15.3","MQTT","68","Disconnect Req"
"240600","1462.753425632","192.168.15.4","192.168.15.3","MQTT","90","Connect Command"
"240602","1462.756412042","192.168.15.4","192.168.15.3","MQTT","97","Publish Message (id=1434) [Deviceb'Device - 2']"
"240604","1462.760791408","192.168.15.3","192.168.15.4","MQTT","70","Connect Ack"
"240606","1462.763202012","192.168.15.3","192.168.15.4","MQTT","70","Publish Ack (id=1434)"
"240608","1462.763968737","192.168.15.4","192.168.15.3","MQTT","68","Disconnect Req"
"240620","1463.769469037","192.168.15.4","192.168.15.3","MQTT","90","Connect Command"
"240622","1463.772348395","192.168.15.4","192.168.15.3","MQTT","97","Publish Message (id=1435) [Deviceb'Device - 2']"
"240623","1463.772759190","192.168.15.3","192.168.15.4","MQTT","70","Connect Ack"
"240626","1463.775327341","192.168.15.3","192.168.15.4","MQTT","70","Publish Ack (id=1435)"
"240628","1463.776118643","192.168.15.4","192.168.15.3","MQTT","68","Disconnect Req"
"240655","1464.780535180","192.168.15.4","192.168.15.3","MQTT","90","Connect Command"
"240657","1464.783459623","192.168.15.4","192.168.15.3","MQTT","97","Publish Message (id=1436) [Deviceb'Device - 2']"
"240658","1464.783867632","192.168.15.3","192.168.15.4","MQTT","70","Connect Ack"
"240661","1464.795477949","192.168.15.3","192.168.15.4","MQTT","70","Publish Ack (id=1436)"
"240663","1464.796381592","192.168.15.4","192.168.15.3","MQTT","68","Disconnect Req"
"240675","1465.800622929","192.168.15.4","192.168.15.3","MQTT","90","Connect Command"
"240677","1465.803557582","192.168.15.4","192.168.15.3","MQTT","97","Publish Message (id=1437) [Deviceb'Device - 2']"
"240678","1465.803987302","192.168.15.3","192.168.15.4","MQTT","70","Connect Ack"
"240681","1465.806458039","192.168.15.3","192.168.15.4","MQTT","70","Publish Ack (id=1437)"
"240683","1465.807279848","192.168.15.4","192.168.15.3","MQTT","68","Disconnect Req"
"242179","1466.811097265","192.168.15.4","192.168.15.3","MQTT","90","Connect Command"
"242181","1466.814041515","192.168.15.4","192.168.15.3","MQTT","97","Publish Message (id=1438) [Deviceb'Device - 2']"
"242182","1466.814436149","192.168.15.3","192.168.15.4","MQTT","70","Connect Ack"
"242185","1466.816953455","192.168.15.3","192.168.15.4","MQTT","70","Publish Ack (id=1438)"
"242187","1466.817629890","192.168.15.4","192.168.15.3","MQTT","68","Disconnect Req"
"242199","1467.821950164","192.168.15.4","192.168.15.3","MQTT","90","Connect Command"
"242201","1467.824883012","192.168.15.4","192.168.15.3","MQTT","97","Publish Message (id=1439) [Deviceb'Device - 2']"
"242202","1467.825472664","192.168.15.3","192.168.15.4","MQTT","70","Connect Ack"
"242205","1467.827654006","192.168.15.3","192.168.15.4","MQTT","70","Publish Ack (id=1439)"
"242207","1467.828037669","192.168.15.4","192.168.15.3","MQTT","68","Disconnect Req"
"242219","1468.832648031","192.168.15.4","192.168.15.3","MQTT","90","Connect Command"
"242221","1468.835014602","192.168.15.4","192.168.15.3","MQTT","97","Publish Message (id=1440) [Deviceb'Device - 2']"
"242222","1468.835409216","192.168.15.3","192.168.15.4","MQTT","70","Connect Ack"
"242225","1468.837503584","192.168.15.3","192.168.15.4","MQTT","70","Publish Ack (id=1440)"
"242227","1468.838320334","192.168.15.4","192.168.15.3","MQTT","68","Disconnect Req"
"242243","1469.843011055","192.168.15.4","192.168.15.3","MQTT","90","Connect Command"
"242245","1469.845933404","192.168.15.4","192.168.15.3","MQTT","97","Publish Message (id=1441) [Deviceb'Device - 2']"
"242246","1469.846394132","192.168.15.3","192.168.15.4","MQTT","70","Connect Ack"
"242249","1469.848803765","192.168.15.3","192.168.15.4","MQTT","70","Publish Ack (id=1441)"
"242251","1469.849500979","192.168.15.4","192.168.15.3","MQTT","68","Disconnect Req"
"242261","1470.853906353","192.168.15.4","192.168.15.3","MQTT","90","Connect Command"
"242263","1470.860176593","192.168.15.4","192.168.15.3","MQTT","97","Publish Message (id=1442) [Deviceb'Device - 2']"
"242264","1470.860464837","192.168.15.3","192.168.15.4","MQTT","70","Connect Ack"
"242267","1470.863015415","192.168.15.3","192.168.15.4","MQTT","70","Publish Ack (id=1442)"
"242269","1470.863368220","192.168.15.4","192.168.15.3","MQTT","68","Disconnect Req"
"242283","1471.867148004","192.168.15.4","192.168.15.3","MQTT","90","Connect Command"
"242285","1471.869589427","192.168.15.4","192.168.15.3","MQTT","97","Publish Message (id=1443) [Deviceb'Device - 2']"
"242286","1471.870046979","192.168.15.3","192.168.15.4","MQTT","70","Connect Ack"
"242289","1471.872332818","192.168.15.3","192.168.15.4","MQTT","70","Publish Ack (id=1443)"
"242291","1471.872773839","192.168.15.4","192.168.15.3","MQTT","68","Disconnect Req"
"242303","1472.876863655","192.168.15.4","192.168.15.3","MQTT","90","Connect Command"
"242305","1472.879765425","192.168.15.4","192.168.15.3","MQTT","97","Publish Message (id=1444) [Deviceb'Device - 2']"
"242307","1472.885316580","192.168.15.3","192.168.15.4","MQTT","70","Connect Ack"
"242309","1472.887739678","192.168.15.3","192.168.15.4","MQTT","70","Publish Ack (id=1444)"
"242311","1472.888277622","192.168.15.4","192.168.15.3","MQTT","68","Disconnect Req"
"242324","1473.892054239","192.168.15.4","192.168.15.3","MQTT","90","Connect Command"
"242328","1473.894595840","192.168.15.4","192.168.15.3","MQTT","97","Publish Message (id=1445) [Deviceb'Device - 2']"
"242329","1473.895026663","192.168.15.3","192.168.15.4","MQTT","70","Connect Ack"
"242332","1473.897476391","192.168.15.3","192.168.15.4","MQTT","70","Publish Ack (id=1445)"
"242334","1473.897841379","192.168.15.4","192.168.15.3","MQTT","68","Disconnect Req"
"242368","1474.901690871","192.168.15.4","192.168.15.3","MQTT","90","Connect Command"
"242370","1474.904683283","192.168.15.4","192.168.15.3","MQTT","97","Publish Message (id=1446) [Deviceb'Device - 2']"
"242371","1474.905054813","192.168.15.3","192.168.15.4","MQTT","70","Connect Ack"
"242374","1474.908237824","192.168.15.3","192.168.15.4","MQTT","70","Publish Ack (id=1446)"
"242376","1474.908901054","192.168.15.4","192.168.15.3","MQTT","68","Disconnect Req"
"242396","1475.912996701","192.168.15.4","192.168.15.3","MQTT","90","Connect Command"
"242398","1475.915937254","192.168.15.4","192.168.15.3","MQTT","97","Publish Message (id=1447) [Deviceb'Device - 2']"
"242399","1475.916354451","192.168.15.3","192.168.15.4","MQTT","70","Connect Ack"
"242402","1475.918695635","192.168.15.3","192.168.15.4","MQTT","70","Publish Ack (id=1447)"
"242404","1475.919374274","192.168.15.4","192.168.15.3","MQTT","68","Disconnect Req"
"242672","1476.924821133","192.168.15.4","192.168.15.3","MQTT","90","Connect Command"
"242752","1476.932255489","192.168.15.4","192.168.15.3","MQTT","97","Publish Message (id=1448) [Deviceb'Device - 2']"
"242753","1476.932266399","192.168.15.3","192.168.15.4","MQTT","70","Connect Ack"
"242821","1476.938467119","192.168.15.3","192.168.15.4","MQTT","70","Publish Ack (id=1448)"
"242828","1476.938947835","192.168.15.4","192.168.15.3","MQTT","68","Disconnect Req"
"244359","1477.942372845","192.168.15.4","192.168.15.3","MQTT","90","Connect Command"
"244361","1477.945364776","192.168.15.4","192.168.15.3","MQTT","97","Publish Message (id=1449) [Deviceb'Device - 2']"
"244363","1477.949733191","192.168.15.3","192.168.15.4","MQTT","70","Connect Ack"
"244365","1477.952181086","192.168.15.3","192.168.15.4","MQTT","70","Publish Ack (id=1449)"
"244367","1477.953022703","192.168.15.4","192.168.15.3","MQTT","68","Disconnect Req"
"244384","1478.957146145","192.168.15.4","192.168.15.3","MQTT","90","Connect Command"
"244386","1478.960210793","192.168.15.4","192.168.15.3","MQTT","97","Publish Message (id=1450) [Deviceb'Device - 2']"
"244387","1478.960576783","192.168.15.3","192.168.15.4","MQTT","70","Connect Ack"
"244390","1478.963354540","192.168.15.3","192.168.15.4","MQTT","70","Publish Ack (id=1450)"
"244392","1478.963796914","192.168.15.4","192.168.15.3","MQTT","68","Disconnect Req"
"244404","1479.968153677","192.168.15.4","192.168.15.3","MQTT","90","Connect Command"
"244406","1479.971061730","192.168.15.4","192.168.15.3","MQTT","97","Publish Message (id=1451) [Deviceb'Device - 2']"
"244407","1479.971472394","192.168.15.3","192.168.15.4","MQTT","70","Connect Ack"
"244410","1479.973901874","192.168.15.3","192.168.15.4","MQTT","70","Publish Ack (id=1451)"
"244412","1479.974394954","192.168.15.4","192.168.15.3","MQTT","68","Disconnect Req"
"244424","1480.979331522","192.168.15.4","192.168.15.3","MQTT","90","Connect Command"
"244426","1480.983757406","192.168.15.4","192.168.15.3","MQTT","97","Publish Message (id=1452) [Deviceb'Device - 2']"
"244427","1480.984178900","192.168.15.3","192.168.15.4","MQTT","70","Connect Ack"
"244430","1480.986610044","192.168.15.3","192.168.15.4","MQTT","70","Publish Ack (id=1452)"
"244432","1480.987089498","192.168.15.4","192.168.15.3","MQTT","68","Disconnect Req"
"244440","1481.991173416","192.168.15.4","192.168.15.3","MQTT","90","Connect Command"
"244442","1481.995520942","192.168.15.4","192.168.15.3","MQTT","97","Publish Message (id=1453) [Deviceb'Device - 2']"
"244443","1481.996368781","192.168.15.3","192.168.15.4","MQTT","70","Connect Ack"
"244446","1481.998331791","192.168.15.3","192.168.15.4","MQTT","70","Publish Ack (id=1453)"
"244448","1481.999007565","192.168.15.4","192.168.15.3","MQTT","68","Disconnect Req"
"244460","1483.003181821","192.168.15.4","192.168.15.3","MQTT","90","Connect Command"
"244462","1483.006160327","192.168.15.4","192.168.15.3","MQTT","97","Publish Message (id=1454) [Deviceb'Device - 2']"
"244464","1483.011060866","192.168.15.3","192.168.15.4","MQTT","70","Connect Ack"
"244466","1483.013488663","192.168.15.3","192.168.15.4","MQTT","70","Publish Ack (id=1454)"
"244468","1483.013918864","192.168.15.4","192.168.15.3","MQTT","68","Disconnect Req"
"244483","1484.018567364","192.168.15.4","192.168.15.3","MQTT","90","Connect Command"
"244485","1484.021801191","192.168.15.3","192.168.15.4","MQTT","70","Connect Ack"
"244486","1484.021831218","192.168.15.4","192.168.15.3","MQTT","97","Publish Message (id=1455) [Deviceb'Device - 2']"
"244489","1484.024609025","192.168.15.3","192.168.15.4","MQTT","70","Publish Ack (id=1455)"
"244491","1484.025534920","192.168.15.4","192.168.15.3","MQTT","68","Disconnect Req"
"244523","1485.029968986","192.168.15.4","192.168.15.3","MQTT","90","Connect Command"
"244525","1485.032997225","192.168.15.4","192.168.15.3","MQTT","97","Publish Message (id=1456) [Deviceb'Device - 2']"
"244526","1485.033429239","192.168.15.3","192.168.15.4","MQTT","70","Connect Ack"
"244529","1485.035698387","192.168.15.3","192.168.15.4","MQTT","70","Publish Ack (id=1456)"
"244531","1485.036152173","192.168.15.4","192.168.15.3","MQTT","68","Disconnect Req"
"244543","1486.040669004","192.168.15.4","192.168.15.3","MQTT","90","Connect Command"
"244545","1486.043570094","192.168.15.4","192.168.15.3","MQTT","97","Publish Message (id=1457) [Deviceb'Device - 2']"
"244546","1486.043977081","192.168.15.3","192.168.15.4","MQTT","70","Connect Ack"
"244549","1486.046375312","192.168.15.3","192.168.15.4","MQTT","70","Publish Ack (id=1457)"
"244551","1486.047451411","192.168.15.4","192.168.15.3","MQTT","68","Disconnect Req"
"244564","1487.051433512","192.168.15.4","192.168.15.3","MQTT","90","Connect Command"
"244566","1487.054423830","192.168.15.4","192.168.15.3","MQTT","97","Publish Message (id=1458) [Deviceb'Device - 2']"
"244567","1487.054836548","192.168.15.3","192.168.15.4","MQTT","70","Connect Ack"
"244570","1487.057239478","192.168.15.3","192.168.15.4","MQTT","70","Publish Ack (id=1458)"
"244572","1487.058282444","192.168.15.4","192.168.15.3","MQTT","68","Disconnect Req"
"244584","1488.061718145","192.168.15.4","192.168.15.3","MQTT","90","Connect Command"
"244586","1488.064758787","192.168.15.4","192.168.15.3","MQTT","97","Publish Message (id=1459) [Deviceb'Device - 2']"
"244588","1488.069161047","192.168.15.3","192.168.15.4","MQTT","70","Connect Ack"
"244590","1488.071647064","192.168.15.3","192.168.15.4","MQTT","70","Publish Ack (id=1459)"
"244592","1488.072529187","192.168.15.4","192.168.15.3","MQTT","68","Disconnect Req"
"246126","1489.076811753","192.168.15.4","192.168.15.3","MQTT","90","Connect Command"
"246128","1489.079724985","192.168.15.4","192.168.15.3","MQTT","97","Publish Message (id=1460) [Deviceb'Device - 2']"
"246129","1489.080122264","192.168.15.3","192.168.15.4","MQTT","70","Connect Ack"
"246132","1489.082530424","192.168.15.3","192.168.15.4","MQTT","70","Publish Ack (id=1460)"
"246134","1489.083404963","192.168.15.4","192.168.15.3","MQTT","68","Disconnect Req"
"246146","1490.087302013","192.168.15.4","192.168.15.3","MQTT","90","Connect Command"
"246148","1490.090290537","192.168.15.4","192.168.15.3","MQTT","97","Publish Message (id=1461) [Deviceb'Device - 2']"
"246149","1490.090715388","192.168.15.3","192.168.15.4","MQTT","70","Connect Ack"
"246152","1490.093205393","192.168.15.3","192.168.15.4","MQTT","70","Publish Ack (id=1461)"
"246154","1490.093646955","192.168.15.4","192.168.15.3","MQTT","68","Disconnect Req"
"246165","1491.097110536","192.168.15.4","192.168.15.3","MQTT","90","Connect Command"
"246168","1491.100458328","192.168.15.4","192.168.15.3","MQTT","97","Publish Message (id=1462) [Deviceb'Device - 2']"
"246169","1491.101484232","192.168.15.3","192.168.15.4","MQTT","70","Connect Ack"
"246172","1491.103223320","192.168.15.3","192.168.15.4","MQTT","70","Publish Ack (id=1462)"
"246174","1491.103713915","192.168.15.4","192.168.15.3","MQTT","68","Disconnect Req"
"246182","1492.106739328","192.168.15.4","192.168.15.3","MQTT","90","Connect Command"
"246184","1492.109772176","192.168.15.4","192.168.15.3","MQTT","97","Publish Message (id=1463) [Deviceb'Device - 2']"
"246185","1492.110207838","192.168.15.3","192.168.15.4","MQTT","70","Connect Ack"
"246188","1492.112381095","192.168.15.3","192.168.15.4","MQTT","70","Publish Ack (id=1463)"
"246190","1492.113094640","192.168.15.4","192.168.15.3","MQTT","68","Disconnect Req"
"246202","1493.116987147","192.168.15.4","192.168.15.3","MQTT","90","Connect Command"
"246204","1493.119916871","192.168.15.4","192.168.15.3","MQTT","97","Publish Message (id=1464) [Deviceb'Device - 2']"
"246206","1493.124255531","192.168.15.3","192.168.15.4","MQTT","70","Connect Ack"
"246208","1493.127299670","192.168.15.3","192.168.15.4","MQTT","70","Publish Ack (id=1464)"
"246210","1493.127803550","192.168.15.4","192.168.15.3","MQTT","68","Disconnect Req"
"246229","1494.131564047","192.168.15.4","192.168.15.3","MQTT","90","Connect Command"
"246231","1494.134584221","192.168.15.4","192.168.15.3","MQTT","97","Publish Message (id=1465) [Deviceb'Device - 2']"
"246232","1494.135243474","192.168.15.3","192.168.15.4","MQTT","70","Connect Ack"
"246235","1494.137410860","192.168.15.3","192.168.15.4","MQTT","70","Publish Ack (id=1465)"
"246237","1494.137789153","192.168.15.4","192.168.15.3","MQTT","68","Disconnect Req"
"246251","1495.141863299","192.168.15.4","192.168.15.3","MQTT","90","Connect Command"
"246253","1495.144783495","192.168.15.4","192.168.15.3","MQTT","97","Publish Message (id=1466) [Deviceb'Device - 2']"
"246254","1495.145165054","192.168.15.3","192.168.15.4","MQTT","70","Connect Ack"
"246257","1495.147703079","192.168.15.3","192.168.15.4","MQTT","70","Publish Ack (id=1466)"
"246259","1495.148228470","192.168.15.4","192.168.15.3","MQTT","68","Disconnect Req"
"246267","1496.152059076","192.168.15.4","192.168.15.3","MQTT","90","Connect Command"
"246269","1496.155042321","192.168.15.4","192.168.15.3","MQTT","97","Publish Message (id=1467) [Deviceb'Device - 2']"
"246270","1496.155442215","192.168.15.3","192.168.15.4","MQTT","70","Connect Ack"
"246273","1496.157946256","192.168.15.3","192.168.15.4","MQTT","70","Publish Ack (id=1467)"
"246275","1496.158420520","192.168.15.4","192.168.15.3","MQTT","68","Disconnect Req"
"246289","1497.161726014","192.168.15.4","192.168.15.3","MQTT","90","Connect Command"
"246291","1497.164697527","192.168.15.4","192.168.15.3","MQTT","97","Publish Message (id=1468) [Deviceb'Device - 2']"
"246292","1497.165107730","192.168.15.3","192.168.15.4","MQTT","70","Connect Ack"
"246295","1497.167543272","192.168.15.3","192.168.15.4","MQTT","70","Publish Ack (id=1468)"
"246297","1497.167980336","192.168.15.4","192.168.15.3","MQTT","68","Disconnect Req"
"246318","1498.171294336","192.168.15.4","192.168.15.3","MQTT","90","Connect Command"
"246320","1498.174914762","192.168.15.4","192.168.15.3","MQTT","97","Publish Message (id=1469) [Deviceb'Device - 2']"
"246322","1498.178708264","192.168.15.3","192.168.15.4","MQTT","70","Connect Ack"
"246324","1498.181122997","192.168.15.3","192.168.15.4","MQTT","70","Publish Ack (id=1469)"
"246326","1498.181439934","192.168.15.4","192.168.15.3","MQTT","68","Disconnect Req"
"247864","1499.185525329","192.168.15.4","192.168.15.3","MQTT","90","Connect Command"
"247866","1499.188564549","192.168.15.4","192.168.15.3","MQTT","97","Publish Message (id=1470) [Deviceb'Device - 2']"
"247867","1499.188949434","192.168.15.3","192.168.15.4","MQTT","70","Connect Ack"
"247870","1499.191463935","192.168.15.3","192.168.15.4","MQTT","70","Publish Ack (id=1470)"
"247872","1499.191932098","192.168.15.4","192.168.15.3","MQTT","68","Disconnect Req"
"247882","1500.196213550","192.168.15.4","192.168.15.3","MQTT","90","Connect Command"
"247884","1500.199123216","192.168.15.4","192.168.15.3","MQTT","97","Publish Message (id=1471) [Deviceb'Device - 2']"
"247885","1500.199523460","192.168.15.3","192.168.15.4","MQTT","70","Connect Ack"
"247888","1500.201883380","192.168.15.3","192.168.15.4","MQTT","70","Publish Ack (id=1471)"
"247890","1500.202686705","192.168.15.4","192.168.15.3","MQTT","68","Disconnect Req"
"247903","1501.206972925","192.168.15.4","192.168.15.3","MQTT","90","Connect Command"
"247905","1501.209867102","192.168.15.4","192.168.15.3","MQTT","97","Publish Message (id=1472) [Deviceb'Device - 2']"
"247906","1501.210260734","192.168.15.3","192.168.15.4","MQTT","70","Connect Ack"
"247909","1501.212751230","192.168.15.3","192.168.15.4","MQTT","70","Publish Ack (id=1472)"
"247911","1501.213632972","192.168.15.4","192.168.15.3","MQTT","68","Disconnect Req"
"247930","1502.217353974","192.168.15.4","192.168.15.3","MQTT","90","Connect Command"
"247932","1502.220318153","192.168.15.4","192.168.15.3","MQTT","97","Publish Message (id=1473) [Deviceb'Device - 2']"
"247933","1502.220743966","192.168.15.3","192.168.15.4","MQTT","70","Connect Ack"
"247936","1502.223111179","192.168.15.3","192.168.15.4","MQTT","70","Publish Ack (id=1473)"
"247938","1502.223894716","192.168.15.4","192.168.15.3","MQTT","68","Disconnect Req"
"247954","1503.228032053","192.168.15.4","192.168.15.3","MQTT","90","Connect Command"
"247956","1503.230976635","192.168.15.4","192.168.15.3","MQTT","97","Publish Message (id=1474) [Deviceb'Device - 2']"
"247958","1503.235334992","192.168.15.3","192.168.15.4","MQTT","70","Connect Ack"
"247960","1503.237787917","192.168.15.3","192.168.15.4","MQTT","70","Publish Ack (id=1474)"
"247962","1503.238536147","192.168.15.4","192.168.15.3","MQTT","68","Disconnect Req"
"248023","1504.242454780","192.168.15.4","192.168.15.3","MQTT","90","Connect Command"
"248025","1504.245396176","192.168.15.4","192.168.15.3","MQTT","97","Publish Message (id=1475) [Deviceb'Device - 2']"
"248026","1504.245803835","192.168.15.3","192.168.15.4","MQTT","70","Connect Ack"
"248029","1504.248263743","192.168.15.3","192.168.15.4","MQTT","70","Publish Ack (id=1475)"
"248031","1504.249047490","192.168.15.4","192.168.15.3","MQTT","68","Disconnect Req"
"248055","1505.252771395","192.168.15.4","192.168.15.3","MQTT","90","Connect Command"
"248057","1505.255645213","192.168.15.4","192.168.15.3","MQTT","97","Publish Message (id=1476) [Deviceb'Device - 2']"
"248058","1505.256058142","192.168.15.3","192.168.15.4","MQTT","70","Connect Ack"
"248061","1505.258496579","192.168.15.3","192.168.15.4","MQTT","70","Publish Ack (id=1476)"
"248063","1505.259325011","192.168.15.4","192.168.15.3","MQTT","68","Disconnect Req"
"248075","1506.263597048","192.168.15.4","192.168.15.3","MQTT","90","Connect Command"
"248077","1506.266787143","192.168.15.4","192.168.15.3","MQTT","97","Publish Message (id=1477) [Deviceb'Device - 2']"
"248078","1506.267071139","192.168.15.3","192.168.15.4","MQTT","70","Connect Ack"
"248081","1506.269595037","192.168.15.3","192.168.15.4","MQTT","70","Publish Ack (id=1477)"
"248083","1506.270314083","192.168.15.4","192.168.15.3","MQTT","68","Disconnect Req"
"248105","1507.274119680","192.168.15.4","192.168.15.3","MQTT","90","Connect Command"
"248107","1507.277178838","192.168.15.4","192.168.15.3","MQTT","97","Publish Message (id=1478) [Deviceb'Device - 2']"
"248108","1507.277576939","192.168.15.3","192.168.15.4","MQTT","70","Connect Ack"
"248111","1507.280103192","192.168.15.3","192.168.15.4","MQTT","70","Publish Ack (id=1478)"
"248113","1507.281051229","192.168.15.4","192.168.15.3","MQTT","68","Disconnect Req"
"248134","1508.285396320","192.168.15.4","192.168.15.3","MQTT","90","Connect Command"
"248136","1508.288433046","192.168.15.4","192.168.15.3","MQTT","97","Publish Message (id=1479) [Deviceb'Device - 2']"
"248139","1508.292742762","192.168.15.3","192.168.15.4","MQTT","70","Connect Ack"
"248141","1508.295932496","192.168.15.3","192.168.15.4","MQTT","70","Publish Ack (id=1479)"
"248143","1508.296708219","192.168.15.4","192.168.15.3","MQTT","68","Disconnect Req"
"248154","1509.301196279","192.168.15.4","192.168.15.3","MQTT","90","Connect Command"
"248156","1509.304126403","192.168.15.4","192.168.15.3","MQTT","97","Publish Message (id=1480) [Deviceb'Device - 2']"
"248157","1509.304521879","192.168.15.3","192.168.15.4","MQTT","70","Connect Ack"
"248160","1509.306938095","192.168.15.3","192.168.15.4","MQTT","70","Publish Ack (id=1480)"
"248162","1509.307547273","192.168.15.4","192.168.15.3","MQTT","68","Disconnect Req"
"250257","1510.311616263","192.168.15.4","192.168.15.3","MQTT","90","Connect Command"
"250259","1510.314583147","192.168.15.4","192.168.15.3","MQTT","97","Publish Message (id=1481) [Deviceb'Device - 2']"
"250260","1510.314978011","192.168.15.3","192.168.15.4","MQTT","70","Connect Ack"
"250263","1510.317402182","192.168.15.3","192.168.15.4","MQTT","70","Publish Ack (id=1481)"
"250265","1510.318368724","192.168.15.4","192.168.15.3","MQTT","68","Disconnect Req"
"250278","1511.322297497","192.168.15.4","192.168.15.3","MQTT","90","Connect Command"
"250280","1511.325215799","192.168.15.4","192.168.15.3","MQTT","97","Publish Message (id=1482) [Deviceb'Device - 2']"
"250281","1511.325620633","192.168.15.3","192.168.15.4","MQTT","70","Connect Ack"
"250284","1511.328097513","192.168.15.3","192.168.15.4","MQTT","70","Publish Ack (id=1482)"
"250286","1511.329004213","192.168.15.4","192.168.15.3","MQTT","68","Disconnect Req"
"250298","1512.333065954","192.168.15.4","192.168.15.3","MQTT","90","Connect Command"
"250300","1512.336065419","192.168.15.4","192.168.15.3","MQTT","97","Publish Message (id=1483) [Deviceb'Device - 2']"
"250301","1512.336588135","192.168.15.3","192.168.15.4","MQTT","70","Connect Ack"
"250304","1512.338940580","192.168.15.3","192.168.15.4","MQTT","70","Publish Ack (id=1483)"
"250306","1512.339993816","192.168.15.4","192.168.15.3","MQTT","68","Disconnect Req"
"250318","1513.343778675","192.168.15.4","192.168.15.3","MQTT","90","Connect Command"
"250320","1513.345926385","192.168.15.4","192.168.15.3","MQTT","97","Publish Message (id=1484) [Deviceb'Device - 2']"
"250322","1513.350285154","192.168.15.3","192.168.15.4","MQTT","70","Connect Ack"
"250324","1513.352664149","192.168.15.3","192.168.15.4","MQTT","70","Publish Ack (id=1484)"
"250326","1513.353359240","192.168.15.4","192.168.15.3","MQTT","68","Disconnect Req"
"250341","1514.356757489","192.168.15.4","192.168.15.3","MQTT","90","Connect Command"
"250343","1514.359734141","192.168.15.4","192.168.15.3","MQTT","97","Publish Message (id=1485) [Deviceb'Device - 2']"
"250344","1514.360165505","192.168.15.3","192.168.15.4","MQTT","70","Connect Ack"
"250347","1514.362594846","192.168.15.3","192.168.15.4","MQTT","70","Publish Ack (id=1485)"
"250349","1514.363453325","192.168.15.4","192.168.15.3","MQTT","68","Disconnect Req"
"250364","1515.367718677","192.168.15.4","192.168.15.3","MQTT","90","Connect Command"
"250366","1515.370535348","192.168.15.4","192.168.15.3","MQTT","97","Publish Message (id=1486) [Deviceb'Device - 2']"
"250367","1515.370951402","192.168.15.3","192.168.15.4","MQTT","70","Connect Ack"
"250370","1515.373414908","192.168.15.3","192.168.15.4","MQTT","70","Publish Ack (id=1486)"
"250372","1515.374252627","192.168.15.4","192.168.15.3","MQTT","68","Disconnect Req"
"250388","1516.378280709","192.168.15.4","192.168.15.3","MQTT","90","Connect Command"
"250390","1516.385532072","192.168.15.4","192.168.15.3","MQTT","97","Publish Message (id=1487) [Deviceb'Device - 2']"
"250391","1516.385770662","192.168.15.3","192.168.15.4","MQTT","70","Connect Ack"
"250394","1516.388305371","192.168.15.3","192.168.15.4","MQTT","70","Publish Ack (id=1487)"
"250396","1516.389026902","192.168.15.4","192.168.15.3","MQTT","68","Disconnect Req"
"250407","1517.393459165","192.168.15.4","192.168.15.3","MQTT","90","Connect Command"
"250409","1517.396420820","192.168.15.4","192.168.15.3","MQTT","97","Publish Message (id=1488) [Deviceb'Device - 2']"
"250410","1517.396799624","192.168.15.3","192.168.15.4","MQTT","70","Connect Ack"
"250413","1517.399394226","192.168.15.3","192.168.15.4","MQTT","70","Publish Ack (id=1488)"
"250416","1517.400332726","192.168.15.4","192.168.15.3","MQTT","68","Disconnect Req"
"250425","1518.404411871","192.168.15.4","192.168.15.3","MQTT","90","Connect Command"
"250427","1518.407442606","192.168.15.4","192.168.15.3","MQTT","97","Publish Message (id=1489) [Deviceb'Device - 2']"
"250429","1518.411661861","192.168.15.3","192.168.15.4","MQTT","70","Connect Ack"
"250431","1518.414099528","192.168.15.3","192.168.15.4","MQTT","70","Publish Ack (id=1489)"
"250433","1518.414805509","192.168.15.4","192.168.15.3","MQTT","68","Disconnect Req"
"250448","1519.419311088","192.168.15.4","192.168.15.3","MQTT","90","Connect Command"
"250450","1519.422264447","192.168.15.4","192.168.15.3","MQTT","97","Publish Message (id=1490) [Deviceb'Device - 2']"
"250451","1519.422668689","192.168.15.3","192.168.15.4","MQTT","70","Connect Ack"
"250454","1519.425077922","192.168.15.3","192.168.15.4","MQTT","70","Publish Ack (id=1490)"
"250456","1519.425999359","192.168.15.4","192.168.15.3","MQTT","68","Disconnect Req"
"251905","1520.432954647","192.168.15.4","192.168.15.3","MQTT","90","Connect Command"
"251907","1520.435902506","192.168.15.4","192.168.15.3","MQTT","97","Publish Message (id=1491) [Deviceb'Device - 2']"
"251908","1520.436362563","192.168.15.3","192.168.15.4","MQTT","70","Connect Ack"
"251911","1520.438334151","192.168.15.3","192.168.15.4","MQTT","70","Publish Ack (id=1491)"
"251913","1520.438676967","192.168.15.4","192.168.15.3","MQTT","68","Disconnect Req"
"251933","1521.442940838","192.168.15.4","192.168.15.3","MQTT","90","Connect Command"
"251935","1521.445853781","192.168.15.4","192.168.15.3","MQTT","97","Publish Message (id=1492) [Deviceb'Device - 2']"
"251936","1521.446234629","192.168.15.3","192.168.15.4","MQTT","70","Connect Ack"
"251939","1521.448678257","192.168.15.3","192.168.15.4","MQTT","70","Publish Ack (id=1492)"
"251941","1521.449395139","192.168.15.4","192.168.15.3","MQTT","68","Disconnect Req"
"251960","1522.453594355","192.168.15.4","192.168.15.3","MQTT","90","Connect Command"
"251962","1522.456571719","192.168.15.4","192.168.15.3","MQTT","97","Publish Message (id=1493) [Deviceb'Device - 2']"
"251963","1522.456921479","192.168.15.3","192.168.15.4","MQTT","70","Connect Ack"
"251966","1522.459424218","192.168.15.3","192.168.15.4","MQTT","70","Publish Ack (id=1493)"
"251968","1522.460123206","192.168.15.4","192.168.15.3","MQTT","68","Disconnect Req"
"251980","1523.463817889","192.168.15.4","192.168.15.3","MQTT","90","Connect Command"
"251982","1523.468194551","192.168.15.4","192.168.15.3","MQTT","97","Publish Message (id=1494) [Deviceb'Device - 2']"
"251984","1523.470904120","192.168.15.3","192.168.15.4","MQTT","70","Connect Ack"
"251986","1523.473401069","192.168.15.3","192.168.15.4","MQTT","70","Publish Ack (id=1494)"
"251988","1523.474063999","192.168.15.4","192.168.15.3","MQTT","68","Disconnect Req"
"252007","1524.478746884","192.168.15.4","192.168.15.3","MQTT","90","Connect Command"
"252009","1524.481641231","192.168.15.4","192.168.15.3","MQTT","97","Publish Message (id=1495) [Deviceb'Device - 2']"
"252010","1524.482397938","192.168.15.3","192.168.15.4","MQTT","70","Connect Ack"
"252013","1524.484431212","192.168.15.3","192.168.15.4","MQTT","70","Publish Ack (id=1495)"
"252015","1524.485368349","192.168.15.4","192.168.15.3","MQTT","68","Disconnect Req"
"252029","1525.490060501","192.168.15.4","192.168.15.3","MQTT","90","Connect Command"
"252031","1525.492844391","192.168.15.4","192.168.15.3","MQTT","97","Publish Message (id=1496) [Deviceb'Device - 2']"
"252032","1525.493275614","192.168.15.3","192.168.15.4","MQTT","70","Connect Ack"
"252035","1525.495364874","192.168.15.3","192.168.15.4","MQTT","70","Publish Ack (id=1496)"
"252037","1525.495759758","192.168.15.4","192.168.15.3","MQTT","68","Disconnect Req"
"252050","1526.499563202","192.168.15.4","192.168.15.3","MQTT","90","Connect Command"
"252052","1526.502534825","192.168.15.4","192.168.15.3","MQTT","97","Publish Message (id=1497) [Deviceb'Device - 2']"
"252053","1526.502889193","192.168.15.3","192.168.15.4","MQTT","70","Connect Ack"
"252056","1526.505744908","192.168.15.3","192.168.15.4","MQTT","70","Publish Ack (id=1497)"
"252058","1526.506252305","192.168.15.4","192.168.15.3","MQTT","68","Disconnect Req"
"252066","1527.510573524","192.168.15.4","192.168.15.3","MQTT","90","Connect Command"
"252068","1527.513559664","192.168.15.4","192.168.15.3","MQTT","97","Publish Message (id=1498) [Deviceb'Device - 2']"
"252069","1527.514474509","192.168.15.3","192.168.15.4","MQTT","70","Connect Ack"
"252072","1527.516064918","192.168.15.3","192.168.15.4","MQTT","70","Publish Ack (id=1498)"
"252074","1527.516404588","192.168.15.4","192.168.15.3","MQTT","68","Disconnect Req"
"252128","1528.520570132","192.168.15.4","192.168.15.3","MQTT","90","Connect Command"
"252130","1528.523612158","192.168.15.4","192.168.15.3","MQTT","97","Publish Message (id=1499) [Deviceb'Device - 2']"
"252132","1528.527861100","192.168.15.3","192.168.15.4","MQTT","70","Connect Ack"
"252134","1528.530330557","192.168.15.3","192.168.15.4","MQTT","70","Publish Ack (id=1499)"
"252136","1528.531015889","192.168.15.4","192.168.15.3","MQTT","68","Disconnect Req"
"252212","1529.535146756","192.168.15.4","192.168.15.3","MQTT","90","Connect Command"
"252214","1529.538089364","192.168.15.4","192.168.15.3","MQTT","97","Publish Message (id=1500) [Deviceb'Device - 2']"
"252215","1529.538429907","192.168.15.3","192.168.15.4","MQTT","70","Connect Ack"
"252218","1529.540930321","192.168.15.3","192.168.15.4","MQTT","70","Publish Ack (id=1500)"
"252220","1529.541434843","192.168.15.4","192.168.15.3","MQTT","68","Disconnect Req"
"252232","1530.545522165","192.168.15.4","192.168.15.3","MQTT","90","Connect Command"
"252234","1530.548551958","192.168.15.4","192.168.15.3","MQTT","97","Publish Message (id=1501) [Deviceb'Device - 2']"
"252235","1530.548950139","192.168.15.3","192.168.15.4","MQTT","70","Connect Ack"
"252238","1530.551383918","192.168.15.3","192.168.15.4","MQTT","70","Publish Ack (id=1501)"
"252240","1530.552124465","192.168.15.4","192.168.15.3","MQTT","68","Disconnect Req"
"253683","1531.555753712","192.168.15.4","192.168.15.3","MQTT","90","Connect Command"
"253685","1531.561323895","192.168.15.4","192.168.15.3","MQTT","97","Publish Message (id=1502) [Deviceb'Device - 2']"
"253686","1531.561686258","192.168.15.3","192.168.15.4","MQTT","70","Connect Ack"
"253689","1531.563903008","192.168.15.3","192.168.15.4","MQTT","70","Publish Ack (id=1502)"
"253691","1531.564314815","192.168.15.4","192.168.15.3","MQTT","68","Disconnect Req"
"253703","1532.567811341","192.168.15.4","192.168.15.3","MQTT","90","Connect Command"
"253705","1532.570827549","192.168.15.4","192.168.15.3","MQTT","97","Publish Message (id=1503) [Deviceb'Device - 2']"
"253706","1532.571198859","192.168.15.3","192.168.15.4","MQTT","70","Connect Ack"
"253709","1532.573692701","192.168.15.3","192.168.15.4","MQTT","70","Publish Ack (id=1503)"
"253711","1532.574068961","192.168.15.4","192.168.15.3","MQTT","68","Disconnect Req"
"253865","1533.578113328","192.168.15.4","192.168.15.3","MQTT","90","Connect Command"
"253867","1533.581180371","192.168.15.4","192.168.15.3","MQTT","97","Publish Message (id=1504) [Deviceb'Device - 2']"
"253868","1533.581780413","192.168.15.3","192.168.15.4","MQTT","70","Connect Ack"
"253871","1533.583825138","192.168.15.3","192.168.15.4","MQTT","70","Publish Ack (id=1504)"
"253873","1533.584651627","192.168.15.4","192.168.15.3","MQTT","68","Disconnect Req"
"253901","1534.588528836","192.168.15.4","192.168.15.3","MQTT","90","Connect Command"
"253903","1534.591582735","192.168.15.4","192.168.15.3","MQTT","97","Publish Message (id=1505) [Deviceb'Device - 2']"
"253904","1534.591959375","192.168.15.3","192.168.15.4","MQTT","70","Connect Ack"
"253907","1534.594380661","192.168.15.3","192.168.15.4","MQTT","70","Publish Ack (id=1505)"
"253909","1534.594914037","192.168.15.4","192.168.15.3","MQTT","68","Disconnect Req"
"253940","1535.598993836","192.168.15.4","192.168.15.3","MQTT","90","Connect Command"
"253942","1535.601787264","192.168.15.4","192.168.15.3","MQTT","97","Publish Message (id=1506) [Deviceb'Device - 2']"
"253943","1535.602155499","192.168.15.3","192.168.15.4","MQTT","70","Connect Ack"
"253946","1535.604612322","192.168.15.3","192.168.15.4","MQTT","70","Publish Ack (id=1506)"
"253948","1535.605337459","192.168.15.4","192.168.15.3","MQTT","68","Disconnect Req"
"253962","1536.608644310","192.168.15.4","192.168.15.3","MQTT","90","Connect Command"
"253964","1536.611620512","192.168.15.4","192.168.15.3","MQTT","97","Publish Message (id=1507) [Deviceb'Device - 2']"
"253965","1536.612071342","192.168.15.3","192.168.15.4","MQTT","70","Connect Ack"
"253968","1536.623545729","192.168.15.3","192.168.15.4","MQTT","70","Publish Ack (id=1507)"
"253970","1536.624097169","192.168.15.4","192.168.15.3","MQTT","68","Disconnect Req"
"253982","1537.627861570","192.168.15.4","192.168.15.3","MQTT","90","Connect Command"
"253984","1537.630909789","192.168.15.4","192.168.15.3","MQTT","97","Publish Message (id=1508) [Deviceb'Device - 2']"
"253985","1537.631301728","192.168.15.3","192.168.15.4","MQTT","70","Connect Ack"
"253988","1537.633918272","192.168.15.3","192.168.15.4","MQTT","70","Publish Ack (id=1508)"
"253990","1537.634406863","192.168.15.4","192.168.15.3","MQTT","68","Disconnect Req"
"253998","1538.638414132","192.168.15.4","192.168.15.3","MQTT","90","Connect Command"
"254000","1538.641396326","192.168.15.4","192.168.15.3","MQTT","97","Publish Message (id=1509) [Deviceb'Device - 2']"
"254002","1538.645585785","192.168.15.3","192.168.15.4","MQTT","70","Connect Ack"
"254004","1538.648127318","192.168.15.3","192.168.15.4","MQTT","70","Publish Ack (id=1509)"
"254006","1538.648836866","192.168.15.4","192.168.15.3","MQTT","68","Disconnect Req"
"254021","1539.652854391","192.168.15.4","192.168.15.3","MQTT","90","Connect Command"
"254023","1539.655727849","192.168.15.4","192.168.15.3","MQTT","97","Publish Message (id=1510) [Deviceb'Device - 2']"
"254024","1539.656107846","192.168.15.3","192.168.15.4","MQTT","70","Connect Ack"
"254027","1539.658265264","192.168.15.3","192.168.15.4","MQTT","70","Publish Ack (id=1510)"
"254029","1539.658930158","192.168.15.4","192.168.15.3","MQTT","68","Disconnect Req"
"254041","1540.663033493","192.168.15.4","192.168.15.3","MQTT","90","Connect Command"
"254043","1540.665976963","192.168.15.4","192.168.15.3","MQTT","97","Publish Message (id=1511) [Deviceb'Device - 2']"
"254044","1540.666391294","192.168.15.3","192.168.15.4","MQTT","70","Connect Ack"
"254047","1540.668502035","192.168.15.3","192.168.15.4","MQTT","70","Publish Ack (id=1511)"
"254049","1540.669145098","192.168.15.4","192.168.15.3","MQTT","68","Disconnect Req"
"255900","1541.673633958","192.168.15.4","192.168.15.3","MQTT","90","Connect Command"
"255902","1541.676607175","192.168.15.4","192.168.15.3","MQTT","97","Publish Message (id=1512) [Deviceb'Device - 2']"
"255903","1541.676963948","192.168.15.3","192.168.15.4","MQTT","70","Connect Ack"
"255906","1541.679182642","192.168.15.3","192.168.15.4","MQTT","70","Publish Ack (id=1512)"
"255908","1541.679804945","192.168.15.4","192.168.15.3","MQTT","68","Disconnect Req"
"255920","1542.683443540","192.168.15.4","192.168.15.3","MQTT","90","Connect Command"
"255922","1542.686409614","192.168.15.4","192.168.15.3","MQTT","97","Publish Message (id=1513) [Deviceb'Device - 2']"
"255923","1542.686857578","192.168.15.3","192.168.15.4","MQTT","70","Connect Ack"
"255926","1542.689367351","192.168.15.3","192.168.15.4","MQTT","70","Publish Ack (id=1513)"
"255928","1542.689692334","192.168.15.4","192.168.15.3","MQTT","68","Disconnect Req"
"255940","1543.693436535","192.168.15.4","192.168.15.3","MQTT","90","Connect Command"
"255942","1543.696462371","192.168.15.4","192.168.15.3","MQTT","97","Publish Message (id=1514) [Deviceb'Device - 2']"
"255944","1543.700682039","192.168.15.3","192.168.15.4","MQTT","70","Connect Ack"
"255946","1543.702937081","192.168.15.3","192.168.15.4","MQTT","70","Publish Ack (id=1514)"
"255948","1543.703207742","192.168.15.4","192.168.15.3","MQTT","68","Disconnect Req"
"255978","1544.707191605","192.168.15.4","192.168.15.3","MQTT","90","Connect Command"
"255980","1544.711056523","192.168.15.3","192.168.15.4","MQTT","70","Connect Ack"
"255981","1544.711073756","192.168.15.4","192.168.15.3","MQTT","97","Publish Message (id=1515) [Deviceb'Device - 2']"
"255984","1544.713897060","192.168.15.3","192.168.15.4","MQTT","70","Publish Ack (id=1515)"
"255986","1544.714211974","192.168.15.4","192.168.15.3","MQTT","68","Disconnect Req"
"256022","1545.718029860","192.168.15.4","192.168.15.3","MQTT","90","Connect Command"
"256024","1545.720660551","192.168.15.4","192.168.15.3","MQTT","97","Publish Message (id=1516) [Deviceb'Device - 2']"
"256025","1545.721028205","192.168.15.3","192.168.15.4","MQTT","70","Connect Ack"
"256028","1545.723638958","192.168.15.3","192.168.15.4","MQTT","70","Publish Ack (id=1516)"
"256030","1545.723996583","192.168.15.4","192.168.15.3","MQTT","68","Disconnect Req"
"256043","1546.727929084","192.168.15.4","192.168.15.3","MQTT","90","Connect Command"
"256045","1546.730943318","192.168.15.4","192.168.15.3","MQTT","97","Publish Message (id=1517) [Deviceb'Device - 2']"
"256046","1546.731301724","192.168.15.3","192.168.15.4","MQTT","70","Connect Ack"
"256049","1546.733388740","192.168.15.3","192.168.15.4","MQTT","70","Publish Ack (id=1517)"
"256051","1546.733719383","192.168.15.4","192.168.15.3","MQTT","68","Disconnect Req"
"256061","1547.738357462","192.168.15.4","192.168.15.3","MQTT","90","Connect Command"
"256063","1547.741323316","192.168.15.4","192.168.15.3","MQTT","97","Publish Message (id=1518) [Deviceb'Device - 2']"
"256064","1547.741702360","192.168.15.3","192.168.15.4","MQTT","70","Connect Ack"
"256067","1547.744271866","192.168.15.3","192.168.15.4","MQTT","70","Publish Ack (id=1518)"
"256069","1547.744831692","192.168.15.4","192.168.15.3","MQTT","68","Disconnect Req"
"256091","1548.749334083","192.168.15.4","192.168.15.3","MQTT","90","Connect Command"
"256093","1548.752215066","192.168.15.4","192.168.15.3","MQTT","97","Publish Message (id=1519) [Deviceb'Device - 2']"
"256095","1548.756319437","192.168.15.3","192.168.15.4","MQTT","70","Connect Ack"
"256097","1548.758830161","192.168.15.3","192.168.15.4","MQTT","70","Publish Ack (id=1519)"
"256099","1548.759230596","192.168.15.4","192.168.15.3","MQTT","68","Disconnect Req"
"256114","1549.763372456","192.168.15.4","192.168.15.3","MQTT","90","Connect Command"
"256116","1549.766361113","192.168.15.4","192.168.15.3","MQTT","97","Publish Message (id=1520) [Deviceb'Device - 2']"
"256117","1549.766825358","192.168.15.3","192.168.15.4","MQTT","70","Connect Ack"
"256120","1549.769166233","192.168.15.3","192.168.15.4","MQTT","70","Publish Ack (id=1520)"
"256122","1549.769866213","192.168.15.4","192.168.15.3","MQTT","68","Disconnect Req"
"256130","1550.774078193","192.168.15.4","192.168.15.3","MQTT","90","Connect Command"
"256132","1550.777099951","192.168.15.4","192.168.15.3","MQTT","97","Publish Message (id=1521) [Deviceb'Device - 2']"
"256133","1550.777501679","192.168.15.3","192.168.15.4","MQTT","70","Connect Ack"
"256136","1550.779919098","192.168.15.3","192.168.15.4","MQTT","70","Publish Ack (id=1521)"
"256138","1550.780579053","192.168.15.4","192.168.15.3","MQTT","68","Disconnect Req"
"256157","1551.785231011","192.168.15.4","192.168.15.3","MQTT","90","Connect Command"
"256159","1551.788141900","192.168.15.4","192.168.15.3","MQTT","97","Publish Message (id=1522) [Deviceb'Device - 2']"
"256160","1551.788556572","192.168.15.3","192.168.15.4","MQTT","70","Connect Ack"
"256163","1551.790653707","192.168.15.3","192.168.15.4","MQTT","70","Publish Ack (id=1522)"
"256165","1551.791212350","192.168.15.4","192.168.15.3","MQTT","68","Disconnect Req"
"257996","1552.795638600","192.168.15.4","192.168.15.3","MQTT","90","Connect Command"
"257998","1552.798661431","192.168.15.4","192.168.15.3","MQTT","97","Publish Message (id=1523) [Deviceb'Device - 2']"
"257999","1552.799039684","192.168.15.3","192.168.15.4","MQTT","70","Connect Ack"
"258002","1552.801130808","192.168.15.3","192.168.15.4","MQTT","70","Publish Ack (id=1523)"
"258004","1552.801519601","192.168.15.4","192.168.15.3","MQTT","68","Disconnect Req"
"258016","1553.805554071","192.168.15.4","192.168.15.3","MQTT","90","Connect Command"
"258018","1553.808481241","192.168.15.4","192.168.15.3","MQTT","97","Publish Message (id=1524) [Deviceb'Device - 2']"
"258020","1553.812651406","192.168.15.3","192.168.15.4","MQTT","70","Connect Ack"
"258022","1553.815050550","192.168.15.3","192.168.15.4","MQTT","70","Publish Ack (id=1524)"
"258024","1553.815607090","192.168.15.4","192.168.15.3","MQTT","68","Disconnect Req"
"258039","1554.819142917","192.168.15.4","192.168.15.3","MQTT","90","Connect Command"
"258041","1554.822134268","192.168.15.4","192.168.15.3","MQTT","97","Publish Message (id=1525) [Deviceb'Device - 2']"
"258042","1554.822559570","192.168.15.3","192.168.15.4","MQTT","70","Connect Ack"
"258045","1554.824633281","192.168.15.3","192.168.15.4","MQTT","70","Publish Ack (id=1525)"
"258047","1554.824908801","192.168.15.4","192.168.15.3","MQTT","68","Disconnect Req"
"258059","1555.828638772","192.168.15.4","192.168.15.3","MQTT","90","Connect Command"
"258061","1555.831587483","192.168.15.4","192.168.15.3","MQTT","97","Publish Message (id=1526) [Deviceb'Device - 2']"
"258062","1555.831972859","192.168.15.3","192.168.15.4","MQTT","70","Connect Ack"
"258065","1555.834423190","192.168.15.3","192.168.15.4","MQTT","70","Publish Ack (id=1526)"
"258067","1555.834875433","192.168.15.4","192.168.15.3","MQTT","68","Disconnect Req"
"258080","1556.838811690","192.168.15.4","192.168.15.3","MQTT","90","Connect Command"
"258082","1556.841797191","192.168.15.4","192.168.15.3","MQTT","97","Publish Message (id=1527) [Deviceb'Device - 2']"
"258083","1556.842174843","192.168.15.3","192.168.15.4","MQTT","70","Connect Ack"
"258086","1556.844638560","192.168.15.3","192.168.15.4","MQTT","70","Publish Ack (id=1527)"
"258088","1556.845027814","192.168.15.4","192.168.15.3","MQTT","68","Disconnect Req"
"258100","1557.848784881","192.168.15.4","192.168.15.3","MQTT","90","Connect Command"
"258102","1557.851798505","192.168.15.4","192.168.15.3","MQTT","97","Publish Message (id=1528) [Deviceb'Device - 2']"
"258103","1557.852793171","192.168.15.3","192.168.15.4","MQTT","70","Connect Ack"
"258106","1557.854325370","192.168.15.3","192.168.15.4","MQTT","70","Publish Ack (id=1528)"
"258108","1557.854748328","192.168.15.4","192.168.15.3","MQTT","68","Disconnect Req"
"258120","1558.858191481","192.168.15.4","192.168.15.3","MQTT","90","Connect Command"
"258122","1558.861113792","192.168.15.4","192.168.15.3","MQTT","97","Publish Message (id=1529) [Deviceb'Device - 2']"
"258124","1558.865319553","192.168.15.3","192.168.15.4","MQTT","70","Connect Ack"
"258126","1558.867721804","192.168.15.3","192.168.15.4","MQTT","70","Publish Ack (id=1529)"
"258128","1558.868826277","192.168.15.4","192.168.15.3","MQTT","68","Disconnect Req"
"258143","1559.873110414","192.168.15.4","192.168.15.3","MQTT","90","Connect Command"
"258145","1559.876020513","192.168.15.4","192.168.15.3","MQTT","97","Publish Message (id=1530) [Deviceb'Device - 2']"
"258146","1559.876402663","192.168.15.3","192.168.15.4","MQTT","70","Connect Ack"
"258149","1559.878451347","192.168.15.3","192.168.15.4","MQTT","70","Publish Ack (id=1530)"
"258151","1559.878763636","192.168.15.4","192.168.15.3","MQTT","68","Disconnect Req"
"258163","1560.883011163","192.168.15.4","192.168.15.3","MQTT","90","Connect Command"
"258165","1560.886000200","192.168.15.4","192.168.15.3","MQTT","97","Publish Message (id=1531) [Deviceb'Device - 2']"
"258166","1560.886417336","192.168.15.3","192.168.15.4","MQTT","70","Connect Ack"
"258169","1560.888496748","192.168.15.3","192.168.15.4","MQTT","70","Publish Ack (id=1531)"
"258171","1560.888746318","192.168.15.4","192.168.15.3","MQTT","68","Disconnect Req"
"258186","1561.892807462","192.168.15.4","192.168.15.3","MQTT","90","Connect Command"
"258188","1561.895673016","192.168.15.4","192.168.15.3","MQTT","97","Publish Message (id=1532) [Deviceb'Device - 2']"
"258189","1561.896022915","192.168.15.3","192.168.15.4","MQTT","70","Connect Ack"
"258192","1561.898146390","192.168.15.3","192.168.15.4","MQTT","70","Publish Ack (id=1532)"
"258194","1561.898384860","192.168.15.4","192.168.15.3","MQTT","68","Disconnect Req"
"258206","1562.902285185","192.168.15.4","192.168.15.3","MQTT","90","Connect Command"
"258208","1562.905312645","192.168.15.4","192.168.15.3","MQTT","97","Publish Message (id=1533) [Deviceb'Device - 2']"
"258209","1562.905665921","192.168.15.3","192.168.15.4","MQTT","70","Connect Ack"
"258212","1562.908114870","192.168.15.3","192.168.15.4","MQTT","70","Publish Ack (id=1533)"
"258214","1562.908356115","192.168.15.4","192.168.15.3","MQTT","68","Disconnect Req"
"258233","1563.912382497","192.168.15.4","192.168.15.3","MQTT","90","Connect Command"
"258235","1563.915725482","192.168.15.4","192.168.15.3","MQTT","97","Publish Message (id=1534) [Deviceb'Device - 2']"
"258237","1563.919392849","192.168.15.3","192.168.15.4","MQTT","70","Connect Ack"
"258239","1563.921718174","192.168.15.3","192.168.15.4","MQTT","70","Publish Ack (id=1534)"
"258241","1563.922325229","192.168.15.4","192.168.15.3","MQTT","68","Disconnect Req"
"258298","1564.926302577","192.168.15.4","192.168.15.3","MQTT","90","Connect Command"
"258300","1564.929239325","192.168.15.4","192.168.15.3","MQTT","97","Publish Message (id=1535) [Deviceb'Device - 2']"
"258301","1564.929664677","192.168.15.3","192.168.15.4","MQTT","70","Connect Ack"
"258304","1564.932158280","192.168.15.3","192.168.15.4","MQTT","70","Publish Ack (id=1535)"
"258306","1564.932460310","192.168.15.4","192.168.15.3","MQTT","68","Disconnect Req"
"258318","1565.936014658","192.168.15.4","192.168.15.3","MQTT","90","Connect Command"
"258320","1565.938901743","192.168.15.4","192.168.15.3","MQTT","97","Publish Message (id=1536) [Deviceb'Device - 2']"
"258321","1565.939323849","192.168.15.3","192.168.15.4","MQTT","70","Connect Ack"
"258324","1565.942583737","192.168.15.3","192.168.15.4","MQTT","70","Publish Ack (id=1536)"
"258326","1565.942982389","192.168.15.4","192.168.15.3","MQTT","68","Disconnect Req"
"258341","1566.946915178","192.168.15.4","192.168.15.3","MQTT","90","Connect Command"
"258343","1566.949987152","192.168.15.4","192.168.15.3","MQTT","97","Publish Message (id=1537) [Deviceb'Device - 2']"
"258344","1566.950338194","192.168.15.3","192.168.15.4","MQTT","70","Connect Ack"
"258347","1566.952387890","192.168.15.3","192.168.15.4","MQTT","70","Publish Ack (id=1537)"
"258349","1566.952744833","192.168.15.4","192.168.15.3","MQTT","68","Disconnect Req"
"258361","1567.956225517","192.168.15.4","192.168.15.3","MQTT","90","Connect Command"
"258363","1567.959144663","192.168.15.4","192.168.15.3","MQTT","97","Publish Message (id=1538) [Deviceb'Device - 2']"
"258364","1567.959529719","192.168.15.3","192.168.15.4","MQTT","70","Connect Ack"
"258367","1567.962070741","192.168.15.3","192.168.15.4","MQTT","70","Publish Ack (id=1538)"
"258369","1567.962417575","192.168.15.4","192.168.15.3","MQTT","68","Disconnect Req"
"260374","1568.965844164","192.168.15.4","192.168.15.3","MQTT","90","Connect Command"
"260376","1568.968803776","192.168.15.4","192.168.15.3","MQTT","97","Publish Message (id=1539) [Deviceb'Device - 2']"
"260378","1568.973107944","192.168.15.3","192.168.15.4","MQTT","70","Connect Ack"
"260380","1568.975369960","192.168.15.3","192.168.15.4","MQTT","70","Publish Ack (id=1539)"
"260382","1568.975673092","192.168.15.4","192.168.15.3","MQTT","68","Disconnect Req"
"260397","1569.979039636","192.168.15.4","192.168.15.3","MQTT","90","Connect Command"
"260399","1569.982084308","192.168.15.4","192.168.15.3","MQTT","97","Publish Message (id=1540) [Deviceb'Device - 2']"
"260400","1569.982505393","192.168.15.3","192.168.15.4","MQTT","70","Connect Ack"
"260403","1569.984987594","192.168.15.3","192.168.15.4","MQTT","70","Publish Ack (id=1540)"
"260405","1569.985760863","192.168.15.4","192.168.15.3","MQTT","68","Disconnect Req"
"260431","1570.989439875","192.168.15.4","192.168.15.3","MQTT","90","Connect Command"
"260433","1570.992491750","192.168.15.4","192.168.15.3","MQTT","97","Publish Message (id=1541) [Deviceb'Device - 2']"
"260434","1570.992853863","192.168.15.3","192.168.15.4","MQTT","70","Connect Ack"
"260437","1570.995354800","192.168.15.3","192.168.15.4","MQTT","70","Publish Ack (id=1541)"
"260439","1570.995638405","192.168.15.4","192.168.15.3","MQTT","68","Disconnect Req"
"260447","1571.998896619","192.168.15.4","192.168.15.3","MQTT","90","Connect Command"
"260449","1572.001960618","192.168.15.4","192.168.15.3","MQTT","97","Publish Message (id=1542) [Deviceb'Device - 2']"
"260450","1572.002305719","192.168.15.3","192.168.15.4","MQTT","70","Connect Ack"
"260453","1572.006914010","192.168.15.3","192.168.15.4","MQTT","70","Publish Ack (id=1542)"
"260455","1572.007400338","192.168.15.4","192.168.15.3","MQTT","68","Disconnect Req"
"260464","1573.011188952","192.168.15.4","192.168.15.3","MQTT","90","Connect Command"
"260466","1573.014255025","192.168.15.4","192.168.15.3","MQTT","97","Publish Message (id=1543) [Deviceb'Device - 2']"
"260467","1573.014584616","192.168.15.3","192.168.15.4","MQTT","70","Connect Ack"
"260470","1573.016686039","192.168.15.3","192.168.15.4","MQTT","70","Publish Ack (id=1543)"
"260472","1573.017349501","192.168.15.4","192.168.15.3","MQTT","68","Disconnect Req"
"260489","1574.021059073","192.168.15.4","192.168.15.3","MQTT","90","Connect Command"
"260491","1574.024081523","192.168.15.4","192.168.15.3","MQTT","97","Publish Message (id=1544) [Deviceb'Device - 2']"
"260493","1574.028294970","192.168.15.3","192.168.15.4","MQTT","70","Connect Ack"
"260495","1574.030634302","192.168.15.3","192.168.15.4","MQTT","70","Publish Ack (id=1544)"
"260497","1574.030960908","192.168.15.4","192.168.15.3","MQTT","68","Disconnect Req"
"260513","1575.034743495","192.168.15.4","192.168.15.3","MQTT","90","Connect Command"
"260515","1575.037541131","192.168.15.4","192.168.15.3","MQTT","97","Publish Message (id=1545) [Deviceb'Device - 2']"
"260516","1575.037909356","192.168.15.3","192.168.15.4","MQTT","70","Connect Ack"
"260519","1575.040024415","192.168.15.3","192.168.15.4","MQTT","70","Publish Ack (id=1545)"
"260521","1575.040712973","192.168.15.4","192.168.15.3","MQTT","68","Disconnect Req"
"260535","1576.044713890","192.168.15.4","192.168.15.3","MQTT","90","Connect Command"
"260537","1576.047592248","192.168.15.4","192.168.15.3","MQTT","97","Publish Message (id=1546) [Deviceb'Device - 2']"
"260538","1576.048031447","192.168.15.3","192.168.15.4","MQTT","70","Connect Ack"
"260541","1576.050430281","192.168.15.3","192.168.15.4","MQTT","70","Publish Ack (id=1546)"
"260543","1576.050775773","192.168.15.4","192.168.15.3","MQTT","68","Disconnect Req"
"260556","1577.055220874","192.168.15.4","192.168.15.3","MQTT","90","Connect Command"
"260558","1577.058039891","192.168.15.4","192.168.15.3","MQTT","97","Publish Message (id=1547) [Deviceb'Device - 2']"
"260559","1577.058450455","192.168.15.3","192.168.15.4","MQTT","70","Connect Ack"
"260562","1577.060799846","192.168.15.3","192.168.15.4","MQTT","70","Publish Ack (id=1547)"
"260564","1577.061464781","192.168.15.4","192.168.15.3","MQTT","68","Disconnect Req"
"260576","1578.066094539","192.168.15.4","192.168.15.3","MQTT","90","Connect Command"
"260578","1578.069067316","192.168.15.4","192.168.15.3","MQTT","97","Publish Message (id=1548) [Deviceb'Device - 2']"
"260579","1578.069478692","192.168.15.3","192.168.15.4","MQTT","70","Connect Ack"
"260582","1578.071597909","192.168.15.3","192.168.15.4","MQTT","70","Publish Ack (id=1548)"
"260584","1578.072032308","192.168.15.4","192.168.15.3","MQTT","68","Disconnect Req"
"262045","1579.076367117","192.168.15.4","192.168.15.3","MQTT","90","Connect Command"
"262047","1579.079327381","192.168.15.4","192.168.15.3","MQTT","97","Publish Message (id=1549) [Deviceb'Device - 2']"
"262049","1579.083536810","192.168.15.3","192.168.15.4","MQTT","70","Connect Ack"
"262051","1579.085864169","192.168.15.3","192.168.15.4","MQTT","70","Publish Ack (id=1549)"
"262053","1579.086205984","192.168.15.4","192.168.15.3","MQTT","68","Disconnect Req"
"262065","1580.090404013","192.168.15.4","192.168.15.3","MQTT","90","Connect Command"
"262067","1580.093377101","192.168.15.4","192.168.15.3","MQTT","97","Publish Message (id=1550) [Deviceb'Device - 2']"
"262068","1580.093766024","192.168.15.3","192.168.15.4","MQTT","70","Connect Ack"
"262071","1580.096208812","192.168.15.3","192.168.15.4","MQTT","70","Publish Ack (id=1550)"
"262073","1580.096822149","192.168.15.4","192.168.15.3","MQTT","68","Disconnect Req"
"262085","1581.101496071","192.168.15.4","192.168.15.3","MQTT","90","Connect Command"
"262087","1581.104419084","192.168.15.4","192.168.15.3","MQTT","97","Publish Message (id=1551) [Deviceb'Device - 2']"
"262088","1581.104810452","192.168.15.3","192.168.15.4","MQTT","70","Connect Ack"
"262091","1581.107207403","192.168.15.3","192.168.15.4","MQTT","70","Publish Ack (id=1551)"
"262093","1581.107919055","192.168.15.4","192.168.15.3","MQTT","68","Disconnect Req"
"262105","1582.113050130","192.168.15.4","192.168.15.3","MQTT","90","Connect Command"
"262107","1582.115671845","192.168.15.4","192.168.15.3","MQTT","97","Publish Message (id=1552) [Deviceb'Device - 2']"
"262108","1582.116075025","192.168.15.3","192.168.15.4","MQTT","70","Connect Ack"
"262111","1582.118583196","192.168.15.3","192.168.15.4","MQTT","70","Publish Ack (id=1552)"
"262113","1582.118949236","192.168.15.4","192.168.15.3","MQTT","68","Disconnect Req"
"262125","1583.123323219","192.168.15.4","192.168.15.3","MQTT","90","Connect Command"
"262127","1583.126055152","192.168.15.4","192.168.15.3","MQTT","97","Publish Message (id=1553) [Deviceb'Device - 2']"
"262128","1583.126071042","192.168.15.3","192.168.15.4","MQTT","70","Connect Ack"
"262131","1583.137813990","192.168.15.3","192.168.15.4","MQTT","70","Publish Ack (id=1553)"
"262133","1583.138537314","192.168.15.4","192.168.15.3","MQTT","68","Disconnect Req"
"262162","1584.143027795","192.168.15.4","192.168.15.3","MQTT","90","Connect Command"
"262164","1584.145979522","192.168.15.4","192.168.15.3","MQTT","97","Publish Message (id=1554) [Deviceb'Device - 2']"
"262166","1584.150087761","192.168.15.3","192.168.15.4","MQTT","70","Connect Ack"
"262168","1584.152500441","192.168.15.3","192.168.15.4","MQTT","70","Publish Ack (id=1554)"
"262170","1584.153220760","192.168.15.4","192.168.15.3","MQTT","68","Disconnect Req"
"262179","1585.156724706","192.168.15.4","192.168.15.3","MQTT","90","Connect Command"
"262181","1585.159585632","192.168.15.4","192.168.15.3","MQTT","97","Publish Message (id=1555) [Deviceb'Device - 2']"
"262182","1585.160065968","192.168.15.3","192.168.15.4","MQTT","70","Connect Ack"
"262185","1585.162099153","192.168.15.3","192.168.15.4","MQTT","70","Publish Ack (id=1555)"
"262187","1585.162877300","192.168.15.4","192.168.15.3","MQTT","68","Disconnect Req"
"262199","1586.166795868","192.168.15.4","192.168.15.3","MQTT","90","Connect Command"
"262201","1586.169756382","192.168.15.4","192.168.15.3","MQTT","97","Publish Message (id=1556) [Deviceb'Device - 2']"
"262202","1586.170197804","192.168.15.3","192.168.15.4","MQTT","70","Connect Ack"
"262205","1586.172182798","192.168.15.3","192.168.15.4","MQTT","70","Publish Ack (id=1556)"
"262207","1586.173108905","192.168.15.4","192.168.15.3","MQTT","68","Disconnect Req"
"262220","1587.177566778","192.168.15.4","192.168.15.3","MQTT","90","Connect Command"
"262222","1587.180524036","192.168.15.4","192.168.15.3","MQTT","97","Publish Message (id=1557) [Deviceb'Device - 2']"
"262223","1587.180858246","192.168.15.3","192.168.15.4","MQTT","70","Connect Ack"
"262226","1587.183307767","192.168.15.3","192.168.15.4","MQTT","70","Publish Ack (id=1557)"
"262228","1587.183951871","192.168.15.4","192.168.15.3","MQTT","68","Disconnect Req"
"262240","1588.187965555","192.168.15.4","192.168.15.3","MQTT","90","Connect Command"
"262242","1588.190955163","192.168.15.4","192.168.15.3","MQTT","97","Publish Message (id=1558) [Deviceb'Device - 2']"
"262243","1588.191388390","192.168.15.3","192.168.15.4","MQTT","70","Connect Ack"
"262246","1588.193848851","192.168.15.3","192.168.15.4","MQTT","70","Publish Ack (id=1558)"
"262248","1588.194341230","192.168.15.4","192.168.15.3","MQTT","68","Disconnect Req"
"263543","1589.198347644","192.168.15.4","192.168.15.3","MQTT","90","Connect Command"
"263545","1589.201373982","192.168.15.4","192.168.15.3","MQTT","97","Publish Message (id=1559) [Deviceb'Device - 2']"
"263547","1589.205611985","192.168.15.3","192.168.15.4","MQTT","70","Connect Ack"
"263549","1589.209739099","192.168.15.3","192.168.15.4","MQTT","70","Publish Ack (id=1559)"
"263551","1589.210074842","192.168.15.4","192.168.15.3","MQTT","68","Disconnect Req"
"263563","1590.214058401","192.168.15.4","192.168.15.3","MQTT","90","Connect Command"
"263565","1590.216649949","192.168.15.4","192.168.15.3","MQTT","97","Publish Message (id=1560) [Deviceb'Device - 2']"
"263566","1590.217020177","192.168.15.3","192.168.15.4","MQTT","70","Connect Ack"
"263569","1590.219464377","192.168.15.3","192.168.15.4","MQTT","70","Publish Ack (id=1560)"
"263571","1590.220072704","192.168.15.4","192.168.15.3","MQTT","68","Disconnect Req"
"263583","1591.224074605","192.168.15.4","192.168.15.3","MQTT","90","Connect Command"
"263585","1591.227377635","192.168.15.3","192.168.15.4","MQTT","70","Connect Ack"
"263586","1591.227397452","192.168.15.4","192.168.15.3","MQTT","97","Publish Message (id=1561) [Deviceb'Device - 2']"
"263589","1591.230177325","192.168.15.3","192.168.15.4","MQTT","70","Publish Ack (id=1561)"
"263591","1591.230971954","192.168.15.4","192.168.15.3","MQTT","68","Disconnect Req"
"263603","1592.235046118","192.168.15.4","192.168.15.3","MQTT","90","Connect Command"
"263605","1592.237987727","192.168.15.4","192.168.15.3","MQTT","97","Publish Message (id=1562) [Deviceb'Device - 2']"
"263606","1592.238346543","192.168.15.3","192.168.15.4","MQTT","70","Connect Ack"
"263609","1592.240846529","192.168.15.3","192.168.15.4","MQTT","70","Publish Ack (id=1562)"
"263611","1592.241430320","192.168.15.4","192.168.15.3","MQTT","68","Disconnect Req"
"263623","1593.246061782","192.168.15.4","192.168.15.3","MQTT","90","Connect Command"
"263625","1593.248855712","192.168.15.4","192.168.15.3","MQTT","97","Publish Message (id=1563) [Deviceb'Device - 2']"
"263626","1593.249236210","192.168.15.3","192.168.15.4","MQTT","70","Connect Ack"
"263629","1593.251307537","192.168.15.3","192.168.15.4","MQTT","70","Publish Ack (id=1563)"
"263631","1593.251945821","192.168.15.4","192.168.15.3","MQTT","68","Disconnect Req"
"263648","1594.255941583","192.168.15.4","192.168.15.3","MQTT","90","Connect Command"
"263650","1594.258867462","192.168.15.4","192.168.15.3","MQTT","97","Publish Message (id=1564) [Deviceb'Device - 2']"
"263652","1594.262967836","192.168.15.3","192.168.15.4","MQTT","70","Connect Ack"
"263654","1594.265406134","192.168.15.3","192.168.15.4","MQTT","70","Publish Ack (id=1564)"
"263656","1594.265720367","192.168.15.4","192.168.15.3","MQTT","68","Disconnect Req"
"263690","1595.269974203","192.168.15.4","192.168.15.3","MQTT","90","Connect Command"
"263692","1595.272717357","192.168.15.4","192.168.15.3","MQTT","97","Publish Message (id=1565) [Deviceb'Device - 2']"
"263693","1595.273256524","192.168.15.3","192.168.15.4","MQTT","70","Connect Ack"
"263696","1595.275207153","192.168.15.3","192.168.15.4","MQTT","70","Publish Ack (id=1565)"
"263698","1595.276257785","192.168.15.4","192.168.15.3","MQTT","68","Disconnect Req"
"263706","1596.280045107","192.168.15.4","192.168.15.3","MQTT","90","Connect Command"
"263708","1596.283007395","192.168.15.4","192.168.15.3","MQTT","97","Publish Message (id=1566) [Deviceb'Device - 2']"
"263709","1596.283384676","192.168.15.3","192.168.15.4","MQTT","70","Connect Ack"
"263712","1596.285458708","192.168.15.3","192.168.15.4","MQTT","70","Publish Ack (id=1566)"
"263714","1596.286262885","192.168.15.4","192.168.15.3","MQTT","68","Disconnect Req"
"263727","1597.290488861","192.168.15.4","192.168.15.3","MQTT","90","Connect Command"
"263729","1597.293430430","192.168.15.4","192.168.15.3","MQTT","97","Publish Message (id=1567) [Deviceb'Device - 2']"
"263730","1597.293871923","192.168.15.3","192.168.15.4","MQTT","70","Connect Ack"
"263733","1597.296221995","192.168.15.3","192.168.15.4","MQTT","70","Publish Ack (id=1567)"
"263735","1597.297003249","192.168.15.4","192.168.15.3","MQTT","68","Disconnect Req"
"263752","1598.300582304","192.168.15.4","192.168.15.3","MQTT","90","Connect Command"
"263754","1598.303480531","192.168.15.4","192.168.15.3","MQTT","97","Publish Message (id=1568) [Deviceb'Device - 2']"
"263755","1598.303864846","192.168.15.3","192.168.15.4","MQTT","70","Connect Ack"
"263758","1598.306233022","192.168.15.3","192.168.15.4","MQTT","70","Publish Ack (id=1568)"
"263760","1598.306815080","192.168.15.4","192.168.15.3","MQTT","68","Disconnect Req"
"263778","1599.311057403","192.168.15.4","192.168.15.3","MQTT","90","Connect Command"
"263780","1599.313969997","192.168.15.4","192.168.15.3","MQTT","97","Publish Message (id=1569) [Deviceb'Device - 2']"
"263782","1599.318275798","192.168.15.3","192.168.15.4","MQTT","70","Connect Ack"
"263784","1599.320652912","192.168.15.3","192.168.15.4","MQTT","70","Publish Ack (id=1569)"
"263786","1599.321266349","192.168.15.4","192.168.15.3","MQTT","68","Disconnect Req"
"265664","1600.325267634","192.168.15.4","192.168.15.3","MQTT","90","Connect Command"
"265666","1600.328201899","192.168.15.4","192.168.15.3","MQTT","97","Publish Message (id=1570) [Deviceb'Device - 2']"
"265667","1600.328621360","192.168.15.3","192.168.15.4","MQTT","70","Connect Ack"
"265670","1600.331036325","192.168.15.3","192.168.15.4","MQTT","70","Publish Ack (id=1570)"
"265672","1600.331464613","192.168.15.4","192.168.15.3","MQTT","68","Disconnect Req"
"265684","1601.335893603","192.168.15.4","192.168.15.3","MQTT","90","Connect Command"
"265686","1601.338793372","192.168.15.4","192.168.15.3","MQTT","97","Publish Message (id=1571) [Deviceb'Device - 2']"
"265687","1601.339207604","192.168.15.3","192.168.15.4","MQTT","70","Connect Ack"
"265690","1601.341314307","192.168.15.3","192.168.15.4","MQTT","70","Publish Ack (id=1571)"
"265692","1601.342052490","192.168.15.4","192.168.15.3","MQTT","68","Disconnect Req"
"265704","1602.346424168","192.168.15.4","192.168.15.3","MQTT","90","Connect Command"
"265706","1602.349264536","192.168.15.4","192.168.15.3","MQTT","97","Publish Message (id=1572) [Deviceb'Device - 2']"
"265707","1602.349644753","192.168.15.3","192.168.15.4","MQTT","70","Connect Ack"
"265710","1602.352196686","192.168.15.3","192.168.15.4","MQTT","70","Publish Ack (id=1572)"
"265712","1602.352883792","192.168.15.4","192.168.15.3","MQTT","68","Disconnect Req"
"265724","1603.357614916","192.168.15.4","192.168.15.3","MQTT","90","Connect Command"
"265726","1603.360520907","192.168.15.4","192.168.15.3","MQTT","97","Publish Message (id=1573) [Deviceb'Device - 2']"
"265727","1603.360917505","192.168.15.3","192.168.15.4","MQTT","70","Connect Ack"
"265730","1603.363428702","192.168.15.3","192.168.15.4","MQTT","70","Publish Ack (id=1573)"
"265732","1603.364094929","192.168.15.4","192.168.15.3","MQTT","68","Disconnect Req"
"265747","1604.368457635","192.168.15.4","192.168.15.3","MQTT","90","Connect Command"
"265749","1604.371393834","192.168.15.4","192.168.15.3","MQTT","97","Publish Message (id=1574) [Deviceb'Device - 2']"
"265750","1604.375771441","192.168.15.3","192.168.15.4","MQTT","70","Connect Ack"
"265753","1604.378160918","192.168.15.3","192.168.15.4","MQTT","70","Publish Ack (id=1574)"
"265755","1604.378715955","192.168.15.4","192.168.15.3","MQTT","68","Disconnect Req"
"265775","1605.383144312","192.168.15.4","192.168.15.3","MQTT","90","Connect Command"
"265777","1605.386027421","192.168.15.4","192.168.15.3","MQTT","97","Publish Message (id=1575) [Deviceb'Device - 2']"
"265778","1605.386415322","192.168.15.3","192.168.15.4","MQTT","70","Connect Ack"
"265781","1605.389228589","192.168.15.3","192.168.15.4","MQTT","70","Publish Ack (id=1575)"
"265783","1605.389633152","192.168.15.4","192.168.15.3","MQTT","68","Disconnect Req"
"265795","1606.393241248","192.168.15.4","192.168.15.3","MQTT","90","Connect Command"
"265797","1606.396042673","192.168.15.4","192.168.15.3","MQTT","97","Publish Message (id=1576) [Deviceb'Device - 2']"
"265798","1606.396497140","192.168.15.3","192.168.15.4","MQTT","70","Connect Ack"
"265801","1606.398532670","192.168.15.3","192.168.15.4","MQTT","70","Publish Ack (id=1576)"
"265803","1606.398865307","192.168.15.4","192.168.15.3","MQTT","68","Disconnect Req"
"265812","1607.402784617","192.168.15.4","192.168.15.3","MQTT","90","Connect Command"
"265814","1607.404995077","192.168.15.4","192.168.15.3","MQTT","97","Publish Message (id=1577) [Deviceb'Device - 2']"
"265815","1607.405354815","192.168.15.3","192.168.15.4","MQTT","70","Connect Ack"
"265818","1607.407801741","192.168.15.3","192.168.15.4","MQTT","70","Publish Ack (id=1577)"
"265820","1607.408443030","192.168.15.4","192.168.15.3","MQTT","68","Disconnect Req"
"265832","1608.411922439","192.168.15.4","192.168.15.3","MQTT","90","Connect Command"
"265834","1608.414959548","192.168.15.4","192.168.15.3","MQTT","97","Publish Message (id=1578) [Deviceb'Device - 2']"
"265835","1608.415348542","192.168.15.3","192.168.15.4","MQTT","70","Connect Ack"
"265838","1608.417452010","192.168.15.3","192.168.15.4","MQTT","70","Publish Ack (id=1578)"
"265840","1608.417762385","192.168.15.4","192.168.15.3","MQTT","68","Disconnect Req"
"265879","1609.421512561","192.168.15.4","192.168.15.3","MQTT","90","Connect Command"
"265881","1609.424415487","192.168.15.4","192.168.15.3","MQTT","97","Publish Message (id=1579) [Deviceb'Device - 2']"
"265883","1609.428657338","192.168.15.3","192.168.15.4","MQTT","70","Connect Ack"
"265885","1609.430993735","192.168.15.3","192.168.15.4","MQTT","70","Publish Ack (id=1579)"
"265887","1609.431780790","192.168.15.4","192.168.15.3","MQTT","68","Disconnect Req"
"267193","1610.435744336","192.168.15.4","192.168.15.3","MQTT","90","Connect Command"
"267195","1610.438671598","192.168.15.4","192.168.15.3","MQTT","97","Publish Message (id=1580) [Deviceb'Device - 2']"
"267196","1610.439045043","192.168.15.3","192.168.15.4","MQTT","70","Connect Ack"
"267199","1610.441569925","192.168.15.3","192.168.15.4","MQTT","70","Publish Ack (id=1580)"
"267201","1610.441952106","192.168.15.4","192.168.15.3","MQTT","68","Disconnect Req"
"267213","1611.445338751","192.168.15.4","192.168.15.3","MQTT","90","Connect Command"
"267215","1611.448321888","192.168.15.4","192.168.15.3","MQTT","97","Publish Message (id=1581) [Deviceb'Device - 2']"
"267216","1611.448699851","192.168.15.3","192.168.15.4","MQTT","70","Connect Ack"
"267219","1611.450811794","192.168.15.3","192.168.15.4","MQTT","70","Publish Ack (id=1581)"
"267221","1611.451473162","192.168.15.4","192.168.15.3","MQTT","68","Disconnect Req"
"267231","1612.455649253","192.168.15.4","192.168.15.3","MQTT","90","Connect Command"
"267233","1612.458541409","192.168.15.4","192.168.15.3","MQTT","97","Publish Message (id=1582) [Deviceb'Device - 2']"
"267234","1612.458927066","192.168.15.3","192.168.15.4","MQTT","70","Connect Ack"
"267237","1612.461473700","192.168.15.3","192.168.15.4","MQTT","70","Publish Ack (id=1582)"
"267239","1612.462257609","192.168.15.4","192.168.15.3","MQTT","68","Disconnect Req"
"267249","1613.465790612","192.168.15.4","192.168.15.3","MQTT","90","Connect Command"
"267251","1613.469231813","192.168.15.4","192.168.15.3","MQTT","97","Publish Message (id=1583) [Deviceb'Device - 2']"
"267252","1613.469608895","192.168.15.3","192.168.15.4","MQTT","70","Connect Ack"
"267255","1613.472032136","192.168.15.3","192.168.15.4","MQTT","70","Publish Ack (id=1583)"
"267257","1613.472964625","192.168.15.4","192.168.15.3","MQTT","68","Disconnect Req"
"267274","1614.477571732","192.168.15.4","192.168.15.3","MQTT","90","Connect Command"
"267276","1614.480547736","192.168.15.4","192.168.15.3","MQTT","97","Publish Message (id=1584) [Deviceb'Device - 2']"
"267278","1614.484709345","192.168.15.3","192.168.15.4","MQTT","70","Connect Ack"
"267280","1614.487056553","192.168.15.3","192.168.15.4","MQTT","70","Publish Ack (id=1584)"
"267282","1614.487438774","192.168.15.4","192.168.15.3","MQTT","68","Disconnect Req"
"267294","1615.492355193","192.168.15.4","192.168.15.3","MQTT","90","Connect Command"
"267296","1615.494971628","192.168.15.4","192.168.15.3","MQTT","97","Publish Message (id=1585) [Deviceb'Device - 2']"
"267297","1615.495368537","192.168.15.3","192.168.15.4","MQTT","70","Connect Ack"
"267300","1615.497804802","192.168.15.3","192.168.15.4","MQTT","70","Publish Ack (id=1585)"
"267302","1615.498658142","192.168.15.4","192.168.15.3","MQTT","68","Disconnect Req"
"267320","1616.502980006","192.168.15.4","192.168.15.3","MQTT","90","Connect Command"
"267322","1616.505989544","192.168.15.4","192.168.15.3","MQTT","97","Publish Message (id=1586) [Deviceb'Device - 2']"
"267323","1616.506351336","192.168.15.3","192.168.15.4","MQTT","70","Connect Ack"
"267326","1616.508630886","192.168.15.3","192.168.15.4","MQTT","70","Publish Ack (id=1586)"
"267328","1616.509350593","192.168.15.4","192.168.15.3","MQTT","68","Disconnect Req"
"267348","1617.513660933","192.168.15.4","192.168.15.3","MQTT","90","Connect Command"
"267350","1617.524864567","192.168.15.4","192.168.15.3","MQTT","97","Publish Message (id=1587) [Deviceb'Device - 2']"
"267351","1617.525216661","192.168.15.3","192.168.15.4","MQTT","70","Connect Ack"
"267354","1617.527617500","192.168.15.3","192.168.15.4","MQTT","70","Publish Ack (id=1587)"
"267356","1617.528324423","192.168.15.4","192.168.15.3","MQTT","68","Disconnect Req"
"267371","1618.531948494","192.168.15.4","192.168.15.3","MQTT","90","Connect Command"
"267373","1618.534845409","192.168.15.4","192.168.15.3","MQTT","97","Publish Message (id=1588) [Deviceb'Device - 2']"
"267374","1618.535275009","192.168.15.3","192.168.15.4","MQTT","70","Connect Ack"
"267377","1618.537770707","192.168.15.3","192.168.15.4","MQTT","70","Publish Ack (id=1588)"
"267379","1618.538567540","192.168.15.4","192.168.15.3","MQTT","68","Disconnect Req"
"267391","1619.543010905","192.168.15.4","192.168.15.3","MQTT","90","Connect Command"
"267393","1619.545776492","192.168.15.4","192.168.15.3","MQTT","97","Publish Message (id=1589) [Deviceb'Device - 2']"
"267395","1619.549919697","192.168.15.3","192.168.15.4","MQTT","70","Connect Ack"
"267397","1619.552342568","192.168.15.3","192.168.15.4","MQTT","70","Publish Ack (id=1589)"
"267399","1619.552722484","192.168.15.4","192.168.15.3","MQTT","68","Disconnect Req"
"267414","1620.556670630","192.168.15.4","192.168.15.3","MQTT","90","Connect Command"
"267416","1620.559570600","192.168.15.4","192.168.15.3","MQTT","97","Publish Message (id=1590) [Deviceb'Device - 2']"
"267417","1620.559990211","192.168.15.3","192.168.15.4","MQTT","70","Connect Ack"
"267420","1620.562055046","192.168.15.3","192.168.15.4","MQTT","70","Publish Ack (id=1590)"
"267422","1620.562780785","192.168.15.4","192.168.15.3","MQTT","68","Disconnect Req"
"268790","1621.569482564","192.168.15.4","192.168.15.3","MQTT","90","Connect Command"
"268792","1621.572533509","192.168.15.4","192.168.15.3","MQTT","97","Publish Message (id=1591) [Deviceb'Device - 2']"
"268793","1621.572914237","192.168.15.3","192.168.15.4","MQTT","70","Connect Ack"
"268796","1621.574932223","192.168.15.3","192.168.15.4","MQTT","70","Publish Ack (id=1591)"
"268798","1621.575346866","192.168.15.4","192.168.15.3","MQTT","68","Disconnect Req"
"268810","1622.579537694","192.168.15.4","192.168.15.3","MQTT","90","Connect Command"
"268812","1622.582451831","192.168.15.4","192.168.15.3","MQTT","97","Publish Message (id=1592) [Deviceb'Device - 2']"
"268813","1622.582824344","192.168.15.3","192.168.15.4","MQTT","70","Connect Ack"
"268816","1622.585299262","192.168.15.3","192.168.15.4","MQTT","70","Publish Ack (id=1592)"
"268818","1622.586113058","192.168.15.4","192.168.15.3","MQTT","68","Disconnect Req"
"268830","1623.590449059","192.168.15.4","192.168.15.3","MQTT","90","Connect Command"
"268832","1623.593498361","192.168.15.4","192.168.15.3","MQTT","97","Publish Message (id=1593) [Deviceb'Device - 2']"
"268833","1623.594247915","192.168.15.3","192.168.15.4","MQTT","70","Connect Ack"
"268836","1623.596407318","192.168.15.3","192.168.15.4","MQTT","70","Publish Ack (id=1593)"
"268838","1623.597201426","192.168.15.4","192.168.15.3","MQTT","68","Disconnect Req"
"268895","1624.601547512","192.168.15.4","192.168.15.3","MQTT","90","Connect Command"
"268897","1624.604404241","192.168.15.4","192.168.15.3","MQTT","97","Publish Message (id=1594) [Deviceb'Device - 2']"
"268899","1624.608589395","192.168.15.3","192.168.15.4","MQTT","70","Connect Ack"
"268901","1624.610960318","192.168.15.3","192.168.15.4","MQTT","70","Publish Ack (id=1594)"
"268903","1624.611749737","192.168.15.4","192.168.15.3","MQTT","68","Disconnect Req"
"268920","1625.616184057","192.168.15.4","192.168.15.3","MQTT","90","Connect Command"
"268922","1625.619041667","192.168.15.4","192.168.15.3","MQTT","97","Publish Message (id=1595) [Deviceb'Device - 2']"
"268923","1625.619435400","192.168.15.3","192.168.15.4","MQTT","70","Connect Ack"
"268926","1625.622153397","192.168.15.3","192.168.15.4","MQTT","70","Publish Ack (id=1595)"
"268928","1625.622989123","192.168.15.4","192.168.15.3","MQTT","68","Disconnect Req"
"268940","1626.627143079","192.168.15.4","192.168.15.3","MQTT","90","Connect Command"
"268942","1626.630115486","192.168.15.4","192.168.15.3","MQTT","97","Publish Message (id=1596) [Deviceb'Device - 2']"
"268943","1626.630542682","192.168.15.3","192.168.15.4","MQTT","70","Connect Ack"
"268946","1626.632949903","192.168.15.3","192.168.15.4","MQTT","70","Publish Ack (id=1596)"
"268948","1626.633611291","192.168.15.4","192.168.15.3","MQTT","68","Disconnect Req"
"268961","1627.637997192","192.168.15.4","192.168.15.3","MQTT","90","Connect Command"
"268963","1627.640945784","192.168.15.4","192.168.15.3","MQTT","97","Publish Message (id=1597) [Deviceb'Device - 2']"
"268964","1627.641344777","192.168.15.3","192.168.15.4","MQTT","70","Connect Ack"
"268967","1627.643433337","192.168.15.3","192.168.15.4","MQTT","70","Publish Ack (id=1597)"
"268969","1627.643877494","192.168.15.4","192.168.15.3","MQTT","68","Disconnect Req"
"268981","1628.647838160","192.168.15.4","192.168.15.3","MQTT","90","Connect Command"
"268983","1628.650723323","192.168.15.4","192.168.15.3","MQTT","97","Publish Message (id=1598) [Deviceb'Device - 2']"
"268984","1628.651117116","192.168.15.3","192.168.15.4","MQTT","70","Connect Ack"
"268987","1628.653250851","192.168.15.3","192.168.15.4","MQTT","70","Publish Ack (id=1598)"
"268989","1628.653657969","192.168.15.4","192.168.15.3","MQTT","68","Disconnect Req"
"269006","1629.659779598","192.168.15.4","192.168.15.3","MQTT","90","Connect Command"
"269008","1629.662679959","192.168.15.4","192.168.15.3","MQTT","97","Publish Message (id=1599) [Deviceb'Device - 2']"
"269010","1629.666904438","192.168.15.3","192.168.15.4","MQTT","70","Connect Ack"
"269012","1629.669201431","192.168.15.3","192.168.15.4","MQTT","70","Publish Ack (id=1599)"
"269014","1629.669695954","192.168.15.4","192.168.15.3","MQTT","68","Disconnect Req"
"269034","1630.673204230","192.168.15.4","192.168.15.3","MQTT","90","Connect Command"
"269036","1630.676035341","192.168.15.4","192.168.15.3","MQTT","97","Publish Message (id=1600) [Deviceb'Device - 2']"
"269037","1630.676402984","192.168.15.3","192.168.15.4","MQTT","70","Connect Ack"
"269040","1630.678591523","192.168.15.3","192.168.15.4","MQTT","70","Publish Ack (id=1600)"
"269042","1630.679314296","192.168.15.4","192.168.15.3","MQTT","68","Disconnect Req"
"269054","1631.684152128","192.168.15.4","192.168.15.3","MQTT","90","Connect Command"
"269056","1631.687169159","192.168.15.4","192.168.15.3","MQTT","97","Publish Message (id=1601) [Deviceb'Device - 2']"
"269057","1631.687456030","192.168.15.3","192.168.15.4","MQTT","70","Connect Ack"
"269060","1631.689646152","192.168.15.3","192.168.15.4","MQTT","70","Publish Ack (id=1601)"
"269062","1631.690408029","192.168.15.4","192.168.15.3","MQTT","68","Disconnect Req"
"271345","1632.694755883","192.168.15.4","192.168.15.3","MQTT","90","Connect Command"
"271347","1632.697585631","192.168.15.4","192.168.15.3","MQTT","97","Publish Message (id=1602) [Deviceb'Device - 2']"
"271348","1632.697944448","192.168.15.3","192.168.15.4","MQTT","70","Connect Ack"
"271351","1632.700413907","192.168.15.3","192.168.15.4","MQTT","70","Publish Ack (id=1602)"
"271353","1632.701116211","192.168.15.4","192.168.15.3","MQTT","68","Disconnect Req"
"271365","1633.705155530","192.168.15.4","192.168.15.3","MQTT","90","Connect Command"
"271367","1633.708080227","192.168.15.4","192.168.15.3","MQTT","97","Publish Message (id=1603) [Deviceb'Device - 2']"
"271368","1633.708504768","192.168.15.3","192.168.15.4","MQTT","70","Connect Ack"
"271371","1633.711194572","192.168.15.3","192.168.15.4","MQTT","70","Publish Ack (id=1603)"
"271373","1633.712059233","192.168.15.4","192.168.15.3","MQTT","68","Disconnect Req"
"271388","1634.716002476","192.168.15.4","192.168.15.3","MQTT","90","Connect Command"
"271390","1634.718860898","192.168.15.4","192.168.15.3","MQTT","97","Publish Message (id=1604) [Deviceb'Device - 2']"
"271392","1634.723159588","192.168.15.3","192.168.15.4","MQTT","70","Connect Ack"
"271394","1634.725441192","192.168.15.3","192.168.15.4","MQTT","70","Publish Ack (id=1604)"
"271396","1634.726174466","192.168.15.4","192.168.15.3","MQTT","68","Disconnect Req"
"271417","1635.730441837","192.168.15.4","192.168.15.3","MQTT","90","Connect Command"
"271419","1635.733416027","192.168.15.4","192.168.15.3","MQTT","97","Publish Message (id=1605) [Deviceb'Device - 2']"
"271420","1635.733774013","192.168.15.3","192.168.15.4","MQTT","70","Connect Ack"
"271424","1635.736172798","192.168.15.3","192.168.15.4","MQTT","70","Publish Ack (id=1605)"
"271426","1635.736943291","192.168.15.4","192.168.15.3","MQTT","68","Disconnect Req"
"271443","1636.740865009","192.168.15.4","192.168.15.3","MQTT","90","Connect Command"
"271445","1636.743753508","192.168.15.4","192.168.15.3","MQTT","97","Publish Message (id=1606) [Deviceb'Device - 2']"
"271446","1636.744137703","192.168.15.3","192.168.15.4","MQTT","70","Connect Ack"
"271449","1636.746604667","192.168.15.3","192.168.15.4","MQTT","70","Publish Ack (id=1606)"
"271451","1636.747403213","192.168.15.4","192.168.15.3","MQTT","68","Disconnect Req"
"271464","1637.751727976","192.168.15.4","192.168.15.3","MQTT","90","Connect Command"
"271466","1637.754450392","192.168.15.4","192.168.15.3","MQTT","97","Publish Message (id=1607) [Deviceb'Device - 2']"
"271467","1637.754836620","192.168.15.3","192.168.15.4","MQTT","70","Connect Ack"
"271470","1637.756904331","192.168.15.3","192.168.15.4","MQTT","70","Publish Ack (id=1607)"
"271472","1637.757631803","192.168.15.4","192.168.15.3","MQTT","68","Disconnect Req"
"271482","1638.761736981","192.168.15.4","192.168.15.3","MQTT","90","Connect Command"
"271484","1638.764441042","192.168.15.4","192.168.15.3","MQTT","97","Publish Message (id=1608) [Deviceb'Device - 2']"
"271485","1638.764884970","192.168.15.3","192.168.15.4","MQTT","70","Connect Ack"
"271488","1638.767256453","192.168.15.3","192.168.15.4","MQTT","70","Publish Ack (id=1608)"
"271491","1638.768097209","192.168.15.4","192.168.15.3","MQTT","68","Disconnect Req"
"271505","1639.771749007","192.168.15.4","192.168.15.3","MQTT","90","Connect Command"
"271507","1639.774020653","192.168.15.4","192.168.15.3","MQTT","97","Publish Message (id=1609) [Deviceb'Device - 2']"
"271509","1639.778559795","192.168.15.3","192.168.15.4","MQTT","70","Connect Ack"
"271511","1639.780902034","192.168.15.3","192.168.15.4","MQTT","70","Publish Ack (id=1609)"
"271513","1639.781628565","192.168.15.4","192.168.15.3","MQTT","68","Disconnect Req"
"271525","1640.786097921","192.168.15.4","192.168.15.3","MQTT","90","Connect Command"
"271527","1640.789519466","192.168.15.3","192.168.15.4","MQTT","70","Connect Ack"
"271528","1640.789536969","192.168.15.4","192.168.15.3","MQTT","97","Publish Message (id=1610) [Deviceb'Device - 2']"
"271531","1640.792326230","192.168.15.3","192.168.15.4","MQTT","70","Publish Ack (id=1610)"
"271533","1640.793183858","192.168.15.4","192.168.15.3","MQTT","68","Disconnect Req"
"271545","1641.797475106","192.168.15.4","192.168.15.3","MQTT","90","Connect Command"
"271547","1641.800187182","192.168.15.4","192.168.15.3","MQTT","97","Publish Message (id=1611) [Deviceb'Device - 2']"
"271548","1641.800552130","192.168.15.3","192.168.15.4","MQTT","70","Connect Ack"
"271551","1641.802977466","192.168.15.3","192.168.15.4","MQTT","70","Publish Ack (id=1611)"
"271553","1641.803726178","192.168.15.4","192.168.15.3","MQTT","68","Disconnect Req"
"271564","1642.807760586","192.168.15.4","192.168.15.3","MQTT","90","Connect Command"
"271566","1642.811447592","192.168.15.3","192.168.15.4","MQTT","70","Connect Ack"
"271567","1642.811480223","192.168.15.4","192.168.15.3","MQTT","97","Publish Message (id=1612) [Deviceb'Device - 2']"
"271571","1642.815734990","192.168.15.3","192.168.15.4","MQTT","70","Publish Ack (id=1612)"
"271573","1642.816427236","192.168.15.4","192.168.15.3","MQTT","68","Disconnect Req"
"271581","1643.820047121","192.168.15.4","192.168.15.3","MQTT","90","Connect Command"
"271583","1643.822934067","192.168.15.4","192.168.15.3","MQTT","97","Publish Message (id=1613) [Deviceb'Device - 2']"
"271584","1643.823424492","192.168.15.3","192.168.15.4","MQTT","70","Connect Ack"
"271587","1643.825911845","192.168.15.3","192.168.15.4","MQTT","70","Publish Ack (id=1613)"
"271589","1643.826844594","192.168.15.4","192.168.15.3","MQTT","68","Disconnect Req"
"271604","1644.830582186","192.168.15.4","192.168.15.3","MQTT","90","Connect Command"
"271606","1644.833444336","192.168.15.4","192.168.15.3","MQTT","97","Publish Message (id=1614) [Deviceb'Device - 2']"
"271608","1644.837841050","192.168.15.3","192.168.15.4","MQTT","70","Connect Ack"
"271610","1644.840170735","192.168.15.3","192.168.15.4","MQTT","70","Publish Ack (id=1614)"
"271612","1644.840961276","192.168.15.4","192.168.15.3","MQTT","68","Disconnect Req"
"271624","1645.845336127","192.168.15.4","192.168.15.3","MQTT","90","Connect Command"
"271626","1645.848184531","192.168.15.4","192.168.15.3","MQTT","97","Publish Message (id=1615) [Deviceb'Device - 2']"
"271627","1645.848577051","192.168.15.3","192.168.15.4","MQTT","70","Connect Ack"
"271630","1645.851241859","192.168.15.3","192.168.15.4","MQTT","70","Publish Ack (id=1615)"
"271632","1645.852170481","192.168.15.4","192.168.15.3","MQTT","68","Disconnect Req"
"271645","1646.856584582","192.168.15.4","192.168.15.3","MQTT","90","Connect Command"
"271647","1646.859452533","192.168.15.4","192.168.15.3","MQTT","97","Publish Message (id=1616) [Deviceb'Device - 2']"
"271648","1646.859895047","192.168.15.3","192.168.15.4","MQTT","70","Connect Ack"
"271651","1646.862257114","192.168.15.3","192.168.15.4","MQTT","70","Publish Ack (id=1616)"
"271653","1646.862760052","192.168.15.4","192.168.15.3","MQTT","68","Disconnect Req"
"271662","1647.866742467","192.168.15.4","192.168.15.3","MQTT","90","Connect Command"
"271664","1647.869691700","192.168.15.4","192.168.15.3","MQTT","97","Publish Message (id=1617) [Deviceb'Device - 2']"
"271665","1647.870203125","192.168.15.3","192.168.15.4","MQTT","70","Connect Ack"
"271668","1647.872549472","192.168.15.3","192.168.15.4","MQTT","70","Publish Ack (id=1617)"
"271670","1647.873392873","192.168.15.4","192.168.15.3","MQTT","68","Disconnect Req"
"273965","1648.877962052","192.168.15.4","192.168.15.3","MQTT","90","Connect Command"
"273967","1648.880922286","192.168.15.4","192.168.15.3","MQTT","97","Publish Message (id=1618) [Deviceb'Device - 2']"
"273968","1648.881334494","192.168.15.3","192.168.15.4","MQTT","70","Connect Ack"
"273971","1648.883969875","192.168.15.3","192.168.15.4","MQTT","70","Publish Ack (id=1618)"
"273973","1648.884457275","192.168.15.4","192.168.15.3","MQTT","68","Disconnect Req"
"273989","1649.888245044","192.168.15.4","192.168.15.3","MQTT","90","Connect Command"
"273991","1649.891059884","192.168.15.4","192.168.15.3","MQTT","97","Publish Message (id=1619) [Deviceb'Device - 2']"
"273993","1649.895503718","192.168.15.3","192.168.15.4","MQTT","70","Connect Ack"
"273995","1649.898018452","192.168.15.3","192.168.15.4","MQTT","70","Publish Ack (id=1619)"
"273997","1649.898356540","192.168.15.4","192.168.15.3","MQTT","68","Disconnect Req"
"274009","1650.902213608","192.168.15.4","192.168.15.3","MQTT","90","Connect Command"
"274011","1650.905227063","192.168.15.4","192.168.15.3","MQTT","97","Publish Message (id=1620) [Deviceb'Device - 2']"
"274012","1650.905623941","192.168.15.3","192.168.15.4","MQTT","70","Connect Ack"
"274015","1650.908475301","192.168.15.3","192.168.15.4","MQTT","70","Publish Ack (id=1620)"
"274017","1650.909015710","192.168.15.4","192.168.15.3","MQTT","68","Disconnect Req"
"274029","1651.912494010","192.168.15.4","192.168.15.3","MQTT","90","Connect Command"
"274031","1651.915471046","192.168.15.4","192.168.15.3","MQTT","97","Publish Message (id=1621) [Deviceb'Device - 2']"
"274032","1651.915927367","192.168.15.3","192.168.15.4","MQTT","70","Connect Ack"
"274035","1651.918331061","192.168.15.3","192.168.15.4","MQTT","70","Publish Ack (id=1621)"
"274037","1651.919058784","192.168.15.4","192.168.15.3","MQTT","68","Disconnect Req"
"274049","1652.922752318","192.168.15.4","192.168.15.3","MQTT","90","Connect Command"
"274051","1652.925541269","192.168.15.4","192.168.15.3","MQTT","97","Publish Message (id=1622) [Deviceb'Device - 2']"
"274052","1652.925891470","192.168.15.3","192.168.15.4","MQTT","70","Connect Ack"
"274055","1652.928410031","192.168.15.3","192.168.15.4","MQTT","70","Publish Ack (id=1622)"
"274057","1652.928834101","192.168.15.4","192.168.15.3","MQTT","68","Disconnect Req"
"274066","1653.932746905","192.168.15.4","192.168.15.3","MQTT","90","Connect Command"
"274068","1653.937279156","192.168.15.4","192.168.15.3","MQTT","97","Publish Message (id=1623) [Deviceb'Device - 2']"
"274069","1653.937664252","192.168.15.3","192.168.15.4","MQTT","70","Connect Ack"
"274072","1653.940113533","192.168.15.3","192.168.15.4","MQTT","70","Publish Ack (id=1623)"
"274074","1653.940474864","192.168.15.4","192.168.15.3","MQTT","68","Disconnect Req"
"274114","1654.944899670","192.168.15.4","192.168.15.3","MQTT","90","Connect Command"
"274116","1654.947882197","192.168.15.4","192.168.15.3","MQTT","97","Publish Message (id=1624) [Deviceb'Device - 2']"
"274118","1654.952232634","192.168.15.3","192.168.15.4","MQTT","70","Connect Ack"
"274120","1654.954670824","192.168.15.3","192.168.15.4","MQTT","70","Publish Ack (id=1624)"
"274122","1654.955078724","192.168.15.4","192.168.15.3","MQTT","68","Disconnect Req"
"274134","1655.958696393","192.168.15.4","192.168.15.3","MQTT","90","Connect Command"
"274136","1655.961694840","192.168.15.4","192.168.15.3","MQTT","97","Publish Message (id=1625) [Deviceb'Device - 2']"
"274137","1655.962090908","192.168.15.3","192.168.15.4","MQTT","70","Connect Ack"
"274140","1655.964526483","192.168.15.3","192.168.15.4","MQTT","70","Publish Ack (id=1625)"
"274142","1655.964846867","192.168.15.4","192.168.15.3","MQTT","68","Disconnect Req"
"274155","1656.969715313","192.168.15.4","192.168.15.3","MQTT","90","Connect Command"
"274157","1656.972617698","192.168.15.4","192.168.15.3","MQTT","97","Publish Message (id=1626) [Deviceb'Device - 2']"
"274158","1656.972925739","192.168.15.3","192.168.15.4","MQTT","70","Connect Ack"
"274161","1656.975076367","192.168.15.3","192.168.15.4","MQTT","70","Publish Ack (id=1626)"
"274163","1656.975486791","192.168.15.4","192.168.15.3","MQTT","68","Disconnect Req"
"274182","1657.979759459","192.168.15.4","192.168.15.3","MQTT","90","Connect Command"
"274184","1657.982675980","192.168.15.4","192.168.15.3","MQTT","97","Publish Message (id=1627) [Deviceb'Device - 2']"
"274185","1657.983073220","192.168.15.3","192.168.15.4","MQTT","70","Connect Ack"
"274188","1657.985540845","192.168.15.3","192.168.15.4","MQTT","70","Publish Ack (id=1627)"
"274190","1657.985864676","192.168.15.4","192.168.15.3","MQTT","68","Disconnect Req"
"274202","1658.990179329","192.168.15.4","192.168.15.3","MQTT","90","Connect Command"
"274204","1658.993082827","192.168.15.4","192.168.15.3","MQTT","97","Publish Message (id=1628) [Deviceb'Device - 2']"
"274205","1658.993509161","192.168.15.3","192.168.15.4","MQTT","70","Connect Ack"
"274208","1658.995553859","192.168.15.3","192.168.15.4","MQTT","70","Publish Ack (id=1628)"
"274210","1658.995905883","192.168.15.4","192.168.15.3","MQTT","68","Disconnect Req"
"274227","1659.999525592","192.168.15.4","192.168.15.3","MQTT","90","Connect Command"
"274229","1660.002315105","192.168.15.4","192.168.15.3","MQTT","97","Publish Message (id=1629) [Deviceb'Device - 2']"
"274231","1660.006585181","192.168.15.3","192.168.15.4","MQTT","70","Connect Ack"
"274233","1660.008899638","192.168.15.3","192.168.15.4","MQTT","70","Publish Ack (id=1629)"
"274235","1660.009200726","192.168.15.4","192.168.15.3","MQTT","68","Disconnect Req"
"274247","1661.013238029","192.168.15.4","192.168.15.3","MQTT","90","Connect Command"
"274249","1661.016009768","192.168.15.4","192.168.15.3","MQTT","97","Publish Message (id=1630) [Deviceb'Device - 2']"
"274250","1661.016439088","192.168.15.3","192.168.15.4","MQTT","70","Connect Ack"
"274253","1661.018782068","192.168.15.3","192.168.15.4","MQTT","70","Publish Ack (id=1630)"
"274255","1661.019120527","192.168.15.4","192.168.15.3","MQTT","68","Disconnect Req"
"274267","1662.022980401","192.168.15.4","192.168.15.3","MQTT","90","Connect Command"
"274269","1662.026051726","192.168.15.4","192.168.15.3","MQTT","97","Publish Message (id=1631) [Deviceb'Device - 2']"
"274270","1662.026393220","192.168.15.3","192.168.15.4","MQTT","70","Connect Ack"
"274273","1662.028845747","192.168.15.3","192.168.15.4","MQTT","70","Publish Ack (id=1631)"
"274275","1662.029314401","192.168.15.4","192.168.15.3","MQTT","68","Disconnect Req"
"274293","1663.033058703","192.168.15.4","192.168.15.3","MQTT","90","Connect Command"
"274295","1663.036079272","192.168.15.4","192.168.15.3","MQTT","97","Publish Message (id=1632) [Deviceb'Device - 2']"
"274296","1663.036507620","192.168.15.3","192.168.15.4","MQTT","70","Connect Ack"
"274299","1663.039362235","192.168.15.3","192.168.15.4","MQTT","70","Publish Ack (id=1632)"
"274301","1663.039739988","192.168.15.4","192.168.15.3","MQTT","68","Disconnect Req"
"274316","1664.043833847","192.168.15.4","192.168.15.3","MQTT","90","Connect Command"
"274318","1664.047210788","192.168.15.3","192.168.15.4","MQTT","70","Connect Ack"
"274319","1664.047238961","192.168.15.4","192.168.15.3","MQTT","97","Publish Message (id=1633) [Deviceb'Device - 2']"
"274322","1664.049613962","192.168.15.3","192.168.15.4","MQTT","70","Publish Ack (id=1633)"
"274324","1664.050023484","192.168.15.4","192.168.15.3","MQTT","68","Disconnect Req"
"276020","1665.053665587","192.168.15.4","192.168.15.3","MQTT","90","Connect Command"
"276022","1665.056599773","192.168.15.4","192.168.15.3","MQTT","97","Publish Message (id=1634) [Deviceb'Device - 2']"
"276024","1665.060892131","192.168.15.3","192.168.15.4","MQTT","70","Connect Ack"
"276026","1665.063117099","192.168.15.3","192.168.15.4","MQTT","70","Publish Ack (id=1634)"
"276028","1665.063463252","192.168.15.4","192.168.15.3","MQTT","68","Disconnect Req"
"276045","1666.067527798","192.168.15.4","192.168.15.3","MQTT","90","Connect Command"
"276047","1666.070279560","192.168.15.4","192.168.15.3","MQTT","97","Publish Message (id=1635) [Deviceb'Device - 2']"
"276048","1666.070659036","192.168.15.3","192.168.15.4","MQTT","70","Connect Ack"
"276051","1666.073120089","192.168.15.3","192.168.15.4","MQTT","70","Publish Ack (id=1635)"
"276053","1666.073466672","192.168.15.4","192.168.15.3","MQTT","68","Disconnect Req"
"276066","1667.077604032","192.168.15.4","192.168.15.3","MQTT","90","Connect Command"
"276068","1667.080563606","192.168.15.4","192.168.15.3","MQTT","97","Publish Message (id=1636) [Deviceb'Device - 2']"
"276069","1667.081007623","192.168.15.3","192.168.15.4","MQTT","70","Connect Ack"
"276072","1667.082970857","192.168.15.3","192.168.15.4","MQTT","70","Publish Ack (id=1636)"
"276074","1667.083370271","192.168.15.4","192.168.15.3","MQTT","68","Disconnect Req"
"276090","1668.087474043","192.168.15.4","192.168.15.3","MQTT","90","Connect Command"
"276092","1668.090513357","192.168.15.4","192.168.15.3","MQTT","97","Publish Message (id=1637) [Deviceb'Device - 2']"
"276093","1668.090895117","192.168.15.3","192.168.15.4","MQTT","70","Connect Ack"
"276096","1668.093474183","192.168.15.3","192.168.15.4","MQTT","70","Publish Ack (id=1637)"
"276098","1668.094095786","192.168.15.4","192.168.15.3","MQTT","68","Disconnect Req"
"276113","1669.098124754","192.168.15.4","192.168.15.3","MQTT","90","Connect Command"
"276115","1669.101175390","192.168.15.4","192.168.15.3","MQTT","97","Publish Message (id=1638) [Deviceb'Device - 2']"
"276116","1669.101557310","192.168.15.3","192.168.15.4","MQTT","70","Connect Ack"
"276119","1669.103957800","192.168.15.3","192.168.15.4","MQTT","70","Publish Ack (id=1638)"
"276121","1669.104212039","192.168.15.4","192.168.15.3","MQTT","68","Disconnect Req"
"276133","1670.107928085","192.168.15.4","192.168.15.3","MQTT","90","Connect Command"
"276135","1670.110835450","192.168.15.4","192.168.15.3","MQTT","97","Publish Message (id=1639) [Deviceb'Device - 2']"
"276137","1670.114936156","192.168.15.3","192.168.15.4","MQTT","70","Connect Ack"
"276139","1670.117192934","192.168.15.3","192.168.15.4","MQTT","70","Publish Ack (id=1639)"
"276141","1670.117844323","192.168.15.4","192.168.15.3","MQTT","68","Disconnect Req"
"276153","1671.122019361","192.168.15.4","192.168.15.3","MQTT","90","Connect Command"
"276155","1671.124904194","192.168.15.4","192.168.15.3","MQTT","97","Publish Message (id=1640) [Deviceb'Device - 2']"
"276156","1671.125253943","192.168.15.3","192.168.15.4","MQTT","70","Connect Ack"
"276159","1671.127960280","192.168.15.3","192.168.15.4","MQTT","70","Publish Ack (id=1640)"
"276161","1671.128785777","192.168.15.4","192.168.15.3","MQTT","68","Disconnect Req"
"276173","1672.133017676","192.168.15.4","192.168.15.3","MQTT","90","Connect Command"
"276175","1672.136738006","192.168.15.4","192.168.15.3","MQTT","97","Publish Message (id=1641) [Deviceb'Device - 2']"
"276176","1672.136995732","192.168.15.3","192.168.15.4","MQTT","70","Connect Ack"
"276179","1672.139208877","192.168.15.3","192.168.15.4","MQTT","70","Publish Ack (id=1641)"
"276181","1672.139584626","192.168.15.4","192.168.15.3","MQTT","68","Disconnect Req"
"276195","1673.143838513","192.168.15.4","192.168.15.3","MQTT","90","Connect Command"
"276197","1673.146878409","192.168.15.4","192.168.15.3","MQTT","97","Publish Message (id=1642) [Deviceb'Device - 2']"
"276198","1673.147320593","192.168.15.3","192.168.15.4","MQTT","70","Connect Ack"
"276201","1673.149646161","192.168.15.3","192.168.15.4","MQTT","70","Publish Ack (id=1642)"
"276203","1673.150045484","192.168.15.4","192.168.15.3","MQTT","68","Disconnect Req"
"276220","1674.153862105","192.168.15.4","192.168.15.3","MQTT","90","Connect Command"
"276222","1674.156879137","192.168.15.4","192.168.15.3","MQTT","97","Publish Message (id=1643) [Deviceb'Device - 2']"
"276223","1674.157261067","192.168.15.3","192.168.15.4","MQTT","70","Connect Ack"
"276226","1674.159511574","192.168.15.3","192.168.15.4","MQTT","70","Publish Ack (id=1643)"
"276228","1674.159807672","192.168.15.4","192.168.15.3","MQTT","68","Disconnect Req"
"276240","1675.163449957","192.168.15.4","192.168.15.3","MQTT","90","Connect Command"
"276242","1675.166547281","192.168.15.4","192.168.15.3","MQTT","97","Publish Message (id=1644) [Deviceb'Device - 2']"
"276244","1675.170753346","192.168.15.3","192.168.15.4","MQTT","70","Connect Ack"
"276246","1675.173177951","192.168.15.3","192.168.15.4","MQTT","70","Publish Ack (id=1644)"
"276248","1675.173985765","192.168.15.4","192.168.15.3","MQTT","68","Disconnect Req"
"276256","1676.178242716","192.168.15.4","192.168.15.3","MQTT","90","Connect Command"
"276258","1676.181147156","192.168.15.4","192.168.15.3","MQTT","97","Publish Message (id=1645) [Deviceb'Device - 2']"
"276259","1676.181540438","192.168.15.3","192.168.15.4","MQTT","70","Connect Ack"
"276262","1676.184007432","192.168.15.3","192.168.15.4","MQTT","70","Publish Ack (id=1645)"
"276264","1676.184372491","192.168.15.4","192.168.15.3","MQTT","68","Disconnect Req"
"276277","1677.188426666","192.168.15.4","192.168.15.3","MQTT","90","Connect Command"
"276279","1677.191399094","192.168.15.4","192.168.15.3","MQTT","97","Publish Message (id=1646) [Deviceb'Device - 2']"
"276280","1677.191817954","192.168.15.3","192.168.15.4","MQTT","70","Connect Ack"
"276283","1677.194311619","192.168.15.3","192.168.15.4","MQTT","70","Publish Ack (id=1646)"
"276285","1677.194651260","192.168.15.4","192.168.15.3","MQTT","68","Disconnect Req"
"276297","1678.198764497","192.168.15.4","192.168.15.3","MQTT","90","Connect Command"
"276299","1678.201677213","192.168.15.4","192.168.15.3","MQTT","97","Publish Message (id=1647) [Deviceb'Device - 2']"
"276300","1678.202025800","192.168.15.3","192.168.15.4","MQTT","70","Connect Ack"
"276303","1678.204552989","192.168.15.3","192.168.15.4","MQTT","70","Publish Ack (id=1647)"
"276305","1678.204901196","192.168.15.4","192.168.15.3","MQTT","68","Disconnect Req"
"276322","1679.209454295","192.168.15.4","192.168.15.3","MQTT","90","Connect Command"
"276324","1679.212493549","192.168.15.4","192.168.15.3","MQTT","97","Publish Message (id=1648) [Deviceb'Device - 2']"
"276325","1679.212872324","192.168.15.3","192.168.15.4","MQTT","70","Connect Ack"
"276328","1679.215305394","192.168.15.3","192.168.15.4","MQTT","70","Publish Ack (id=1648)"
"276330","1679.215700019","192.168.15.4","192.168.15.3","MQTT","68","Disconnect Req"
"278327","1680.220031709","192.168.15.4","192.168.15.3","MQTT","90","Connect Command"
"278372","1680.224106787","192.168.15.4","192.168.15.3","MQTT","97","Publish Message (id=1649) [Deviceb'Device - 2']"
"278417","1680.228312081","192.168.15.3","192.168.15.4","MQTT","70","Connect Ack"
"278464","1680.232537534","192.168.15.3","192.168.15.4","MQTT","70","Publish Ack (id=1649)"
"278469","1680.232913934","192.168.15.4","192.168.15.3","MQTT","68","Disconnect Req"
"278699","1681.236473091","192.168.15.4","192.168.15.3","MQTT","90","Connect Command"
"278701","1681.239425451","192.168.15.4","192.168.15.3","MQTT","97","Publish Message (id=1650) [Deviceb'Device - 2']"
"278702","1681.239823493","192.168.15.3","192.168.15.4","MQTT","70","Connect Ack"
"278705","1681.241904389","192.168.15.3","192.168.15.4","MQTT","70","Publish Ack (id=1650)"
"278707","1681.242502327","192.168.15.4","192.168.15.3","MQTT","68","Disconnect Req"
"278719","1682.246527807","192.168.15.4","192.168.15.3","MQTT","90","Connect Command"
"278721","1682.249425214","192.168.15.4","192.168.15.3","MQTT","97","Publish Message (id=1651) [Deviceb'Device - 2']"
"278722","1682.249851708","192.168.15.3","192.168.15.4","MQTT","70","Connect Ack"
"278725","1682.251916895","192.168.15.3","192.168.15.4","MQTT","70","Publish Ack (id=1651)"
"278727","1682.252300829","192.168.15.4","192.168.15.3","MQTT","68","Disconnect Req"
"278739","1683.256274230","192.168.15.4","192.168.15.3","MQTT","90","Connect Command"
"278741","1683.259314887","192.168.15.4","192.168.15.3","MQTT","97","Publish Message (id=1652) [Deviceb'Device - 2']"
"278742","1683.259670227","192.168.15.3","192.168.15.4","MQTT","70","Connect Ack"
"278745","1683.261772554","192.168.15.3","192.168.15.4","MQTT","70","Publish Ack (id=1652)"
"278747","1683.262512340","192.168.15.4","192.168.15.3","MQTT","68","Disconnect Req"
"278762","1684.266785763","192.168.15.4","192.168.15.3","MQTT","90","Connect Command"
"278764","1684.269773741","192.168.15.4","192.168.15.3","MQTT","97","Publish Message (id=1653) [Deviceb'Device - 2']"
"278765","1684.270218710","192.168.15.3","192.168.15.4","MQTT","70","Connect Ack"
"278768","1684.272249511","192.168.15.3","192.168.15.4","MQTT","70","Publish Ack (id=1653)"
"278770","1684.272919986","192.168.15.4","192.168.15.3","MQTT","68","Disconnect Req"
"278782","1685.277126470","192.168.15.4","192.168.15.3","MQTT","90","Connect Command"
"278784","1685.280065916","192.168.15.4","192.168.15.3","MQTT","97","Publish Message (id=1654) [Deviceb'Device - 2']"
"278786","1685.284255741","192.168.15.3","192.168.15.4","MQTT","70","Connect Ack"
"278788","1685.286540492","192.168.15.3","192.168.15.4","MQTT","70","Publish Ack (id=1654)"
"278790","1685.287364787","192.168.15.4","192.168.15.3","MQTT","68","Disconnect Req"
"278798","1686.292018039","192.168.15.4","192.168.15.3","MQTT","90","Connect Command"
"278800","1686.297082404","192.168.15.4","192.168.15.3","MQTT","97","Publish Message (id=1655) [Deviceb'Device - 2']"
"278801","1686.297094407","192.168.15.3","192.168.15.4","MQTT","70","Connect Ack"
"278804","1686.299477994","192.168.15.3","192.168.15.4","MQTT","70","Publish Ack (id=1655)"
"278806","1686.300244530","192.168.15.4","192.168.15.3","MQTT","68","Disconnect Req"
"278819","1687.304650822","192.168.15.4","192.168.15.3","MQTT","90","Connect Command"
"278821","1687.307558999","192.168.15.4","192.168.15.3","MQTT","97","Publish Message (id=1656) [Deviceb'Device - 2']"
"278822","1687.310225761","192.168.15.3","192.168.15.4","MQTT","70","Connect Ack"
"278825","1687.312696923","192.168.15.3","192.168.15.4","MQTT","70","Publish Ack (id=1656)"
"278827","1687.313491372","192.168.15.4","192.168.15.3","MQTT","68","Disconnect Req"
"278839","1688.317659079","192.168.15.4","192.168.15.3","MQTT","90","Connect Command"
"278841","1688.320524856","192.168.15.4","192.168.15.3","MQTT","97","Publish Message (id=1657) [Deviceb'Device - 2']"
"278842","1688.320963714","192.168.15.3","192.168.15.4","MQTT","70","Connect Ack"
"278845","1688.323058296","192.168.15.3","192.168.15.4","MQTT","70","Publish Ack (id=1657)"
"278847","1688.323819212","192.168.15.4","192.168.15.3","MQTT","68","Disconnect Req"
"278862","1689.328342647","192.168.15.4","192.168.15.3","MQTT","90","Connect Command"
"278864","1689.333123026","192.168.15.4","192.168.15.3","MQTT","97","Publish Message (id=1658) [Deviceb'Device - 2']"
"278865","1689.333532739","192.168.15.3","192.168.15.4","MQTT","70","Connect Ack"
"278870","1689.345207006","192.168.15.3","192.168.15.4","MQTT","70","Publish Ack (id=1658)"
"278873","1689.345874114","192.168.15.4","192.168.15.3","MQTT","68","Disconnect Req"
"278889","1690.349787214","192.168.15.4","192.168.15.3","MQTT","90","Connect Command"
"278891","1690.352701192","192.168.15.4","192.168.15.3","MQTT","97","Publish Message (id=1659) [Deviceb'Device - 2']"
"278894","1690.356804203","192.168.15.3","192.168.15.4","MQTT","70","Connect Ack"
"278896","1690.359721328","192.168.15.3","192.168.15.4","MQTT","70","Publish Ack (id=1659)"
"278898","1690.360493585","192.168.15.4","192.168.15.3","MQTT","68","Disconnect Req"
"278914","1691.365165863","192.168.15.4","192.168.15.3","MQTT","90","Connect Command"
"278916","1691.368065384","192.168.15.4","192.168.15.3","MQTT","97","Publish Message (id=1660) [Deviceb'Device - 2']"
"278917","1691.368482972","192.168.15.3","192.168.15.4","MQTT","70","Connect Ack"
"278920","1691.370604034","192.168.15.3","192.168.15.4","MQTT","70","Publish Ack (id=1660)"
"278922","1691.371217151","192.168.15.4","192.168.15.3","MQTT","68","Disconnect Req"
"278934","1692.375262452","192.168.15.4","192.168.15.3","MQTT","90","Connect Command"
"278936","1692.378167764","192.168.15.4","192.168.15.3","MQTT","97","Publish Message (id=1661) [Deviceb'Device - 2']"
"278937","1692.378845893","192.168.15.3","192.168.15.4","MQTT","70","Connect Ack"
"278940","1692.380977385","192.168.15.3","192.168.15.4","MQTT","70","Publish Ack (id=1661)"
"278942","1692.381376518","192.168.15.4","192.168.15.3","MQTT","68","Disconnect Req"
"278958","1693.385791643","192.168.15.4","192.168.15.3","MQTT","90","Connect Command"
"278960","1693.388813034","192.168.15.4","192.168.15.3","MQTT","97","Publish Message (id=1662) [Deviceb'Device - 2']"
"278961","1693.389171109","192.168.15.3","192.168.15.4","MQTT","70","Connect Ack"
"278964","1693.391600493","192.168.15.3","192.168.15.4","MQTT","70","Publish Ack (id=1662)"
"278966","1693.392141614","192.168.15.4","192.168.15.3","MQTT","68","Disconnect Req"
"278981","1694.396373720","192.168.15.4","192.168.15.3","MQTT","90","Connect Command"
"278983","1694.399434565","192.168.15.4","192.168.15.3","MQTT","97","Publish Message (id=1663) [Deviceb'Device - 2']"
"278984","1694.399826354","192.168.15.3","192.168.15.4","MQTT","70","Connect Ack"
"278987","1694.402332412","192.168.15.3","192.168.15.4","MQTT","70","Publish Ack (id=1663)"
"278989","1694.402681000","192.168.15.4","192.168.15.3","MQTT","68","Disconnect Req"
"279002","1695.406351635","192.168.15.4","192.168.15.3","MQTT","90","Connect Command"
"279004","1695.409311630","192.168.15.4","192.168.15.3","MQTT","97","Publish Message (id=1664) [Deviceb'Device - 2']"
"279006","1695.413527925","192.168.15.3","192.168.15.4","MQTT","70","Connect Ack"
"279008","1695.415855688","192.168.15.3","192.168.15.4","MQTT","70","Publish Ack (id=1664)"
"279010","1695.416271352","192.168.15.4","192.168.15.3","MQTT","68","Disconnect Req"
"280792","1696.419950467","192.168.15.4","192.168.15.3","MQTT","90","Connect Command"
"280794","1696.422968071","192.168.15.4","192.168.15.3","MQTT","97","Publish Message (id=1665) [Deviceb'Device - 2']"
"280795","1696.423393814","192.168.15.3","192.168.15.4","MQTT","70","Connect Ack"
"280798","1696.425754058","192.168.15.3","192.168.15.4","MQTT","70","Publish Ack (id=1665)"
"280800","1696.426128003","192.168.15.4","192.168.15.3","MQTT","68","Disconnect Req"
"280813","1697.430427742","192.168.15.4","192.168.15.3","MQTT","90","Connect Command"
"280815","1697.433401623","192.168.15.4","192.168.15.3","MQTT","97","Publish Message (id=1666) [Deviceb'Device - 2']"
"280816","1697.433794916","192.168.15.3","192.168.15.4","MQTT","70","Connect Ack"
"280819","1697.436193742","192.168.15.3","192.168.15.4","MQTT","70","Publish Ack (id=1666)"
"280821","1697.437009852","192.168.15.4","192.168.15.3","MQTT","68","Disconnect Req"
"280833","1698.442038232","192.168.15.4","192.168.15.3","MQTT","90","Connect Command"
"280835","1698.444896986","192.168.15.4","192.168.15.3","MQTT","97","Publish Message (id=1667) [Deviceb'Device - 2']"
"280836","1698.445255092","192.168.15.3","192.168.15.4","MQTT","70","Connect Ack"
"280839","1698.447713130","192.168.15.3","192.168.15.4","MQTT","70","Publish Ack (id=1667)"
"280841","1698.448427708","192.168.15.4","192.168.15.3","MQTT","68","Disconnect Req"
"280852","1699.452789348","192.168.15.4","192.168.15.3","MQTT","90","Connect Command"
"280854","1699.458337347","192.168.15.4","192.168.15.3","MQTT","97","Publish Message (id=1668) [Deviceb'Device - 2']"
"280855","1699.458699821","192.168.15.3","192.168.15.4","MQTT","70","Connect Ack"
"280858","1699.460804382","192.168.15.3","192.168.15.4","MQTT","70","Publish Ack (id=1668)"
"280860","1699.461598590","192.168.15.4","192.168.15.3","MQTT","68","Disconnect Req"
"280872","1700.465831307","192.168.15.4","192.168.15.3","MQTT","90","Connect Command"
"280874","1700.468700390","192.168.15.4","192.168.15.3","MQTT","97","Publish Message (id=1669) [Deviceb'Device - 2']"
"280876","1700.472956832","192.168.15.3","192.168.15.4","MQTT","70","Connect Ack"
"280878","1700.475296236","192.168.15.3","192.168.15.4","MQTT","70","Publish Ack (id=1669)"
"280880","1700.476110973","192.168.15.4","192.168.15.3","MQTT","68","Disconnect Req"
"280892","1701.479902654","192.168.15.4","192.168.15.3","MQTT","90","Connect Command"
"280894","1701.482846299","192.168.15.4","192.168.15.3","MQTT","97","Publish Message (id=1670) [Deviceb'Device - 2']"
"280895","1701.483260320","192.168.15.3","192.168.15.4","MQTT","70","Connect Ack"
"280898","1701.485677501","192.168.15.3","192.168.15.4","MQTT","70","Publish Ack (id=1670)"
"280900","1701.486228410","192.168.15.4","192.168.15.3","MQTT","68","Disconnect Req"
"280918","1702.490430067","192.168.15.4","192.168.15.3","MQTT","90","Connect Command"
"280920","1702.493323978","192.168.15.4","192.168.15.3","MQTT","97","Publish Message (id=1671) [Deviceb'Device - 2']"
"280921","1702.493742547","192.168.15.3","192.168.15.4","MQTT","70","Connect Ack"
"280924","1702.495736850","192.168.15.3","192.168.15.4","MQTT","70","Publish Ack (id=1671)"
"280926","1702.496395042","192.168.15.4","192.168.15.3","MQTT","68","Disconnect Req"
"280938","1703.499916844","192.168.15.4","192.168.15.3","MQTT","90","Connect Command"
"280940","1703.502909451","192.168.15.4","192.168.15.3","MQTT","97","Publish Message (id=1672) [Deviceb'Device - 2']"
"280941","1703.503349611","192.168.15.3","192.168.15.4","MQTT","70","Connect Ack"
"280944","1703.505370284","192.168.15.3","192.168.15.4","MQTT","70","Publish Ack (id=1672)"
"280946","1703.506154504","192.168.15.4","192.168.15.3","MQTT","68","Disconnect Req"
"280969","1704.509788693","192.168.15.4","192.168.15.3","MQTT","90","Connect Command"
"280971","1704.512978512","192.168.15.4","192.168.15.3","MQTT","97","Publish Message (id=1673) [Deviceb'Device - 2']"
"280972","1704.513406720","192.168.15.3","192.168.15.4","MQTT","70","Connect Ack"
"280975","1704.515709765","192.168.15.3","192.168.15.4","MQTT","70","Publish Ack (id=1673)"
"280977","1704.516282295","192.168.15.4","192.168.15.3","MQTT","68","Disconnect Req"
"280997","1705.520009744","192.168.15.4","192.168.15.3","MQTT","90","Connect Command"
"280999","1705.523009855","192.168.15.4","192.168.15.3","MQTT","97","Publish Message (id=1674) [Deviceb'Device - 2']"
"281001","1705.527246419","192.168.15.3","192.168.15.4","MQTT","70","Connect Ack"
"281003","1705.529555896","192.168.15.3","192.168.15.4","MQTT","70","Publish Ack (id=1674)"
"281005","1705.529922458","192.168.15.4","192.168.15.3","MQTT","68","Disconnect Req"
"281017","1706.533880558","192.168.15.4","192.168.15.3","MQTT","90","Connect Command"
"281019","1706.536853338","192.168.15.4","192.168.15.3","MQTT","97","Publish Message (id=1675) [Deviceb'Device - 2']"
"281020","1706.537235259","192.168.15.3","192.168.15.4","MQTT","70","Connect Ack"
"281023","1706.548627644","192.168.15.3","192.168.15.4","MQTT","70","Publish Ack (id=1675)"
"281025","1706.549453773","192.168.15.4","192.168.15.3","MQTT","68","Disconnect Req"
"281040","1707.553595307","192.168.15.4","192.168.15.3","MQTT","90","Connect Command"
"281042","1707.556538100","192.168.15.4","192.168.15.3","MQTT","97","Publish Message (id=1676) [Deviceb'Device - 2']"
"281043","1707.556965025","192.168.15.3","192.168.15.4","MQTT","70","Connect Ack"
"281046","1707.559007609","192.168.15.3","192.168.15.4","MQTT","70","Publish Ack (id=1676)"
"281048","1707.559380934","192.168.15.4","192.168.15.3","MQTT","68","Disconnect Req"
"281065","1708.563628372","192.168.15.4","192.168.15.3","MQTT","90","Connect Command"
"281069","1708.566795428","192.168.15.4","192.168.15.3","MQTT","97","Publish Message (id=1677) [Deviceb'Device - 2']"
"281070","1708.567183410","192.168.15.3","192.168.15.4","MQTT","70","Connect Ack"
"281073","1708.569241874","192.168.15.3","192.168.15.4","MQTT","70","Publish Ack (id=1677)"
"281075","1708.570297245","192.168.15.4","192.168.15.3","MQTT","68","Disconnect Req"
"281091","1709.574457935","192.168.15.4","192.168.15.3","MQTT","90","Connect Command"
"281093","1709.577417620","192.168.15.4","192.168.15.3","MQTT","97","Publish Message (id=1678) [Deviceb'Device - 2']"
"281094","1709.577760807","192.168.15.3","192.168.15.4","MQTT","70","Connect Ack"
"281097","1709.580298716","192.168.15.3","192.168.15.4","MQTT","70","Publish Ack (id=1678)"
"281099","1709.581264528","192.168.15.4","192.168.15.3","MQTT","68","Disconnect Req"
"281111","1710.585495065","192.168.15.4","192.168.15.3","MQTT","90","Connect Command"
"281113","1710.588547385","192.168.15.4","192.168.15.3","MQTT","97","Publish Message (id=1679) [Deviceb'Device - 2']"
"281115","1710.592725799","192.168.15.3","192.168.15.4","MQTT","70","Connect Ack"
"281117","1710.595032562","192.168.15.3","192.168.15.4","MQTT","70","Publish Ack (id=1679)"
"281119","1710.595390146","192.168.15.4","192.168.15.3","MQTT","68","Disconnect Req"
"281131","1711.599457301","192.168.15.4","192.168.15.3","MQTT","90","Connect Command"
"281133","1711.602607505","192.168.15.4","192.168.15.3","MQTT","97","Publish Message (id=1680) [Deviceb'Device - 2']"
"281134","1711.603003613","192.168.15.3","192.168.15.4","MQTT","70","Connect Ack"
"281137","1711.605424300","192.168.15.3","192.168.15.4","MQTT","70","Publish Ack (id=1680)"
"281139","1711.606333797","192.168.15.4","192.168.15.3","MQTT","68","Disconnect Req"
"283374","1712.610605644","192.168.15.4","192.168.15.3","MQTT","90","Connect Command"
"283376","1712.613582011","192.168.15.4","192.168.15.3","MQTT","97","Publish Message (id=1681) [Deviceb'Device - 2']"
"283377","1712.613942351","192.168.15.3","192.168.15.4","MQTT","70","Connect Ack"
"283380","1712.616424495","192.168.15.3","192.168.15.4","MQTT","70","Publish Ack (id=1681)"
"283382","1712.617045797","192.168.15.4","192.168.15.3","MQTT","68","Disconnect Req"
"283394","1713.621553744","192.168.15.4","192.168.15.3","MQTT","90","Connect Command"
"283396","1713.624150554","192.168.15.4","192.168.15.3","MQTT","97","Publish Message (id=1682) [Deviceb'Device - 2']"
"283397","1713.624535480","192.168.15.3","192.168.15.4","MQTT","70","Connect Ack"
"283400","1713.627040406","192.168.15.3","192.168.15.4","MQTT","70","Publish Ack (id=1682)"
"283402","1713.627642793","192.168.15.4","192.168.15.3","MQTT","68","Disconnect Req"
"283430","1714.631626418","192.168.15.4","192.168.15.3","MQTT","90","Connect Command"
"283432","1714.634378661","192.168.15.4","192.168.15.3","MQTT","97","Publish Message (id=1683) [Deviceb'Device - 2']"
"283433","1714.634793614","192.168.15.3","192.168.15.4","MQTT","70","Connect Ack"
"283436","1714.637290946","192.168.15.3","192.168.15.4","MQTT","70","Publish Ack (id=1683)"
"283438","1714.638394358","192.168.15.4","192.168.15.3","MQTT","68","Disconnect Req"
"283460","1715.642501652","192.168.15.4","192.168.15.3","MQTT","90","Connect Command"
"283463","1715.645553321","192.168.15.4","192.168.15.3","MQTT","97","Publish Message (id=1684) [Deviceb'Device - 2']"
"283465","1715.649968071","192.168.15.3","192.168.15.4","MQTT","70","Connect Ack"
"283467","1715.652709904","192.168.15.3","192.168.15.4","MQTT","70","Publish Ack (id=1684)"
"283469","1715.653266234","192.168.15.4","192.168.15.3","MQTT","68","Disconnect Req"
"283477","1716.657467743","192.168.15.4","192.168.15.3","MQTT","90","Connect Command"
"283479","1716.668773586","192.168.15.4","192.168.15.3","MQTT","97","Publish Message (id=1685) [Deviceb'Device - 2']"
"283480","1716.669056771","192.168.15.3","192.168.15.4","MQTT","70","Connect Ack"
"283483","1716.671573900","192.168.15.3","192.168.15.4","MQTT","70","Publish Ack (id=1685)"
"283485","1716.671886981","192.168.15.4","192.168.15.3","MQTT","68","Disconnect Req"
"283498","1717.675378783","192.168.15.4","192.168.15.3","MQTT","90","Connect Command"
"283500","1717.678387661","192.168.15.4","192.168.15.3","MQTT","97","Publish Message (id=1686) [Deviceb'Device - 2']"
"283501","1717.678807142","192.168.15.3","192.168.15.4","MQTT","70","Connect Ack"
"283504","1717.681279808","192.168.15.3","192.168.15.4","MQTT","70","Publish Ack (id=1686)"
"283506","1717.681655056","192.168.15.4","192.168.15.3","MQTT","68","Disconnect Req"
"283522","1718.685099126","192.168.15.4","192.168.15.3","MQTT","90","Connect Command"
"283524","1718.688111581","192.168.15.4","192.168.15.3","MQTT","97","Publish Message (id=1687) [Deviceb'Device - 2']"
"283525","1718.688540961","192.168.15.3","192.168.15.4","MQTT","70","Connect Ack"
"283528","1718.690843616","192.168.15.3","192.168.15.4","MQTT","70","Publish Ack (id=1687)"
"283530","1718.691269038","192.168.15.4","192.168.15.3","MQTT","68","Disconnect Req"
"283545","1719.695300041","192.168.15.4","192.168.15.3","MQTT","90","Connect Command"
"283547","1719.698294071","192.168.15.4","192.168.15.3","MQTT","97","Publish Message (id=1688) [Deviceb'Device - 2']"
"283548","1719.698693154","192.168.15.3","192.168.15.4","MQTT","70","Connect Ack"
"283551","1719.701090989","192.168.15.3","192.168.15.4","MQTT","70","Publish Ack (id=1688)"
"283553","1719.702029229","192.168.15.4","192.168.15.3","MQTT","68","Disconnect Req"
"283565","1720.706126593","192.168.15.4","192.168.15.3","MQTT","90","Connect Command"
"283567","1720.709166229","192.168.15.4","192.168.15.3","MQTT","97","Publish Message (id=1689) [Deviceb'Device - 2']"
"283569","1720.713556794","192.168.15.3","192.168.15.4","MQTT","70","Connect Ack"
"283571","1720.717257597","192.168.15.3","192.168.15.4","MQTT","70","Publish Ack (id=1689)"
"283573","1720.717729347","192.168.15.4","192.168.15.3","MQTT","68","Disconnect Req"
"283582","1721.722078059","192.168.15.4","192.168.15.3","MQTT","90","Connect Command"
"283584","1721.725012797","192.168.15.4","192.168.15.3","MQTT","97","Publish Message (id=1690) [Deviceb'Device - 2']"
"283585","1721.725384899","192.168.15.3","192.168.15.4","MQTT","70","Connect Ack"
"283588","1721.727794476","192.168.15.3","192.168.15.4","MQTT","70","Publish Ack (id=1690)"
"283590","1721.728261747","192.168.15.4","192.168.15.3","MQTT","68","Disconnect Req"
"283598","1722.731892683","192.168.15.4","192.168.15.3","MQTT","90","Connect Command"
"283600","1722.734803135","192.168.15.4","192.168.15.3","MQTT","97","Publish Message (id=1691) [Deviceb'Device - 2']"
"283601","1722.735189674","192.168.15.3","192.168.15.4","MQTT","70","Connect Ack"
"283604","1722.737702305","192.168.15.3","192.168.15.4","MQTT","70","Publish Ack (id=1691)"
"283606","1722.738268915","192.168.15.4","192.168.15.3","MQTT","68","Disconnect Req"
"283614","1723.752199622","192.168.15.4","192.168.15.3","MQTT","90","Connect Command"
"283616","1723.755081730","192.168.15.4","192.168.15.3","MQTT","97","Publish Message (id=1692) [Deviceb'Device - 2']"
"283617","1723.755478158","192.168.15.3","192.168.15.4","MQTT","70","Connect Ack"
"283620","1723.757935836","192.168.15.3","192.168.15.4","MQTT","70","Publish Ack (id=1692)"
"283622","1723.758443704","192.168.15.4","192.168.15.3","MQTT","68","Disconnect Req"
"283638","1724.762182135","192.168.15.4","192.168.15.3","MQTT","90","Connect Command"
"283640","1724.765199047","192.168.15.4","192.168.15.3","MQTT","97","Publish Message (id=1693) [Deviceb'Device - 2']"
"283641","1724.765627396","192.168.15.3","192.168.15.4","MQTT","70","Connect Ack"
"283644","1724.768000945","192.168.15.3","192.168.15.4","MQTT","70","Publish Ack (id=1693)"
"283646","1724.768504896","192.168.15.4","192.168.15.3","MQTT","68","Disconnect Req"
"283658","1725.772433331","192.168.15.4","192.168.15.3","MQTT","90","Connect Command"
"283660","1725.775288328","192.168.15.4","192.168.15.3","MQTT","97","Publish Message (id=1694) [Deviceb'Device - 2']"
"283662","1725.779517619","192.168.15.3","192.168.15.4","MQTT","70","Connect Ack"
"283664","1725.782395018","192.168.15.3","192.168.15.4","MQTT","70","Publish Ack (id=1694)"
"283666","1725.783032251","192.168.15.4","192.168.15.3","MQTT","68","Disconnect Req"
"283678","1726.787044048","192.168.15.4","192.168.15.3","MQTT","90","Connect Command"
"283680","1726.790143326","192.168.15.4","192.168.15.3","MQTT","97","Publish Message (id=1695) [Deviceb'Device - 2']"
"283681","1726.790501602","192.168.15.3","192.168.15.4","MQTT","70","Connect Ack"
"283684","1726.792534619","192.168.15.3","192.168.15.4","MQTT","70","Publish Ack (id=1695)"
"283686","1726.793037487","192.168.15.4","192.168.15.3","MQTT","68","Disconnect Req"
"283699","1727.797488430","192.168.15.4","192.168.15.3","MQTT","90","Connect Command"
"283701","1727.800409963","192.168.15.4","192.168.15.3","MQTT","97","Publish Message (id=1696) [Deviceb'Device - 2']"
"283702","1727.800788557","192.168.15.3","192.168.15.4","MQTT","70","Connect Ack"
"283705","1727.803183366","192.168.15.3","192.168.15.4","MQTT","70","Publish Ack (id=1696)"
"283707","1727.803923122","192.168.15.4","192.168.15.3","MQTT","68","Disconnect Req"
"285512","1728.807865670","192.168.15.4","192.168.15.3","MQTT","90","Connect Command"
"285514","1728.810814133","192.168.15.4","192.168.15.3","MQTT","97","Publish Message (id=1697) [Deviceb'Device - 2']"
"285515","1728.811170456","192.168.15.3","192.168.15.4","MQTT","70","Connect Ack"
"285518","1728.813594310","192.168.15.3","192.168.15.4","MQTT","70","Publish Ack (id=1697)"
"285520","1728.814120302","192.168.15.4","192.168.15.3","MQTT","68","Disconnect Req"
"285535","1729.817713739","192.168.15.4","192.168.15.3","MQTT","90","Connect Command"
"285537","1729.820642405","192.168.15.4","192.168.15.3","MQTT","97","Publish Message (id=1698) [Deviceb'Device - 2']"
"285538","1729.821021080","192.168.15.3","192.168.15.4","MQTT","70","Connect Ack"
"285541","1729.823125441","192.168.15.3","192.168.15.4","MQTT","70","Publish Ack (id=1698)"
"285543","1729.823614314","192.168.15.4","192.168.15.3","MQTT","68","Disconnect Req"
"285555","1730.827799759","192.168.15.4","192.168.15.3","MQTT","90","Connect Command"
"285557","1730.830743634","192.168.15.4","192.168.15.3","MQTT","97","Publish Message (id=1699) [Deviceb'Device - 2']"
"285559","1730.835025224","192.168.15.3","192.168.15.4","MQTT","70","Connect Ack"
"285561","1730.837466922","192.168.15.3","192.168.15.4","MQTT","70","Publish Ack (id=1699)"
"285563","1730.837959862","192.168.15.4","192.168.15.3","MQTT","68","Disconnect Req"
"285575","1731.842217390","192.168.15.4","192.168.15.3","MQTT","90","Connect Command"
"285577","1731.845107134","192.168.15.4","192.168.15.3","MQTT","97","Publish Message (id=1700) [Deviceb'Device - 2']"
"285578","1731.845516516","192.168.15.3","192.168.15.4","MQTT","70","Connect Ack"
"285581","1731.847925692","192.168.15.3","192.168.15.4","MQTT","70","Publish Ack (id=1700)"
"285583","1731.848376513","192.168.15.4","192.168.15.3","MQTT","68","Disconnect Req"
"285595","1732.852115269","192.168.15.4","192.168.15.3","MQTT","90","Connect Command"
"285597","1732.854996706","192.168.15.4","192.168.15.3","MQTT","97","Publish Message (id=1701) [Deviceb'Device - 2']"
"285598","1732.856289646","192.168.15.3","192.168.15.4","MQTT","70","Connect Ack"
"285601","1732.857450246","192.168.15.3","192.168.15.4","MQTT","70","Publish Ack (id=1701)"
"285603","1732.858059265","192.168.15.4","192.168.15.3","MQTT","68","Disconnect Req"
"285611","1733.862731257","192.168.15.4","192.168.15.3","MQTT","90","Connect Command"
"285613","1733.867337409","192.168.15.4","192.168.15.3","MQTT","97","Publish Message (id=1702) [Deviceb'Device - 2']"
"285614","1733.867660819","192.168.15.3","192.168.15.4","MQTT","70","Connect Ack"
"285617","1733.869688605","192.168.15.3","192.168.15.4","MQTT","70","Publish Ack (id=1702)"
"285619","1733.870251738","192.168.15.4","192.168.15.3","MQTT","68","Disconnect Req"
"285634","1734.874206895","192.168.15.4","192.168.15.3","MQTT","90","Connect Command"
"285636","1734.877073975","192.168.15.4","192.168.15.3","MQTT","97","Publish Message (id=1703) [Deviceb'Device - 2']"
"285637","1734.877425228","192.168.15.3","192.168.15.4","MQTT","70","Connect Ack"
"285640","1734.879545048","192.168.15.3","192.168.15.4","MQTT","70","Publish Ack (id=1703)"
"285642","1734.880085328","192.168.15.4","192.168.15.3","MQTT","68","Disconnect Req"
"285682","1735.883823110","192.168.15.4","192.168.15.3","MQTT","90","Connect Command"
"285684","1735.886795098","192.168.15.4","192.168.15.3","MQTT","97","Publish Message (id=1704) [Deviceb'Device - 2']"
"285686","1735.890874746","192.168.15.3","192.168.15.4","MQTT","70","Connect Ack"
"285688","1735.893285025","192.168.15.3","192.168.15.4","MQTT","70","Publish Ack (id=1704)"
"285690","1735.893928699","192.168.15.4","192.168.15.3","MQTT","68","Disconnect Req"
"285703","1736.898177390","192.168.15.4","192.168.15.3","MQTT","90","Connect Command"
"285705","1736.901194563","192.168.15.4","192.168.15.3","MQTT","97","Publish Message (id=1705) [Deviceb'Device - 2']"
"285706","1736.901517994","192.168.15.3","192.168.15.4","MQTT","70","Connect Ack"
"285709","1736.903694902","192.168.15.3","192.168.15.4","MQTT","70","Publish Ack (id=1705)"
"285711","1736.904144039","192.168.15.4","192.168.15.3","MQTT","68","Disconnect Req"
"285725","1737.908671132","192.168.15.4","192.168.15.3","MQTT","90","Connect Command"
"285727","1737.920383865","192.168.15.4","192.168.15.3","MQTT","97","Publish Message (id=1706) [Deviceb'Device - 2']"
"285728","1737.920786555","192.168.15.3","192.168.15.4","MQTT","70","Connect Ack"
"285731","1737.922914291","192.168.15.3","192.168.15.4","MQTT","70","Publish Ack (id=1706)"
"285733","1737.923204528","192.168.15.4","192.168.15.3","MQTT","68","Disconnect Req"
"285746","1738.926564091","192.168.15.4","192.168.15.3","MQTT","90","Connect Command"
"285748","1738.929496365","192.168.15.4","192.168.15.3","MQTT","97","Publish Message (id=1707) [Deviceb'Device - 2']"
"285749","1738.929877154","192.168.15.3","192.168.15.4","MQTT","70","Connect Ack"
"285752","1738.932316066","192.168.15.3","192.168.15.4","MQTT","70","Publish Ack (id=1707)"
"285754","1738.932757639","192.168.15.4","192.168.15.3","MQTT","68","Disconnect Req"
"285770","1739.936658770","192.168.15.4","192.168.15.3","MQTT","90","Connect Command"
"285772","1739.939721750","192.168.15.4","192.168.15.3","MQTT","97","Publish Message (id=1708) [Deviceb'Device - 2']"
"285773","1739.940119480","192.168.15.3","192.168.15.4","MQTT","70","Connect Ack"
"285776","1739.943605729","192.168.15.3","192.168.15.4","MQTT","70","Publish Ack (id=1708)"
"285778","1739.944000524","192.168.15.4","192.168.15.3","MQTT","68","Disconnect Req"
"285803","1740.947616984","192.168.15.4","192.168.15.3","MQTT","90","Connect Command"
"285805","1740.950545301","192.168.15.4","192.168.15.3","MQTT","97","Publish Message (id=1709) [Deviceb'Device - 2']"
"285807","1740.954772187","192.168.15.3","192.168.15.4","MQTT","70","Connect Ack"
"285809","1740.957151597","192.168.15.3","192.168.15.4","MQTT","70","Publish Ack (id=1709)"
"285811","1740.957789160","192.168.15.4","192.168.15.3","MQTT","68","Disconnect Req"
"285823","1741.962677145","192.168.15.4","192.168.15.3","MQTT","90","Connect Command"
"285825","1741.965558943","192.168.15.4","192.168.15.3","MQTT","97","Publish Message (id=1710) [Deviceb'Device - 2']"
"285826","1741.965938409","192.168.15.3","192.168.15.4","MQTT","70","Connect Ack"
"285829","1741.968125817","192.168.15.3","192.168.15.4","MQTT","70","Publish Ack (id=1710)"
"285831","1741.968795340","192.168.15.4","192.168.15.3","MQTT","68","Disconnect Req"
"285843","1742.972578976","192.168.15.4","192.168.15.3","MQTT","90","Connect Command"
"285845","1742.975461837","192.168.15.4","192.168.15.3","MQTT","97","Publish Message (id=1711) [Deviceb'Device - 2']"
"285846","1742.975873344","192.168.15.3","192.168.15.4","MQTT","70","Connect Ack"
"285849","1742.978303209","192.168.15.3","192.168.15.4","MQTT","70","Publish Ack (id=1711)"
"285851","1742.978917127","192.168.15.4","192.168.15.3","MQTT","68","Disconnect Req"
"285864","1743.983314167","192.168.15.4","192.168.15.3","MQTT","90","Connect Command"
"285866","1743.986230701","192.168.15.4","192.168.15.3","MQTT","97","Publish Message (id=1712) [Deviceb'Device - 2']"
"285867","1743.986694516","192.168.15.3","192.168.15.4","MQTT","70","Connect Ack"
"285870","1743.989037859","192.168.15.3","192.168.15.4","MQTT","70","Publish Ack (id=1712)"
"285872","1743.989627752","192.168.15.4","192.168.15.3","MQTT","68","Disconnect Req"
"288166","1744.993203246","192.168.15.4","192.168.15.3","MQTT","90","Connect Command"
"288168","1744.996157221","192.168.15.4","192.168.15.3","MQTT","97","Publish Message (id=1713) [Deviceb'Device - 2']"
"288169","1744.996516018","192.168.15.3","192.168.15.4","MQTT","70","Connect Ack"
"288172","1744.998689139","192.168.15.3","192.168.15.4","MQTT","70","Publish Ack (id=1713)"
"288174","1744.999272600","192.168.15.4","192.168.15.3","MQTT","68","Disconnect Req"
"288188","1746.002701922","192.168.15.4","192.168.15.3","MQTT","90","Connect Command"
"288190","1746.005607124","192.168.15.4","192.168.15.3","MQTT","97","Publish Message (id=1714) [Deviceb'Device - 2']"
"288191","1746.006124170","192.168.15.3","192.168.15.4","MQTT","70","Connect Ack"
"288194","1746.008421575","192.168.15.3","192.168.15.4","MQTT","70","Publish Ack (id=1714)"
"288196","1746.009463071","192.168.15.4","192.168.15.3","MQTT","68","Disconnect Req"
"288208","1747.012984333","192.168.15.4","192.168.15.3","MQTT","90","Connect Command"
"288210","1747.015875618","192.168.15.4","192.168.15.3","MQTT","97","Publish Message (id=1715) [Deviceb'Device - 2']"
"288211","1747.016235958","192.168.15.3","192.168.15.4","MQTT","70","Connect Ack"
"288214","1747.018347203","192.168.15.3","192.168.15.4","MQTT","70","Publish Ack (id=1715)"
"288216","1747.019062322","192.168.15.4","192.168.15.3","MQTT","68","Disconnect Req"
"288229","1748.024112695","192.168.15.4","192.168.15.3","MQTT","90","Connect Command"
"288231","1748.026518876","192.168.15.4","192.168.15.3","MQTT","97","Publish Message (id=1716) [Deviceb'Device - 2']"
"288232","1748.026944590","192.168.15.3","192.168.15.4","MQTT","70","Connect Ack"
"288235","1748.029027260","192.168.15.3","192.168.15.4","MQTT","70","Publish Ack (id=1716)"
"288237","1748.029674041","192.168.15.4","192.168.15.3","MQTT","68","Disconnect Req"
"288249","1749.033289530","192.168.15.4","192.168.15.3","MQTT","90","Connect Command"
"288251","1749.036130231","192.168.15.4","192.168.15.3","MQTT","97","Publish Message (id=1717) [Deviceb'Device - 2']"
"288252","1749.036514727","192.168.15.3","192.168.15.4","MQTT","70","Connect Ack"
"288255","1749.039942455","192.168.15.3","192.168.15.4","MQTT","70","Publish Ack (id=1717)"
"288257","1749.040729780","192.168.15.4","192.168.15.3","MQTT","68","Disconnect Req"
"288272","1750.044567586","192.168.15.4","192.168.15.3","MQTT","90","Connect Command"
"288274","1750.047475484","192.168.15.4","192.168.15.3","MQTT","97","Publish Message (id=1718) [Deviceb'Device - 2']"
"288275","1750.047861702","192.168.15.3","192.168.15.4","MQTT","70","Connect Ack"
"288278","1750.049930837","192.168.15.3","192.168.15.4","MQTT","70","Publish Ack (id=1718)"
"288280","1750.050687235","192.168.15.4","192.168.15.3","MQTT","68","Disconnect Req"
"288304","1751.055148299","192.168.15.4","192.168.15.3","MQTT","90","Connect Command"
"288306","1751.058159341","192.168.15.4","192.168.15.3","MQTT","97","Publish Message (id=1719) [Deviceb'Device - 2']"
"288308","1751.062298653","192.168.15.3","192.168.15.4","MQTT","70","Connect Ack"
"288310","1751.064668275","192.168.15.3","192.168.15.4","MQTT","70","Publish Ack (id=1719)"
"288312","1751.064948784","192.168.15.4","192.168.15.3","MQTT","68","Disconnect Req"
"288324","1752.069457715","192.168.15.4","192.168.15.3","MQTT","90","Connect Command"
"288326","1752.072416579","192.168.15.4","192.168.15.3","MQTT","97","Publish Message (id=1720) [Deviceb'Device - 2']"
"288327","1752.072853965","192.168.15.3","192.168.15.4","MQTT","70","Connect Ack"
"288330","1752.075247642","192.168.15.3","192.168.15.4","MQTT","70","Publish Ack (id=1720)"
"288332","1752.075785357","192.168.15.4","192.168.15.3","MQTT","68","Disconnect Req"
"288344","1753.080348318","192.168.15.4","192.168.15.3","MQTT","90","Connect Command"
"288346","1753.083004911","192.168.15.4","192.168.15.3","MQTT","97","Publish Message (id=1721) [Deviceb'Device - 2']"
"288347","1753.083440774","192.168.15.3","192.168.15.4","MQTT","70","Connect Ack"
"288350","1753.085478680","192.168.15.3","192.168.15.4","MQTT","70","Publish Ack (id=1721)"
"288352","1753.086169043","192.168.15.4","192.168.15.3","MQTT","68","Disconnect Req"
"288364","1754.090400251","192.168.15.4","192.168.15.3","MQTT","90","Connect Command"
"288366","1754.093262663","192.168.15.4","192.168.15.3","MQTT","97","Publish Message (id=1722) [Deviceb'Device - 2']"
"288367","1754.093727671","192.168.15.3","192.168.15.4","MQTT","70","Connect Ack"
"288370","1754.095718788","192.168.15.3","192.168.15.4","MQTT","70","Publish Ack (id=1722)"
"288372","1754.096386839","192.168.15.4","192.168.15.3","MQTT","68","Disconnect Req"
"288385","1755.100103072","192.168.15.4","192.168.15.3","MQTT","90","Connect Command"
"288387","1755.103035316","192.168.15.4","192.168.15.3","MQTT","97","Publish Message (id=1723) [Deviceb'Device - 2']"
"288388","1755.103438346","192.168.15.3","192.168.15.4","MQTT","70","Connect Ack"
"288391","1755.105574017","192.168.15.3","192.168.15.4","MQTT","70","Publish Ack (id=1723)"
"288393","1755.105824149","192.168.15.4","192.168.15.3","MQTT","68","Disconnect Req"
"288406","1756.112044954","192.168.15.4","192.168.15.3","MQTT","90","Connect Command"
"288408","1756.115053081","192.168.15.4","192.168.15.3","MQTT","97","Publish Message (id=1724) [Deviceb'Device - 2']"
"288410","1756.119279085","192.168.15.3","192.168.15.4","MQTT","70","Connect Ack"
"288412","1756.122870723","192.168.15.3","192.168.15.4","MQTT","70","Publish Ack (id=1724)"
"288414","1756.123124743","192.168.15.4","192.168.15.3","MQTT","68","Disconnect Req"
"288425","1757.127359505","192.168.15.4","192.168.15.3","MQTT","90","Connect Command"
"288427","1757.130317287","192.168.15.4","192.168.15.3","MQTT","97","Publish Message (id=1725) [Deviceb'Device - 2']"
"288428","1757.130703235","192.168.15.3","192.168.15.4","MQTT","70","Connect Ack"
"288431","1757.133057619","192.168.15.3","192.168.15.4","MQTT","70","Publish Ack (id=1725)"
"288433","1757.133394524","192.168.15.4","192.168.15.3","MQTT","68","Disconnect Req"
"288443","1758.137055579","192.168.15.4","192.168.15.3","MQTT","90","Connect Command"
"288445","1758.140086119","192.168.15.4","192.168.15.3","MQTT","97","Publish Message (id=1726) [Deviceb'Device - 2']"
"288446","1758.141122344","192.168.15.3","192.168.15.4","MQTT","70","Connect Ack"
"288449","1758.142539198","192.168.15.3","192.168.15.4","MQTT","70","Publish Ack (id=1726)"
"288451","1758.142898927","192.168.15.4","192.168.15.3","MQTT","68","Disconnect Req"
"288466","1759.146394595","192.168.15.4","192.168.15.3","MQTT","90","Connect Command"
"288468","1759.149323302","192.168.15.4","192.168.15.3","MQTT","97","Publish Message (id=1727) [Deviceb'Device - 2']"
"288469","1759.149741892","192.168.15.3","192.168.15.4","MQTT","70","Connect Ack"
"288472","1759.152449391","192.168.15.3","192.168.15.4","MQTT","70","Publish Ack (id=1727)"
"288474","1759.152813258","192.168.15.4","192.168.15.3","MQTT","68","Disconnect Req"
"290291","1760.156113373","192.168.15.4","192.168.15.3","MQTT","90","Connect Command"
"290293","1760.159120538","192.168.15.4","192.168.15.3","MQTT","97","Publish Message (id=1728) [Deviceb'Device - 2']"
"290294","1760.159524320","192.168.15.3","192.168.15.4","MQTT","70","Connect Ack"
"290297","1760.163335002","192.168.15.3","192.168.15.4","MQTT","70","Publish Ack (id=1728)"
"290299","1760.163946065","192.168.15.4","192.168.15.3","MQTT","68","Disconnect Req"
"290311","1761.168369305","192.168.15.4","192.168.15.3","MQTT","90","Connect Command"
"290313","1761.171412618","192.168.15.4","192.168.15.3","MQTT","97","Publish Message (id=1729) [Deviceb'Device - 2']"
"290315","1761.175648913","192.168.15.3","192.168.15.4","MQTT","70","Connect Ack"
"290317","1761.177935228","192.168.15.3","192.168.15.4","MQTT","70","Publish Ack (id=1729)"
"290319","1761.178213413","192.168.15.4","192.168.15.3","MQTT","68","Disconnect Req"
"290331","1762.182129771","192.168.15.4","192.168.15.3","MQTT","90","Connect Command"
"290333","1762.185086892","192.168.15.4","192.168.15.3","MQTT","97","Publish Message (id=1730) [Deviceb'Device - 2']"
"290334","1762.185481988","192.168.15.3","192.168.15.4","MQTT","70","Connect Ack"
"290337","1762.187877739","192.168.15.3","192.168.15.4","MQTT","70","Publish Ack (id=1730)"
"290339","1762.188233300","192.168.15.4","192.168.15.3","MQTT","68","Disconnect Req"
"290351","1763.191706417","192.168.15.4","192.168.15.3","MQTT","90","Connect Command"
"290353","1763.194726968","192.168.15.4","192.168.15.3","MQTT","97","Publish Message (id=1731) [Deviceb'Device - 2']"
"290354","1763.195123847","192.168.15.3","192.168.15.4","MQTT","70","Connect Ack"
"290357","1763.197537892","192.168.15.3","192.168.15.4","MQTT","70","Publish Ack (id=1731)"
"290359","1763.198274933","192.168.15.4","192.168.15.3","MQTT","68","Disconnect Req"
"290374","1764.201788461","192.168.15.4","192.168.15.3","MQTT","90","Connect Command"
"290376","1764.204829040","192.168.15.4","192.168.15.3","MQTT","97","Publish Message (id=1732) [Deviceb'Device - 2']"
"290377","1764.205251758","192.168.15.3","192.168.15.4","MQTT","70","Connect Ack"
"290380","1764.207211717","192.168.15.3","192.168.15.4","MQTT","70","Publish Ack (id=1732)"
"290382","1764.207627972","192.168.15.4","192.168.15.3","MQTT","68","Disconnect Req"
"290405","1765.211354537","192.168.15.4","192.168.15.3","MQTT","90","Connect Command"
"290407","1765.214880561","192.168.15.4","192.168.15.3","MQTT","97","Publish Message (id=1733) [Deviceb'Device - 2']"
"290408","1765.214890881","192.168.15.3","192.168.15.4","MQTT","70","Connect Ack"
"290411","1765.217713298","192.168.15.3","192.168.15.4","MQTT","70","Publish Ack (id=1733)"
"290413","1765.218048390","192.168.15.4","192.168.15.3","MQTT","68","Disconnect Req"
"290425","1766.221842309","192.168.15.4","192.168.15.3","MQTT","90","Connect Command"
"290427","1766.224847620","192.168.15.4","192.168.15.3","MQTT","97","Publish Message (id=1734) [Deviceb'Device - 2']"
"290429","1766.229135172","192.168.15.3","192.168.15.4","MQTT","70","Connect Ack"
"290431","1766.231439420","192.168.15.3","192.168.15.4","MQTT","70","Publish Ack (id=1734)"
"290433","1766.231831230","192.168.15.4","192.168.15.3","MQTT","68","Disconnect Req"
"290446","1767.236575937","192.168.15.4","192.168.15.3","MQTT","90","Connect Command"
"290448","1767.239475649","192.168.15.4","192.168.15.3","MQTT","97","Publish Message (id=1735) [Deviceb'Device - 2']"
"290449","1767.239903717","192.168.15.3","192.168.15.4","MQTT","70","Connect Ack"
"290452","1767.242315088","192.168.15.3","192.168.15.4","MQTT","70","Publish Ack (id=1735)"
"290454","1767.242980334","192.168.15.4","192.168.15.3","MQTT","68","Disconnect Req"
"290462","1768.246325166","192.168.15.4","192.168.15.3","MQTT","90","Connect Command"
"290464","1768.249312513","192.168.15.4","192.168.15.3","MQTT","97","Publish Message (id=1736) [Deviceb'Device - 2']"
"290465","1768.249687952","192.168.15.3","192.168.15.4","MQTT","70","Connect Ack"
"290468","1768.252254556","192.168.15.3","192.168.15.4","MQTT","70","Publish Ack (id=1736)"
"290470","1768.252589258","192.168.15.4","192.168.15.3","MQTT","68","Disconnect Req"
"290485","1769.256633372","192.168.15.4","192.168.15.3","MQTT","90","Connect Command"
"290487","1769.259626901","192.168.15.4","192.168.15.3","MQTT","97","Publish Message (id=1737) [Deviceb'Device - 2']"
"290488","1769.259964017","192.168.15.3","192.168.15.4","MQTT","70","Connect Ack"
"290491","1769.262464487","192.168.15.3","192.168.15.4","MQTT","70","Publish Ack (id=1737)"
"290493","1769.263190096","192.168.15.4","192.168.15.3","MQTT","68","Disconnect Req"
"290511","1770.266777295","192.168.15.4","192.168.15.3","MQTT","90","Connect Command"
"290513","1770.269924776","192.168.15.4","192.168.15.3","MQTT","97","Publish Message (id=1738) [Deviceb'Device - 2']"
"290514","1770.270276539","192.168.15.3","192.168.15.4","MQTT","70","Connect Ack"
"290517","1770.272393625","192.168.15.3","192.168.15.4","MQTT","70","Publish Ack (id=1738)"
"290519","1770.272844445","192.168.15.4","192.168.15.3","MQTT","68","Disconnect Req"
"290535","1771.277407560","192.168.15.4","192.168.15.3","MQTT","90","Connect Command"
"290537","1771.280604023","192.168.15.4","192.168.15.3","MQTT","97","Publish Message (id=1739) [Deviceb'Device - 2']"
"290539","1771.284664065","192.168.15.3","192.168.15.4","MQTT","70","Connect Ack"
"290541","1771.287081467","192.168.15.3","192.168.15.4","MQTT","70","Publish Ack (id=1739)"
"290543","1771.287704042","192.168.15.4","192.168.15.3","MQTT","68","Disconnect Req"
"290555","1772.291293378","192.168.15.4","192.168.15.3","MQTT","90","Connect Command"
"290557","1772.294325560","192.168.15.4","192.168.15.3","MQTT","97","Publish Message (id=1740) [Deviceb'Device - 2']"
"290558","1772.294694817","192.168.15.3","192.168.15.4","MQTT","70","Connect Ack"
"290561","1772.297216206","192.168.15.3","192.168.15.4","MQTT","70","Publish Ack (id=1740)"
"290563","1772.297592115","192.168.15.4","192.168.15.3","MQTT","68","Disconnect Req"
"290575","1773.301432898","192.168.15.4","192.168.15.3","MQTT","90","Connect Command"
"290577","1773.304516868","192.168.15.4","192.168.15.3","MQTT","97","Publish Message (id=1741) [Deviceb'Device - 2']"
"290578","1773.304966276","192.168.15.3","192.168.15.4","MQTT","70","Connect Ack"
"290581","1773.306936445","192.168.15.3","192.168.15.4","MQTT","70","Publish Ack (id=1741)"
"290583","1773.307264714","192.168.15.4","192.168.15.3","MQTT","68","Disconnect Req"
"290598","1774.311254953","192.168.15.4","192.168.15.3","MQTT","90","Connect Command"
"290600","1774.314293027","192.168.15.4","192.168.15.3","MQTT","97","Publish Message (id=1742) [Deviceb'Device - 2']"
"290601","1774.314740532","192.168.15.3","192.168.15.4","MQTT","70","Connect Ack"
"290604","1774.317168183","192.168.15.3","192.168.15.4","MQTT","70","Publish Ack (id=1742)"
"290606","1774.317593285","192.168.15.4","192.168.15.3","MQTT","68","Disconnect Req"
"290640","1775.321160663","192.168.15.4","192.168.15.3","MQTT","90","Connect Command"
"290642","1775.324138954","192.168.15.4","192.168.15.3","MQTT","97","Publish Message (id=1743) [Deviceb'Device - 2']"
"290643","1775.324504975","192.168.15.3","192.168.15.4","MQTT","70","Connect Ack"
"290646","1775.326607523","192.168.15.3","192.168.15.4","MQTT","70","Publish Ack (id=1743)"
"290648","1775.326998942","192.168.15.4","192.168.15.3","MQTT","68","Disconnect Req"
"293031","1776.331376753","192.168.15.4","192.168.15.3","MQTT","90","Connect Command"
"293033","1776.334402563","192.168.15.4","192.168.15.3","MQTT","97","Publish Message (id=1744) [Deviceb'Device - 2']"
"293035","1776.338629140","192.168.15.3","192.168.15.4","MQTT","70","Connect Ack"
"293037","1776.340925163","192.168.15.3","192.168.15.4","MQTT","70","Publish Ack (id=1744)"
"293039","1776.341186446","192.168.15.4","192.168.15.3","MQTT","68","Disconnect Req"
"293052","1777.344791686","192.168.15.4","192.168.15.3","MQTT","90","Connect Command"
"293054","1777.347861990","192.168.15.4","192.168.15.3","MQTT","97","Publish Message (id=1745) [Deviceb'Device - 2']"
"293055","1777.348238190","192.168.15.3","192.168.15.4","MQTT","70","Connect Ack"
"293058","1777.350372769","192.168.15.3","192.168.15.4","MQTT","70","Publish Ack (id=1745)"
"293060","1777.350617792","192.168.15.4","192.168.15.3","MQTT","68","Disconnect Req"
"293072","1778.354664008","192.168.15.4","192.168.15.3","MQTT","90","Connect Command"
"293074","1778.357661094","192.168.15.4","192.168.15.3","MQTT","97","Publish Message (id=1746) [Deviceb'Device - 2']"
"293075","1778.358019621","192.168.15.3","192.168.15.4","MQTT","70","Connect Ack"
"293078","1778.360540158","192.168.15.3","192.168.15.4","MQTT","70","Publish Ack (id=1746)"
"293080","1778.361091869","192.168.15.4","192.168.15.3","MQTT","68","Disconnect Req"
"293095","1779.365262917","192.168.15.4","192.168.15.3","MQTT","90","Connect Command"
"293097","1779.368305259","192.168.15.4","192.168.15.3","MQTT","97","Publish Message (id=1747) [Deviceb'Device - 2']"
"293098","1779.368791226","192.168.15.3","192.168.15.4","MQTT","70","Connect Ack"
"293101","1779.371111074","192.168.15.3","192.168.15.4","MQTT","70","Publish Ack (id=1747)"
"293103","1779.371885395","192.168.15.4","192.168.15.3","MQTT","68","Disconnect Req"
"293118","1780.376446393","192.168.15.4","192.168.15.3","MQTT","90","Connect Command"
"293120","1780.379326780","192.168.15.4","192.168.15.3","MQTT","97","Publish Message (id=1748) [Deviceb'Device - 2']"
"293121","1780.379739418","192.168.15.3","192.168.15.4","MQTT","70","Connect Ack"
"293124","1780.382661543","192.168.15.3","192.168.15.4","MQTT","70","Publish Ack (id=1748)"
"293126","1780.383686908","192.168.15.4","192.168.15.3","MQTT","68","Disconnect Req"
"293138","1781.387253695","192.168.15.4","192.168.15.3","MQTT","90","Connect Command"
"293140","1781.390142337","192.168.15.4","192.168.15.3","MQTT","97","Publish Message (id=1749) [Deviceb'Device - 2']"
"293142","1781.394532923","192.168.15.3","192.168.15.4","MQTT","70","Connect Ack"
"293144","1781.397042119","192.168.15.3","192.168.15.4","MQTT","70","Publish Ack (id=1749)"
"293146","1781.397756768","192.168.15.4","192.168.15.3","MQTT","68","Disconnect Req"
"293158","1782.401874127","192.168.15.4","192.168.15.3","MQTT","90","Connect Command"
"293160","1782.404669042","192.168.15.4","192.168.15.3","MQTT","97","Publish Message (id=1750) [Deviceb'Device - 2']"
"293161","1782.405112749","192.168.15.3","192.168.15.4","MQTT","70","Connect Ack"
"293164","1782.407508952","192.168.15.3","192.168.15.4","MQTT","70","Publish Ack (id=1750)"
"293166","1782.408143750","192.168.15.4","192.168.15.3","MQTT","68","Disconnect Req"
"293182","1783.412042110","192.168.15.4","192.168.15.3","MQTT","90","Connect Command"
"293184","1783.414934329","192.168.15.4","192.168.15.3","MQTT","97","Publish Message (id=1751) [Deviceb'Device - 2']"
"293185","1783.415321680","192.168.15.3","192.168.15.4","MQTT","70","Connect Ack"
"293188","1783.417946013","192.168.15.3","192.168.15.4","MQTT","70","Publish Ack (id=1751)"
"293190","1783.418507613","192.168.15.4","192.168.15.3","MQTT","68","Disconnect Req"
"293213","1784.422751643","192.168.15.4","192.168.15.3","MQTT","90","Connect Command"
"293215","1784.425546317","192.168.15.4","192.168.15.3","MQTT","97","Publish Message (id=1752) [Deviceb'Device - 2']"
"293216","1784.425986288","192.168.15.3","192.168.15.4","MQTT","70","Connect Ack"
"293219","1784.428356311","192.168.15.3","192.168.15.4","MQTT","70","Publish Ack (id=1752)"
"293221","1784.428977002","192.168.15.4","192.168.15.3","MQTT","68","Disconnect Req"
"293233","1785.433431083","192.168.15.4","192.168.15.3","MQTT","90","Connect Command"
"293235","1785.436085432","192.168.15.4","192.168.15.3","MQTT","97","Publish Message (id=1753) [Deviceb'Device - 2']"
"293236","1785.436483353","192.168.15.3","192.168.15.4","MQTT","70","Connect Ack"
"293239","1785.438855660","192.168.15.3","192.168.15.4","MQTT","70","Publish Ack (id=1753)"
"293241","1785.439448379","192.168.15.4","192.168.15.3","MQTT","68","Disconnect Req"
"293257","1786.443074271","192.168.15.4","192.168.15.3","MQTT","90","Connect Command"
"293259","1786.445868725","192.168.15.4","192.168.15.3","MQTT","97","Publish Message (id=1754) [Deviceb'Device - 2']"
"293261","1786.450897816","192.168.15.3","192.168.15.4","MQTT","70","Connect Ack"
"293263","1786.453369531","192.168.15.3","192.168.15.4","MQTT","70","Publish Ack (id=1754)"
"293265","1786.454089901","192.168.15.4","192.168.15.3","MQTT","68","Disconnect Req"
"293278","1787.457855711","192.168.15.4","192.168.15.3","MQTT","90","Connect Command"
"293280","1787.460747809","192.168.15.4","192.168.15.3","MQTT","97","Publish Message (id=1755) [Deviceb'Device - 2']"
"293281","1787.461145861","192.168.15.3","192.168.15.4","MQTT","70","Connect Ack"
"293284","1787.463522386","192.168.15.3","192.168.15.4","MQTT","70","Publish Ack (id=1755)"
"293286","1787.463839735","192.168.15.4","192.168.15.3","MQTT","68","Disconnect Req"
"293319","1788.467865384","192.168.15.4","192.168.15.3","MQTT","90","Connect Command"
"293321","1788.470750139","192.168.15.4","192.168.15.3","MQTT","97","Publish Message (id=1756) [Deviceb'Device - 2']"
"293322","1788.471186803","192.168.15.3","192.168.15.4","MQTT","70","Connect Ack"
"293325","1788.473418284","192.168.15.3","192.168.15.4","MQTT","70","Publish Ack (id=1756)"
"293327","1788.474232060","192.168.15.4","192.168.15.3","MQTT","68","Disconnect Req"
"293346","1789.478087431","192.168.15.4","192.168.15.3","MQTT","90","Connect Command"
"293348","1789.481040023","192.168.15.4","192.168.15.3","MQTT","97","Publish Message (id=1757) [Deviceb'Device - 2']"
"293349","1789.481457201","192.168.15.3","192.168.15.4","MQTT","70","Connect Ack"
"293352","1789.483959904","192.168.15.3","192.168.15.4","MQTT","70","Publish Ack (id=1757)"
"293355","1789.484915077","192.168.15.4","192.168.15.3","MQTT","68","Disconnect Req"
"293364","1790.488670846","192.168.15.4","192.168.15.3","MQTT","90","Connect Command"
"293366","1790.491647354","192.168.15.4","192.168.15.3","MQTT","97","Publish Message (id=1758) [Deviceb'Device - 2']"
"293367","1790.492065643","192.168.15.3","192.168.15.4","MQTT","70","Connect Ack"
"293370","1790.494584447","192.168.15.3","192.168.15.4","MQTT","70","Publish Ack (id=1758)"
"293372","1790.495520854","192.168.15.4","192.168.15.3","MQTT","68","Disconnect Req"
"293384","1791.499329547","192.168.15.4","192.168.15.3","MQTT","90","Connect Command"
"293386","1791.502151783","192.168.15.4","192.168.15.3","MQTT","97","Publish Message (id=1759) [Deviceb'Device - 2']"
"293388","1791.506614316","192.168.15.3","192.168.15.4","MQTT","70","Connect Ack"
"293390","1791.508947048","192.168.15.3","192.168.15.4","MQTT","70","Publish Ack (id=1759)"
"293392","1791.509335311","192.168.15.4","192.168.15.3","MQTT","68","Disconnect Req"
"294825","1792.512978697","192.168.15.4","192.168.15.3","MQTT","90","Connect Command"
"294827","1792.515956147","192.168.15.4","192.168.15.3","MQTT","97","Publish Message (id=1760) [Deviceb'Device - 2']"
"294828","1792.516342606","192.168.15.3","192.168.15.4","MQTT","70","Connect Ack"
"294831","1792.518778874","192.168.15.3","192.168.15.4","MQTT","70","Publish Ack (id=1760)"
"294833","1792.519616405","192.168.15.4","192.168.15.3","MQTT","68","Disconnect Req"
"294847","1793.523806347","192.168.15.4","192.168.15.3","MQTT","90","Connect Command"
"294849","1793.526815847","192.168.15.4","192.168.15.3","MQTT","97","Publish Message (id=1761) [Deviceb'Device - 2']"
"294850","1793.527298037","192.168.15.3","192.168.15.4","MQTT","70","Connect Ack"
"294853","1793.529713015","192.168.15.3","192.168.15.4","MQTT","70","Publish Ack (id=1761)"
"294855","1793.529979067","192.168.15.4","192.168.15.3","MQTT","68","Disconnect Req"
"294870","1794.533235173","192.168.15.4","192.168.15.3","MQTT","90","Connect Command"
"294872","1794.536211220","192.168.15.4","192.168.15.3","MQTT","97","Publish Message (id=1762) [Deviceb'Device - 2']"
"294873","1794.536651270","192.168.15.3","192.168.15.4","MQTT","70","Connect Ack"
"294876","1794.539173079","192.168.15.3","192.168.15.4","MQTT","70","Publish Ack (id=1762)"
"294878","1794.539868752","192.168.15.4","192.168.15.3","MQTT","68","Disconnect Req"
"294887","1795.544020634","192.168.15.4","192.168.15.3","MQTT","90","Connect Command"
"294889","1795.547221976","192.168.15.4","192.168.15.3","MQTT","97","Publish Message (id=1763) [Deviceb'Device - 2']"
"294890","1795.547485223","192.168.15.3","192.168.15.4","MQTT","70","Connect Ack"
"294893","1795.549933013","192.168.15.3","192.168.15.4","MQTT","70","Publish Ack (id=1763)"
"294895","1795.550267063","192.168.15.4","192.168.15.3","MQTT","68","Disconnect Req"
"294903","1796.553757540","192.168.15.4","192.168.15.3","MQTT","90","Connect Command"
"294905","1796.556765618","192.168.15.4","192.168.15.3","MQTT","97","Publish Message (id=1764) [Deviceb'Device - 2']"
"294907","1796.561269258","192.168.15.3","192.168.15.4","MQTT","70","Connect Ack"
"294909","1796.563568066","192.168.15.3","192.168.15.4","MQTT","70","Publish Ack (id=1764)"
"294911","1796.563905674","192.168.15.4","192.168.15.3","MQTT","68","Disconnect Req"
"294924","1797.567771715","192.168.15.4","192.168.15.3","MQTT","90","Connect Command"
"294926","1797.570796865","192.168.15.4","192.168.15.3","MQTT","97","Publish Message (id=1765) [Deviceb'Device - 2']"
"294927","1797.571205606","192.168.15.3","192.168.15.4","MQTT","70","Connect Ack"
"294930","1797.573694974","192.168.15.3","192.168.15.4","MQTT","70","Publish Ack (id=1765)"
"294932","1797.573936079","192.168.15.4","192.168.15.3","MQTT","68","Disconnect Req"
"294945","1798.578106290","192.168.15.4","192.168.15.3","MQTT","90","Connect Command"
"294947","1798.581115670","192.168.15.4","192.168.15.3","MQTT","97","Publish Message (id=1766) [Deviceb'Device - 2']"
"294948","1798.581518761","192.168.15.3","192.168.15.4","MQTT","70","Connect Ack"
"294951","1798.583843017","192.168.15.3","192.168.15.4","MQTT","70","Publish Ack (id=1766)"
"294953","1798.584155597","192.168.15.4","192.168.15.3","MQTT","68","Disconnect Req"
"294970","1799.588662378","192.168.15.4","192.168.15.3","MQTT","90","Connect Command"
"294972","1799.591553495","192.168.15.4","192.168.15.3","MQTT","97","Publish Message (id=1767) [Deviceb'Device - 2']"
"294973","1799.591984378","192.168.15.3","192.168.15.4","MQTT","70","Connect Ack"
"294976","1799.594406750","192.168.15.3","192.168.15.4","MQTT","70","Publish Ack (id=1767)"
"294978","1799.594727385","192.168.15.4","192.168.15.3","MQTT","68","Disconnect Req"
"294992","1800.599077014","192.168.15.4","192.168.15.3","MQTT","90","Connect Command"
"294994","1800.601968551","192.168.15.4","192.168.15.3","MQTT","97","Publish Message (id=1768) [Deviceb'Device - 2']"
"294995","1800.602496628","192.168.15.3","192.168.15.4","MQTT","70","Connect Ack"
"294998","1800.604846514","192.168.15.3","192.168.15.4","MQTT","70","Publish Ack (id=1768)"
"295000","1800.605200993","192.168.15.4","192.168.15.3","MQTT","68","Disconnect Req"
"295012","1801.609071191","192.168.15.4","192.168.15.3","MQTT","90","Connect Command"
"295014","1801.612062617","192.168.15.4","192.168.15.3","MQTT","97","Publish Message (id=1769) [Deviceb'Device - 2']"
"295016","1801.616433857","192.168.15.3","192.168.15.4","MQTT","70","Connect Ack"
"295018","1801.618946860","192.168.15.3","192.168.15.4","MQTT","70","Publish Ack (id=1769)"
"295020","1801.619286582","192.168.15.4","192.168.15.3","MQTT","68","Disconnect Req"
"295691","1802.626296542","192.168.15.4","192.168.15.3","MQTT","90","Connect Command"
"295783","1802.634903066","192.168.15.4","192.168.15.3","MQTT","97","Publish Message (id=1770) [Deviceb'Device - 2']"
"295793","1802.635723294","192.168.15.3","192.168.15.4","MQTT","70","Connect Ack"
"295858","1802.641633539","192.168.15.3","192.168.15.4","MQTT","70","Publish Ack (id=1770)"
"295863","1802.642006252","192.168.15.4","192.168.15.3","MQTT","68","Disconnect Req"
"296787","1803.645834974","192.168.15.4","192.168.15.3","MQTT","90","Connect Command"
"296789","1803.648697396","192.168.15.4","192.168.15.3","MQTT","97","Publish Message (id=1771) [Deviceb'Device - 2']"
"296790","1803.649100097","192.168.15.3","192.168.15.4","MQTT","70","Connect Ack"
"296793","1803.651765908","192.168.15.3","192.168.15.4","MQTT","70","Publish Ack (id=1771)"
"296795","1803.652237498","192.168.15.4","192.168.15.3","MQTT","68","Disconnect Req"
"296810","1804.656011962","192.168.15.4","192.168.15.3","MQTT","90","Connect Command"
"296812","1804.659353679","192.168.15.4","192.168.15.3","MQTT","97","Publish Message (id=1772) [Deviceb'Device - 2']"
"296813","1804.659991293","192.168.15.3","192.168.15.4","MQTT","70","Connect Ack"
"296816","1804.662297054","192.168.15.3","192.168.15.4","MQTT","70","Publish Ack (id=1772)"
"296818","1804.662596520","192.168.15.4","192.168.15.3","MQTT","68","Disconnect Req"
"296838","1805.666539246","192.168.15.4","192.168.15.3","MQTT","90","Connect Command"
"296840","1805.669383835","192.168.15.4","192.168.15.3","MQTT","97","Publish Message (id=1773) [Deviceb'Device - 2']"
"296841","1805.669815730","192.168.15.3","192.168.15.4","MQTT","70","Connect Ack"
"296844","1805.672225749","192.168.15.3","192.168.15.4","MQTT","70","Publish Ack (id=1773)"
"296846","1805.672654598","192.168.15.4","192.168.15.3","MQTT","68","Disconnect Req"
"296858","1806.676344521","192.168.15.4","192.168.15.3","MQTT","90","Connect Command"
"296860","1806.679331589","192.168.15.4","192.168.15.3","MQTT","97","Publish Message (id=1774) [Deviceb'Device - 2']"
"296862","1806.683682010","192.168.15.3","192.168.15.4","MQTT","70","Connect Ack"
"296864","1806.686061782","192.168.15.3","192.168.15.4","MQTT","70","Publish Ack (id=1774)"
"296866","1806.686411742","192.168.15.4","192.168.15.3","MQTT","68","Disconnect Req"
"296889","1807.690572278","192.168.15.4","192.168.15.3","MQTT","90","Connect Command"
"296891","1807.693586538","192.168.15.4","192.168.15.3","MQTT","97","Publish Message (id=1775) [Deviceb'Device - 2']"
"296892","1807.694038932","192.168.15.3","192.168.15.4","MQTT","70","Connect Ack"
"296896","1807.696365082","192.168.15.3","192.168.15.4","MQTT","70","Publish Ack (id=1775)"
"296898","1807.696705284","192.168.15.4","192.168.15.3","MQTT","68","Disconnect Req"
"296909","1808.700847851","192.168.15.4","192.168.15.3","MQTT","90","Connect Command"
"296911","1808.704271934","192.168.15.4","192.168.15.3","MQTT","97","Publish Message (id=1776) [Deviceb'Device - 2']"
"296912","1808.704636201","192.168.15.3","192.168.15.4","MQTT","70","Connect Ack"
"296915","1808.707095363","192.168.15.3","192.168.15.4","MQTT","70","Publish Ack (id=1776)"
"296917","1808.707704723","192.168.15.4","192.168.15.3","MQTT","68","Disconnect Req"
"296932","1809.711792450","192.168.15.4","192.168.15.3","MQTT","90","Connect Command"
"296934","1809.714685370","192.168.15.4","192.168.15.3","MQTT","97","Publish Message (id=1777) [Deviceb'Device - 2']"
"296935","1809.715151620","192.168.15.3","192.168.15.4","MQTT","70","Connect Ack"
"296938","1809.717993854","192.168.15.3","192.168.15.4","MQTT","70","Publish Ack (id=1777)"
"296940","1809.718761022","192.168.15.4","192.168.15.3","MQTT","68","Disconnect Req"
"296964","1810.723026342","192.168.15.4","192.168.15.3","MQTT","90","Connect Command"
"296966","1810.725885509","192.168.15.4","192.168.15.3","MQTT","97","Publish Message (id=1778) [Deviceb'Device - 2']"
"296967","1810.726323325","192.168.15.3","192.168.15.4","MQTT","70","Connect Ack"
"296970","1810.728766977","192.168.15.3","192.168.15.4","MQTT","70","Publish Ack (id=1778)"
"296972","1810.729748510","192.168.15.4","192.168.15.3","MQTT","68","Disconnect Req"
"296986","1811.733933421","192.168.15.4","192.168.15.3","MQTT","90","Connect Command"
"296988","1811.736934065","192.168.15.4","192.168.15.3","MQTT","97","Publish Message (id=1779) [Deviceb'Device - 2']"
"296989","1811.738161131","192.168.15.3","192.168.15.4","MQTT","70","Connect Ack"
"296992","1811.739885506","192.168.15.3","192.168.15.4","MQTT","70","Publish Ack (id=1779)"
"296994","1811.740668544","192.168.15.4","192.168.15.3","MQTT","68","Disconnect Req"
"297007","1812.744259752","192.168.15.4","192.168.15.3","MQTT","90","Connect Command"
"297009","1812.747179462","192.168.15.4","192.168.15.3","MQTT","97","Publish Message (id=1780) [Deviceb'Device - 2']"
"297010","1812.747598363","192.168.15.3","192.168.15.4","MQTT","70","Connect Ack"
"297014","1812.750376276","192.168.15.3","192.168.15.4","MQTT","70","Publish Ack (id=1780)"
"297016","1812.751167560","192.168.15.4","192.168.15.3","MQTT","68","Disconnect Req"
"298416","1813.755382737","192.168.15.4","192.168.15.3","MQTT","90","Connect Command"
"298418","1813.758089476","192.168.15.4","192.168.15.3","MQTT","97","Publish Message (id=1781) [Deviceb'Device - 2']"
"298419","1813.758494360","192.168.15.3","192.168.15.4","MQTT","70","Connect Ack"
"298422","1813.760933574","192.168.15.3","192.168.15.4","MQTT","70","Publish Ack (id=1781)"
"298424","1813.761818274","192.168.15.4","192.168.15.3","MQTT","68","Disconnect Req"
"298439","1814.766718580","192.168.15.4","192.168.15.3","MQTT","90","Connect Command"
"298441","1814.769620377","192.168.15.4","192.168.15.3","MQTT","97","Publish Message (id=1782) [Deviceb'Device - 2']"
"298442","1814.770025812","192.168.15.3","192.168.15.4","MQTT","70","Connect Ack"
"298445","1814.772396737","192.168.15.3","192.168.15.4","MQTT","70","Publish Ack (id=1782)"
"298447","1814.772989356","192.168.15.4","192.168.15.3","MQTT","68","Disconnect Req"
"298460","1815.777236905","192.168.15.4","192.168.15.3","MQTT","90","Connect Command"
"298462","1815.780198274","192.168.15.4","192.168.15.3","MQTT","97","Publish Message (id=1783) [Deviceb'Device - 2']"
"298463","1815.780621553","192.168.15.3","192.168.15.4","MQTT","70","Connect Ack"
"298466","1815.783040859","192.168.15.3","192.168.15.4","MQTT","70","Publish Ack (id=1783)"
"298468","1815.783619482","192.168.15.4","192.168.15.3","MQTT","68","Disconnect Req"
"298478","1816.787374896","192.168.15.4","192.168.15.3","MQTT","90","Connect Command"
"298480","1816.790221589","192.168.15.4","192.168.15.3","MQTT","97","Publish Message (id=1784) [Deviceb'Device - 2']"
"298481","1816.790948882","192.168.15.3","192.168.15.4","MQTT","70","Connect Ack"
"298484","1816.793005854","192.168.15.3","192.168.15.4","MQTT","70","Publish Ack (id=1784)"
"298486","1816.793578866","192.168.15.4","192.168.15.3","MQTT","68","Disconnect Req"
"298497","1817.797822065","192.168.15.4","192.168.15.3","MQTT","90","Connect Command"
"298499","1817.800605509","192.168.15.4","192.168.15.3","MQTT","97","Publish Message (id=1785) [Deviceb'Device - 2']"
"298500","1817.801038526","192.168.15.3","192.168.15.4","MQTT","70","Connect Ack"
"298503","1817.803477069","192.168.15.3","192.168.15.4","MQTT","70","Publish Ack (id=1785)"
"298505","1817.804052345","192.168.15.4","192.168.15.3","MQTT","68","Disconnect Req"
"298517","1818.807511899","192.168.15.4","192.168.15.3","MQTT","90","Connect Command"
"298519","1818.810518625","192.168.15.4","192.168.15.3","MQTT","97","Publish Message (id=1786) [Deviceb'Device - 2']"
"298520","1818.810888703","192.168.15.3","192.168.15.4","MQTT","70","Connect Ack"
"298523","1818.813302198","192.168.15.3","192.168.15.4","MQTT","70","Publish Ack (id=1786)"
"298525","1818.814334156","192.168.15.4","192.168.15.3","MQTT","68","Disconnect Req"
"298540","1819.819208166","192.168.15.4","192.168.15.3","MQTT","90","Connect Command"
"298542","1819.821924473","192.168.15.4","192.168.15.3","MQTT","97","Publish Message (id=1787) [Deviceb'Device - 2']"
"298543","1819.822338054","192.168.15.3","192.168.15.4","MQTT","70","Connect Ack"
"298546","1819.824767840","192.168.15.3","192.168.15.4","MQTT","70","Publish Ack (id=1787)"
"298548","1819.825735697","192.168.15.4","192.168.15.3","MQTT","68","Disconnect Req"
"298560","1820.829316470","192.168.15.4","192.168.15.3","MQTT","90","Connect Command"
"298562","1820.831812071","192.168.15.4","192.168.15.3","MQTT","97","Publish Message (id=1788) [Deviceb'Device - 2']"
"298563","1820.832237153","192.168.15.3","192.168.15.4","MQTT","70","Connect Ack"
"298566","1820.834678701","192.168.15.3","192.168.15.4","MQTT","70","Publish Ack (id=1788)"
"298568","1820.835538704","192.168.15.4","192.168.15.3","MQTT","68","Disconnect Req"
"298595","1821.840122295","192.168.15.4","192.168.15.3","MQTT","90","Connect Command"
"298597","1821.843112479","192.168.15.4","192.168.15.3","MQTT","97","Publish Message (id=1789) [Deviceb'Device - 2']"
"298599","1821.847304391","192.168.15.3","192.168.15.4","MQTT","70","Connect Ack"
"298601","1821.849655318","192.168.15.3","192.168.15.4","MQTT","70","Publish Ack (id=1789)"
"298603","1821.850427927","192.168.15.4","192.168.15.3","MQTT","68","Disconnect Req"
"298615","1822.855398603","192.168.15.4","192.168.15.3","MQTT","90","Connect Command"
"298617","1822.858653317","192.168.15.3","192.168.15.4","MQTT","70","Connect Ack"
"298618","1822.858682381","192.168.15.4","192.168.15.3","MQTT","97","Publish Message (id=1790) [Deviceb'Device - 2']"
"298621","1822.861519887","192.168.15.3","192.168.15.4","MQTT","70","Publish Ack (id=1790)"
"298623","1822.862446446","192.168.15.4","192.168.15.3","MQTT","68","Disconnect Req"
"300136","1823.866212384","192.168.15.4","192.168.15.3","MQTT","90","Connect Command"
"300138","1823.869062353","192.168.15.4","192.168.15.3","MQTT","97","Publish Message (id=1791) [Deviceb'Device - 2']"
"300139","1823.869422373","192.168.15.3","192.168.15.4","MQTT","70","Connect Ack"
"300142","1823.871827723","192.168.15.3","192.168.15.4","MQTT","70","Publish Ack (id=1791)"
"300144","1823.872519509","192.168.15.4","192.168.15.3","MQTT","68","Disconnect Req"
"300172","1824.876218994","192.168.15.4","192.168.15.3","MQTT","90","Connect Command"
"300174","1824.879236349","192.168.15.4","192.168.15.3","MQTT","97","Publish Message (id=1792) [Deviceb'Device - 2']"
"300175","1824.879652906","192.168.15.3","192.168.15.4","MQTT","70","Connect Ack"
"300178","1824.882144990","192.168.15.3","192.168.15.4","MQTT","70","Publish Ack (id=1792)"
"300180","1824.882587425","192.168.15.4","192.168.15.3","MQTT","68","Disconnect Req"
"300194","1825.886219578","192.168.15.4","192.168.15.3","MQTT","90","Connect Command"
"300196","1825.889272942","192.168.15.4","192.168.15.3","MQTT","97","Publish Message (id=1793) [Deviceb'Device - 2']"
"300197","1825.889631699","192.168.15.3","192.168.15.4","MQTT","70","Connect Ack"
"300200","1825.892718786","192.168.15.3","192.168.15.4","MQTT","70","Publish Ack (id=1793)"
"300202","1825.893156763","192.168.15.4","192.168.15.3","MQTT","68","Disconnect Req"
"300212","1826.896703392","192.168.15.4","192.168.15.3","MQTT","90","Connect Command"
"300214","1826.899722210","192.168.15.4","192.168.15.3","MQTT","97","Publish Message (id=1794) [Deviceb'Device - 2']"
"300216","1826.903853007","192.168.15.3","192.168.15.4","MQTT","70","Connect Ack"
"300218","1826.906302861","192.168.15.3","192.168.15.4","MQTT","70","Publish Ack (id=1794)"
"300220","1826.906650176","192.168.15.4","192.168.15.3","MQTT","68","Disconnect Req"
"300233","1827.910574802","192.168.15.4","192.168.15.3","MQTT","90","Connect Command"
"300235","1827.913597818","192.168.15.4","192.168.15.3","MQTT","97","Publish Message (id=1795) [Deviceb'Device - 2']"
"300236","1827.914029904","192.168.15.3","192.168.15.4","MQTT","70","Connect Ack"
"300239","1827.916498233","192.168.15.3","192.168.15.4","MQTT","70","Publish Ack (id=1795)"
"300241","1827.917848762","192.168.15.4","192.168.15.3","MQTT","68","Disconnect Req"
"300253","1828.921392162","192.168.15.4","192.168.15.3","MQTT","90","Connect Command"
"300255","1828.924411942","192.168.15.4","192.168.15.3","MQTT","97","Publish Message (id=1796) [Deviceb'Device - 2']"
"300256","1828.924772032","192.168.15.3","192.168.15.4","MQTT","70","Connect Ack"
"300259","1828.927326073","192.168.15.3","192.168.15.4","MQTT","70","Publish Ack (id=1796)"
"300261","1828.928242412","192.168.15.4","192.168.15.3","MQTT","68","Disconnect Req"
"300276","1829.932679103","192.168.15.4","192.168.15.3","MQTT","90","Connect Command"
"300278","1829.936918415","192.168.15.4","192.168.15.3","MQTT","97","Publish Message (id=1797) [Deviceb'Device - 2']"
"300279","1829.937296639","192.168.15.3","192.168.15.4","MQTT","70","Connect Ack"
"300282","1829.939388417","192.168.15.3","192.168.15.4","MQTT","70","Publish Ack (id=1797)"
"300284","1829.939760189","192.168.15.4","192.168.15.3","MQTT","68","Disconnect Req"
"300300","1830.943170788","192.168.15.4","192.168.15.3","MQTT","90","Connect Command"
"300302","1830.946136927","192.168.15.4","192.168.15.3","MQTT","97","Publish Message (id=1798) [Deviceb'Device - 2']"
"300303","1830.946560607","192.168.15.3","192.168.15.4","MQTT","70","Connect Ack"
"300306","1830.948894442","192.168.15.3","192.168.15.4","MQTT","70","Publish Ack (id=1798)"
"300308","1830.949326577","192.168.15.4","192.168.15.3","MQTT","68","Disconnect Req"
"300322","1831.953404951","192.168.15.4","192.168.15.3","MQTT","90","Connect Command"
"300324","1831.956276021","192.168.15.4","192.168.15.3","MQTT","97","Publish Message (id=1799) [Deviceb'Device - 2']"
"300326","1831.960538516","192.168.15.3","192.168.15.4","MQTT","70","Connect Ack"
"300328","1831.962968322","192.168.15.3","192.168.15.4","MQTT","70","Publish Ack (id=1799)"
"300330","1831.963443820","192.168.15.4","192.168.15.3","MQTT","68","Disconnect Req"
"300344","1832.966849378","192.168.15.4","192.168.15.3","MQTT","90","Connect Command"
"300346","1832.969854030","192.168.15.4","192.168.15.3","MQTT","97","Publish Message (id=1800) [Deviceb'Device - 2']"
"300347","1832.970240700","192.168.15.3","192.168.15.4","MQTT","70","Connect Ack"
"300350","1832.972326517","192.168.15.3","192.168.15.4","MQTT","70","Publish Ack (id=1800)"
"300352","1832.972671749","192.168.15.4","192.168.15.3","MQTT","68","Disconnect Req"
"300364","1833.976362280","192.168.15.4","192.168.15.3","MQTT","90","Connect Command"
"300366","1833.979338988","192.168.15.4","192.168.15.3","MQTT","97","Publish Message (id=1801) [Deviceb'Device - 2']"
"300367","1833.979734355","192.168.15.3","192.168.15.4","MQTT","70","Connect Ack"
"300370","1833.982194118","192.168.15.3","192.168.15.4","MQTT","70","Publish Ack (id=1801)"
"300372","1833.982803698","192.168.15.4","192.168.15.3","MQTT","68","Disconnect Req"
"300410","1834.986290039","192.168.15.4","192.168.15.3","MQTT","90","Connect Command"
"300412","1834.989370984","192.168.15.4","192.168.15.3","MQTT","97","Publish Message (id=1802) [Deviceb'Device - 2']"
"300413","1834.989729701","192.168.15.3","192.168.15.4","MQTT","70","Connect Ack"
"300416","1834.991817502","192.168.15.3","192.168.15.4","MQTT","70","Publish Ack (id=1802)"
"300418","1834.992157965","192.168.15.4","192.168.15.3","MQTT","68","Disconnect Req"
"302699","1835.996262657","192.168.15.4","192.168.15.3","MQTT","90","Connect Command"
"302701","1835.999475652","192.168.15.3","192.168.15.4","MQTT","70","Connect Ack"
"302702","1835.999521508","192.168.15.4","192.168.15.3","MQTT","97","Publish Message (id=1803) [Deviceb'Device - 2']"
"302705","1836.002440478","192.168.15.3","192.168.15.4","MQTT","70","Publish Ack (id=1803)"
"302707","1836.003068162","192.168.15.4","192.168.15.3","MQTT","68","Disconnect Req"
"302719","1837.006837926","192.168.15.4","192.168.15.3","MQTT","90","Connect Command"
"302721","1837.010142353","192.168.15.4","192.168.15.3","MQTT","97","Publish Message (id=1804) [Deviceb'Device - 2']"
"302723","1837.013907350","192.168.15.3","192.168.15.4","MQTT","70","Connect Ack"
"302725","1837.016191722","192.168.15.3","192.168.15.4","MQTT","70","Publish Ack (id=1804)"
"302727","1837.016553375","192.168.15.4","192.168.15.3","MQTT","68","Disconnect Req"
"302740","1838.019989996","192.168.15.4","192.168.15.3","MQTT","90","Connect Command"
"302742","1838.022535721","192.168.15.4","192.168.15.3","MQTT","97","Publish Message (id=1805) [Deviceb'Device - 2']"
"302743","1838.022943200","192.168.15.3","192.168.15.4","MQTT","70","Connect Ack"
"302746","1838.024992439","192.168.15.3","192.168.15.4","MQTT","70","Publish Ack (id=1805)"
"302748","1838.025576501","192.168.15.4","192.168.15.3","MQTT","68","Disconnect Req"
"302760","1839.029224665","192.168.15.4","192.168.15.3","MQTT","90","Connect Command"
"302762","1839.032178962","192.168.15.4","192.168.15.3","MQTT","97","Publish Message (id=1806) [Deviceb'Device - 2']"
"302763","1839.032526127","192.168.15.3","192.168.15.4","MQTT","70","Connect Ack"
"302766","1839.034645017","192.168.15.3","192.168.15.4","MQTT","70","Publish Ack (id=1806)"
"302768","1839.035029512","192.168.15.4","192.168.15.3","MQTT","68","Disconnect Req"
"302787","1840.038742924","192.168.15.4","192.168.15.3","MQTT","90","Connect Command"
"302789","1840.041604455","192.168.15.4","192.168.15.3","MQTT","97","Publish Message (id=1807) [Deviceb'Device - 2']"
"302790","1840.041971889","192.168.15.3","192.168.15.4","MQTT","70","Connect Ack"
"302793","1840.044083084","192.168.15.3","192.168.15.4","MQTT","70","Publish Ack (id=1807)"
"302795","1840.044710268","192.168.15.4","192.168.15.3","MQTT","68","Disconnect Req"
"302810","1841.048652286","192.168.15.4","192.168.15.3","MQTT","90","Connect Command"
"302812","1841.051635788","192.168.15.4","192.168.15.3","MQTT","97","Publish Message (id=1808) [Deviceb'Device - 2']"
"302813","1841.052036715","192.168.15.3","192.168.15.4","MQTT","70","Connect Ack"
"302816","1841.054437937","192.168.15.3","192.168.15.4","MQTT","70","Publish Ack (id=1808)"
"302818","1841.055305986","192.168.15.4","192.168.15.3","MQTT","68","Disconnect Req"
"302830","1842.058700324","192.168.15.4","192.168.15.3","MQTT","90","Connect Command"
"302832","1842.061692471","192.168.15.4","192.168.15.3","MQTT","97","Publish Message (id=1809) [Deviceb'Device - 2']"
"302834","1842.065911746","192.168.15.3","192.168.15.4","MQTT","70","Connect Ack"
"302836","1842.068288021","192.168.15.3","192.168.15.4","MQTT","70","Publish Ack (id=1809)"
"302838","1842.068858087","192.168.15.4","192.168.15.3","MQTT","68","Disconnect Req"
"302850","1843.072240027","192.168.15.4","192.168.15.3","MQTT","90","Connect Command"
"302852","1843.075153677","192.168.15.4","192.168.15.3","MQTT","97","Publish Message (id=1810) [Deviceb'Device - 2']"
"302853","1843.075511863","192.168.15.3","192.168.15.4","MQTT","70","Connect Ack"
"302856","1843.078024456","192.168.15.3","192.168.15.4","MQTT","70","Publish Ack (id=1810)"
"302858","1843.078426344","192.168.15.4","192.168.15.3","MQTT","68","Disconnect Req"
"302870","1844.082480338","192.168.15.4","192.168.15.3","MQTT","90","Connect Command"
"302872","1844.085447358","192.168.15.4","192.168.15.3","MQTT","97","Publish Message (id=1811) [Deviceb'Device - 2']"
"302873","1844.085816014","192.168.15.3","192.168.15.4","MQTT","70","Connect Ack"
"302876","1844.088304722","192.168.15.3","192.168.15.4","MQTT","70","Publish Ack (id=1811)"
"302878","1844.089146381","192.168.15.4","192.168.15.3","MQTT","68","Disconnect Req"
"302893","1845.092834348","192.168.15.4","192.168.15.3","MQTT","90","Connect Command"
"302895","1845.095261649","192.168.15.4","192.168.15.3","MQTT","97","Publish Message (id=1812) [Deviceb'Device - 2']"
"302896","1845.095655162","192.168.15.3","192.168.15.4","MQTT","70","Connect Ack"
"302899","1845.098076853","192.168.15.3","192.168.15.4","MQTT","70","Publish Ack (id=1812)"
"302901","1845.098759852","192.168.15.4","192.168.15.3","MQTT","68","Disconnect Req"
"302912","1846.102533625","192.168.15.4","192.168.15.3","MQTT","90","Connect Command"
"302914","1846.105544688","192.168.15.4","192.168.15.3","MQTT","97","Publish Message (id=1813) [Deviceb'Device - 2']"
"302915","1846.105930557","192.168.15.3","192.168.15.4","MQTT","70","Connect Ack"
"302919","1846.108007717","192.168.15.3","192.168.15.4","MQTT","70","Publish Ack (id=1813)"
"302921","1846.108967870","192.168.15.4","192.168.15.3","MQTT","68","Disconnect Req"
"302933","1847.113981809","192.168.15.4","192.168.15.3","MQTT","90","Connect Command"
"302935","1847.118681650","192.168.15.4","192.168.15.3","MQTT","97","Publish Message (id=1814) [Deviceb'Device - 2']"
"302937","1847.122943566","192.168.15.3","192.168.15.4","MQTT","70","Connect Ack"
"302939","1847.125349066","192.168.15.3","192.168.15.4","MQTT","70","Publish Ack (id=1814)"
"302941","1847.125873797","192.168.15.4","192.168.15.3","MQTT","68","Disconnect Req"
"302954","1848.130074736","192.168.15.4","192.168.15.3","MQTT","90","Connect Command"
"302956","1848.133002282","192.168.15.4","192.168.15.3","MQTT","97","Publish Message (id=1815) [Deviceb'Device - 2']"
"302957","1848.133384533","192.168.15.3","192.168.15.4","MQTT","70","Connect Ack"
"302960","1848.135799221","192.168.15.3","192.168.15.4","MQTT","70","Publish Ack (id=1815)"
"302962","1848.136395607","192.168.15.4","192.168.15.3","MQTT","68","Disconnect Req"
"302974","1849.139973763","192.168.15.4","192.168.15.3","MQTT","90","Connect Command"
"302976","1849.142842017","192.168.15.4","192.168.15.3","MQTT","97","Publish Message (id=1816) [Deviceb'Device - 2']"
"302977","1849.143180677","192.168.15.3","192.168.15.4","MQTT","70","Connect Ack"
"302980","1849.145798759","192.168.15.3","192.168.15.4","MQTT","70","Publish Ack (id=1816)"
"302982","1849.146348657","192.168.15.4","192.168.15.3","MQTT","68","Disconnect Req"
"302997","1850.150556477","192.168.15.4","192.168.15.3","MQTT","90","Connect Command"
"302999","1850.153532925","192.168.15.4","192.168.15.3","MQTT","97","Publish Message (id=1817) [Deviceb'Device - 2']"
"303000","1850.153954030","192.168.15.3","192.168.15.4","MQTT","70","Connect Ack"
"303003","1850.156029537","192.168.15.3","192.168.15.4","MQTT","70","Publish Ack (id=1817)"
"303005","1850.156701225","192.168.15.4","192.168.15.3","MQTT","68","Disconnect Req"
"304880","1851.160530065","192.168.15.4","192.168.15.3","MQTT","90","Connect Command"
"304882","1851.163575654","192.168.15.4","192.168.15.3","MQTT","97","Publish Message (id=1818) [Deviceb'Device - 2']"
"304883","1851.163963967","192.168.15.3","192.168.15.4","MQTT","70","Connect Ack"
"304886","1851.166051327","192.168.15.3","192.168.15.4","MQTT","70","Publish Ack (id=1818)"
"304888","1851.166667120","192.168.15.4","192.168.15.3","MQTT","68","Disconnect Req"
"304902","1852.170226533","192.168.15.4","192.168.15.3","MQTT","90","Connect Command"
"304904","1852.173223190","192.168.15.4","192.168.15.3","MQTT","97","Publish Message (id=1819) [Deviceb'Device - 2']"
"304906","1852.177456841","192.168.15.3","192.168.15.4","MQTT","70","Connect Ack"
"304908","1852.179780618","192.168.15.3","192.168.15.4","MQTT","70","Publish Ack (id=1819)"
"304910","1852.180400738","192.168.15.4","192.168.15.3","MQTT","68","Disconnect Req"
"304922","1853.184671110","192.168.15.4","192.168.15.3","MQTT","90","Connect Command"
"304924","1853.187697784","192.168.15.4","192.168.15.3","MQTT","97","Publish Message (id=1820) [Deviceb'Device - 2']"
"304925","1853.188121654","192.168.15.3","192.168.15.4","MQTT","70","Connect Ack"
"304928","1853.190524169","192.168.15.3","192.168.15.4","MQTT","70","Publish Ack (id=1820)"
"304930","1853.190962466","192.168.15.4","192.168.15.3","MQTT","68","Disconnect Req"
"304942","1854.194488187","192.168.15.4","192.168.15.3","MQTT","90","Connect Command"
"304944","1854.197519819","192.168.15.4","192.168.15.3","MQTT","97","Publish Message (id=1821) [Deviceb'Device - 2']"
"304945","1854.197974398","192.168.15.3","192.168.15.4","MQTT","70","Connect Ack"
"304948","1854.202056523","192.168.15.3","192.168.15.4","MQTT","70","Publish Ack (id=1821)"
"304950","1854.202422264","192.168.15.4","192.168.15.3","MQTT","68","Disconnect Req"
"304961","1855.206081751","192.168.15.4","192.168.15.3","MQTT","90","Connect Command"
"304963","1855.208981194","192.168.15.4","192.168.15.3","MQTT","97","Publish Message (id=1822) [Deviceb'Device - 2']"
"304964","1855.209359518","192.168.15.3","192.168.15.4","MQTT","70","Connect Ack"
"304967","1855.211470363","192.168.15.3","192.168.15.4","MQTT","70","Publish Ack (id=1822)"
"304969","1855.211866741","192.168.15.4","192.168.15.3","MQTT","68","Disconnect Req"
"304981","1856.215555087","192.168.15.4","192.168.15.3","MQTT","90","Connect Command"
"304983","1856.218433500","192.168.15.4","192.168.15.3","MQTT","97","Publish Message (id=1823) [Deviceb'Device - 2']"
"304984","1856.218821242","192.168.15.3","192.168.15.4","MQTT","70","Connect Ack"
"304987","1856.221263182","192.168.15.3","192.168.15.4","MQTT","70","Publish Ack (id=1823)"
"304989","1856.221651355","192.168.15.4","192.168.15.3","MQTT","68","Disconnect Req"
"305002","1857.226396449","192.168.15.4","192.168.15.3","MQTT","90","Connect Command"
"305004","1857.229927044","192.168.15.4","192.168.15.3","MQTT","97","Publish Message (id=1824) [Deviceb'Device - 2']"
"305006","1857.233628651","192.168.15.3","192.168.15.4","MQTT","70","Connect Ack"
"305008","1857.236065902","192.168.15.3","192.168.15.4","MQTT","70","Publish Ack (id=1824)"
"305010","1857.236449416","192.168.15.4","192.168.15.3","MQTT","68","Disconnect Req"
"305028","1858.240231106","192.168.15.4","192.168.15.3","MQTT","90","Connect Command"
"305030","1858.243120009","192.168.15.4","192.168.15.3","MQTT","97","Publish Message (id=1825) [Deviceb'Device - 2']"
"305031","1858.243545522","192.168.15.3","192.168.15.4","MQTT","70","Connect Ack"
"305034","1858.245970790","192.168.15.3","192.168.15.4","MQTT","70","Publish Ack (id=1825)"
"305036","1858.246528392","192.168.15.4","192.168.15.3","MQTT","68","Disconnect Req"
"305046","1859.250838515","192.168.15.4","192.168.15.3","MQTT","90","Connect Command"
"305048","1859.253720956","192.168.15.4","192.168.15.3","MQTT","97","Publish Message (id=1826) [Deviceb'Device - 2']"
"305049","1859.254175604","192.168.15.3","192.168.15.4","MQTT","70","Connect Ack"
"305052","1859.256605591","192.168.15.3","192.168.15.4","MQTT","70","Publish Ack (id=1826)"
"305055","1859.257416131","192.168.15.4","192.168.15.3","MQTT","68","Disconnect Req"
"305069","1860.260908175","192.168.15.4","192.168.15.3","MQTT","90","Connect Command"
"305071","1860.264914547","192.168.15.4","192.168.15.3","MQTT","97","Publish Message (id=1827) [Deviceb'Device - 2']"
"305072","1860.265293623","192.168.15.3","192.168.15.4","MQTT","70","Connect Ack"
"305075","1860.267569018","192.168.15.3","192.168.15.4","MQTT","70","Publish Ack (id=1827)"
"305077","1860.267928547","192.168.15.4","192.168.15.3","MQTT","68","Disconnect Req"
"305089","1861.271397209","192.168.15.4","192.168.15.3","MQTT","90","Connect Command"
"305091","1861.273915894","192.168.15.4","192.168.15.3","MQTT","97","Publish Message (id=1828) [Deviceb'Device - 2']"
"305092","1861.274337329","192.168.15.3","192.168.15.4","MQTT","70","Connect Ack"
"305095","1861.276678839","192.168.15.3","192.168.15.4","MQTT","70","Publish Ack (id=1828)"
"305097","1861.277591061","192.168.15.4","192.168.15.3","MQTT","68","Disconnect Req"
"305109","1862.281411332","192.168.15.4","192.168.15.3","MQTT","90","Connect Command"
"305111","1862.284271841","192.168.15.4","192.168.15.3","MQTT","97","Publish Message (id=1829) [Deviceb'Device - 2']"
"305113","1862.288661357","192.168.15.3","192.168.15.4","MQTT","70","Connect Ack"
"305115","1862.291686768","192.168.15.3","192.168.15.4","MQTT","70","Publish Ack (id=1829)"
"305117","1862.292042840","192.168.15.4","192.168.15.3","MQTT","68","Disconnect Req"
"305129","1863.296183640","192.168.15.4","192.168.15.3","MQTT","90","Connect Command"
"305131","1863.299032307","192.168.15.4","192.168.15.3","MQTT","97","Publish Message (id=1830) [Deviceb'Device - 2']"
"305132","1863.299434617","192.168.15.3","192.168.15.4","MQTT","70","Connect Ack"
"305135","1863.301799821","192.168.15.3","192.168.15.4","MQTT","70","Publish Ack (id=1830)"
"305137","1863.302596084","192.168.15.4","192.168.15.3","MQTT","68","Disconnect Req"
"305160","1864.306935934","192.168.15.4","192.168.15.3","MQTT","90","Connect Command"
"305162","1864.309826892","192.168.15.4","192.168.15.3","MQTT","97","Publish Message (id=1831) [Deviceb'Device - 2']"
"305163","1864.310259639","192.168.15.3","192.168.15.4","MQTT","70","Connect Ack"
"305166","1864.312626176","192.168.15.3","192.168.15.4","MQTT","70","Publish Ack (id=1831)"
"305168","1864.313033675","192.168.15.4","192.168.15.3","MQTT","68","Disconnect Req"
"305188","1865.316935864","192.168.15.4","192.168.15.3","MQTT","90","Connect Command"
"305190","1865.319925817","192.168.15.4","192.168.15.3","MQTT","97","Publish Message (id=1832) [Deviceb'Device - 2']"
"305191","1865.320325542","192.168.15.3","192.168.15.4","MQTT","70","Connect Ack"
"305194","1865.322640813","192.168.15.3","192.168.15.4","MQTT","70","Publish Ack (id=1832)"
"305196","1865.323301079","192.168.15.4","192.168.15.3","MQTT","68","Disconnect Req"
"305208","1866.327069577","192.168.15.4","192.168.15.3","MQTT","90","Connect Command"
"305210","1866.329921270","192.168.15.4","192.168.15.3","MQTT","97","Publish Message (id=1833) [Deviceb'Device - 2']"
"305211","1866.330330863","192.168.15.3","192.168.15.4","MQTT","70","Connect Ack"
"305214","1866.332681671","192.168.15.3","192.168.15.4","MQTT","70","Publish Ack (id=1833)"
"305216","1866.333508502","192.168.15.4","192.168.15.3","MQTT","68","Disconnect Req"
"307583","1867.337191143","192.168.15.4","192.168.15.3","MQTT","90","Connect Command"
"307585","1867.340185224","192.168.15.4","192.168.15.3","MQTT","97","Publish Message (id=1834) [Deviceb'Device - 2']"
"307587","1867.344513104","192.168.15.3","192.168.15.4","MQTT","70","Connect Ack"
"307589","1867.346965073","192.168.15.3","192.168.15.4","MQTT","70","Publish Ack (id=1834)"
"307591","1867.347349398","192.168.15.4","192.168.15.3","MQTT","68","Disconnect Req"
"307604","1868.351204570","192.168.15.4","192.168.15.3","MQTT","90","Connect Command"
"307606","1868.354231083","192.168.15.4","192.168.15.3","MQTT","97","Publish Message (id=1835) [Deviceb'Device - 2']"
"307607","1868.354632411","192.168.15.3","192.168.15.4","MQTT","70","Connect Ack"
"307610","1868.357232339","192.168.15.3","192.168.15.4","MQTT","70","Publish Ack (id=1835)"
"307612","1868.357905108","192.168.15.4","192.168.15.3","MQTT","68","Disconnect Req"
"307624","1869.361427466","192.168.15.4","192.168.15.3","MQTT","90","Connect Command"
"307626","1869.364444362","192.168.15.4","192.168.15.3","MQTT","97","Publish Message (id=1836) [Deviceb'Device - 2']"
"307627","1869.364871428","192.168.15.3","192.168.15.4","MQTT","70","Connect Ack"
"307630","1869.367342232","192.168.15.3","192.168.15.4","MQTT","70","Publish Ack (id=1836)"
"307632","1869.367729553","192.168.15.4","192.168.15.3","MQTT","68","Disconnect Req"
"307640","1870.371651419","192.168.15.4","192.168.15.3","MQTT","90","Connect Command"
"307642","1870.374490479","192.168.15.4","192.168.15.3","MQTT","97","Publish Message (id=1837) [Deviceb'Device - 2']"
"307643","1870.374905783","192.168.15.3","192.168.15.4","MQTT","70","Connect Ack"
"307646","1870.377789616","192.168.15.3","192.168.15.4","MQTT","70","Publish Ack (id=1837)"
"307648","1870.378659128","192.168.15.4","192.168.15.3","MQTT","68","Disconnect Req"
"307675","1871.382830330","192.168.15.4","192.168.15.3","MQTT","90","Connect Command"
"307677","1871.385117848","192.168.15.4","192.168.15.3","MQTT","97","Publish Message (id=1838) [Deviceb'Device - 2']"
"307678","1871.385547429","192.168.15.3","192.168.15.4","MQTT","70","Connect Ack"
"307681","1871.388033662","192.168.15.3","192.168.15.4","MQTT","70","Publish Ack (id=1838)"
"307683","1871.388880461","192.168.15.4","192.168.15.3","MQTT","68","Disconnect Req"
"307696","1872.393072605","192.168.15.4","192.168.15.3","MQTT","90","Connect Command"
"307698","1872.397485916","192.168.15.4","192.168.15.3","MQTT","97","Publish Message (id=1839) [Deviceb'Device - 2']"
"307700","1872.401841028","192.168.15.3","192.168.15.4","MQTT","70","Connect Ack"
"307702","1872.404227573","192.168.15.3","192.168.15.4","MQTT","70","Publish Ack (id=1839)"
"307704","1872.404920140","192.168.15.4","192.168.15.3","MQTT","68","Disconnect Req"
"307716","1873.409293943","192.168.15.4","192.168.15.3","MQTT","90","Connect Command"
"307718","1873.412243481","192.168.15.4","192.168.15.3","MQTT","97","Publish Message (id=1840) [Deviceb'Device - 2']"
"307719","1873.412699692","192.168.15.3","192.168.15.4","MQTT","70","Connect Ack"
"307722","1873.415060880","192.168.15.3","192.168.15.4","MQTT","70","Publish Ack (id=1840)"
"307724","1873.415707440","192.168.15.4","192.168.15.3","MQTT","68","Disconnect Req"
"307739","1874.420227202","192.168.15.4","192.168.15.3","MQTT","90","Connect Command"
"307741","1874.423107379","192.168.15.4","192.168.15.3","MQTT","97","Publish Message (id=1841) [Deviceb'Device - 2']"
"307742","1874.423501964","192.168.15.3","192.168.15.4","MQTT","70","Connect Ack"
"307745","1874.426174178","192.168.15.3","192.168.15.4","MQTT","70","Publish Ack (id=1841)"
"307747","1874.426600693","192.168.15.4","192.168.15.3","MQTT","68","Disconnect Req"
"307759","1875.429886071","192.168.15.4","192.168.15.3","MQTT","90","Connect Command"
"307761","1875.432744747","192.168.15.4","192.168.15.3","MQTT","97","Publish Message (id=1842) [Deviceb'Device - 2']"
"307762","1875.433158949","192.168.15.3","192.168.15.4","MQTT","70","Connect Ack"
"307765","1875.435547728","192.168.15.3","192.168.15.4","MQTT","70","Publish Ack (id=1842)"
"307767","1875.435885206","192.168.15.4","192.168.15.3","MQTT","68","Disconnect Req"
"307788","1876.439807048","192.168.15.4","192.168.15.3","MQTT","90","Connect Command"
"307790","1876.442840444","192.168.15.4","192.168.15.3","MQTT","97","Publish Message (id=1843) [Deviceb'Device - 2']"
"307791","1876.443617290","192.168.15.3","192.168.15.4","MQTT","70","Connect Ack"
"307794","1876.445656069","192.168.15.3","192.168.15.4","MQTT","70","Publish Ack (id=1843)"
"307796","1876.446401897","192.168.15.4","192.168.15.3","MQTT","68","Disconnect Req"
"307808","1877.450666761","192.168.15.4","192.168.15.3","MQTT","90","Connect Command"
"307810","1877.453660483","192.168.15.4","192.168.15.3","MQTT","97","Publish Message (id=1844) [Deviceb'Device - 2']"
"307811","1877.454341589","192.168.15.3","192.168.15.4","MQTT","70","Connect Ack"
"307814","1877.456558604","192.168.15.3","192.168.15.4","MQTT","70","Publish Ack (id=1844)"
"307816","1877.457061413","192.168.15.4","192.168.15.3","MQTT","68","Disconnect Req"
"307829","1878.460506163","192.168.15.4","192.168.15.3","MQTT","90","Connect Command"
"307831","1878.463514021","192.168.15.4","192.168.15.3","MQTT","97","Publish Message (id=1845) [Deviceb'Device - 2']"
"307832","1878.464003094","192.168.15.3","192.168.15.4","MQTT","70","Connect Ack"
"307835","1878.466399968","192.168.15.3","192.168.15.4","MQTT","70","Publish Ack (id=1845)"
"307837","1878.466817015","192.168.15.4","192.168.15.3","MQTT","68","Disconnect Req"
"307855","1879.470557349","192.168.15.4","192.168.15.3","MQTT","90","Connect Command"
"307857","1879.473615431","192.168.15.4","192.168.15.3","MQTT","97","Publish Message (id=1846) [Deviceb'Device - 2']"
"307858","1879.474127779","192.168.15.3","192.168.15.4","MQTT","70","Connect Ack"
"307861","1879.476397984","192.168.15.3","192.168.15.4","MQTT","70","Publish Ack (id=1846)"
"307863","1879.477387622","192.168.15.4","192.168.15.3","MQTT","68","Disconnect Req"
"307873","1880.481562479","192.168.15.4","192.168.15.3","MQTT","90","Connect Command"
"307875","1880.484468465","192.168.15.4","192.168.15.3","MQTT","97","Publish Message (id=1847) [Deviceb'Device - 2']"
"307876","1880.484872007","192.168.15.3","192.168.15.4","MQTT","70","Connect Ack"
"307879","1880.487288509","192.168.15.3","192.168.15.4","MQTT","70","Publish Ack (id=1847)"
"307881","1880.487674838","192.168.15.4","192.168.15.3","MQTT","68","Disconnect Req"
"307895","1881.491626958","192.168.15.4","192.168.15.3","MQTT","90","Connect Command"
"307897","1881.494532744","192.168.15.4","192.168.15.3","MQTT","97","Publish Message (id=1848) [Deviceb'Device - 2']"
"307898","1881.494891351","192.168.15.3","192.168.15.4","MQTT","70","Connect Ack"
"307901","1881.497304346","192.168.15.3","192.168.15.4","MQTT","70","Publish Ack (id=1848)"
"307903","1881.497755307","192.168.15.4","192.168.15.3","MQTT","68","Disconnect Req"
"309149","1882.502640132","192.168.15.4","192.168.15.3","MQTT","90","Connect Command"
"309192","1882.507395489","192.168.15.4","192.168.15.3","MQTT","97","Publish Message (id=1849) [Deviceb'Device - 2']"
"309225","1882.512021732","192.168.15.3","192.168.15.4","MQTT","70","Connect Ack"
"309263","1882.515504367","192.168.15.3","192.168.15.4","MQTT","70","Publish Ack (id=1849)"
"309267","1882.515821044","192.168.15.4","192.168.15.3","MQTT","68","Disconnect Req"
"309420","1883.520165135","192.168.15.4","192.168.15.3","MQTT","90","Connect Command"
"309422","1883.522965731","192.168.15.4","192.168.15.3","MQTT","97","Publish Message (id=1850) [Deviceb'Device - 2']"
"309423","1883.523417394","192.168.15.3","192.168.15.4","MQTT","70","Connect Ack"
"309426","1883.525873511","192.168.15.3","192.168.15.4","MQTT","70","Publish Ack (id=1850)"
"309428","1883.526463023","192.168.15.4","192.168.15.3","MQTT","68","Disconnect Req"
"309443","1884.530405588","192.168.15.4","192.168.15.3","MQTT","90","Connect Command"
"309445","1884.533786791","192.168.15.4","192.168.15.3","MQTT","97","Publish Message (id=1851) [Deviceb'Device - 2']"
"309446","1884.534078612","192.168.15.3","192.168.15.4","MQTT","70","Connect Ack"
"309449","1884.536655326","192.168.15.3","192.168.15.4","MQTT","70","Publish Ack (id=1851)"
"309451","1884.536920006","192.168.15.4","192.168.15.3","MQTT","68","Disconnect Req"
"309469","1885.540740805","192.168.15.4","192.168.15.3","MQTT","90","Connect Command"
"309471","1885.543431224","192.168.15.4","192.168.15.3","MQTT","97","Publish Message (id=1852) [Deviceb'Device - 2']"
"309472","1885.543861897","192.168.15.3","192.168.15.4","MQTT","70","Connect Ack"
"309475","1885.546113057","192.168.15.3","192.168.15.4","MQTT","70","Publish Ack (id=1852)"
"309477","1885.546745571","192.168.15.4","192.168.15.3","MQTT","68","Disconnect Req"
"309489","1886.550893642","192.168.15.4","192.168.15.3","MQTT","90","Connect Command"
"309491","1886.553783888","192.168.15.4","192.168.15.3","MQTT","97","Publish Message (id=1853) [Deviceb'Device - 2']"
"309492","1886.554347282","192.168.15.3","192.168.15.4","MQTT","70","Connect Ack"
"309495","1886.556651431","192.168.15.3","192.168.15.4","MQTT","70","Publish Ack (id=1853)"
"309497","1886.556984801","192.168.15.4","192.168.15.3","MQTT","68","Disconnect Req"
"309509","1887.561543411","192.168.15.4","192.168.15.3","MQTT","90","Connect Command"
"309511","1887.564412217","192.168.15.4","192.168.15.3","MQTT","97","Publish Message (id=1854) [Deviceb'Device - 2']"
"309513","1887.568788558","192.168.15.3","192.168.15.4","MQTT","70","Connect Ack"
"309516","1887.571162850","192.168.15.3","192.168.15.4","MQTT","70","Publish Ack (id=1854)"
"309518","1887.571517610","192.168.15.4","192.168.15.3","MQTT","68","Disconnect Req"
"309530","1888.576027944","192.168.15.4","192.168.15.3","MQTT","90","Connect Command"
"309532","1888.578873867","192.168.15.4","192.168.15.3","MQTT","97","Publish Message (id=1855) [Deviceb'Device - 2']"
"309533","1888.579313527","192.168.15.3","192.168.15.4","MQTT","70","Connect Ack"
"309536","1888.581861938","192.168.15.3","192.168.15.4","MQTT","70","Publish Ack (id=1855)"
"309538","1888.582690121","192.168.15.4","192.168.15.3","MQTT","68","Disconnect Req"
"309551","1889.586617969","192.168.15.4","192.168.15.3","MQTT","90","Connect Command"
"309554","1889.589514136","192.168.15.4","192.168.15.3","MQTT","97","Publish Message (id=1856) [Deviceb'Device - 2']"
"309555","1889.589926494","192.168.15.3","192.168.15.4","MQTT","70","Connect Ack"
"309558","1889.592342806","192.168.15.3","192.168.15.4","MQTT","70","Publish Ack (id=1856)"
"309560","1889.593191518","192.168.15.4","192.168.15.3","MQTT","68","Disconnect Req"
"309569","1890.596912007","192.168.15.4","192.168.15.3","MQTT","90","Connect Command"
"309571","1890.599775172","192.168.15.4","192.168.15.3","MQTT","97","Publish Message (id=1857) [Deviceb'Device - 2']"
"309572","1890.600184094","192.168.15.3","192.168.15.4","MQTT","70","Connect Ack"
"309575","1890.602628008","192.168.15.3","192.168.15.4","MQTT","70","Publish Ack (id=1857)"
"309577","1890.603560539","192.168.15.4","192.168.15.3","MQTT","68","Disconnect Req"
"309589","1891.607951749","192.168.15.4","192.168.15.3","MQTT","90","Connect Command"
"309591","1891.610762445","192.168.15.4","192.168.15.3","MQTT","97","Publish Message (id=1858) [Deviceb'Device - 2']"
"309592","1891.611177669","192.168.15.3","192.168.15.4","MQTT","70","Connect Ack"
"309595","1891.613729607","192.168.15.3","192.168.15.4","MQTT","70","Publish Ack (id=1858)"
"309597","1891.614489030","192.168.15.4","192.168.15.3","MQTT","68","Disconnect Req"
"309609","1892.619245656","192.168.15.4","192.168.15.3","MQTT","90","Connect Command"
"309611","1892.622101086","192.168.15.4","192.168.15.3","MQTT","97","Publish Message (id=1859) [Deviceb'Device - 2']"
"309613","1892.626446981","192.168.15.3","192.168.15.4","MQTT","70","Connect Ack"
"309615","1892.628868592","192.168.15.3","192.168.15.4","MQTT","70","Publish Ack (id=1859)"
"309617","1892.629741180","192.168.15.4","192.168.15.3","MQTT","68","Disconnect Req"
"311370","1893.634187143","192.168.15.4","192.168.15.3","MQTT","90","Connect Command"
"311372","1893.637098499","192.168.15.4","192.168.15.3","MQTT","97","Publish Message (id=1860) [Deviceb'Device - 2']"
"311373","1893.637556914","192.168.15.3","192.168.15.4","MQTT","70","Connect Ack"
"311376","1893.640030113","192.168.15.3","192.168.15.4","MQTT","70","Publish Ack (id=1860)"
"311378","1893.640949268","192.168.15.4","192.168.15.3","MQTT","68","Disconnect Req"
"311404","1894.645552151","192.168.15.4","192.168.15.3","MQTT","90","Connect Command"
"311406","1894.648271945","192.168.15.4","192.168.15.3","MQTT","97","Publish Message (id=1861) [Deviceb'Device - 2']"
"311407","1894.648727625","192.168.15.3","192.168.15.4","MQTT","70","Connect Ack"
"311410","1894.652235407","192.168.15.3","192.168.15.4","MQTT","70","Publish Ack (id=1861)"
"311412","1894.653002986","192.168.15.4","192.168.15.3","MQTT","68","Disconnect Req"
"311435","1895.657100840","192.168.15.4","192.168.15.3","MQTT","90","Connect Command"
"311437","1895.659962382","192.168.15.4","192.168.15.3","MQTT","97","Publish Message (id=1862) [Deviceb'Device - 2']"
"311438","1895.660388807","192.168.15.3","192.168.15.4","MQTT","70","Connect Ack"
"311441","1895.662895299","192.168.15.3","192.168.15.4","MQTT","70","Publish Ack (id=1862)"
"311443","1895.663698715","192.168.15.4","192.168.15.3","MQTT","68","Disconnect Req"
"311458","1896.668479093","192.168.15.4","192.168.15.3","MQTT","90","Connect Command"
"311460","1896.671283567","192.168.15.4","192.168.15.3","MQTT","97","Publish Message (id=1863) [Deviceb'Device - 2']"
"311461","1896.671717556","192.168.15.3","192.168.15.4","MQTT","70","Connect Ack"
"311464","1896.674207918","192.168.15.3","192.168.15.4","MQTT","70","Publish Ack (id=1863)"
"311466","1896.675034077","192.168.15.4","192.168.15.3","MQTT","68","Disconnect Req"
"311480","1897.678776418","192.168.15.4","192.168.15.3","MQTT","90","Connect Command"
"311482","1897.681651626","192.168.15.4","192.168.15.3","MQTT","97","Publish Message (id=1864) [Deviceb'Device - 2']"
"311485","1897.686046413","192.168.15.3","192.168.15.4","MQTT","70","Connect Ack"
"311487","1897.688535632","192.168.15.3","192.168.15.4","MQTT","70","Publish Ack (id=1864)"
"311489","1897.689207500","192.168.15.4","192.168.15.3","MQTT","68","Disconnect Req"
"311499","1898.693302702","192.168.15.4","192.168.15.3","MQTT","90","Connect Command"
"311501","1898.696156159","192.168.15.4","192.168.15.3","MQTT","97","Publish Message (id=1865) [Deviceb'Device - 2']"
"311502","1898.696586441","192.168.15.3","192.168.15.4","MQTT","70","Connect Ack"
"311505","1898.699073316","192.168.15.3","192.168.15.4","MQTT","70","Publish Ack (id=1865)"
"311507","1898.699829443","192.168.15.4","192.168.15.3","MQTT","68","Disconnect Req"
"311522","1899.703782137","192.168.15.4","192.168.15.3","MQTT","90","Connect Command"
"311524","1899.706677964","192.168.15.4","192.168.15.3","MQTT","97","Publish Message (id=1866) [Deviceb'Device - 2']"
"311525","1899.707069844","192.168.15.3","192.168.15.4","MQTT","70","Connect Ack"
"311528","1899.712110991","192.168.15.3","192.168.15.4","MQTT","70","Publish Ack (id=1866)"
"311530","1899.712899580","192.168.15.4","192.168.15.3","MQTT","68","Disconnect Req"
"311542","1900.716661581","192.168.15.4","192.168.15.3","MQTT","90","Connect Command"
"311544","1900.719491874","192.168.15.4","192.168.15.3","MQTT","97","Publish Message (id=1867) [Deviceb'Device - 2']"
"311545","1900.719894564","192.168.15.3","192.168.15.4","MQTT","70","Connect Ack"
"311548","1900.722376028","192.168.15.3","192.168.15.4","MQTT","70","Publish Ack (id=1867)"
"311550","1900.723019453","192.168.15.4","192.168.15.3","MQTT","68","Disconnect Req"
"311562","1901.727063688","192.168.15.4","192.168.15.3","MQTT","90","Connect Command"
"311564","1901.729904642","192.168.15.4","192.168.15.3","MQTT","97","Publish Message (id=1868) [Deviceb'Device - 2']"
"311565","1901.730291232","192.168.15.3","192.168.15.4","MQTT","70","Connect Ack"
"311568","1901.732800228","192.168.15.3","192.168.15.4","MQTT","70","Publish Ack (id=1868)"
"311570","1901.733651154","192.168.15.4","192.168.15.3","MQTT","68","Disconnect Req"
"311582","1902.737878859","192.168.15.4","192.168.15.3","MQTT","90","Connect Command"
"311584","1902.740079674","192.168.15.4","192.168.15.3","MQTT","97","Publish Message (id=1869) [Deviceb'Device - 2']"
"311586","1902.744447720","192.168.15.3","192.168.15.4","MQTT","70","Connect Ack"
"311588","1902.746763762","192.168.15.3","192.168.15.4","MQTT","70","Publish Ack (id=1869)"
"311590","1902.747474804","192.168.15.4","192.168.15.3","MQTT","68","Disconnect Req"
"312923","1903.752171672","192.168.15.4","192.168.15.3","MQTT","90","Connect Command"
"312925","1903.755537416","192.168.15.4","192.168.15.3","MQTT","97","Publish Message (id=1870) [Deviceb'Device - 2']"
"312926","1903.755550170","192.168.15.3","192.168.15.4","MQTT","70","Connect Ack"
"312929","1903.758180936","192.168.15.3","192.168.15.4","MQTT","70","Publish Ack (id=1870)"
"312931","1903.758559902","192.168.15.4","192.168.15.3","MQTT","68","Disconnect Req"
"312968","1904.762039605","192.168.15.4","192.168.15.3","MQTT","90","Connect Command"
"312971","1904.764690309","192.168.15.4","192.168.15.3","MQTT","97","Publish Message (id=1871) [Deviceb'Device - 2']"
"312972","1904.765127354","192.168.15.3","192.168.15.4","MQTT","70","Connect Ack"
"312975","1904.767580185","192.168.15.3","192.168.15.4","MQTT","70","Publish Ack (id=1871)"
"312977","1904.768125655","192.168.15.4","192.168.15.3","MQTT","68","Disconnect Req"
"313019","1905.772662007","192.168.15.4","192.168.15.3","MQTT","90","Connect Command"
"313021","1905.777238677","192.168.15.4","192.168.15.3","MQTT","97","Publish Message (id=1872) [Deviceb'Device - 2']"
"313022","1905.777647800","192.168.15.3","192.168.15.4","MQTT","70","Connect Ack"
"313025","1905.780043983","192.168.15.3","192.168.15.4","MQTT","70","Publish Ack (id=1872)"
"313027","1905.780751900","192.168.15.4","192.168.15.3","MQTT","68","Disconnect Req"
"313041","1906.785324692","192.168.15.4","192.168.15.3","MQTT","90","Connect Command"
"313043","1906.788198738","192.168.15.4","192.168.15.3","MQTT","97","Publish Message (id=1873) [Deviceb'Device - 2']"
"313044","1906.788561833","192.168.15.3","192.168.15.4","MQTT","70","Connect Ack"
"313047","1906.791035012","192.168.15.3","192.168.15.4","MQTT","70","Publish Ack (id=1873)"
"313049","1906.791701501","192.168.15.4","192.168.15.3","MQTT","68","Disconnect Req"
"313062","1907.796981965","192.168.15.4","192.168.15.3","MQTT","90","Connect Command"
"313064","1907.801289466","192.168.15.4","192.168.15.3","MQTT","97","Publish Message (id=1874) [Deviceb'Device - 2']"
"313066","1907.805643115","192.168.15.3","192.168.15.4","MQTT","70","Connect Ack"
"313068","1907.808032877","192.168.15.3","192.168.15.4","MQTT","70","Publish Ack (id=1874)"
"313070","1907.808696670","192.168.15.4","192.168.15.3","MQTT","68","Disconnect Req"
"313082","1908.812955789","192.168.15.4","192.168.15.3","MQTT","90","Connect Command"
"313084","1908.815696793","192.168.15.4","192.168.15.3","MQTT","97","Publish Message (id=1875) [Deviceb'Device - 2']"
"313085","1908.816093923","192.168.15.3","192.168.15.4","MQTT","70","Connect Ack"
"313088","1908.818487802","192.168.15.3","192.168.15.4","MQTT","70","Publish Ack (id=1875)"
"313090","1908.819141036","192.168.15.4","192.168.15.3","MQTT","68","Disconnect Req"
"313107","1909.823723942","192.168.15.4","192.168.15.3","MQTT","90","Connect Command"
"313109","1909.827058728","192.168.15.4","192.168.15.3","MQTT","97","Publish Message (id=1876) [Deviceb'Device - 2']"
"313110","1909.827373191","192.168.15.3","192.168.15.4","MQTT","70","Connect Ack"
"313113","1909.829773593","192.168.15.3","192.168.15.4","MQTT","70","Publish Ack (id=1876)"
"313115","1909.830334973","192.168.15.4","192.168.15.3","MQTT","68","Disconnect Req"
"313129","1910.834076113","192.168.15.4","192.168.15.3","MQTT","90","Connect Command"
"313131","1910.836941612","192.168.15.4","192.168.15.3","MQTT","97","Publish Message (id=1877) [Deviceb'Device - 2']"
"313132","1910.837633198","192.168.15.3","192.168.15.4","MQTT","70","Connect Ack"
"313135","1910.839819095","192.168.15.3","192.168.15.4","MQTT","70","Publish Ack (id=1877)"
"313137","1910.840344216","192.168.15.4","192.168.15.3","MQTT","68","Disconnect Req"
"313151","1911.844561650","192.168.15.4","192.168.15.3","MQTT","90","Connect Command"
"313153","1911.847498525","192.168.15.4","192.168.15.3","MQTT","97","Publish Message (id=1878) [Deviceb'Device - 2']"
"313154","1911.847892328","192.168.15.3","192.168.15.4","MQTT","70","Connect Ack"
"313157","1911.850228198","192.168.15.3","192.168.15.4","MQTT","70","Publish Ack (id=1878)"
"313159","1911.851072862","192.168.15.4","192.168.15.3","MQTT","68","Disconnect Req"
"313173","1912.855409676","192.168.15.4","192.168.15.3","MQTT","90","Connect Command"
"313175","1912.858111526","192.168.15.4","192.168.15.3","MQTT","97","Publish Message (id=1879) [Deviceb'Device - 2']"
"313177","1912.862506333","192.168.15.3","192.168.15.4","MQTT","70","Connect Ack"
"313181","1912.864882589","192.168.15.3","192.168.15.4","MQTT","70","Publish Ack (id=1879)"
"313183","1912.865648415","192.168.15.4","192.168.15.3","MQTT","68","Disconnect Req"
"313195","1913.869934565","192.168.15.4","192.168.15.3","MQTT","90","Connect Command"
"313197","1913.872787812","192.168.15.4","192.168.15.3","MQTT","97","Publish Message (id=1880) [Deviceb'Device - 2']"
"313198","1913.873171686","192.168.15.3","192.168.15.4","MQTT","70","Connect Ack"
"313201","1913.875593228","192.168.15.3","192.168.15.4","MQTT","70","Publish Ack (id=1880)"
"313203","1913.876436991","192.168.15.4","192.168.15.3","MQTT","68","Disconnect Req"
"313219","1914.880354629","192.168.15.4","192.168.15.3","MQTT","90","Connect Command"
"313221","1914.883286976","192.168.15.4","192.168.15.3","MQTT","97","Publish Message (id=1881) [Deviceb'Device - 2']"
"313222","1914.883670029","192.168.15.3","192.168.15.4","MQTT","70","Connect Ack"
"313225","1914.886052978","192.168.15.3","192.168.15.4","MQTT","70","Publish Ack (id=1881)"
"313227","1914.886722401","192.168.15.4","192.168.15.3","MQTT","68","Disconnect Req"
"314658","1915.890807983","192.168.15.4","192.168.15.3","MQTT","90","Connect Command"
"314660","1915.893687730","192.168.15.4","192.168.15.3","MQTT","97","Publish Message (id=1882) [Deviceb'Device - 2']"
"314661","1915.894218111","192.168.15.3","192.168.15.4","MQTT","70","Connect Ack"
"314664","1915.896525056","192.168.15.3","192.168.15.4","MQTT","70","Publish Ack (id=1882)"
"314666","1915.897119980","192.168.15.4","192.168.15.3","MQTT","68","Disconnect Req"
"314678","1916.901563219","192.168.15.4","192.168.15.3","MQTT","90","Connect Command"
"314680","1916.904460509","192.168.15.4","192.168.15.3","MQTT","97","Publish Message (id=1883) [Deviceb'Device - 2']"
"314681","1916.904890851","192.168.15.3","192.168.15.4","MQTT","70","Connect Ack"
"314684","1916.907303707","192.168.15.3","192.168.15.4","MQTT","70","Publish Ack (id=1883)"
"314686","1916.907793000","192.168.15.4","192.168.15.3","MQTT","68","Disconnect Req"
"314699","1917.913184484","192.168.15.4","192.168.15.3","MQTT","90","Connect Command"
"314701","1917.915534261","192.168.15.4","192.168.15.3","MQTT","97","Publish Message (id=1884) [Deviceb'Device - 2']"
"314703","1917.919880707","192.168.15.3","192.168.15.4","MQTT","70","Connect Ack"
"314705","1917.922365237","192.168.15.3","192.168.15.4","MQTT","70","Publish Ack (id=1884)"
"314707","1917.923081199","192.168.15.4","192.168.15.3","MQTT","68","Disconnect Req"
"314723","1918.927466347","192.168.15.4","192.168.15.3","MQTT","90","Connect Command"
"314725","1918.930233892","192.168.15.4","192.168.15.3","MQTT","97","Publish Message (id=1885) [Deviceb'Device - 2']"
"314726","1918.930506536","192.168.15.3","192.168.15.4","MQTT","70","Connect Ack"
"314729","1918.933108188","192.168.15.3","192.168.15.4","MQTT","70","Publish Ack (id=1885)"
"314731","1918.933646805","192.168.15.4","192.168.15.3","MQTT","68","Disconnect Req"
"314748","1919.937375887","192.168.15.4","192.168.15.3","MQTT","90","Connect Command"
"314750","1919.940080092","192.168.15.4","192.168.15.3","MQTT","97","Publish Message (id=1886) [Deviceb'Device - 2']"
"314751","1919.940485527","192.168.15.3","192.168.15.4","MQTT","70","Connect Ack"
"314754","1919.942971431","192.168.15.3","192.168.15.4","MQTT","70","Publish Ack (id=1886)"
"314756","1919.943739200","192.168.15.4","192.168.15.3","MQTT","68","Disconnect Req"
"314770","1920.947397914","192.168.15.4","192.168.15.3","MQTT","90","Connect Command"
"314772","1920.950247243","192.168.15.4","192.168.15.3","MQTT","97","Publish Message (id=1887) [Deviceb'Device - 2']"
"314773","1920.950676533","192.168.15.3","192.168.15.4","MQTT","70","Connect Ack"
"314776","1920.953143872","192.168.15.3","192.168.15.4","MQTT","70","Publish Ack (id=1887)"
"314778","1920.953812464","192.168.15.4","192.168.15.3","MQTT","68","Disconnect Req"
"314790","1921.958331615","192.168.15.4","192.168.15.3","MQTT","90","Connect Command"
"314792","1921.961203397","192.168.15.4","192.168.15.3","MQTT","97","Publish Message (id=1888) [Deviceb'Device - 2']"
"314793","1921.961577163","192.168.15.3","192.168.15.4","MQTT","70","Connect Ack"
"314796","1921.963924384","192.168.15.3","192.168.15.4","MQTT","70","Publish Ack (id=1888)"
"314798","1921.964556628","192.168.15.4","192.168.15.3","MQTT","68","Disconnect Req"
"314810","1922.968712458","192.168.15.4","192.168.15.3","MQTT","90","Connect Command"
"314812","1922.971597825","192.168.15.4","192.168.15.3","MQTT","97","Publish Message (id=1889) [Deviceb'Device - 2']"
"314814","1922.975949581","192.168.15.3","192.168.15.4","MQTT","70","Connect Ack"
"314816","1922.981770260","192.168.15.3","192.168.15.4","MQTT","70","Publish Ack (id=1889)"
"314818","1922.982280453","192.168.15.4","192.168.15.3","MQTT","68","Disconnect Req"
"314832","1923.986432489","192.168.15.4","192.168.15.3","MQTT","90","Connect Command"
"314834","1923.989323336","192.168.15.4","192.168.15.3","MQTT","97","Publish Message (id=1890) [Deviceb'Device - 2']"
"314835","1923.989718573","192.168.15.3","192.168.15.4","MQTT","70","Connect Ack"
"314838","1923.992164090","192.168.15.3","192.168.15.4","MQTT","70","Publish Ack (id=1890)"
"314840","1923.992721271","192.168.15.4","192.168.15.3","MQTT","68","Disconnect Req"
"314859","1924.997564577","192.168.15.4","192.168.15.3","MQTT","90","Connect Command"
"314861","1925.000277048","192.168.15.4","192.168.15.3","MQTT","97","Publish Message (id=1891) [Deviceb'Device - 2']"
"314862","1925.000723841","192.168.15.3","192.168.15.4","MQTT","70","Connect Ack"
"314865","1925.003186240","192.168.15.3","192.168.15.4","MQTT","70","Publish Ack (id=1891)"
"314867","1925.003755835","192.168.15.4","192.168.15.3","MQTT","68","Disconnect Req"
"316239","1926.011993352","192.168.15.4","192.168.15.3","MQTT","90","Connect Command"
"316311","1926.018586480","192.168.15.4","192.168.15.3","MQTT","97","Publish Message (id=1892) [Deviceb'Device - 2']"
"316323","1926.019619189","192.168.15.3","192.168.15.4","MQTT","70","Connect Ack"
"316372","1926.024054262","192.168.15.3","192.168.15.4","MQTT","70","Publish Ack (id=1892)"
"316380","1926.024763141","192.168.15.4","192.168.15.3","MQTT","68","Disconnect Req"
"317119","1927.029299454","192.168.15.4","192.168.15.3","MQTT","90","Connect Command"
"317121","1927.032240417","192.168.15.4","192.168.15.3","MQTT","97","Publish Message (id=1893) [Deviceb'Device - 2']"
"317122","1927.032641173","192.168.15.3","192.168.15.4","MQTT","70","Connect Ack"
"317125","1927.035102781","192.168.15.3","192.168.15.4","MQTT","70","Publish Ack (id=1893)"
"317127","1927.035700289","192.168.15.4","192.168.15.3","MQTT","68","Disconnect Req"
"317140","1928.039314765","192.168.15.4","192.168.15.3","MQTT","90","Connect Command"
"317142","1928.042093261","192.168.15.4","192.168.15.3","MQTT","97","Publish Message (id=1894) [Deviceb'Device - 2']"
"317144","1928.046811899","192.168.15.3","192.168.15.4","MQTT","70","Connect Ack"
"317146","1928.049440382","192.168.15.3","192.168.15.4","MQTT","70","Publish Ack (id=1894)"
"317148","1928.050135645","192.168.15.4","192.168.15.3","MQTT","68","Disconnect Req"
"317164","1929.054398449","192.168.15.4","192.168.15.3","MQTT","90","Connect Command"
"317166","1929.057105059","192.168.15.4","192.168.15.3","MQTT","97","Publish Message (id=1895) [Deviceb'Device - 2']"
"317167","1929.057532767","192.168.15.3","192.168.15.4","MQTT","70","Connect Ack"
"317170","1929.060382758","192.168.15.3","192.168.15.4","MQTT","70","Publish Ack (id=1895)"
"317172","1929.060907939","192.168.15.4","192.168.15.3","MQTT","68","Disconnect Req"
"317187","1930.065288379","192.168.15.4","192.168.15.3","MQTT","90","Connect Command"
"317189","1930.068009577","192.168.15.4","192.168.15.3","MQTT","97","Publish Message (id=1896) [Deviceb'Device - 2']"
"317190","1930.068409562","192.168.15.3","192.168.15.4","MQTT","70","Connect Ack"
"317193","1930.070830262","192.168.15.3","192.168.15.4","MQTT","70","Publish Ack (id=1896)"
"317195","1930.071427940","192.168.15.4","192.168.15.3","MQTT","68","Disconnect Req"
"317219","1931.075909627","192.168.15.4","192.168.15.3","MQTT","90","Connect Command"
"317221","1931.078806546","192.168.15.4","192.168.15.3","MQTT","97","Publish Message (id=1897) [Deviceb'Device - 2']"
"317222","1931.079151698","192.168.15.3","192.168.15.4","MQTT","70","Connect Ack"
"317225","1931.081397177","192.168.15.3","192.168.15.4","MQTT","70","Publish Ack (id=1897)"
"317227","1931.082005065","192.168.15.4","192.168.15.3","MQTT","68","Disconnect Req"
"317239","1932.089845545","192.168.15.4","192.168.15.3","MQTT","90","Connect Command"
"317241","1932.092710183","192.168.15.4","192.168.15.3","MQTT","97","Publish Message (id=1898) [Deviceb'Device - 2']"
"317242","1932.093078328","192.168.15.3","192.168.15.4","MQTT","70","Connect Ack"
"317245","1932.095572487","192.168.15.3","192.168.15.4","MQTT","70","Publish Ack (id=1898)"
"317247","1932.096130250","192.168.15.4","192.168.15.3","MQTT","68","Disconnect Req"
"317263","1933.100247446","192.168.15.4","192.168.15.3","MQTT","90","Connect Command"
"317265","1933.103187877","192.168.15.4","192.168.15.3","MQTT","97","Publish Message (id=1899) [Deviceb'Device - 2']"
"317267","1933.107565622","192.168.15.3","192.168.15.4","MQTT","70","Connect Ack"
"317269","1933.109924756","192.168.15.3","192.168.15.4","MQTT","70","Publish Ack (id=1899)"
"317271","1933.110565105","192.168.15.4","192.168.15.3","MQTT","68","Disconnect Req"
"317287","1934.114926915","192.168.15.4","192.168.15.3","MQTT","90","Connect Command"
"317289","1934.117788818","192.168.15.4","192.168.15.3","MQTT","97","Publish Message (id=1900) [Deviceb'Device - 2']"
"317290","1934.118207068","192.168.15.3","192.168.15.4","MQTT","70","Connect Ack"
"317293","1934.120622077","192.168.15.3","192.168.15.4","MQTT","70","Publish Ack (id=1900)"
"317295","1934.121215418","192.168.15.4","192.168.15.3","MQTT","68","Disconnect Req"
"317310","1935.125771278","192.168.15.4","192.168.15.3","MQTT","90","Connect Command"
"317312","1935.128655623","192.168.15.4","192.168.15.3","MQTT","97","Publish Message (id=1901) [Deviceb'Device - 2']"
"317313","1935.129051851","192.168.15.3","192.168.15.4","MQTT","70","Connect Ack"
"317316","1935.131516815","192.168.15.3","192.168.15.4","MQTT","70","Publish Ack (id=1901)"
"317318","1935.132158486","192.168.15.4","192.168.15.3","MQTT","68","Disconnect Req"
"317331","1936.136411368","192.168.15.4","192.168.15.3","MQTT","90","Connect Command"
"317333","1936.139266930","192.168.15.4","192.168.15.3","MQTT","97","Publish Message (id=1902) [Deviceb'Device - 2']"
"317334","1936.139680450","192.168.15.3","192.168.15.4","MQTT","70","Connect Ack"
"317337","1936.142649245","192.168.15.3","192.168.15.4","MQTT","70","Publish Ack (id=1902)"
"317339","1936.143537262","192.168.15.4","192.168.15.3","MQTT","68","Disconnect Req"
"317347","1937.147586603","192.168.15.4","192.168.15.3","MQTT","90","Connect Command"
"317349","1937.150467793","192.168.15.4","192.168.15.3","MQTT","97","Publish Message (id=1903) [Deviceb'Device - 2']"
"317350","1937.151338397","192.168.15.3","192.168.15.4","MQTT","70","Connect Ack"
"317353","1937.153203317","192.168.15.3","192.168.15.4","MQTT","70","Publish Ack (id=1903)"
"317355","1937.153963042","192.168.15.4","192.168.15.3","MQTT","68","Disconnect Req"
"317368","1938.158543130","192.168.15.4","192.168.15.3","MQTT","90","Connect Command"
"317370","1938.162311374","192.168.15.4","192.168.15.3","MQTT","97","Publish Message (id=1904) [Deviceb'Device - 2']"
"317372","1938.165834886","192.168.15.3","192.168.15.4","MQTT","70","Connect Ack"
"317374","1938.168172660","192.168.15.3","192.168.15.4","MQTT","70","Publish Ack (id=1904)"
"317376","1938.168921223","192.168.15.4","192.168.15.3","MQTT","68","Disconnect Req"
"317390","1939.172609311","192.168.15.4","192.168.15.3","MQTT","90","Connect Command"
"317392","1939.175453421","192.168.15.4","192.168.15.3","MQTT","97","Publish Message (id=1905) [Deviceb'Device - 2']"
"317393","1939.175868845","192.168.15.3","192.168.15.4","MQTT","70","Connect Ack"
"317396","1939.178240843","192.168.15.3","192.168.15.4","MQTT","70","Publish Ack (id=1905)"
"317398","1939.178988174","192.168.15.4","192.168.15.3","MQTT","68","Disconnect Req"
"317413","1940.182791243","192.168.15.4","192.168.15.3","MQTT","90","Connect Command"
"317415","1940.185718921","192.168.15.4","192.168.15.3","MQTT","97","Publish Message (id=1906) [Deviceb'Device - 2']"
"317416","1940.186082387","192.168.15.3","192.168.15.4","MQTT","70","Connect Ack"
"317419","1940.188582938","192.168.15.3","192.168.15.4","MQTT","70","Publish Ack (id=1906)"
"317421","1940.189389040","192.168.15.4","192.168.15.3","MQTT","68","Disconnect Req"
"317433","1941.193310095","192.168.15.4","192.168.15.3","MQTT","90","Connect Command"
"317435","1941.197824207","192.168.15.4","192.168.15.3","MQTT","97","Publish Message (id=1907) [Deviceb'Device - 2']"
"317436","1941.198255932","192.168.15.3","192.168.15.4","MQTT","70","Connect Ack"
"317439","1941.200630806","192.168.15.3","192.168.15.4","MQTT","70","Publish Ack (id=1907)"
"317441","1941.201407272","192.168.15.4","192.168.15.3","MQTT","68","Disconnect Req"
"319310","1942.205035908","192.168.15.4","192.168.15.3","MQTT","90","Connect Command"
"319312","1942.207930192","192.168.15.4","192.168.15.3","MQTT","97","Publish Message (id=1908) [Deviceb'Device - 2']"
"319313","1942.208358340","192.168.15.3","192.168.15.4","MQTT","70","Connect Ack"
"319316","1942.210851287","192.168.15.3","192.168.15.4","MQTT","70","Publish Ack (id=1908)"
"319318","1942.211668950","192.168.15.4","192.168.15.3","MQTT","68","Disconnect Req"
"319327","1943.215835906","192.168.15.4","192.168.15.3","MQTT","90","Connect Command"
"319329","1943.220438635","192.168.15.4","192.168.15.3","MQTT","97","Publish Message (id=1909) [Deviceb'Device - 2']"
"319331","1943.224326796","192.168.15.3","192.168.15.4","MQTT","70","Connect Ack"
"319333","1943.226599717","192.168.15.3","192.168.15.4","MQTT","70","Publish Ack (id=1909)"
"319335","1943.226936984","192.168.15.4","192.168.15.3","MQTT","68","Disconnect Req"
"319351","1944.230494351","192.168.15.4","192.168.15.3","MQTT","90","Connect Command"
"319353","1944.233899169","192.168.15.3","192.168.15.4","MQTT","70","Connect Ack"
"319354","1944.233924467","192.168.15.4","192.168.15.3","MQTT","97","Publish Message (id=1910) [Deviceb'Device - 2']"
"319357","1944.236664500","192.168.15.3","192.168.15.4","MQTT","70","Publish Ack (id=1910)"
"319359","1944.236947034","192.168.15.4","192.168.15.3","MQTT","68","Disconnect Req"
"319383","1945.241056280","192.168.15.4","192.168.15.3","MQTT","90","Connect Command"
"319385","1945.244117028","192.168.15.4","192.168.15.3","MQTT","97","Publish Message (id=1911) [Deviceb'Device - 2']"
"319386","1945.244486766","192.168.15.3","192.168.15.4","MQTT","70","Connect Ack"
"319389","1945.247469367","192.168.15.3","192.168.15.4","MQTT","70","Publish Ack (id=1911)"
"319391","1945.247783120","192.168.15.4","192.168.15.3","MQTT","68","Disconnect Req"
"319403","1946.252185450","192.168.15.4","192.168.15.3","MQTT","90","Connect Command"
"319405","1946.255044168","192.168.15.4","192.168.15.3","MQTT","97","Publish Message (id=1912) [Deviceb'Device - 2']"
"319406","1946.255452318","192.168.15.3","192.168.15.4","MQTT","70","Connect Ack"
"319409","1946.258020687","192.168.15.3","192.168.15.4","MQTT","70","Publish Ack (id=1912)"
"319411","1946.258370949","192.168.15.4","192.168.15.3","MQTT","68","Disconnect Req"
"319419","1947.262139116","192.168.15.4","192.168.15.3","MQTT","90","Connect Command"
"319421","1947.265040655","192.168.15.4","192.168.15.3","MQTT","97","Publish Message (id=1913) [Deviceb'Device - 2']"
"319423","1947.265449416","192.168.15.3","192.168.15.4","MQTT","70","Connect Ack"
"319426","1947.267997216","192.168.15.3","192.168.15.4","MQTT","70","Publish Ack (id=1913)"
"319428","1947.268324815","192.168.15.4","192.168.15.3","MQTT","68","Disconnect Req"
"319440","1948.272241888","192.168.15.4","192.168.15.3","MQTT","90","Connect Command"
"319442","1948.275154617","192.168.15.4","192.168.15.3","MQTT","97","Publish Message (id=1914) [Deviceb'Device - 2']"
"319444","1948.279537573","192.168.15.3","192.168.15.4","MQTT","70","Connect Ack"
"319446","1948.281896185","192.168.15.3","192.168.15.4","MQTT","70","Publish Ack (id=1914)"
"319448","1948.282687289","192.168.15.4","192.168.15.3","MQTT","68","Disconnect Req"
"319460","1949.287323003","192.168.15.4","192.168.15.3","MQTT","90","Connect Command"
"319462","1949.290183884","192.168.15.4","192.168.15.3","MQTT","97","Publish Message (id=1915) [Deviceb'Device - 2']"
"319463","1949.290588578","192.168.15.3","192.168.15.4","MQTT","70","Connect Ack"
"319466","1949.292943234","192.168.15.3","192.168.15.4","MQTT","70","Publish Ack (id=1915)"
"319468","1949.293736702","192.168.15.4","192.168.15.3","MQTT","68","Disconnect Req"
"319483","1950.298099173","192.168.15.4","192.168.15.3","MQTT","90","Connect Command"
"319485","1950.300972308","192.168.15.4","192.168.15.3","MQTT","97","Publish Message (id=1916) [Deviceb'Device - 2']"
"319486","1950.301378234","192.168.15.3","192.168.15.4","MQTT","70","Connect Ack"
"319489","1950.303805367","192.168.15.3","192.168.15.4","MQTT","70","Publish Ack (id=1916)"
"319491","1950.304460954","192.168.15.4","192.168.15.3","MQTT","68","Disconnect Req"
"319506","1951.308548750","192.168.15.4","192.168.15.3","MQTT","90","Connect Command"
"319508","1951.311438707","192.168.15.4","192.168.15.3","MQTT","97","Publish Message (id=1917) [Deviceb'Device - 2']"
"319509","1951.311814226","192.168.15.3","192.168.15.4","MQTT","70","Connect Ack"
"319512","1951.314816775","192.168.15.3","192.168.15.4","MQTT","70","Publish Ack (id=1917)"
"319514","1951.315378475","192.168.15.4","192.168.15.3","MQTT","68","Disconnect Req"
"319526","1952.320038285","192.168.15.4","192.168.15.3","MQTT","90","Connect Command"
"319528","1952.323451740","192.168.15.4","192.168.15.3","MQTT","97","Publish Message (id=1918) [Deviceb'Device - 2']"
"319529","1952.323836396","192.168.15.3","192.168.15.4","MQTT","70","Connect Ack"
"319532","1952.326239703","192.168.15.3","192.168.15.4","MQTT","70","Publish Ack (id=1918)"
"319534","1952.326941528","192.168.15.4","192.168.15.3","MQTT","68","Disconnect Req"
"319546","1953.330690351","192.168.15.4","192.168.15.3","MQTT","90","Connect Command"
"319548","1953.333525293","192.168.15.4","192.168.15.3","MQTT","97","Publish Message (id=1919) [Deviceb'Device - 2']"
"319550","1953.337858455","192.168.15.3","192.168.15.4","MQTT","70","Connect Ack"
"319552","1953.340038170","192.168.15.3","192.168.15.4","MQTT","70","Publish Ack (id=1919)"
"319554","1953.340707453","192.168.15.4","192.168.15.3","MQTT","68","Disconnect Req"
"319566","1954.345107601","192.168.15.4","192.168.15.3","MQTT","90","Connect Command"
"319568","1954.348015912","192.168.15.4","192.168.15.3","MQTT","97","Publish Message (id=1920) [Deviceb'Device - 2']"
"319569","1954.348426026","192.168.15.3","192.168.15.4","MQTT","70","Connect Ack"
"319572","1954.350764771","192.168.15.3","192.168.15.4","MQTT","70","Publish Ack (id=1920)"
"319574","1954.351307586","192.168.15.4","192.168.15.3","MQTT","68","Disconnect Req"
"319611","1955.354818377","192.168.15.4","192.168.15.3","MQTT","90","Connect Command"
"319613","1955.357679819","192.168.15.4","192.168.15.3","MQTT","97","Publish Message (id=1921) [Deviceb'Device - 2']"
"319614","1955.358062241","192.168.15.3","192.168.15.4","MQTT","70","Connect Ack"
"319617","1955.360501507","192.168.15.3","192.168.15.4","MQTT","70","Publish Ack (id=1921)"
"319619","1955.360998145","192.168.15.4","192.168.15.3","MQTT","68","Disconnect Req"
"319633","1956.365069679","192.168.15.4","192.168.15.3","MQTT","90","Connect Command"
"319635","1956.367975355","192.168.15.4","192.168.15.3","MQTT","97","Publish Message (id=1922) [Deviceb'Device - 2']"
"319636","1956.368382373","192.168.15.3","192.168.15.4","MQTT","70","Connect Ack"
"319639","1956.370796241","192.168.15.3","192.168.15.4","MQTT","70","Publish Ack (id=1922)"
"319641","1956.371447831","192.168.15.4","192.168.15.3","MQTT","68","Disconnect Req"
"319653","1957.375747807","192.168.15.4","192.168.15.3","MQTT","90","Connect Command"
"319655","1957.378602136","192.168.15.4","192.168.15.3","MQTT","97","Publish Message (id=1923) [Deviceb'Device - 2']"
"319656","1957.379024754","192.168.15.3","192.168.15.4","MQTT","70","Connect Ack"
"319659","1957.381432750","192.168.15.3","192.168.15.4","MQTT","70","Publish Ack (id=1923)"
"319661","1957.382238362","192.168.15.4","192.168.15.3","MQTT","68","Disconnect Req"
"321884","1958.385900340","192.168.15.4","192.168.15.3","MQTT","90","Connect Command"
"321887","1958.388794764","192.168.15.4","192.168.15.3","MQTT","97","Publish Message (id=1924) [Deviceb'Device - 2']"
"321889","1958.393345607","192.168.15.3","192.168.15.4","MQTT","70","Connect Ack"
"321891","1958.395610763","192.168.15.3","192.168.15.4","MQTT","70","Publish Ack (id=1924)"
"321893","1958.396154119","192.168.15.4","192.168.15.3","MQTT","68","Disconnect Req"
"321907","1959.400003513","192.168.15.4","192.168.15.3","MQTT","90","Connect Command"
"321909","1959.402843976","192.168.15.4","192.168.15.3","MQTT","97","Publish Message (id=1925) [Deviceb'Device - 2']"
"321910","1959.403215357","192.168.15.3","192.168.15.4","MQTT","70","Connect Ack"
"321913","1959.405667247","192.168.15.3","192.168.15.4","MQTT","70","Publish Ack (id=1925)"
"321915","1959.406427763","192.168.15.4","192.168.15.3","MQTT","68","Disconnect Req"
"321931","1960.410590743","192.168.15.4","192.168.15.3","MQTT","90","Connect Command"
"321933","1960.413500697","192.168.15.4","192.168.15.3","MQTT","97","Publish Message (id=1926) [Deviceb'Device - 2']"
"321934","1960.413930378","192.168.15.3","192.168.15.4","MQTT","70","Connect Ack"
"321937","1960.416390693","192.168.15.3","192.168.15.4","MQTT","70","Publish Ack (id=1926)"
"321939","1960.416954528","192.168.15.4","192.168.15.3","MQTT","68","Disconnect Req"
"321951","1961.421114095","192.168.15.4","192.168.15.3","MQTT","90","Connect Command"
"321953","1961.424515107","192.168.15.4","192.168.15.3","MQTT","97","Publish Message (id=1927) [Deviceb'Device - 2']"
"321954","1961.424528512","192.168.15.3","192.168.15.4","MQTT","70","Connect Ack"
"321957","1961.427191460","192.168.15.3","192.168.15.4","MQTT","70","Publish Ack (id=1927)"
"321959","1961.427943880","192.168.15.4","192.168.15.3","MQTT","68","Disconnect Req"
"321971","1962.432210656","192.168.15.4","192.168.15.3","MQTT","90","Connect Command"
"321973","1962.435076687","192.168.15.4","192.168.15.3","MQTT","97","Publish Message (id=1928) [Deviceb'Device - 2']"
"321974","1962.435504966","192.168.15.3","192.168.15.4","MQTT","70","Connect Ack"
"321977","1962.437862006","192.168.15.3","192.168.15.4","MQTT","70","Publish Ack (id=1928)"
"321979","1962.438594299","192.168.15.4","192.168.15.3","MQTT","68","Disconnect Req"
"321994","1963.442613819","192.168.15.4","192.168.15.3","MQTT","90","Connect Command"
"321996","1963.445456817","192.168.15.4","192.168.15.3","MQTT","97","Publish Message (id=1929) [Deviceb'Device - 2']"
"321998","1963.449879297","192.168.15.3","192.168.15.4","MQTT","70","Connect Ack"
"322000","1963.452269169","192.168.15.3","192.168.15.4","MQTT","70","Publish Ack (id=1929)"
"322002","1963.452815050","192.168.15.4","192.168.15.3","MQTT","68","Disconnect Req"
"322017","1964.456990920","192.168.15.4","192.168.15.3","MQTT","90","Connect Command"
"322019","1964.459843917","192.168.15.4","192.168.15.3","MQTT","97","Publish Message (id=1930) [Deviceb'Device - 2']"
"322020","1964.460249442","192.168.15.3","192.168.15.4","MQTT","70","Connect Ack"
"322023","1964.462621340","192.168.15.3","192.168.15.4","MQTT","70","Publish Ack (id=1930)"
"322025","1964.463418876","192.168.15.4","192.168.15.3","MQTT","68","Disconnect Req"
"322037","1965.467681174","192.168.15.4","192.168.15.3","MQTT","90","Connect Command"
"322039","1965.470584967","192.168.15.4","192.168.15.3","MQTT","97","Publish Message (id=1931) [Deviceb'Device - 2']"
"322040","1965.471091603","192.168.15.3","192.168.15.4","MQTT","70","Connect Ack"
"322043","1965.473421793","192.168.15.3","192.168.15.4","MQTT","70","Publish Ack (id=1931)"
"322045","1965.474162161","192.168.15.4","192.168.15.3","MQTT","68","Disconnect Req"
"322057","1966.477991662","192.168.15.4","192.168.15.3","MQTT","90","Connect Command"
"322059","1966.480874004","192.168.15.4","192.168.15.3","MQTT","97","Publish Message (id=1932) [Deviceb'Device - 2']"
"322060","1966.481230517","192.168.15.3","192.168.15.4","MQTT","70","Connect Ack"
"322063","1966.483727492","192.168.15.3","192.168.15.4","MQTT","70","Publish Ack (id=1932)"
"322065","1966.484588317","192.168.15.4","192.168.15.3","MQTT","68","Disconnect Req"
"322073","1967.488597304","192.168.15.4","192.168.15.3","MQTT","90","Connect Command"
"322075","1967.491090731","192.168.15.4","192.168.15.3","MQTT","97","Publish Message (id=1933) [Deviceb'Device - 2']"
"322076","1967.491501777","192.168.15.3","192.168.15.4","MQTT","70","Connect Ack"
"322079","1967.493980307","192.168.15.3","192.168.15.4","MQTT","70","Publish Ack (id=1933)"
"322081","1967.494783724","192.168.15.4","192.168.15.3","MQTT","68","Disconnect Req"
"322094","1968.498873465","192.168.15.4","192.168.15.3","MQTT","90","Connect Command"
"322096","1968.503525879","192.168.15.4","192.168.15.3","MQTT","97","Publish Message (id=1934) [Deviceb'Device - 2']"
"322097","1968.506010260","192.168.15.3","192.168.15.4","MQTT","70","Connect Ack"
"322100","1968.508364305","192.168.15.3","192.168.15.4","MQTT","70","Publish Ack (id=1934)"
"322102","1968.509323727","192.168.15.4","192.168.15.3","MQTT","68","Disconnect Req"
"322117","1969.513086871","192.168.15.4","192.168.15.3","MQTT","90","Connect Command"
"322119","1969.516430815","192.168.15.4","192.168.15.3","MQTT","97","Publish Message (id=1935) [Deviceb'Device - 2']"
"322120","1969.516765366","192.168.15.3","192.168.15.4","MQTT","70","Connect Ack"
"322123","1969.519294983","192.168.15.3","192.168.15.4","MQTT","70","Publish Ack (id=1935)"
"322125","1969.520122194","192.168.15.4","192.168.15.3","MQTT","68","Disconnect Req"
"322137","1970.524827361","192.168.15.4","192.168.15.3","MQTT","90","Connect Command"
"322139","1970.527692541","192.168.15.4","192.168.15.3","MQTT","97","Publish Message (id=1936) [Deviceb'Device - 2']"
"322140","1970.528129436","192.168.15.3","192.168.15.4","MQTT","70","Connect Ack"
"322143","1970.530498699","192.168.15.3","192.168.15.4","MQTT","70","Publish Ack (id=1936)"
"322145","1970.531262020","192.168.15.4","192.168.15.3","MQTT","68","Disconnect Req"
"322157","1971.535823713","192.168.15.4","192.168.15.3","MQTT","90","Connect Command"
"322159","1971.538759325","192.168.15.4","192.168.15.3","MQTT","97","Publish Message (id=1937) [Deviceb'Device - 2']"
"322160","1971.539158800","192.168.15.3","192.168.15.4","MQTT","70","Connect Ack"
"322163","1971.541578708","192.168.15.3","192.168.15.4","MQTT","70","Publish Ack (id=1937)"
"322165","1971.542411821","192.168.15.4","192.168.15.3","MQTT","68","Disconnect Req"
"322177","1972.545855828","192.168.15.4","192.168.15.3","MQTT","90","Connect Command"
"322179","1972.548810566","192.168.15.4","192.168.15.3","MQTT","97","Publish Message (id=1938) [Deviceb'Device - 2']"
"322180","1972.549215661","192.168.15.3","192.168.15.4","MQTT","70","Connect Ack"
"322183","1972.551524290","192.168.15.3","192.168.15.4","MQTT","70","Publish Ack (id=1938)"
"322185","1972.552229912","192.168.15.4","192.168.15.3","MQTT","68","Disconnect Req"
"324068","1973.555865426","192.168.15.4","192.168.15.3","MQTT","90","Connect Command"
"324070","1973.558788916","192.168.15.4","192.168.15.3","MQTT","97","Publish Message (id=1939) [Deviceb'Device - 2']"
"324072","1973.563152915","192.168.15.3","192.168.15.4","MQTT","70","Connect Ack"
"324074","1973.565615425","192.168.15.3","192.168.15.4","MQTT","70","Publish Ack (id=1939)"
"324076","1973.565983029","192.168.15.4","192.168.15.3","MQTT","68","Disconnect Req"
"324091","1974.570183548","192.168.15.4","192.168.15.3","MQTT","90","Connect Command"
"324093","1974.573005125","192.168.15.4","192.168.15.3","MQTT","97","Publish Message (id=1940) [Deviceb'Device - 2']"
"324094","1974.573423075","192.168.15.3","192.168.15.4","MQTT","70","Connect Ack"
"324097","1974.575845328","192.168.15.3","192.168.15.4","MQTT","70","Publish Ack (id=1940)"
"324099","1974.576529710","192.168.15.4","192.168.15.3","MQTT","68","Disconnect Req"
"324143","1975.580580981","192.168.15.4","192.168.15.3","MQTT","90","Connect Command"
"324145","1975.583485525","192.168.15.4","192.168.15.3","MQTT","97","Publish Message (id=1941) [Deviceb'Device - 2']"
"324146","1975.583882294","192.168.15.3","192.168.15.4","MQTT","70","Connect Ack"
"324149","1975.586318193","192.168.15.3","192.168.15.4","MQTT","70","Publish Ack (id=1941)"
"324151","1975.586961147","192.168.15.4","192.168.15.3","MQTT","68","Disconnect Req"
"324161","1976.594632528","192.168.15.4","192.168.15.3","MQTT","90","Connect Command"
"324164","1976.597515561","192.168.15.4","192.168.15.3","MQTT","97","Publish Message (id=1942) [Deviceb'Device - 2']"
"324165","1976.597882664","192.168.15.3","192.168.15.4","MQTT","70","Connect Ack"
"324168","1976.600423191","192.168.15.3","192.168.15.4","MQTT","70","Publish Ack (id=1942)"
"324170","1976.601192353","192.168.15.4","192.168.15.3","MQTT","68","Disconnect Req"
"324186","1977.605168622","192.168.15.4","192.168.15.3","MQTT","90","Connect Command"
"324188","1977.608185398","192.168.15.4","192.168.15.3","MQTT","97","Publish Message (id=1943) [Deviceb'Device - 2']"
"324189","1977.608619748","192.168.15.3","192.168.15.4","MQTT","70","Connect Ack"
"324192","1977.611025831","192.168.15.3","192.168.15.4","MQTT","70","Publish Ack (id=1943)"
"324194","1977.611415708","192.168.15.4","192.168.15.3","MQTT","68","Disconnect Req"
"324208","1978.614858932","192.168.15.4","192.168.15.3","MQTT","90","Connect Command"
"324210","1978.617874345","192.168.15.4","192.168.15.3","MQTT","97","Publish Message (id=1944) [Deviceb'Device - 2']"
"324212","1978.622216133","192.168.15.3","192.168.15.4","MQTT","70","Connect Ack"
"324214","1978.624691046","192.168.15.3","192.168.15.4","MQTT","70","Publish Ack (id=1944)"
"324216","1978.625416306","192.168.15.4","192.168.15.3","MQTT","68","Disconnect Req"
"324232","1979.629390235","192.168.15.4","192.168.15.3","MQTT","90","Connect Command"
"324234","1979.632377165","192.168.15.4","192.168.15.3","MQTT","97","Publish Message (id=1945) [Deviceb'Device - 2']"
"324235","1979.632806185","192.168.15.3","192.168.15.4","MQTT","70","Connect Ack"
"324238","1979.635736067","192.168.15.3","192.168.15.4","MQTT","70","Publish Ack (id=1945)"
"324240","1979.636104803","192.168.15.4","192.168.15.3","MQTT","68","Disconnect Req"
"324253","1980.639964601","192.168.15.4","192.168.15.3","MQTT","90","Connect Command"
"324255","1980.642979714","192.168.15.4","192.168.15.3","MQTT","97","Publish Message (id=1946) [Deviceb'Device - 2']"
"324256","1980.643335315","192.168.15.3","192.168.15.4","MQTT","70","Connect Ack"
"324259","1980.645492989","192.168.15.3","192.168.15.4","MQTT","70","Publish Ack (id=1946)"
"324261","1980.646115615","192.168.15.4","192.168.15.3","MQTT","68","Disconnect Req"
"324273","1981.650011604","192.168.15.4","192.168.15.3","MQTT","90","Connect Command"
"324275","1981.653456038","192.168.15.4","192.168.15.3","MQTT","97","Publish Message (id=1947) [Deviceb'Device - 2']"
"324276","1981.653706661","192.168.15.3","192.168.15.4","MQTT","70","Connect Ack"
"324279","1981.656364710","192.168.15.3","192.168.15.4","MQTT","70","Publish Ack (id=1947)"
"324281","1981.656812686","192.168.15.4","192.168.15.3","MQTT","68","Disconnect Req"
"324293","1982.660673493","192.168.15.4","192.168.15.3","MQTT","90","Connect Command"
"324295","1982.663725035","192.168.15.4","192.168.15.3","MQTT","97","Publish Message (id=1948) [Deviceb'Device - 2']"
"324296","1982.664074695","192.168.15.3","192.168.15.4","MQTT","70","Connect Ack"
"324299","1982.666188096","192.168.15.3","192.168.15.4","MQTT","70","Publish Ack (id=1948)"
"324301","1982.666645610","192.168.15.4","192.168.15.3","MQTT","68","Disconnect Req"
"324309","1983.670710205","192.168.15.4","192.168.15.3","MQTT","90","Connect Command"
"324311","1983.673758160","192.168.15.4","192.168.15.3","MQTT","97","Publish Message (id=1949) [Deviceb'Device - 2']"
"324313","1983.677866748","192.168.15.3","192.168.15.4","MQTT","70","Connect Ack"
"324315","1983.680332012","192.168.15.3","192.168.15.4","MQTT","70","Publish Ack (id=1949)"
"324317","1983.680629274","192.168.15.4","192.168.15.3","MQTT","68","Disconnect Req"
"324340","1984.684618210","192.168.15.4","192.168.15.3","MQTT","90","Connect Command"
"324342","1984.687691844","192.168.15.4","192.168.15.3","MQTT","97","Publish Message (id=1950) [Deviceb'Device - 2']"
"324343","1984.688062664","192.168.15.3","192.168.15.4","MQTT","70","Connect Ack"
"324346","1984.690404706","192.168.15.3","192.168.15.4","MQTT","70","Publish Ack (id=1950)"
"324348","1984.690993348","192.168.15.4","192.168.15.3","MQTT","68","Disconnect Req"
"324362","1985.694325047","192.168.15.4","192.168.15.3","MQTT","90","Connect Command"
"324364","1985.697347203","192.168.15.4","192.168.15.3","MQTT","97","Publish Message (id=1951) [Deviceb'Device - 2']"
"324365","1985.697734074","192.168.15.3","192.168.15.4","MQTT","70","Connect Ack"
"324368","1985.699726486","192.168.15.3","192.168.15.4","MQTT","70","Publish Ack (id=1951)"
"324370","1985.700232291","192.168.15.4","192.168.15.3","MQTT","68","Disconnect Req"
"324382","1986.704240690","192.168.15.4","192.168.15.3","MQTT","90","Connect Command"
"324384","1986.707284197","192.168.15.4","192.168.15.3","MQTT","97","Publish Message (id=1952) [Deviceb'Device - 2']"
"324385","1986.707719489","192.168.15.3","192.168.15.4","MQTT","70","Connect Ack"
"324388","1986.709804405","192.168.15.3","192.168.15.4","MQTT","70","Publish Ack (id=1952)"
"324390","1986.710197177","192.168.15.4","192.168.15.3","MQTT","68","Disconnect Req"
"324408","1987.714134325","192.168.15.4","192.168.15.3","MQTT","90","Connect Command"
"324410","1987.717140542","192.168.15.4","192.168.15.3","MQTT","97","Publish Message (id=1953) [Deviceb'Device - 2']"
"324411","1987.717537311","192.168.15.3","192.168.15.4","MQTT","70","Connect Ack"
"324414","1987.719653827","192.168.15.3","192.168.15.4","MQTT","70","Publish Ack (id=1953)"
"324416","1987.720537115","192.168.15.4","192.168.15.3","MQTT","68","Disconnect Req"
"324429","1988.724153101","192.168.15.4","192.168.15.3","MQTT","90","Connect Command"
"324431","1988.727630356","192.168.15.4","192.168.15.3","MQTT","97","Publish Message (id=1954) [Deviceb'Device - 2']"
"324433","1988.731401407","192.168.15.3","192.168.15.4","MQTT","70","Connect Ack"
"324435","1988.733791339","192.168.15.3","192.168.15.4","MQTT","70","Publish Ack (id=1954)"
"324437","1988.734205070","192.168.15.4","192.168.15.3","MQTT","68","Disconnect Req"
"326658","1989.737966354","192.168.15.4","192.168.15.3","MQTT","90","Connect Command"
"326660","1989.741055988","192.168.15.4","192.168.15.3","MQTT","97","Publish Message (id=1955) [Deviceb'Device - 2']"
"326661","1989.741401230","192.168.15.3","192.168.15.4","MQTT","70","Connect Ack"
"326664","1989.743939552","192.168.15.3","192.168.15.4","MQTT","70","Publish Ack (id=1955)"
"326666","1989.744873897","192.168.15.4","192.168.15.3","MQTT","68","Disconnect Req"
"326678","1990.748309648","192.168.15.4","192.168.15.3","MQTT","90","Connect Command"
"326680","1990.751334610","192.168.15.4","192.168.15.3","MQTT","97","Publish Message (id=1956) [Deviceb'Device - 2']"
"326681","1990.751687366","192.168.15.3","192.168.15.4","MQTT","70","Connect Ack"
"326684","1990.754218976","192.168.15.3","192.168.15.4","MQTT","70","Publish Ack (id=1956)"
"326686","1990.754760699","192.168.15.4","192.168.15.3","MQTT","68","Disconnect Req"
"326710","1991.758282457","192.168.15.4","192.168.15.3","MQTT","90","Connect Command"
"326712","1991.761172985","192.168.15.4","192.168.15.3","MQTT","97","Publish Message (id=1957) [Deviceb'Device - 2']"
"326713","1991.761551911","192.168.15.3","192.168.15.4","MQTT","70","Connect Ack"
"326716","1991.764033587","192.168.15.3","192.168.15.4","MQTT","70","Publish Ack (id=1957)"
"326718","1991.764553188","192.168.15.4","192.168.15.3","MQTT","68","Disconnect Req"
"326730","1992.768629116","192.168.15.4","192.168.15.3","MQTT","90","Connect Command"
"326732","1992.771627237","192.168.15.4","192.168.15.3","MQTT","97","Publish Message (id=1958) [Deviceb'Device - 2']"
"326733","1992.771997255","192.168.15.3","192.168.15.4","MQTT","70","Connect Ack"
"326736","1992.774723633","192.168.15.3","192.168.15.4","MQTT","70","Publish Ack (id=1958)"
"326738","1992.775402655","192.168.15.4","192.168.15.3","MQTT","68","Disconnect Req"
"326746","1993.779529445","192.168.15.4","192.168.15.3","MQTT","90","Connect Command"
"326748","1993.782475247","192.168.15.4","192.168.15.3","MQTT","97","Publish Message (id=1959) [Deviceb'Device - 2']"
"326750","1993.786630382","192.168.15.3","192.168.15.4","MQTT","70","Connect Ack"
"326752","1993.789049590","192.168.15.3","192.168.15.4","MQTT","70","Publish Ack (id=1959)"
"326754","1993.789916487","192.168.15.4","192.168.15.3","MQTT","68","Disconnect Req"
"326773","1994.793428978","192.168.15.4","192.168.15.3","MQTT","90","Connect Command"
"326775","1994.796535974","192.168.15.4","192.168.15.3","MQTT","97","Publish Message (id=1960) [Deviceb'Device - 2']"
"326776","1994.796959915","192.168.15.3","192.168.15.4","MQTT","70","Connect Ack"
"326779","1994.799302999","192.168.15.3","192.168.15.4","MQTT","70","Publish Ack (id=1960)"
"326781","1994.799924292","192.168.15.4","192.168.15.3","MQTT","68","Disconnect Req"
"326794","1995.803764434","192.168.15.4","192.168.15.3","MQTT","90","Connect Command"
"326796","1995.806844319","192.168.15.4","192.168.15.3","MQTT","97","Publish Message (id=1961) [Deviceb'Device - 2']"
"326797","1995.807201684","192.168.15.3","192.168.15.4","MQTT","70","Connect Ack"
"326800","1995.809589423","192.168.15.3","192.168.15.4","MQTT","70","Publish Ack (id=1961)"
"326802","1995.810479052","192.168.15.4","192.168.15.3","MQTT","68","Disconnect Req"
"326814","1996.814031022","192.168.15.4","192.168.15.3","MQTT","90","Connect Command"
"326816","1996.817096471","192.168.15.4","192.168.15.3","MQTT","97","Publish Message (id=1962) [Deviceb'Device - 2']"
"326817","1996.817505543","192.168.15.3","192.168.15.4","MQTT","70","Connect Ack"
"326820","1996.819470884","192.168.15.3","192.168.15.4","MQTT","70","Publish Ack (id=1962)"
"326822","1996.819990024","192.168.15.4","192.168.15.3","MQTT","68","Disconnect Req"
"326835","1997.823572590","192.168.15.4","192.168.15.3","MQTT","90","Connect Command"
"326838","1997.826632517","192.168.15.4","192.168.15.3","MQTT","97","Publish Message (id=1963) [Deviceb'Device - 2']"
"326839","1997.827018937","192.168.15.3","192.168.15.4","MQTT","70","Connect Ack"
"326842","1997.829567689","192.168.15.3","192.168.15.4","MQTT","70","Publish Ack (id=1963)"
"326844","1997.830465344","192.168.15.4","192.168.15.3","MQTT","68","Disconnect Req"
"326855","1998.834051657","192.168.15.4","192.168.15.3","MQTT","90","Connect Command"
"326857","1998.837088692","192.168.15.4","192.168.15.3","MQTT","97","Publish Message (id=1964) [Deviceb'Device - 2']"
"326859","1998.841326524","192.168.15.3","192.168.15.4","MQTT","70","Connect Ack"
"326861","1998.843715966","192.168.15.3","192.168.15.4","MQTT","70","Publish Ack (id=1964)"
"326863","1998.844097075","192.168.15.4","192.168.15.3","MQTT","68","Disconnect Req"
"326878","1999.848073148","192.168.15.4","192.168.15.3","MQTT","90","Connect Command"
"326880","1999.850987931","192.168.15.4","192.168.15.3","MQTT","97","Publish Message (id=1965) [Deviceb'Device - 2']"
"326881","1999.851323415","192.168.15.3","192.168.15.4","MQTT","70","Connect Ack"
"326884","1999.853485818","192.168.15.3","192.168.15.4","MQTT","70","Publish Ack (id=1965)"
"326886","1999.854243037","192.168.15.4","192.168.15.3","MQTT","68","Disconnect Req"
"326904","2000.858335504","192.168.15.4","192.168.15.3","MQTT","90","Connect Command"
"326906","2000.864432627","192.168.15.4","192.168.15.3","MQTT","97","Publish Message (id=1966) [Deviceb'Device - 2']"
"326907","2000.864823615","192.168.15.3","192.168.15.4","MQTT","70","Connect Ack"
"326910","2000.867211995","192.168.15.3","192.168.15.4","MQTT","70","Publish Ack (id=1966)"
"326912","2000.867852614","192.168.15.4","192.168.15.3","MQTT","68","Disconnect Req"
"326926","2001.871613340","192.168.15.4","192.168.15.3","MQTT","90","Connect Command"
"326928","2001.874686272","192.168.15.4","192.168.15.3","MQTT","97","Publish Message (id=1967) [Deviceb'Device - 2']"
"326929","2001.875025483","192.168.15.3","192.168.15.4","MQTT","70","Connect Ack"
"326932","2001.877187185","192.168.15.3","192.168.15.4","MQTT","70","Publish Ack (id=1967)"
"326934","2001.878074470","192.168.15.4","192.168.15.3","MQTT","68","Disconnect Req"
"326950","2002.881530692","192.168.15.4","192.168.15.3","MQTT","90","Connect Command"
"326952","2002.884582114","192.168.15.4","192.168.15.3","MQTT","97","Publish Message (id=1968) [Deviceb'Device - 2']"
"326953","2002.884933106","192.168.15.3","192.168.15.4","MQTT","70","Connect Ack"
"326956","2002.887044954","192.168.15.3","192.168.15.4","MQTT","70","Publish Ack (id=1968)"
"326958","2002.887821831","192.168.15.4","192.168.15.3","MQTT","68","Disconnect Req"
"326972","2003.891425283","192.168.15.4","192.168.15.3","MQTT","90","Connect Command"
"326974","2003.894453321","192.168.15.4","192.168.15.3","MQTT","97","Publish Message (id=1969) [Deviceb'Device - 2']"
"326976","2003.898653101","192.168.15.3","192.168.15.4","MQTT","70","Connect Ack"
"326978","2003.900955939","192.168.15.3","192.168.15.4","MQTT","70","Publish Ack (id=1969)"
"326980","2003.901338311","192.168.15.4","192.168.15.3","MQTT","68","Disconnect Req"
"326995","2004.905757678","192.168.15.4","192.168.15.3","MQTT","90","Connect Command"
"326997","2004.908659878","192.168.15.4","192.168.15.3","MQTT","97","Publish Message (id=1970) [Deviceb'Device - 2']"
"326998","2004.909094288","192.168.15.3","192.168.15.4","MQTT","70","Connect Ack"
"327001","2004.911772515","192.168.15.3","192.168.15.4","MQTT","70","Publish Ack (id=1970)"
"327003","2004.912421591","192.168.15.4","192.168.15.3","MQTT","68","Disconnect Req"
"328298","2005.915983019","192.168.15.4","192.168.15.3","MQTT","90","Connect Command"
"328300","2005.918935534","192.168.15.4","192.168.15.3","MQTT","97","Publish Message (id=1971) [Deviceb'Device - 2']"
"328301","2005.919294973","192.168.15.3","192.168.15.4","MQTT","70","Connect Ack"
"328304","2005.921817075","192.168.15.3","192.168.15.4","MQTT","70","Publish Ack (id=1971)"
"328306","2005.922756960","192.168.15.4","192.168.15.3","MQTT","68","Disconnect Req"
"328317","2006.926780317","192.168.15.4","192.168.15.3","MQTT","90","Connect Command"
"328319","2006.929740827","192.168.15.4","192.168.15.3","MQTT","97","Publish Message (id=1972) [Deviceb'Device - 2']"
"328320","2006.930099514","192.168.15.3","192.168.15.4","MQTT","70","Connect Ack"
"328323","2006.932251868","192.168.15.3","192.168.15.4","MQTT","70","Publish Ack (id=1972)"
"328325","2006.933125197","192.168.15.4","192.168.15.3","MQTT","68","Disconnect Req"
"328337","2007.937299390","192.168.15.4","192.168.15.3","MQTT","90","Connect Command"
"328339","2007.940262556","192.168.15.4","192.168.15.3","MQTT","97","Publish Message (id=1973) [Deviceb'Device - 2']"
"328340","2007.940634297","192.168.15.3","192.168.15.4","MQTT","70","Connect Ack"
"328344","2007.943035561","192.168.15.3","192.168.15.4","MQTT","70","Publish Ack (id=1973)"
"328346","2007.943951030","192.168.15.4","192.168.15.3","MQTT","68","Disconnect Req"
"328358","2008.947580958","192.168.15.4","192.168.15.3","MQTT","90","Connect Command"
"328360","2008.953974561","192.168.15.4","192.168.15.3","MQTT","97","Publish Message (id=1974) [Deviceb'Device - 2']"
"328362","2008.958103617","192.168.15.3","192.168.15.4","MQTT","70","Connect Ack"
"328364","2008.960382520","192.168.15.3","192.168.15.4","MQTT","70","Publish Ack (id=1974)"
"328366","2008.960685863","192.168.15.4","192.168.15.3","MQTT","68","Disconnect Req"
"328381","2009.964975740","192.168.15.4","192.168.15.3","MQTT","90","Connect Command"
"328383","2009.967936220","192.168.15.4","192.168.15.3","MQTT","97","Publish Message (id=1975) [Deviceb'Device - 2']"
"328384","2009.968333129","192.168.15.3","192.168.15.4","MQTT","70","Connect Ack"
"328387","2009.970419799","192.168.15.3","192.168.15.4","MQTT","70","Publish Ack (id=1975)"
"328389","2009.971273662","192.168.15.4","192.168.15.3","MQTT","68","Disconnect Req"
"328405","2010.975421634","192.168.15.4","192.168.15.3","MQTT","90","Connect Command"
"328407","2010.978156528","192.168.15.4","192.168.15.3","MQTT","97","Publish Message (id=1976) [Deviceb'Device - 2']"
"328408","2010.978542708","192.168.15.3","192.168.15.4","MQTT","70","Connect Ack"
"328411","2010.981018432","192.168.15.3","192.168.15.4","MQTT","70","Publish Ack (id=1976)"
"328413","2010.981826548","192.168.15.4","192.168.15.3","MQTT","68","Disconnect Req"
"328427","2011.986968192","192.168.15.4","192.168.15.3","MQTT","90","Connect Command"
"328429","2011.991546296","192.168.15.4","192.168.15.3","MQTT","97","Publish Message (id=1977) [Deviceb'Device - 2']"
"328430","2011.991919160","192.168.15.3","192.168.15.4","MQTT","70","Connect Ack"
"328433","2011.994104537","192.168.15.3","192.168.15.4","MQTT","70","Publish Ack (id=1977)"
"328435","2011.994969089","192.168.15.4","192.168.15.3","MQTT","68","Disconnect Req"
"328463","2012.999104306","192.168.15.4","192.168.15.3","MQTT","90","Connect Command"
"328465","2013.001616961","192.168.15.4","192.168.15.3","MQTT","97","Publish Message (id=1978) [Deviceb'Device - 2']"
"328466","2013.001992600","192.168.15.3","192.168.15.4","MQTT","70","Connect Ack"
"328469","2013.004509062","192.168.15.3","192.168.15.4","MQTT","70","Publish Ack (id=1978)"
"328471","2013.005113713","192.168.15.4","192.168.15.3","MQTT","68","Disconnect Req"
"328483","2014.009412640","192.168.15.4","192.168.15.3","MQTT","90","Connect Command"
"328485","2014.012309901","192.168.15.4","192.168.15.3","MQTT","97","Publish Message (id=1979) [Deviceb'Device - 2']"
"328487","2014.016549586","192.168.15.3","192.168.15.4","MQTT","70","Connect Ack"
"328489","2014.018871661","192.168.15.3","192.168.15.4","MQTT","70","Publish Ack (id=1979)"
"328491","2014.019221692","192.168.15.4","192.168.15.3","MQTT","68","Disconnect Req"
"328533","2015.022893478","192.168.15.4","192.168.15.3","MQTT","90","Connect Command"
"328535","2015.025813592","192.168.15.4","192.168.15.3","MQTT","97","Publish Message (id=1980) [Deviceb'Device - 2']"
"328536","2015.026225700","192.168.15.3","192.168.15.4","MQTT","70","Connect Ack"
"328539","2015.028578884","192.168.15.3","192.168.15.4","MQTT","70","Publish Ack (id=1980)"
"328541","2015.029443486","192.168.15.4","192.168.15.3","MQTT","68","Disconnect Req"
"330874","2016.033892664","192.168.15.4","192.168.15.3","MQTT","90","Connect Command"
"330876","2016.036849166","192.168.15.4","192.168.15.3","MQTT","97","Publish Message (id=1981) [Deviceb'Device - 2']"
"330877","2016.037228423","192.168.15.3","192.168.15.4","MQTT","70","Connect Ack"
"330880","2016.039588900","192.168.15.3","192.168.15.4","MQTT","70","Publish Ack (id=1981)"
"330882","2016.040270507","192.168.15.4","192.168.15.3","MQTT","68","Disconnect Req"
"330891","2017.045017258","192.168.15.4","192.168.15.3","MQTT","90","Connect Command"
"330893","2017.047874123","192.168.15.4","192.168.15.3","MQTT","97","Publish Message (id=1982) [Deviceb'Device - 2']"
"330894","2017.048288856","192.168.15.3","192.168.15.4","MQTT","70","Connect Ack"
"330897","2017.051077772","192.168.15.3","192.168.15.4","MQTT","70","Publish Ack (id=1982)"
"330899","2017.051960549","192.168.15.4","192.168.15.3","MQTT","68","Disconnect Req"
"330908","2018.056183536","192.168.15.4","192.168.15.3","MQTT","90","Connect Command"
"330910","2018.059115492","192.168.15.4","192.168.15.3","MQTT","97","Publish Message (id=1983) [Deviceb'Device - 2']"
"330911","2018.059493135","192.168.15.3","192.168.15.4","MQTT","70","Connect Ack"
"330914","2018.062032129","192.168.15.3","192.168.15.4","MQTT","70","Publish Ack (id=1983)"
"330916","2018.062728514","192.168.15.4","192.168.15.3","MQTT","68","Disconnect Req"
"330924","2019.075559076","192.168.15.4","192.168.15.3","MQTT","90","Connect Command"
"330926","2019.078316393","192.168.15.4","192.168.15.3","MQTT","97","Publish Message (id=1984) [Deviceb'Device - 2']"
"330928","2019.082547633","192.168.15.3","192.168.15.4","MQTT","70","Connect Ack"
"330930","2019.084966159","192.168.15.3","192.168.15.4","MQTT","70","Publish Ack (id=1984)"
"330932","2019.085331730","192.168.15.4","192.168.15.3","MQTT","68","Disconnect Req"
"330950","2020.089541769","192.168.15.4","192.168.15.3","MQTT","90","Connect Command"
"330952","2020.091960115","192.168.15.4","192.168.15.3","MQTT","97","Publish Message (id=1985) [Deviceb'Device - 2']"
"330953","2020.092301310","192.168.15.3","192.168.15.4","MQTT","70","Connect Ack"
"330956","2020.094932758","192.168.15.3","192.168.15.4","MQTT","70","Publish Ack (id=1985)"
"330958","2020.095640795","192.168.15.4","192.168.15.3","MQTT","68","Disconnect Req"
"330970","2021.100199043","192.168.15.4","192.168.15.3","MQTT","90","Connect Command"
"330972","2021.103083399","192.168.15.4","192.168.15.3","MQTT","97","Publish Message (id=1986) [Deviceb'Device - 2']"
"330973","2021.103523260","192.168.15.3","192.168.15.4","MQTT","70","Connect Ack"
"330976","2021.105593178","192.168.15.3","192.168.15.4","MQTT","70","Publish Ack (id=1986)"
"330978","2021.106497916","192.168.15.4","192.168.15.3","MQTT","68","Disconnect Req"
"330990","2022.110830402","192.168.15.4","192.168.15.3","MQTT","90","Connect Command"
"330992","2022.113725880","192.168.15.4","192.168.15.3","MQTT","97","Publish Message (id=1987) [Deviceb'Device - 2']"
"330993","2022.114149219","192.168.15.3","192.168.15.4","MQTT","70","Connect Ack"
"330996","2022.116695928","192.168.15.3","192.168.15.4","MQTT","70","Publish Ack (id=1987)"
"330998","2022.117373036","192.168.15.4","192.168.15.3","MQTT","68","Disconnect Req"
"331010","2023.121681280","192.168.15.4","192.168.15.3","MQTT","90","Connect Command"
"331012","2023.124619087","192.168.15.4","192.168.15.3","MQTT","97","Publish Message (id=1988) [Deviceb'Device - 2']"
"331013","2023.124946736","192.168.15.3","192.168.15.4","MQTT","70","Connect Ack"
"331016","2023.127055838","192.168.15.3","192.168.15.4","MQTT","70","Publish Ack (id=1988)"
"331018","2023.127818027","192.168.15.4","192.168.15.3","MQTT","68","Disconnect Req"
"331038","2024.131927008","192.168.15.4","192.168.15.3","MQTT","90","Connect Command"
"331040","2024.134821914","192.168.15.4","192.168.15.3","MQTT","97","Publish Message (id=1989) [Deviceb'Device - 2']"
"331042","2024.139019811","192.168.15.3","192.168.15.4","MQTT","70","Connect Ack"
"331044","2024.141411988","192.168.15.3","192.168.15.4","MQTT","70","Publish Ack (id=1989)"
"331046","2024.142049091","192.168.15.4","192.168.15.3","MQTT","68","Disconnect Req"
"331063","2025.146452711","192.168.15.4","192.168.15.3","MQTT","90","Connect Command"
"331065","2025.149337849","192.168.15.4","192.168.15.3","MQTT","97","Publish Message (id=1990) [Deviceb'Device - 2']"
"331066","2025.149727174","192.168.15.3","192.168.15.4","MQTT","70","Connect Ack"
"331069","2025.152104503","192.168.15.3","192.168.15.4","MQTT","70","Publish Ack (id=1990)"
"331071","2025.152811868","192.168.15.4","192.168.15.3","MQTT","68","Disconnect Req"
"331083","2026.156221204","192.168.15.4","192.168.15.3","MQTT","90","Connect Command"
"331085","2026.159149182","192.168.15.4","192.168.15.3","MQTT","97","Publish Message (id=1991) [Deviceb'Device - 2']"
"331086","2026.159561090","192.168.15.3","192.168.15.4","MQTT","70","Connect Ack"
"331089","2026.161938850","192.168.15.3","192.168.15.4","MQTT","70","Publish Ack (id=1991)"
"331091","2026.162542991","192.168.15.4","192.168.15.3","MQTT","68","Disconnect Req"
"331103","2027.166614568","192.168.15.4","192.168.15.3","MQTT","90","Connect Command"
"331105","2027.169652304","192.168.15.4","192.168.15.3","MQTT","97","Publish Message (id=1992) [Deviceb'Device - 2']"
"331106","2027.170010981","192.168.15.3","192.168.15.4","MQTT","70","Connect Ack"
"331109","2027.172487327","192.168.15.3","192.168.15.4","MQTT","70","Publish Ack (id=1992)"
"331111","2027.173308127","192.168.15.4","192.168.15.3","MQTT","68","Disconnect Req"
"331126","2028.176829330","192.168.15.4","192.168.15.3","MQTT","90","Connect Command"
"331128","2028.179896832","192.168.15.4","192.168.15.3","MQTT","97","Publish Message (id=1993) [Deviceb'Device - 2']"
"331129","2028.181034130","192.168.15.3","192.168.15.4","MQTT","70","Connect Ack"
"331132","2028.184306499","192.168.15.3","192.168.15.4","MQTT","70","Publish Ack (id=1993)"
"331134","2028.184726462","192.168.15.4","192.168.15.3","MQTT","68","Disconnect Req"
"331144","2029.188694040","192.168.15.4","192.168.15.3","MQTT","90","Connect Command"
"331146","2029.191711448","192.168.15.4","192.168.15.3","MQTT","97","Publish Message (id=1994) [Deviceb'Device - 2']"
"331148","2029.195955963","192.168.15.3","192.168.15.4","MQTT","70","Connect Ack"
"331150","2029.198261486","192.168.15.3","192.168.15.4","MQTT","70","Publish Ack (id=1994)"
"331152","2029.198594725","192.168.15.4","192.168.15.3","MQTT","68","Disconnect Req"
"331169","2030.203080877","192.168.15.4","192.168.15.3","MQTT","90","Connect Command"
"331171","2030.205787327","192.168.15.4","192.168.15.3","MQTT","97","Publish Message (id=1995) [Deviceb'Device - 2']"
"331172","2030.206177414","192.168.15.3","192.168.15.4","MQTT","70","Connect Ack"
"331175","2030.208580822","192.168.15.3","192.168.15.4","MQTT","70","Publish Ack (id=1995)"
"331177","2030.210427820","192.168.15.4","192.168.15.3","MQTT","68","Disconnect Req"
"331200","2031.214869610","192.168.15.4","192.168.15.3","MQTT","90","Connect Command"
"331202","2031.217785777","192.168.15.4","192.168.15.3","MQTT","97","Publish Message (id=1996) [Deviceb'Device - 2']"
"331203","2031.218121711","192.168.15.3","192.168.15.4","MQTT","70","Connect Ack"
"331206","2031.220279786","192.168.15.3","192.168.15.4","MQTT","70","Publish Ack (id=1996)"
"331208","2031.221074567","192.168.15.4","192.168.15.3","MQTT","68","Disconnect Req"
"332981","2032.225313307","192.168.15.4","192.168.15.3","MQTT","90","Connect Command"
"332983","2032.228230987","192.168.15.4","192.168.15.3","MQTT","97","Publish Message (id=1997) [Deviceb'Device - 2']"
"332984","2032.228586258","192.168.15.3","192.168.15.4","MQTT","70","Connect Ack"
"332987","2032.231041554","192.168.15.3","192.168.15.4","MQTT","70","Publish Ack (id=1997)"
"332989","2032.231711990","192.168.15.4","192.168.15.3","MQTT","68","Disconnect Req"
"333003","2033.236355698","192.168.15.4","192.168.15.3","MQTT","90","Connect Command"
"333005","2033.259216586","192.168.15.3","192.168.15.4","MQTT","70","Connect Ack"
"333006","2033.259247644","192.168.15.4","192.168.15.3","MQTT","97","Publish Message (id=1998) [Deviceb'Device - 2']"
"333009","2033.261749228","192.168.15.3","192.168.15.4","MQTT","70","Publish Ack (id=1998)"
"333011","2033.262488805","192.168.15.4","192.168.15.3","MQTT","68","Disconnect Req"
"333025","2034.266032860","192.168.15.4","192.168.15.3","MQTT","90","Connect Command"
"333027","2034.268929469","192.168.15.4","192.168.15.3","MQTT","97","Publish Message (id=1999) [Deviceb'Device - 2']"
"333029","2034.273156191","192.168.15.3","192.168.15.4","MQTT","70","Connect Ack"
"333031","2034.275546114","192.168.15.3","192.168.15.4","MQTT","70","Publish Ack (id=1999)"
"333033","2034.275979742","192.168.15.4","192.168.15.3","MQTT","68","Disconnect Req"
"333048","2035.279870906","192.168.15.4","192.168.15.3","MQTT","90","Connect Command"
"333050","2035.282590371","192.168.15.4","192.168.15.3","MQTT","97","Publish Message (id=2000) [Deviceb'Device - 2']"
"333051","2035.283018399","192.168.15.3","192.168.15.4","MQTT","70","Connect Ack"
"333054","2035.285452465","192.168.15.3","192.168.15.4","MQTT","70","Publish Ack (id=2000)"
"333056","2035.285840728","192.168.15.4","192.168.15.3","MQTT","68","Disconnect Req"
"333068","2036.289280142","192.168.15.4","192.168.15.3","MQTT","90","Connect Command"
"333070","2036.292283123","192.168.15.4","192.168.15.3","MQTT","97","Publish Message (id=2001) [Deviceb'Device - 2']"
"333071","2036.292603177","192.168.15.3","192.168.15.4","MQTT","70","Connect Ack"
"333074","2036.295031873","192.168.15.3","192.168.15.4","MQTT","70","Publish Ack (id=2001)"
"333076","2036.295366255","192.168.15.4","192.168.15.3","MQTT","68","Disconnect Req"
"333090","2037.299664272","192.168.15.4","192.168.15.3","MQTT","90","Connect Command"
"333092","2037.302592592","192.168.15.4","192.168.15.3","MQTT","97","Publish Message (id=2002) [Deviceb'Device - 2']"
"333093","2037.302977559","192.168.15.3","192.168.15.4","MQTT","70","Connect Ack"
"333096","2037.305367511","192.168.15.3","192.168.15.4","MQTT","70","Publish Ack (id=2002)"
"333098","2037.306110134","192.168.15.4","192.168.15.3","MQTT","68","Disconnect Req"
"333111","2038.309649012","192.168.15.4","192.168.15.3","MQTT","90","Connect Command"
"333113","2038.312438399","192.168.15.4","192.168.15.3","MQTT","97","Publish Message (id=2003) [Deviceb'Device - 2']"
"333114","2038.312799892","192.168.15.3","192.168.15.4","MQTT","70","Connect Ack"
"333117","2038.315269565","192.168.15.3","192.168.15.4","MQTT","70","Publish Ack (id=2003)"
"333119","2038.315602794","192.168.15.4","192.168.15.3","MQTT","68","Disconnect Req"
"333128","2039.319934683","192.168.15.4","192.168.15.3","MQTT","90","Connect Command"
"333130","2039.322844037","192.168.15.4","192.168.15.3","MQTT","97","Publish Message (id=2004) [Deviceb'Device - 2']"
"333132","2039.327086087","192.168.15.3","192.168.15.4","MQTT","70","Connect Ack"
"333134","2039.329378225","192.168.15.3","192.168.15.4","MQTT","70","Publish Ack (id=2004)"
"333136","2039.329758553","192.168.15.4","192.168.15.3","MQTT","68","Disconnect Req"
"333154","2040.334210903","192.168.15.4","192.168.15.3","MQTT","90","Connect Command"
"333156","2040.345501634","192.168.15.4","192.168.15.3","MQTT","97","Publish Message (id=2005) [Deviceb'Device - 2']"
"333157","2040.345864228","192.168.15.3","192.168.15.4","MQTT","70","Connect Ack"
"333160","2040.348321278","192.168.15.3","192.168.15.4","MQTT","70","Publish Ack (id=2005)"
"333162","2040.348691176","192.168.15.4","192.168.15.3","MQTT","68","Disconnect Req"
"333174","2041.352418710","192.168.15.4","192.168.15.3","MQTT","90","Connect Command"
"333176","2041.355358972","192.168.15.4","192.168.15.3","MQTT","97","Publish Message (id=2006) [Deviceb'Device - 2']"
"333177","2041.355756322","192.168.15.3","192.168.15.4","MQTT","70","Connect Ack"
"333180","2041.358247987","192.168.15.3","192.168.15.4","MQTT","70","Publish Ack (id=2006)"
"333182","2041.358782366","192.168.15.4","192.168.15.3","MQTT","68","Disconnect Req"
"333194","2042.362599602","192.168.15.4","192.168.15.3","MQTT","90","Connect Command"
"333196","2042.365351819","192.168.15.4","192.168.15.3","MQTT","97","Publish Message (id=2007) [Deviceb'Device - 2']"
"333197","2042.365737717","192.168.15.3","192.168.15.4","MQTT","70","Connect Ack"
"333200","2042.368811772","192.168.15.3","192.168.15.4","MQTT","70","Publish Ack (id=2007)"
"333202","2042.369323118","192.168.15.4","192.168.15.3","MQTT","68","Disconnect Req"
"333214","2043.373803759","192.168.15.4","192.168.15.3","MQTT","90","Connect Command"
"333216","2043.376554864","192.168.15.4","192.168.15.3","MQTT","97","Publish Message (id=2008) [Deviceb'Device - 2']"
"333217","2043.376822750","192.168.15.3","192.168.15.4","MQTT","70","Connect Ack"
"333220","2043.379305959","192.168.15.3","192.168.15.4","MQTT","70","Publish Ack (id=2008)"
"333222","2043.379798189","192.168.15.4","192.168.15.3","MQTT","68","Disconnect Req"
"333238","2044.383584983","192.168.15.4","192.168.15.3","MQTT","90","Connect Command"
"333240","2044.386331219","192.168.15.4","192.168.15.3","MQTT","97","Publish Message (id=2009) [Deviceb'Device - 2']"
"333242","2044.390522253","192.168.15.3","192.168.15.4","MQTT","70","Connect Ack"
"333244","2044.393147360","192.168.15.3","192.168.15.4","MQTT","70","Publish Ack (id=2009)"
"333246","2044.393864414","192.168.15.4","192.168.15.3","MQTT","68","Disconnect Req"
"333273","2045.397593534","192.168.15.4","192.168.15.3","MQTT","90","Connect Command"
"333275","2045.400491746","192.168.15.4","192.168.15.3","MQTT","97","Publish Message (id=2010) [Deviceb'Device - 2']"
"333276","2045.400828482","192.168.15.3","192.168.15.4","MQTT","70","Connect Ack"
"333279","2045.403027434","192.168.15.3","192.168.15.4","MQTT","70","Publish Ack (id=2010)"
"333281","2045.403758996","192.168.15.4","192.168.15.3","MQTT","68","Disconnect Req"
"333313","2046.407815175","192.168.15.4","192.168.15.3","MQTT","90","Connect Command"
"333315","2046.410415445","192.168.15.4","192.168.15.3","MQTT","97","Publish Message (id=2011) [Deviceb'Device - 2']"
"333316","2046.411462232","192.168.15.3","192.168.15.4","MQTT","70","Connect Ack"
"333319","2046.413307917","192.168.15.3","192.168.15.4","MQTT","70","Publish Ack (id=2011)"
"333321","2046.414184202","192.168.15.4","192.168.15.3","MQTT","68","Disconnect Req"
"333342","2047.418308403","192.168.15.4","192.168.15.3","MQTT","90","Connect Command"
"333344","2047.421264605","192.168.15.4","192.168.15.3","MQTT","97","Publish Message (id=2012) [Deviceb'Device - 2']"
"333345","2047.421620918","192.168.15.3","192.168.15.4","MQTT","70","Connect Ack"
"333348","2047.424271773","192.168.15.3","192.168.15.4","MQTT","70","Publish Ack (id=2012)"
"333350","2047.424990731","192.168.15.4","192.168.15.3","MQTT","68","Disconnect Req"
"333363","2048.428886303","192.168.15.4","192.168.15.3","MQTT","90","Connect Command"
"333365","2048.431663076","192.168.15.4","192.168.15.3","MQTT","97","Publish Message (id=2013) [Deviceb'Device - 2']"
"333366","2048.432023317","192.168.15.3","192.168.15.4","MQTT","70","Connect Ack"
"333369","2048.434499262","192.168.15.3","192.168.15.4","MQTT","70","Publish Ack (id=2013)"
"333371","2048.435499601","192.168.15.4","192.168.15.3","MQTT","68","Disconnect Req"
"335130","2049.439626274","192.168.15.4","192.168.15.3","MQTT","90","Connect Command"
"335134","2049.442329608","192.168.15.4","192.168.15.3","MQTT","97","Publish Message (id=2014) [Deviceb'Device - 2']"
"335136","2049.446461491","192.168.15.3","192.168.15.4","MQTT","70","Connect Ack"
"335138","2049.448915956","192.168.15.3","192.168.15.4","MQTT","70","Publish Ack (id=2014)"
"335140","2049.449267139","192.168.15.4","192.168.15.3","MQTT","68","Disconnect Req"
"335148","2050.452932040","192.168.15.4","192.168.15.3","MQTT","90","Connect Command"
"335150","2050.455838559","192.168.15.4","192.168.15.3","MQTT","97","Publish Message (id=2015) [Deviceb'Device - 2']"
"335151","2050.456208938","192.168.15.3","192.168.15.4","MQTT","70","Connect Ack"
"335154","2050.458239362","192.168.15.3","192.168.15.4","MQTT","70","Publish Ack (id=2015)"
"335156","2050.459018784","192.168.15.4","192.168.15.3","MQTT","68","Disconnect Req"
"335180","2051.463481416","192.168.15.4","192.168.15.3","MQTT","90","Connect Command"
"335182","2051.466433922","192.168.15.4","192.168.15.3","MQTT","97","Publish Message (id=2016) [Deviceb'Device - 2']"
"335183","2051.466797658","192.168.15.3","192.168.15.4","MQTT","70","Connect Ack"
"335186","2051.468886423","192.168.15.3","192.168.15.4","MQTT","70","Publish Ack (id=2016)"
"335188","2051.469695240","192.168.15.4","192.168.15.3","MQTT","68","Disconnect Req"
"335200","2052.473710190","192.168.15.4","192.168.15.3","MQTT","90","Connect Command"
"335202","2052.476665461","192.168.15.4","192.168.15.3","MQTT","97","Publish Message (id=2017) [Deviceb'Device - 2']"
"335203","2052.477039347","192.168.15.3","192.168.15.4","MQTT","70","Connect Ack"
"335206","2052.479202692","192.168.15.3","192.168.15.4","MQTT","70","Publish Ack (id=2017)"
"335208","2052.479994928","192.168.15.4","192.168.15.3","MQTT","68","Disconnect Req"
"335220","2053.485077067","192.168.15.4","192.168.15.3","MQTT","90","Connect Command"
"335222","2053.496668445","192.168.15.4","192.168.15.3","MQTT","97","Publish Message (id=2018) [Deviceb'Device - 2']"
"335223","2053.497032783","192.168.15.3","192.168.15.4","MQTT","70","Connect Ack"
"335226","2053.499220384","192.168.15.3","192.168.15.4","MQTT","70","Publish Ack (id=2018)"
"335228","2053.500071581","192.168.15.4","192.168.15.3","MQTT","68","Disconnect Req"
"335243","2054.504508503","192.168.15.4","192.168.15.3","MQTT","90","Connect Command"
"335245","2054.509101597","192.168.15.4","192.168.15.3","MQTT","97","Publish Message (id=2019) [Deviceb'Device - 2']"
"335247","2054.513315174","192.168.15.3","192.168.15.4","MQTT","70","Connect Ack"
"335249","2054.515795257","192.168.15.3","192.168.15.4","MQTT","70","Publish Ack (id=2019)"
"335251","2054.516909451","192.168.15.4","192.168.15.3","MQTT","68","Disconnect Req"
"335264","2055.521137571","192.168.15.4","192.168.15.3","MQTT","90","Connect Command"
"335266","2055.525886649","192.168.15.4","192.168.15.3","MQTT","97","Publish Message (id=2020) [Deviceb'Device - 2']"
"335267","2055.526247661","192.168.15.3","192.168.15.4","MQTT","70","Connect Ack"
"335270","2055.528322860","192.168.15.3","192.168.15.4","MQTT","70","Publish Ack (id=2020)"
"335272","2055.528801684","192.168.15.4","192.168.15.3","MQTT","68","Disconnect Req"
"335284","2056.533191694","192.168.15.4","192.168.15.3","MQTT","90","Connect Command"
"335286","2056.536126115","192.168.15.4","192.168.15.3","MQTT","97","Publish Message (id=2021) [Deviceb'Device - 2']"
"335287","2056.536497737","192.168.15.3","192.168.15.4","MQTT","70","Connect Ack"
"335290","2056.538614254","192.168.15.3","192.168.15.4","MQTT","70","Publish Ack (id=2021)"
"335292","2056.539638969","192.168.15.4","192.168.15.3","MQTT","68","Disconnect Req"
"335301","2057.543936377","192.168.15.4","192.168.15.3","MQTT","90","Connect Command"
"335303","2057.546943967","192.168.15.4","192.168.15.3","MQTT","97","Publish Message (id=2022) [Deviceb'Device - 2']"
"335304","2057.547299588","192.168.15.3","192.168.15.4","MQTT","70","Connect Ack"
"335308","2057.549875111","192.168.15.3","192.168.15.4","MQTT","70","Publish Ack (id=2022)"
"335310","2057.550351822","192.168.15.4","192.168.15.3","MQTT","68","Disconnect Req"
"335321","2058.554367351","192.168.15.4","192.168.15.3","MQTT","90","Connect Command"
"335323","2058.557407011","192.168.15.4","192.168.15.3","MQTT","97","Publish Message (id=2023) [Deviceb'Device - 2']"
"335324","2058.557798420","192.168.15.3","192.168.15.4","MQTT","70","Connect Ack"
"335327","2058.563338933","192.168.15.3","192.168.15.4","MQTT","70","Publish Ack (id=2023)"
"335329","2058.563788141","192.168.15.4","192.168.15.3","MQTT","68","Disconnect Req"
"337122","2059.567502334","192.168.15.4","192.168.15.3","MQTT","90","Connect Command"
"337124","2059.570403723","192.168.15.4","192.168.15.3","MQTT","97","Publish Message (id=2024) [Deviceb'Device - 2']"
"337126","2059.574654510","192.168.15.3","192.168.15.4","MQTT","70","Connect Ack"
"337128","2059.577010399","192.168.15.3","192.168.15.4","MQTT","70","Publish Ack (id=2024)"
"337130","2059.577587769","192.168.15.4","192.168.15.3","MQTT","68","Disconnect Req"
"337142","2060.582070055","192.168.15.4","192.168.15.3","MQTT","90","Connect Command"
"337144","2060.584981092","192.168.15.4","192.168.15.3","MQTT","97","Publish Message (id=2025) [Deviceb'Device - 2']"
"337145","2060.585368143","192.168.15.3","192.168.15.4","MQTT","70","Connect Ack"
"337148","2060.587766562","192.168.15.3","192.168.15.4","MQTT","70","Publish Ack (id=2025)"
"337150","2060.588571131","192.168.15.4","192.168.15.3","MQTT","68","Disconnect Req"
"337162","2061.592601507","192.168.15.4","192.168.15.3","MQTT","90","Connect Command"
"337164","2061.595598707","192.168.15.4","192.168.15.3","MQTT","97","Publish Message (id=2026) [Deviceb'Device - 2']"
"337165","2061.595989966","192.168.15.3","192.168.15.4","MQTT","70","Connect Ack"
"337168","2061.598377594","192.168.15.3","192.168.15.4","MQTT","70","Publish Ack (id=2026)"
"337170","2061.599295958","192.168.15.4","192.168.15.3","MQTT","68","Disconnect Req"
"337189","2062.603702519","192.168.15.4","192.168.15.3","MQTT","90","Connect Command"
"337191","2062.608157401","192.168.15.4","192.168.15.3","MQTT","97","Publish Message (id=2027) [Deviceb'Device - 2']"
"337192","2062.608171258","192.168.15.3","192.168.15.4","MQTT","70","Connect Ack"
"337195","2062.611137599","192.168.15.3","192.168.15.4","MQTT","70","Publish Ack (id=2027)"
"337197","2062.611661138","192.168.15.4","192.168.15.3","MQTT","68","Disconnect Req"
"337205","2063.615962271","192.168.15.4","192.168.15.3","MQTT","90","Connect Command"
"337207","2063.618892354","192.168.15.4","192.168.15.3","MQTT","97","Publish Message (id=2028) [Deviceb'Device - 2']"
"337208","2063.619230653","192.168.15.3","192.168.15.4","MQTT","70","Connect Ack"
"337211","2063.621745492","192.168.15.3","192.168.15.4","MQTT","70","Publish Ack (id=2028)"
"337213","2063.622667844","192.168.15.4","192.168.15.3","MQTT","68","Disconnect Req"
"337236","2064.626455019","192.168.15.4","192.168.15.3","MQTT","90","Connect Command"
"337238","2064.629335589","192.168.15.4","192.168.15.3","MQTT","97","Publish Message (id=2029) [Deviceb'Device - 2']"
"337239","2064.629893432","192.168.15.3","192.168.15.4","MQTT","70","Connect Ack"
"337242","2064.631793270","192.168.15.3","192.168.15.4","MQTT","70","Publish Ack (id=2029)"
"337244","2064.632302621","192.168.15.4","192.168.15.3","MQTT","68","Disconnect Req"
"337256","2065.635684534","192.168.15.4","192.168.15.3","MQTT","90","Connect Command"
"337258","2065.638629625","192.168.15.4","192.168.15.3","MQTT","97","Publish Message (id=2030) [Deviceb'Device - 2']"
"337259","2065.638996959","192.168.15.3","192.168.15.4","MQTT","70","Connect Ack"
"337262","2065.641343881","192.168.15.3","192.168.15.4","MQTT","70","Publish Ack (id=2030)"
"337264","2065.641831351","192.168.15.4","192.168.15.3","MQTT","68","Disconnect Req"
"337276","2066.645481322","192.168.15.4","192.168.15.3","MQTT","90","Connect Command"
"337278","2066.648412527","192.168.15.4","192.168.15.3","MQTT","97","Publish Message (id=2031) [Deviceb'Device - 2']"
"337279","2066.648855043","192.168.15.3","192.168.15.4","MQTT","70","Connect Ack"
"337282","2066.650917968","192.168.15.3","192.168.15.4","MQTT","70","Publish Ack (id=2031)"
"337284","2066.651453480","192.168.15.4","192.168.15.3","MQTT","68","Disconnect Req"
"337300","2067.655588881","192.168.15.4","192.168.15.3","MQTT","90","Connect Command"
"337302","2067.658642828","192.168.15.4","192.168.15.3","MQTT","97","Publish Message (id=2032) [Deviceb'Device - 2']"
"337303","2067.659057451","192.168.15.3","192.168.15.4","MQTT","70","Connect Ack"
"337306","2067.661291831","192.168.15.3","192.168.15.4","MQTT","70","Publish Ack (id=2032)"
"337308","2067.661786695","192.168.15.4","192.168.15.3","MQTT","68","Disconnect Req"
"337321","2068.665865426","192.168.15.4","192.168.15.3","MQTT","90","Connect Command"
"337323","2068.668305874","192.168.15.4","192.168.15.3","MQTT","97","Publish Message (id=2033) [Deviceb'Device - 2']"
"337324","2068.668663009","192.168.15.3","192.168.15.4","MQTT","70","Connect Ack"
"337327","2068.671231389","192.168.15.3","192.168.15.4","MQTT","70","Publish Ack (id=2033)"
"337329","2068.671867049","192.168.15.4","192.168.15.3","MQTT","68","Disconnect Req"
"337350","2069.676076085","192.168.15.4","192.168.15.3","MQTT","90","Connect Command"
"337352","2069.678759683","192.168.15.4","192.168.15.3","MQTT","97","Publish Message (id=2034) [Deviceb'Device - 2']"
"337354","2069.682948973","192.168.15.3","192.168.15.4","MQTT","70","Connect Ack"
"337356","2069.685393089","192.168.15.3","192.168.15.4","MQTT","70","Publish Ack (id=2034)"
"337358","2069.685879197","192.168.15.4","192.168.15.3","MQTT","68","Disconnect Req"
"337370","2070.689230327","192.168.15.4","192.168.15.3","MQTT","90","Connect Command"
"337372","2070.692214492","192.168.15.4","192.168.15.3","MQTT","97","Publish Message (id=2035) [Deviceb'Device - 2']"
"337373","2070.692562509","192.168.15.3","192.168.15.4","MQTT","70","Connect Ack"
"337376","2070.695112835","192.168.15.3","192.168.15.4","MQTT","70","Publish Ack (id=2035)"
"337378","2070.695504905","192.168.15.4","192.168.15.3","MQTT","68","Disconnect Req"
"337390","2071.698871608","192.168.15.4","192.168.15.3","MQTT","90","Connect Command"
"337392","2071.701700981","192.168.15.4","192.168.15.3","MQTT","97","Publish Message (id=2036) [Deviceb'Device - 2']"
"337393","2071.702081951","192.168.15.3","192.168.15.4","MQTT","70","Connect Ack"
"337396","2071.705079842","192.168.15.3","192.168.15.4","MQTT","70","Publish Ack (id=2036)"
"337398","2071.705494215","192.168.15.4","192.168.15.3","MQTT","68","Disconnect Req"
"337410","2072.709510043","192.168.15.4","192.168.15.3","MQTT","90","Connect Command"
"337412","2072.712592033","192.168.15.4","192.168.15.3","MQTT","97","Publish Message (id=2037) [Deviceb'Device - 2']"
"337413","2072.713009171","192.168.15.3","192.168.15.4","MQTT","70","Connect Ack"
"337416","2072.715352436","192.168.15.3","192.168.15.4","MQTT","70","Publish Ack (id=2037)"
"337418","2072.715661079","192.168.15.4","192.168.15.3","MQTT","68","Disconnect Req"
"337430","2073.719544602","192.168.15.4","192.168.15.3","MQTT","90","Connect Command"
"337432","2073.722412788","192.168.15.4","192.168.15.3","MQTT","97","Publish Message (id=2038) [Deviceb'Device - 2']"
"337433","2073.722854082","192.168.15.3","192.168.15.4","MQTT","70","Connect Ack"
"337436","2073.725440616","192.168.15.3","192.168.15.4","MQTT","70","Publish Ack (id=2038)"
"337438","2073.725848276","192.168.15.4","192.168.15.3","MQTT","68","Disconnect Req"
"339602","2074.729521776","192.168.15.4","192.168.15.3","MQTT","90","Connect Command"
"339604","2074.732462339","192.168.15.4","192.168.15.3","MQTT","97","Publish Message (id=2039) [Deviceb'Device - 2']"
"339606","2074.736701684","192.168.15.3","192.168.15.4","MQTT","70","Connect Ack"
"339608","2074.738997169","192.168.15.3","192.168.15.4","MQTT","70","Publish Ack (id=2039)"
"339610","2074.739841524","192.168.15.4","192.168.15.3","MQTT","68","Disconnect Req"
"339633","2075.744185252","192.168.15.4","192.168.15.3","MQTT","90","Connect Command"
"339635","2075.747112260","192.168.15.4","192.168.15.3","MQTT","97","Publish Message (id=2040) [Deviceb'Device - 2']"
"339636","2075.747475907","192.168.15.3","192.168.15.4","MQTT","70","Connect Ack"
"339639","2075.750022806","192.168.15.3","192.168.15.4","MQTT","70","Publish Ack (id=2040)"
"339641","2075.750941992","192.168.15.4","192.168.15.3","MQTT","68","Disconnect Req"
"339653","2076.755204018","192.168.15.4","192.168.15.3","MQTT","90","Connect Command"
"339655","2076.758152015","192.168.15.4","192.168.15.3","MQTT","97","Publish Message (id=2041) [Deviceb'Device - 2']"
"339656","2076.758498479","192.168.15.3","192.168.15.4","MQTT","70","Connect Ack"
"339659","2076.761066689","192.168.15.3","192.168.15.4","MQTT","70","Publish Ack (id=2041)"
"339661","2076.762032803","192.168.15.4","192.168.15.3","MQTT","68","Disconnect Req"
"339675","2077.765871463","192.168.15.4","192.168.15.3","MQTT","90","Connect Command"
"339677","2077.768779785","192.168.15.4","192.168.15.3","MQTT","97","Publish Message (id=2042) [Deviceb'Device - 2']"
"339678","2077.769536614","192.168.15.3","192.168.15.4","MQTT","70","Connect Ack"
"339681","2077.771317277","192.168.15.3","192.168.15.4","MQTT","70","Publish Ack (id=2042)"
"339683","2077.771953188","192.168.15.4","192.168.15.3","MQTT","68","Disconnect Req"
"339696","2078.776363960","192.168.15.4","192.168.15.3","MQTT","90","Connect Command"
"339698","2078.779225433","192.168.15.4","192.168.15.3","MQTT","97","Publish Message (id=2043) [Deviceb'Device - 2']"
"339699","2078.779548564","192.168.15.3","192.168.15.4","MQTT","70","Connect Ack"
"339702","2078.781723140","192.168.15.3","192.168.15.4","MQTT","70","Publish Ack (id=2043)"
"339704","2078.782355304","192.168.15.4","192.168.15.3","MQTT","68","Disconnect Req"
"339719","2079.786158312","192.168.15.4","192.168.15.3","MQTT","90","Connect Command"
"339721","2079.789556710","192.168.15.4","192.168.15.3","MQTT","97","Publish Message (id=2044) [Deviceb'Device - 2']"
"339723","2079.794063861","192.168.15.3","192.168.15.4","MQTT","70","Connect Ack"
"339725","2079.796495924","192.168.15.3","192.168.15.4","MQTT","70","Publish Ack (id=2044)"
"339727","2079.796817802","192.168.15.4","192.168.15.3","MQTT","68","Disconnect Req"
"339739","2080.800983538","192.168.15.4","192.168.15.3","MQTT","90","Connect Command"
"339741","2080.803977562","192.168.15.4","192.168.15.3","MQTT","97","Publish Message (id=2045) [Deviceb'Device - 2']"
"339742","2080.804311092","192.168.15.3","192.168.15.4","MQTT","70","Connect Ack"
"339745","2080.807514521","192.168.15.3","192.168.15.4","MQTT","70","Publish Ack (id=2045)"
"339747","2080.807768741","192.168.15.4","192.168.15.3","MQTT","68","Disconnect Req"
"339759","2081.813344212","192.168.15.4","192.168.15.3","MQTT","90","Connect Command"
"339761","2081.824691350","192.168.15.4","192.168.15.3","MQTT","97","Publish Message (id=2046) [Deviceb'Device - 2']"
"339762","2081.825118026","192.168.15.3","192.168.15.4","MQTT","70","Connect Ack"
"339765","2081.827047079","192.168.15.3","192.168.15.4","MQTT","70","Publish Ack (id=2046)"
"339767","2081.827432156","192.168.15.4","192.168.15.3","MQTT","68","Disconnect Req"
"339779","2082.831834204","192.168.15.4","192.168.15.3","MQTT","90","Connect Command"
"339781","2082.834747495","192.168.15.4","192.168.15.3","MQTT","97","Publish Message (id=2047) [Deviceb'Device - 2']"
"339782","2082.835119127","192.168.15.3","192.168.15.4","MQTT","70","Connect Ack"
"339785","2082.837513048","192.168.15.3","192.168.15.4","MQTT","70","Publish Ack (id=2047)"
"339787","2082.838134461","192.168.15.4","192.168.15.3","MQTT","68","Disconnect Req"
"339799","2083.841991893","192.168.15.4","192.168.15.3","MQTT","90","Connect Command"
"339801","2083.844993672","192.168.15.4","192.168.15.3","MQTT","97","Publish Message (id=2048) [Deviceb'Device - 2']"
"339802","2083.845359543","192.168.15.3","192.168.15.4","MQTT","70","Connect Ack"
"339805","2083.847414052","192.168.15.3","192.168.15.4","MQTT","70","Publish Ack (id=2048)"
"339807","2083.847809780","192.168.15.4","192.168.15.3","MQTT","68","Disconnect Req"
"339818","2084.851861654","192.168.15.4","192.168.15.3","MQTT","90","Connect Command"
"339820","2084.854782900","192.168.15.4","192.168.15.3","MQTT","97","Publish Message (id=2049) [Deviceb'Device - 2']"
"339822","2084.858875048","192.168.15.3","192.168.15.4","MQTT","70","Connect Ack"
"339824","2084.861427007","192.168.15.3","192.168.15.4","MQTT","70","Publish Ack (id=2049)"
"339826","2084.862063549","192.168.15.4","192.168.15.3","MQTT","68","Disconnect Req"
"339848","2085.865653351","192.168.15.4","192.168.15.3","MQTT","90","Connect Command"
"339852","2085.868588615","192.168.15.4","192.168.15.3","MQTT","97","Publish Message (id=2050) [Deviceb'Device - 2']"
"339853","2085.869022203","192.168.15.3","192.168.15.4","MQTT","70","Connect Ack"
"339856","2085.871426674","192.168.15.3","192.168.15.4","MQTT","70","Publish Ack (id=2050)"
"339858","2085.872029673","192.168.15.4","192.168.15.3","MQTT","68","Disconnect Req"
"339870","2086.876871873","192.168.15.4","192.168.15.3","MQTT","90","Connect Command"
"339872","2086.879776458","192.168.15.4","192.168.15.3","MQTT","97","Publish Message (id=2051) [Deviceb'Device - 2']"
"339873","2086.880175542","192.168.15.3","192.168.15.4","MQTT","70","Connect Ack"
"339876","2086.882684119","192.168.15.3","192.168.15.4","MQTT","70","Publish Ack (id=2051)"
"339878","2086.883302757","192.168.15.4","192.168.15.3","MQTT","68","Disconnect Req"
"339890","2087.887493218","192.168.15.4","192.168.15.3","MQTT","90","Connect Command"
"339892","2087.890549529","192.168.15.4","192.168.15.3","MQTT","97","Publish Message (id=2052) [Deviceb'Device - 2']"
"339893","2087.890871828","192.168.15.3","192.168.15.4","MQTT","70","Connect Ack"
"339896","2087.893292609","192.168.15.3","192.168.15.4","MQTT","70","Publish Ack (id=2052)"
"339898","2087.893787885","192.168.15.4","192.168.15.3","MQTT","68","Disconnect Req"
"339911","2088.898302002","192.168.15.4","192.168.15.3","MQTT","90","Connect Command"
"339913","2088.901160200","192.168.15.4","192.168.15.3","MQTT","97","Publish Message (id=2053) [Deviceb'Device - 2']"
"339914","2088.901585873","192.168.15.3","192.168.15.4","MQTT","70","Connect Ack"
"339917","2088.903688103","192.168.15.3","192.168.15.4","MQTT","70","Publish Ack (id=2053)"
"339919","2088.904301071","192.168.15.4","192.168.15.3","MQTT","68","Disconnect Req"
"339940","2089.908689592","192.168.15.4","192.168.15.3","MQTT","90","Connect Command"
"339942","2089.911620668","192.168.15.4","192.168.15.3","MQTT","97","Publish Message (id=2054) [Deviceb'Device - 2']"
"339943","2089.912372748","192.168.15.3","192.168.15.4","MQTT","70","Connect Ack"
"339946","2089.914402261","192.168.15.3","192.168.15.4","MQTT","70","Publish Ack (id=2054)"
"339948","2089.915000821","192.168.15.4","192.168.15.3","MQTT","68","Disconnect Req"
"339957","2090.919589303","192.168.15.4","192.168.15.3","MQTT","90","Connect Command"
"339959","2090.922509187","192.168.15.4","192.168.15.3","MQTT","97","Publish Message (id=2055) [Deviceb'Device - 2']"
"339960","2090.922862926","192.168.15.3","192.168.15.4","MQTT","70","Connect Ack"
"339963","2090.925292985","192.168.15.3","192.168.15.4","MQTT","70","Publish Ack (id=2055)"
"339965","2090.925901965","192.168.15.4","192.168.15.3","MQTT","68","Disconnect Req"
"341737","2091.930257991","192.168.15.4","192.168.15.3","MQTT","90","Connect Command"
"341739","2091.933078396","192.168.15.4","192.168.15.3","MQTT","97","Publish Message (id=2056) [Deviceb'Device - 2']"
"341740","2091.933462742","192.168.15.3","192.168.15.4","MQTT","70","Connect Ack"
"341743","2091.935898833","192.168.15.3","192.168.15.4","MQTT","70","Publish Ack (id=2056)"
"341745","2091.936589768","192.168.15.4","192.168.15.3","MQTT","68","Disconnect Req"
"341754","2092.940795192","192.168.15.4","192.168.15.3","MQTT","90","Connect Command"
"341757","2092.943569933","192.168.15.4","192.168.15.3","MQTT","97","Publish Message (id=2057) [Deviceb'Device - 2']"
"341758","2092.943969908","192.168.15.3","192.168.15.4","MQTT","70","Connect Ack"
"341761","2092.946374189","192.168.15.3","192.168.15.4","MQTT","70","Publish Ack (id=2057)"
"341763","2092.947041749","192.168.15.4","192.168.15.3","MQTT","68","Disconnect Req"
"341774","2093.951539959","192.168.15.4","192.168.15.3","MQTT","90","Connect Command"
"341776","2093.954478608","192.168.15.4","192.168.15.3","MQTT","97","Publish Message (id=2058) [Deviceb'Device - 2']"
"341777","2093.954899503","192.168.15.3","192.168.15.4","MQTT","70","Connect Ack"
"341780","2093.956925359","192.168.15.3","192.168.15.4","MQTT","70","Publish Ack (id=2058)"
"341782","2093.957463195","192.168.15.4","192.168.15.3","MQTT","68","Disconnect Req"
"341797","2094.961997524","192.168.15.4","192.168.15.3","MQTT","90","Connect Command"
"341799","2094.964880829","192.168.15.4","192.168.15.3","MQTT","97","Publish Message (id=2059) [Deviceb'Device - 2']"
"341801","2094.968958229","192.168.15.3","192.168.15.4","MQTT","70","Connect Ack"
"341803","2094.971315460","192.168.15.3","192.168.15.4","MQTT","70","Publish Ack (id=2059)"
"341805","2094.972020241","192.168.15.4","192.168.15.3","MQTT","68","Disconnect Req"
"341819","2095.975838953","192.168.15.4","192.168.15.3","MQTT","90","Connect Command"
"341821","2095.978756392","192.168.15.4","192.168.15.3","MQTT","97","Publish Message (id=2060) [Deviceb'Device - 2']"
"341822","2095.979145757","192.168.15.3","192.168.15.4","MQTT","70","Connect Ack"
"341825","2095.981838543","192.168.15.3","192.168.15.4","MQTT","70","Publish Ack (id=2060)"
"341827","2095.982685212","192.168.15.4","192.168.15.3","MQTT","68","Disconnect Req"
"341863","2096.987009622","192.168.15.4","192.168.15.3","MQTT","90","Connect Command"
"341865","2096.989763553","192.168.15.4","192.168.15.3","MQTT","97","Publish Message (id=2061) [Deviceb'Device - 2']"
"341866","2096.990196590","192.168.15.3","192.168.15.4","MQTT","70","Connect Ack"
"341869","2096.992638051","192.168.15.3","192.168.15.4","MQTT","70","Publish Ack (id=2061)"
"341871","2096.993184583","192.168.15.4","192.168.15.3","MQTT","68","Disconnect Req"
"341883","2097.997339887","192.168.15.4","192.168.15.3","MQTT","90","Connect Command"
"341885","2098.000313663","192.168.15.4","192.168.15.3","MQTT","97","Publish Message (id=2062) [Deviceb'Device - 2']"
"341886","2098.000671929","192.168.15.3","192.168.15.4","MQTT","70","Connect Ack"
"341889","2098.003046193","192.168.15.3","192.168.15.4","MQTT","70","Publish Ack (id=2062)"
"341891","2098.003984696","192.168.15.4","192.168.15.3","MQTT","68","Disconnect Req"
"341905","2099.008616971","192.168.15.4","192.168.15.3","MQTT","90","Connect Command"
"341907","2099.011566802","192.168.15.4","192.168.15.3","MQTT","97","Publish Message (id=2063) [Deviceb'Device - 2']"
"341908","2099.011960866","192.168.15.3","192.168.15.4","MQTT","70","Connect Ack"
"341911","2099.014019093","192.168.15.3","192.168.15.4","MQTT","70","Publish Ack (id=2063)"
"341913","2099.014856124","192.168.15.4","192.168.15.3","MQTT","68","Disconnect Req"
"341929","2100.019255214","192.168.15.4","192.168.15.3","MQTT","90","Connect Command"
"341931","2100.022161312","192.168.15.4","192.168.15.3","MQTT","97","Publish Message (id=2064) [Deviceb'Device - 2']"
"341933","2100.026390218","192.168.15.3","192.168.15.4","MQTT","70","Connect Ack"
"341935","2100.028668491","192.168.15.3","192.168.15.4","MQTT","70","Publish Ack (id=2064)"
"341937","2100.029104925","192.168.15.4","192.168.15.3","MQTT","68","Disconnect Req"
"341949","2101.033421290","192.168.15.4","192.168.15.3","MQTT","90","Connect Command"
"341951","2101.036335033","192.168.15.4","192.168.15.3","MQTT","97","Publish Message (id=2065) [Deviceb'Device - 2']"
"341952","2101.036737864","192.168.15.3","192.168.15.4","MQTT","70","Connect Ack"
"341955","2101.039210102","192.168.15.3","192.168.15.4","MQTT","70","Publish Ack (id=2065)"
"341957","2101.039676343","192.168.15.4","192.168.15.3","MQTT","68","Disconnect Req"
"341973","2102.043892723","192.168.15.4","192.168.15.3","MQTT","90","Connect Command"
"341975","2102.046828336","192.168.15.4","192.168.15.3","MQTT","97","Publish Message (id=2066) [Deviceb'Device - 2']"
"341976","2102.047185271","192.168.15.3","192.168.15.4","MQTT","70","Connect Ack"
"341979","2102.049739655","192.168.15.3","192.168.15.4","MQTT","70","Publish Ack (id=2066)"
"341981","2102.050300674","192.168.15.4","192.168.15.3","MQTT","68","Disconnect Req"
"341993","2103.055089477","192.168.15.4","192.168.15.3","MQTT","90","Connect Command"
"341995","2103.058527019","192.168.15.4","192.168.15.3","MQTT","97","Publish Message (id=2067) [Deviceb'Device - 2']"
"341996","2103.058892850","192.168.15.3","192.168.15.4","MQTT","70","Connect Ack"
"341999","2103.060959973","192.168.15.3","192.168.15.4","MQTT","70","Publish Ack (id=2067)"
"342001","2103.061435592","192.168.15.4","192.168.15.3","MQTT","68","Disconnect Req"
"342019","2104.065427543","192.168.15.4","192.168.15.3","MQTT","90","Connect Command"
"342021","2104.068342027","192.168.15.4","192.168.15.3","MQTT","97","Publish Message (id=2068) [Deviceb'Device - 2']"
"342022","2104.068771107","192.168.15.3","192.168.15.4","MQTT","70","Connect Ack"
"342025","2104.070815578","192.168.15.3","192.168.15.4","MQTT","70","Publish Ack (id=2068)"
"342027","2104.071539255","192.168.15.4","192.168.15.3","MQTT","68","Disconnect Req"
"342044","2105.076594797","192.168.15.4","192.168.15.3","MQTT","90","Connect Command"
"342046","2105.079555288","192.168.15.4","192.168.15.3","MQTT","97","Publish Message (id=2069) [Deviceb'Device - 2']"
"342048","2105.084310889","192.168.15.3","192.168.15.4","MQTT","70","Connect Ack"
"342050","2105.086865804","192.168.15.3","192.168.15.4","MQTT","70","Publish Ack (id=2069)"
"342052","2105.087317928","192.168.15.4","192.168.15.3","MQTT","68","Disconnect Req"
"342064","2106.090630822","192.168.15.4","192.168.15.3","MQTT","90","Connect Command"
"342066","2106.093683697","192.168.15.4","192.168.15.3","MQTT","97","Publish Message (id=2070) [Deviceb'Device - 2']"
"342067","2106.094062954","192.168.15.3","192.168.15.4","MQTT","70","Connect Ack"
"342070","2106.096526937","192.168.15.3","192.168.15.4","MQTT","70","Publish Ack (id=2070)"
"342072","2106.097266463","192.168.15.4","192.168.15.3","MQTT","68","Disconnect Req"
"343490","2107.104307220","192.168.15.4","192.168.15.3","MQTT","90","Connect Command"
"343582","2107.112569955","192.168.15.4","192.168.15.3","MQTT","97","Publish Message (id=2071) [Deviceb'Device - 2']"
"343583","2107.112580404","192.168.15.3","192.168.15.4","MQTT","70","Connect Ack"
"343657","2107.119320463","192.168.15.3","192.168.15.4","MQTT","70","Publish Ack (id=2071)"
"343662","2107.119637632","192.168.15.4","192.168.15.3","MQTT","68","Disconnect Req"
"344312","2108.123920984","192.168.15.4","192.168.15.3","MQTT","90","Connect Command"
"344314","2108.126805261","192.168.15.4","192.168.15.3","MQTT","97","Publish Message (id=2072) [Deviceb'Device - 2']"
"344315","2108.127173767","192.168.15.3","192.168.15.4","MQTT","70","Connect Ack"
"344318","2108.129556978","192.168.15.3","192.168.15.4","MQTT","70","Publish Ack (id=2072)"
"344320","2108.130326010","192.168.15.4","192.168.15.3","MQTT","68","Disconnect Req"
"344333","2109.134322903","192.168.15.4","192.168.15.3","MQTT","90","Connect Command"
"344335","2109.137239632","192.168.15.4","192.168.15.3","MQTT","97","Publish Message (id=2073) [Deviceb'Device - 2']"
"344336","2109.137616814","192.168.15.3","192.168.15.4","MQTT","70","Connect Ack"
"344339","2109.140075748","192.168.15.3","192.168.15.4","MQTT","70","Publish Ack (id=2073)"
"344341","2109.140729903","192.168.15.4","192.168.15.3","MQTT","68","Disconnect Req"
"344356","2110.144686735","192.168.15.4","192.168.15.3","MQTT","90","Connect Command"
"344358","2110.147657505","192.168.15.4","192.168.15.3","MQTT","97","Publish Message (id=2074) [Deviceb'Device - 2']"
"344360","2110.151900307","192.168.15.3","192.168.15.4","MQTT","70","Connect Ack"
"344362","2110.154239324","192.168.15.3","192.168.15.4","MQTT","70","Publish Ack (id=2074)"
"344364","2110.154670048","192.168.15.4","192.168.15.3","MQTT","68","Disconnect Req"
"344387","2111.158792975","192.168.15.4","192.168.15.3","MQTT","90","Connect Command"
"344389","2111.161700256","192.168.15.4","192.168.15.3","MQTT","97","Publish Message (id=2075) [Deviceb'Device - 2']"
"344390","2111.162141930","192.168.15.3","192.168.15.4","MQTT","70","Connect Ack"
"344393","2111.164605061","192.168.15.3","192.168.15.4","MQTT","70","Publish Ack (id=2075)"
"344395","2111.165206608","192.168.15.4","192.168.15.3","MQTT","68","Disconnect Req"
"344408","2112.168594620","192.168.15.4","192.168.15.3","MQTT","90","Connect Command"
"344410","2112.171593573","192.168.15.4","192.168.15.3","MQTT","97","Publish Message (id=2076) [Deviceb'Device - 2']"
"344411","2112.171925881","192.168.15.3","192.168.15.4","MQTT","70","Connect Ack"
"344414","2112.174339679","192.168.15.3","192.168.15.4","MQTT","70","Publish Ack (id=2076)"
"344416","2112.174932078","192.168.15.4","192.168.15.3","MQTT","68","Disconnect Req"
"344428","2113.179130714","192.168.15.4","192.168.15.3","MQTT","90","Connect Command"
"344430","2113.182023698","192.168.15.4","192.168.15.3","MQTT","97","Publish Message (id=2077) [Deviceb'Device - 2']"
"344431","2113.182391392","192.168.15.3","192.168.15.4","MQTT","70","Connect Ack"
"344434","2113.184856498","192.168.15.3","192.168.15.4","MQTT","70","Publish Ack (id=2077)"
"344436","2113.185741018","192.168.15.4","192.168.15.3","MQTT","68","Disconnect Req"
"344468","2114.190292983","192.168.15.4","192.168.15.3","MQTT","90","Connect Command"
"344470","2114.193239217","192.168.15.4","192.168.15.3","MQTT","97","Publish Message (id=2078) [Deviceb'Device - 2']"
"344471","2114.193680601","192.168.15.3","192.168.15.4","MQTT","70","Connect Ack"
"344474","2114.195755680","192.168.15.3","192.168.15.4","MQTT","70","Publish Ack (id=2078)"
"344476","2114.196660178","192.168.15.4","192.168.15.3","MQTT","68","Disconnect Req"
"344501","2115.201267631","192.168.15.4","192.168.15.3","MQTT","90","Connect Command"
"344503","2115.204156056","192.168.15.4","192.168.15.3","MQTT","97","Publish Message (id=2079) [Deviceb'Device - 2']"
"344505","2115.208364734","192.168.15.3","192.168.15.4","MQTT","70","Connect Ack"
"344507","2115.210683674","192.168.15.3","192.168.15.4","MQTT","70","Publish Ack (id=2079)"
"344509","2115.211314465","192.168.15.4","192.168.15.3","MQTT","68","Disconnect Req"
"344522","2116.215723586","192.168.15.4","192.168.15.3","MQTT","90","Connect Command"
"344524","2116.218575192","192.168.15.4","192.168.15.3","MQTT","97","Publish Message (id=2080) [Deviceb'Device - 2']"
"344525","2116.218968615","192.168.15.3","192.168.15.4","MQTT","70","Connect Ack"
"344528","2116.221492281","192.168.15.3","192.168.15.4","MQTT","70","Publish Ack (id=2080)"
"344530","2116.222208143","192.168.15.4","192.168.15.3","MQTT","68","Disconnect Req"
"344542","2117.226200831","192.168.15.4","192.168.15.3","MQTT","90","Connect Command"
"344544","2117.229098142","192.168.15.4","192.168.15.3","MQTT","97","Publish Message (id=2081) [Deviceb'Device - 2']"
"344545","2117.229431041","192.168.15.3","192.168.15.4","MQTT","70","Connect Ack"
"344548","2117.231546696","192.168.15.3","192.168.15.4","MQTT","70","Publish Ack (id=2081)"
"344550","2117.232198036","192.168.15.4","192.168.15.3","MQTT","68","Disconnect Req"
"344562","2118.236965520","192.168.15.4","192.168.15.3","MQTT","90","Connect Command"
"344564","2118.239743005","192.168.15.4","192.168.15.3","MQTT","97","Publish Message (id=2082) [Deviceb'Device - 2']"
"344565","2118.240125117","192.168.15.3","192.168.15.4","MQTT","70","Connect Ack"
"344568","2118.242495113","192.168.15.3","192.168.15.4","MQTT","70","Publish Ack (id=2082)"
"344570","2118.243121095","192.168.15.4","192.168.15.3","MQTT","68","Disconnect Req"
"344585","2119.256595864","192.168.15.4","192.168.15.3","MQTT","90","Connect Command"
"344587","2119.259474921","192.168.15.4","192.168.15.3","MQTT","97","Publish Message (id=2083) [Deviceb'Device - 2']"
"344588","2119.259841583","192.168.15.3","192.168.15.4","MQTT","70","Connect Ack"
"344591","2119.262477551","192.168.15.3","192.168.15.4","MQTT","70","Publish Ack (id=2083)"
"344593","2119.263056335","192.168.15.4","192.168.15.3","MQTT","68","Disconnect Req"
"344610","2120.266827081","192.168.15.4","192.168.15.3","MQTT","90","Connect Command"
"344612","2120.269796408","192.168.15.4","192.168.15.3","MQTT","97","Publish Message (id=2084) [Deviceb'Device - 2']"
"344614","2120.273985750","192.168.15.3","192.168.15.4","MQTT","70","Connect Ack"
"344616","2120.276352671","192.168.15.3","192.168.15.4","MQTT","70","Publish Ack (id=2084)"
"344618","2120.276916265","192.168.15.4","192.168.15.3","MQTT","68","Disconnect Req"
"344643","2121.280695961","192.168.15.4","192.168.15.3","MQTT","90","Connect Command"
"344645","2121.283595627","192.168.15.4","192.168.15.3","MQTT","97","Publish Message (id=2085) [Deviceb'Device - 2']"
"344646","2121.285044894","192.168.15.3","192.168.15.4","MQTT","70","Connect Ack"
"344649","2121.286072845","192.168.15.3","192.168.15.4","MQTT","70","Publish Ack (id=2085)"
"344651","2121.286765984","192.168.15.4","192.168.15.3","MQTT","68","Disconnect Req"
"344673","2122.290976767","192.168.15.4","192.168.15.3","MQTT","90","Connect Command"
"344675","2122.293875461","192.168.15.4","192.168.15.3","MQTT","97","Publish Message (id=2086) [Deviceb'Device - 2']"
"344676","2122.294263584","192.168.15.3","192.168.15.4","MQTT","70","Connect Ack"
"344679","2122.296380362","192.168.15.3","192.168.15.4","MQTT","70","Publish Ack (id=2086)"
"344681","2122.298381120","192.168.15.4","192.168.15.3","MQTT","68","Disconnect Req"
"346428","2123.302830305","192.168.15.4","192.168.15.3","MQTT","90","Connect Command"
"346430","2123.305808269","192.168.15.4","192.168.15.3","MQTT","97","Publish Message (id=2087) [Deviceb'Device - 2']"
"346431","2123.306232891","192.168.15.3","192.168.15.4","MQTT","70","Connect Ack"
"346434","2123.308247776","192.168.15.3","192.168.15.4","MQTT","70","Publish Ack (id=2087)"
"346436","2123.308763210","192.168.15.4","192.168.15.3","MQTT","68","Disconnect Req"
"346448","2124.313266289","192.168.15.4","192.168.15.3","MQTT","90","Connect Command"
"346450","2124.316174090","192.168.15.4","192.168.15.3","MQTT","97","Publish Message (id=2088) [Deviceb'Device - 2']"
"346451","2124.316596658","192.168.15.3","192.168.15.4","MQTT","70","Connect Ack"
"346454","2124.318733123","192.168.15.3","192.168.15.4","MQTT","70","Publish Ack (id=2088)"
"346456","2124.319271420","192.168.15.4","192.168.15.3","MQTT","68","Disconnect Req"
"346471","2125.323367263","192.168.15.4","192.168.15.3","MQTT","90","Connect Command"
"346473","2125.326275546","192.168.15.4","192.168.15.3","MQTT","97","Publish Message (id=2089) [Deviceb'Device - 2']"
"346475","2125.330422938","192.168.15.3","192.168.15.4","MQTT","70","Connect Ack"
"346477","2125.332921887","192.168.15.3","192.168.15.4","MQTT","70","Publish Ack (id=2089)"
"346479","2125.333661785","192.168.15.4","192.168.15.3","MQTT","68","Disconnect Req"
"346493","2126.337978076","192.168.15.4","192.168.15.3","MQTT","90","Connect Command"
"346495","2126.340892260","192.168.15.4","192.168.15.3","MQTT","97","Publish Message (id=2090) [Deviceb'Device - 2']"
"346496","2126.341311822","192.168.15.3","192.168.15.4","MQTT","70","Connect Ack"
"346499","2126.343730981","192.168.15.3","192.168.15.4","MQTT","70","Publish Ack (id=2090)"
"346501","2126.344243589","192.168.15.4","192.168.15.3","MQTT","68","Disconnect Req"
"346513","2127.348572017","192.168.15.4","192.168.15.3","MQTT","90","Connect Command"
"346515","2127.351497652","192.168.15.4","192.168.15.3","MQTT","97","Publish Message (id=2091) [Deviceb'Device - 2']"
"346516","2127.351840950","192.168.15.3","192.168.15.4","MQTT","70","Connect Ack"
"346519","2127.354479734","192.168.15.3","192.168.15.4","MQTT","70","Publish Ack (id=2091)"
"346521","2127.355080418","192.168.15.4","192.168.15.3","MQTT","68","Disconnect Req"
"346534","2128.358728874","192.168.15.4","192.168.15.3","MQTT","90","Connect Command"
"346536","2128.361660701","192.168.15.4","192.168.15.3","MQTT","97","Publish Message (id=2092) [Deviceb'Device - 2']"
"346537","2128.362073571","192.168.15.3","192.168.15.4","MQTT","70","Connect Ack"
"346540","2128.364118082","192.168.15.3","192.168.15.4","MQTT","70","Publish Ack (id=2092)"
"346542","2128.364744575","192.168.15.4","192.168.15.3","MQTT","68","Disconnect Req"
"346554","2129.369145876","192.168.15.4","192.168.15.3","MQTT","90","Connect Command"
"346556","2129.372103281","192.168.15.4","192.168.15.3","MQTT","97","Publish Message (id=2093) [Deviceb'Device - 2']"
"346557","2129.374590027","192.168.15.3","192.168.15.4","MQTT","70","Connect Ack"
"346560","2129.380416120","192.168.15.3","192.168.15.4","MQTT","70","Publish Ack (id=2093)"
"346562","2129.381083230","192.168.15.4","192.168.15.3","MQTT","68","Disconnect Req"
"346577","2130.385695643","192.168.15.4","192.168.15.3","MQTT","90","Connect Command"
"346579","2130.399079329","192.168.15.4","192.168.15.3","MQTT","97","Publish Message (id=2094) [Deviceb'Device - 2']"
"346580","2130.401417464","192.168.15.3","192.168.15.4","MQTT","70","Connect Ack"
"346583","2130.403927204","192.168.15.3","192.168.15.4","MQTT","70","Publish Ack (id=2094)"
"346585","2130.404740019","192.168.15.4","192.168.15.3","MQTT","68","Disconnect Req"
"346593","2131.409418988","192.168.15.4","192.168.15.3","MQTT","90","Connect Command"
"346595","2131.412193498","192.168.15.4","192.168.15.3","MQTT","97","Publish Message (id=2095) [Deviceb'Device - 2']"
"346596","2131.412566993","192.168.15.3","192.168.15.4","MQTT","70","Connect Ack"
"346599","2131.414977015","192.168.15.3","192.168.15.4","MQTT","70","Publish Ack (id=2095)"
"346601","2131.415775072","192.168.15.4","192.168.15.3","MQTT","68","Disconnect Req"
"346613","2132.420394746","192.168.15.4","192.168.15.3","MQTT","90","Connect Command"
"346615","2132.423280256","192.168.15.4","192.168.15.3","MQTT","97","Publish Message (id=2096) [Deviceb'Device - 2']"
"346616","2132.423674470","192.168.15.3","192.168.15.4","MQTT","70","Connect Ack"
"346619","2132.427004509","192.168.15.3","192.168.15.4","MQTT","70","Publish Ack (id=2096)"
"346621","2132.427756790","192.168.15.4","192.168.15.3","MQTT","68","Disconnect Req"
"346635","2133.431863093","192.168.15.4","192.168.15.3","MQTT","90","Connect Command"
"346637","2133.434618126","192.168.15.4","192.168.15.3","MQTT","97","Publish Message (id=2097) [Deviceb'Device - 2']"
"346638","2133.435105537","192.168.15.3","192.168.15.4","MQTT","70","Connect Ack"
"346641","2133.437494038","192.168.15.3","192.168.15.4","MQTT","70","Publish Ack (id=2097)"
"346643","2133.438235738","192.168.15.4","192.168.15.3","MQTT","68","Disconnect Req"
"346655","2134.442555438","192.168.15.4","192.168.15.3","MQTT","90","Connect Command"
"346657","2134.445331752","192.168.15.4","192.168.15.3","MQTT","97","Publish Message (id=2098) [Deviceb'Device - 2']"
"346658","2134.445686662","192.168.15.3","192.168.15.4","MQTT","70","Connect Ack"
"346661","2134.448425014","192.168.15.3","192.168.15.4","MQTT","70","Publish Ack (id=2098)"
"346663","2134.449122581","192.168.15.4","192.168.15.3","MQTT","68","Disconnect Req"
"346700","2135.453439438","192.168.15.4","192.168.15.3","MQTT","90","Connect Command"
"346702","2135.456358751","192.168.15.4","192.168.15.3","MQTT","97","Publish Message (id=2099) [Deviceb'Device - 2']"
"346704","2135.460577880","192.168.15.3","192.168.15.4","MQTT","70","Connect Ack"
"346706","2135.462935352","192.168.15.3","192.168.15.4","MQTT","70","Publish Ack (id=2099)"
"346708","2135.463774366","192.168.15.4","192.168.15.3","MQTT","68","Disconnect Req"
"346720","2136.467874868","192.168.15.4","192.168.15.3","MQTT","90","Connect Command"
"346722","2136.470790865","192.168.15.4","192.168.15.3","MQTT","97","Publish Message (id=2100) [Deviceb'Device - 2']"
"346723","2136.471187173","192.168.15.3","192.168.15.4","MQTT","70","Connect Ack"
"346726","2136.473362382","192.168.15.3","192.168.15.4","MQTT","70","Publish Ack (id=2100)"
"346728","2136.474121064","192.168.15.4","192.168.15.3","MQTT","68","Disconnect Req"
"346736","2137.477997815","192.168.15.4","192.168.15.3","MQTT","90","Connect Command"
"346738","2137.480843369","192.168.15.4","192.168.15.3","MQTT","97","Publish Message (id=2101) [Deviceb'Device - 2']"
"346739","2137.481268412","192.168.15.3","192.168.15.4","MQTT","70","Connect Ack"
"346742","2137.483640632","192.168.15.3","192.168.15.4","MQTT","70","Publish Ack (id=2101)"
"346744","2137.484457565","192.168.15.4","192.168.15.3","MQTT","68","Disconnect Req"
"346759","2138.489206804","192.168.15.4","192.168.15.3","MQTT","90","Connect Command"
"346761","2138.492174839","192.168.15.4","192.168.15.3","MQTT","97","Publish Message (id=2102) [Deviceb'Device - 2']"
"346762","2138.492553755","192.168.15.3","192.168.15.4","MQTT","70","Connect Ack"
"346765","2138.495015805","192.168.15.3","192.168.15.4","MQTT","70","Publish Ack (id=2102)"
"346767","2138.495695889","192.168.15.4","192.168.15.3","MQTT","68","Disconnect Req"
"349016","2139.500095902","192.168.15.4","192.168.15.3","MQTT","90","Connect Command"
"349018","2139.503011508","192.168.15.4","192.168.15.3","MQTT","97","Publish Message (id=2103) [Deviceb'Device - 2']"
"349019","2139.503333215","192.168.15.3","192.168.15.4","MQTT","70","Connect Ack"
"349022","2139.505455514","192.168.15.3","192.168.15.4","MQTT","70","Publish Ack (id=2103)"
"349024","2139.506327942","192.168.15.4","192.168.15.3","MQTT","68","Disconnect Req"
"349039","2140.510804904","192.168.15.4","192.168.15.3","MQTT","90","Connect Command"
"349041","2140.513694651","192.168.15.4","192.168.15.3","MQTT","97","Publish Message (id=2104) [Deviceb'Device - 2']"
"349043","2140.517982059","192.168.15.3","192.168.15.4","MQTT","70","Connect Ack"
"349045","2140.520424652","192.168.15.3","192.168.15.4","MQTT","70","Publish Ack (id=2104)"
"349047","2140.521137858","192.168.15.4","192.168.15.3","MQTT","68","Disconnect Req"
"349059","2141.525604933","192.168.15.4","192.168.15.3","MQTT","90","Connect Command"
"349061","2141.528380836","192.168.15.4","192.168.15.3","MQTT","97","Publish Message (id=2105) [Deviceb'Device - 2']"
"349062","2141.528718604","192.168.15.3","192.168.15.4","MQTT","70","Connect Ack"
"349065","2141.531030971","192.168.15.3","192.168.15.4","MQTT","70","Publish Ack (id=2105)"
"349067","2141.532091554","192.168.15.4","192.168.15.3","MQTT","68","Disconnect Req"
"349079","2142.537240431","192.168.15.4","192.168.15.3","MQTT","90","Connect Command"
"349081","2142.540152922","192.168.15.4","192.168.15.3","MQTT","97","Publish Message (id=2106) [Deviceb'Device - 2']"
"349082","2142.540580389","192.168.15.3","192.168.15.4","MQTT","70","Connect Ack"
"349085","2142.543025437","192.168.15.3","192.168.15.4","MQTT","70","Publish Ack (id=2106)"
"349087","2142.543916580","192.168.15.4","192.168.15.3","MQTT","68","Disconnect Req"
"349118","2143.548108351","192.168.15.4","192.168.15.3","MQTT","90","Connect Command"
"349120","2143.551042482","192.168.15.4","192.168.15.3","MQTT","97","Publish Message (id=2107) [Deviceb'Device - 2']"
"349121","2143.551439722","192.168.15.3","192.168.15.4","MQTT","70","Connect Ack"
"349124","2143.553504662","192.168.15.3","192.168.15.4","MQTT","70","Publish Ack (id=2107)"
"349126","2143.554061544","192.168.15.4","192.168.15.3","MQTT","68","Disconnect Req"
"349149","2144.557727704","192.168.15.4","192.168.15.3","MQTT","90","Connect Command"
"349151","2144.560619376","192.168.15.4","192.168.15.3","MQTT","97","Publish Message (id=2108) [Deviceb'Device - 2']"
"349152","2144.561014281","192.168.15.3","192.168.15.4","MQTT","70","Connect Ack"
"349155","2144.563517199","192.168.15.3","192.168.15.4","MQTT","70","Publish Ack (id=2108)"
"349157","2144.564384667","192.168.15.4","192.168.15.3","MQTT","68","Disconnect Req"
"349177","2145.568582133","192.168.15.4","192.168.15.3","MQTT","90","Connect Command"
"349179","2145.571497780","192.168.15.4","192.168.15.3","MQTT","97","Publish Message (id=2109) [Deviceb'Device - 2']"
"349181","2145.575645884","192.168.15.3","192.168.15.4","MQTT","70","Connect Ack"
"349183","2145.578116249","192.168.15.3","192.168.15.4","MQTT","70","Publish Ack (id=2109)"
"349185","2145.578944303","192.168.15.4","192.168.15.3","MQTT","68","Disconnect Req"
"349197","2146.583565842","192.168.15.4","192.168.15.3","MQTT","90","Connect Command"
"349199","2146.586403672","192.168.15.4","192.168.15.3","MQTT","97","Publish Message (id=2110) [Deviceb'Device - 2']"
"349200","2146.586775504","192.168.15.3","192.168.15.4","MQTT","70","Connect Ack"
"349203","2146.589143536","192.168.15.3","192.168.15.4","MQTT","70","Publish Ack (id=2110)"
"349205","2146.590048375","192.168.15.4","192.168.15.3","MQTT","68","Disconnect Req"
"349219","2147.594121040","192.168.15.4","192.168.15.3","MQTT","90","Connect Command"
"349221","2147.597016408","192.168.15.4","192.168.15.3","MQTT","97","Publish Message (id=2111) [Deviceb'Device - 2']"
"349222","2147.597413457","192.168.15.3","192.168.15.4","MQTT","70","Connect Ack"
"349225","2147.600291403","192.168.15.3","192.168.15.4","MQTT","70","Publish Ack (id=2111)"
"349227","2147.601244874","192.168.15.4","192.168.15.3","MQTT","68","Disconnect Req"
"349242","2148.606149485","192.168.15.4","192.168.15.3","MQTT","90","Connect Command"
"349244","2148.610564844","192.168.15.4","192.168.15.3","MQTT","97","Publish Message (id=2112) [Deviceb'Device - 2']"
"349245","2148.611005145","192.168.15.3","192.168.15.4","MQTT","70","Connect Ack"
"349248","2148.613112335","192.168.15.3","192.168.15.4","MQTT","70","Publish Ack (id=2112)"
"349250","2148.613849077","192.168.15.4","192.168.15.3","MQTT","68","Disconnect Req"
"349265","2149.618027084","192.168.15.4","192.168.15.3","MQTT","90","Connect Command"
"349267","2149.620915268","192.168.15.4","192.168.15.3","MQTT","97","Publish Message (id=2113) [Deviceb'Device - 2']"
"349268","2149.621309934","192.168.15.3","192.168.15.4","MQTT","70","Connect Ack"
"349271","2149.623423966","192.168.15.3","192.168.15.4","MQTT","70","Publish Ack (id=2113)"
"349273","2149.624035652","192.168.15.4","192.168.15.3","MQTT","68","Disconnect Req"
"349285","2150.629105098","192.168.15.4","192.168.15.3","MQTT","90","Connect Command"
"349287","2150.631986510","192.168.15.4","192.168.15.3","MQTT","97","Publish Message (id=2114) [Deviceb'Device - 2']"
"349289","2150.636226177","192.168.15.3","192.168.15.4","MQTT","70","Connect Ack"
"349291","2150.638562339","192.168.15.3","192.168.15.4","MQTT","70","Publish Ack (id=2114)"
"349293","2150.638888014","192.168.15.4","192.168.15.3","MQTT","68","Disconnect Req"
"349305","2151.642871160","192.168.15.4","192.168.15.3","MQTT","90","Connect Command"
"349307","2151.645560960","192.168.15.4","192.168.15.3","MQTT","97","Publish Message (id=2115) [Deviceb'Device - 2']"
"349308","2151.646002323","192.168.15.3","192.168.15.4","MQTT","70","Connect Ack"
"349311","2151.648821748","192.168.15.3","192.168.15.4","MQTT","70","Publish Ack (id=2115)"
"349313","2151.649528463","192.168.15.4","192.168.15.3","MQTT","68","Disconnect Req"
"349325","2152.653218838","192.168.15.4","192.168.15.3","MQTT","90","Connect Command"
"349327","2152.656083158","192.168.15.4","192.168.15.3","MQTT","97","Publish Message (id=2116) [Deviceb'Device - 2']"
"349328","2152.656461302","192.168.15.3","192.168.15.4","MQTT","70","Connect Ack"
"349331","2152.658555407","192.168.15.3","192.168.15.4","MQTT","70","Publish Ack (id=2116)"
"349333","2152.659152164","192.168.15.4","192.168.15.3","MQTT","68","Disconnect Req"
"349345","2153.663029625","192.168.15.4","192.168.15.3","MQTT","90","Connect Command"
"349347","2153.665938689","192.168.15.4","192.168.15.3","MQTT","97","Publish Message (id=2117) [Deviceb'Device - 2']"
"349348","2153.666287939","192.168.15.3","192.168.15.4","MQTT","70","Connect Ack"
"349351","2153.668415206","192.168.15.3","192.168.15.4","MQTT","70","Publish Ack (id=2117)"
"349353","2153.669308103","192.168.15.4","192.168.15.3","MQTT","68","Disconnect Req"
"349367","2154.673287629","192.168.15.4","192.168.15.3","MQTT","90","Connect Command"
"349369","2154.677879141","192.168.15.4","192.168.15.3","MQTT","97","Publish Message (id=2118) [Deviceb'Device - 2']"
"349370","2154.678301017","192.168.15.3","192.168.15.4","MQTT","70","Connect Ack"
"349373","2154.680234709","192.168.15.3","192.168.15.4","MQTT","70","Publish Ack (id=2118)"
"349375","2154.681012088","192.168.15.4","192.168.15.3","MQTT","68","Disconnect Req"
"350823","2155.685144674","192.168.15.4","192.168.15.3","MQTT","90","Connect Command"
"350825","2155.688039512","192.168.15.4","192.168.15.3","MQTT","97","Publish Message (id=2119) [Deviceb'Device - 2']"
"350827","2155.692365472","192.168.15.3","192.168.15.4","MQTT","70","Connect Ack"
"350829","2155.694831690","192.168.15.3","192.168.15.4","MQTT","70","Publish Ack (id=2119)"
"350831","2155.695673049","192.168.15.4","192.168.15.3","MQTT","68","Disconnect Req"
"350843","2156.699564613","192.168.15.4","192.168.15.3","MQTT","90","Connect Command"
"350845","2156.702453659","192.168.15.4","192.168.15.3","MQTT","97","Publish Message (id=2120) [Deviceb'Device - 2']"
"350846","2156.702842494","192.168.15.3","192.168.15.4","MQTT","70","Connect Ack"
"350849","2156.705001682","192.168.15.3","192.168.15.4","MQTT","70","Publish Ack (id=2120)"
"350851","2156.705802825","192.168.15.4","192.168.15.3","MQTT","68","Disconnect Req"
"350863","2157.710919175","192.168.15.4","192.168.15.3","MQTT","90","Connect Command"
"350865","2157.713718392","192.168.15.4","192.168.15.3","MQTT","97","Publish Message (id=2121) [Deviceb'Device - 2']"
"350866","2157.714130220","192.168.15.3","192.168.15.4","MQTT","70","Connect Ack"
"350869","2157.716604964","192.168.15.3","192.168.15.4","MQTT","70","Publish Ack (id=2121)"
"350871","2157.717512157","192.168.15.4","192.168.15.3","MQTT","68","Disconnect Req"
"350884","2158.721507223","192.168.15.4","192.168.15.3","MQTT","90","Connect Command"
"350886","2158.724382173","192.168.15.4","192.168.15.3","MQTT","97","Publish Message (id=2122) [Deviceb'Device - 2']"
"350887","2158.724769014","192.168.15.3","192.168.15.4","MQTT","70","Connect Ack"
"350890","2158.726848411","192.168.15.3","192.168.15.4","MQTT","70","Publish Ack (id=2122)"
"350892","2158.727706321","192.168.15.4","192.168.15.3","MQTT","68","Disconnect Req"
"350964","2159.731731006","192.168.15.4","192.168.15.3","MQTT","90","Connect Command"
"350966","2159.734613380","192.168.15.4","192.168.15.3","MQTT","97","Publish Message (id=2123) [Deviceb'Device - 2']"
"350967","2159.735050726","192.168.15.3","192.168.15.4","MQTT","70","Connect Ack"
"350970","2159.737119232","192.168.15.3","192.168.15.4","MQTT","70","Publish Ack (id=2123)"
"350972","2159.737664452","192.168.15.4","192.168.15.3","MQTT","68","Disconnect Req"
"351022","2160.741902922","192.168.15.4","192.168.15.3","MQTT","90","Connect Command"
"351024","2160.744789684","192.168.15.4","192.168.15.3","MQTT","97","Publish Message (id=2124) [Deviceb'Device - 2']"
"351027","2160.749091849","192.168.15.3","192.168.15.4","MQTT","70","Connect Ack"
"351029","2160.751465452","192.168.15.3","192.168.15.4","MQTT","70","Publish Ack (id=2124)"
"351031","2160.752307563","192.168.15.4","192.168.15.3","MQTT","68","Disconnect Req"
"351045","2161.757013989","192.168.15.4","192.168.15.3","MQTT","90","Connect Command"
"351047","2161.760258767","192.168.15.4","192.168.15.3","MQTT","97","Publish Message (id=2125) [Deviceb'Device - 2']"
"351048","2161.760517766","192.168.15.3","192.168.15.4","MQTT","70","Connect Ack"
"351051","2161.763259664","192.168.15.3","192.168.15.4","MQTT","70","Publish Ack (id=2125)"
"351053","2161.764100182","192.168.15.4","192.168.15.3","MQTT","68","Disconnect Req"
"351065","2162.768738523","192.168.15.4","192.168.15.3","MQTT","90","Connect Command"
"351067","2162.771682042","192.168.15.4","192.168.15.3","MQTT","97","Publish Message (id=2126) [Deviceb'Device - 2']"
"351068","2162.772101644","192.168.15.3","192.168.15.4","MQTT","70","Connect Ack"
"351071","2162.774403572","192.168.15.3","192.168.15.4","MQTT","70","Publish Ack (id=2126)"
"351073","2162.775111439","192.168.15.4","192.168.15.3","MQTT","68","Disconnect Req"
"351085","2163.779831987","192.168.15.4","192.168.15.3","MQTT","90","Connect Command"
"351087","2163.782435243","192.168.15.4","192.168.15.3","MQTT","97","Publish Message (id=2127) [Deviceb'Device - 2']"
"351088","2163.782851099","192.168.15.3","192.168.15.4","MQTT","70","Connect Ack"
"351091","2163.784976904","192.168.15.3","192.168.15.4","MQTT","70","Publish Ack (id=2127)"
"351093","2163.785640978","192.168.15.4","192.168.15.3","MQTT","68","Disconnect Req"
"351104","2164.790106927","192.168.15.4","192.168.15.3","MQTT","90","Connect Command"
"351106","2164.792476372","192.168.15.4","192.168.15.3","MQTT","97","Publish Message (id=2128) [Deviceb'Device - 2']"
"351107","2164.792930490","192.168.15.3","192.168.15.4","MQTT","70","Connect Ack"
"351110","2164.795355640","192.168.15.3","192.168.15.4","MQTT","70","Publish Ack (id=2128)"
"351112","2164.795935095","192.168.15.4","192.168.15.3","MQTT","68","Disconnect Req"
"352929","2165.799470147","192.168.15.4","192.168.15.3","MQTT","90","Connect Command"
"352931","2165.802437692","192.168.15.4","192.168.15.3","MQTT","97","Publish Message (id=2129) [Deviceb'Device - 2']"
"352933","2165.806643746","192.168.15.3","192.168.15.4","MQTT","70","Connect Ack"
"352935","2165.809107478","192.168.15.3","192.168.15.4","MQTT","70","Publish Ack (id=2129)"
"352937","2165.809738290","192.168.15.4","192.168.15.3","MQTT","68","Disconnect Req"
"352945","2166.814153919","192.168.15.4","192.168.15.3","MQTT","90","Connect Command"
"352947","2166.817044268","192.168.15.4","192.168.15.3","MQTT","97","Publish Message (id=2130) [Deviceb'Device - 2']"
"352948","2166.817487885","192.168.15.3","192.168.15.4","MQTT","70","Connect Ack"
"352951","2166.819904179","192.168.15.3","192.168.15.4","MQTT","70","Publish Ack (id=2130)"
"352953","2166.820671037","192.168.15.4","192.168.15.3","MQTT","68","Disconnect Req"
"353014","2167.824744565","192.168.15.4","192.168.15.3","MQTT","90","Connect Command"
"353016","2167.827636798","192.168.15.4","192.168.15.3","MQTT","97","Publish Message (id=2131) [Deviceb'Device - 2']"
"353017","2167.828018418","192.168.15.3","192.168.15.4","MQTT","70","Connect Ack"
"353020","2167.830253750","192.168.15.3","192.168.15.4","MQTT","70","Publish Ack (id=2131)"
"353022","2167.830989660","192.168.15.4","192.168.15.3","MQTT","68","Disconnect Req"
"353045","2168.835671709","192.168.15.4","192.168.15.3","MQTT","90","Connect Command"
"353047","2168.838553741","192.168.15.4","192.168.15.3","MQTT","97","Publish Message (id=2132) [Deviceb'Device - 2']"
"353048","2168.838924221","192.168.15.3","192.168.15.4","MQTT","70","Connect Ack"
"353051","2168.841362626","192.168.15.3","192.168.15.4","MQTT","70","Publish Ack (id=2132)"
"353053","2168.842089820","192.168.15.4","192.168.15.3","MQTT","68","Disconnect Req"
"353068","2169.846052910","192.168.15.4","192.168.15.3","MQTT","90","Connect Command"
"353070","2169.848941836","192.168.15.4","192.168.15.3","MQTT","97","Publish Message (id=2133) [Deviceb'Device - 2']"
"353071","2169.849401234","192.168.15.3","192.168.15.4","MQTT","70","Connect Ack"
"353074","2169.851808531","192.168.15.3","192.168.15.4","MQTT","70","Publish Ack (id=2133)"
"353076","2169.852588804","192.168.15.4","192.168.15.3","MQTT","68","Disconnect Req"
"353087","2170.856848248","192.168.15.4","192.168.15.3","MQTT","90","Connect Command"
"353089","2170.859839107","192.168.15.4","192.168.15.3","MQTT","97","Publish Message (id=2134) [Deviceb'Device - 2']"
"353092","2170.863911318","192.168.15.3","192.168.15.4","MQTT","70","Connect Ack"
"353094","2170.866482053","192.168.15.3","192.168.15.4","MQTT","70","Publish Ack (id=2134)"
"353096","2170.867322240","192.168.15.4","192.168.15.3","MQTT","68","Disconnect Req"
"353116","2171.871812562","192.168.15.4","192.168.15.3","MQTT","90","Connect Command"
"353118","2171.874698032","192.168.15.4","192.168.15.3","MQTT","97","Publish Message (id=2135) [Deviceb'Device - 2']"
"353119","2171.875091074","192.168.15.3","192.168.15.4","MQTT","70","Connect Ack"
"353122","2171.877157567","192.168.15.3","192.168.15.4","MQTT","70","Publish Ack (id=2135)"
"353125","2171.877853762","192.168.15.4","192.168.15.3","MQTT","68","Disconnect Req"
"353137","2172.882183133","192.168.15.4","192.168.15.3","MQTT","90","Connect Command"
"353139","2172.885075496","192.168.15.4","192.168.15.3","MQTT","97","Publish Message (id=2136) [Deviceb'Device - 2']"
"353140","2172.885511149","192.168.15.3","192.168.15.4","MQTT","70","Connect Ack"
"353143","2172.887573464","192.168.15.3","192.168.15.4","MQTT","70","Publish Ack (id=2136)"
"353145","2172.888264940","192.168.15.4","192.168.15.3","MQTT","68","Disconnect Req"
"353157","2173.892472001","192.168.15.4","192.168.15.3","MQTT","90","Connect Command"
"353159","2173.895353534","192.168.15.4","192.168.15.3","MQTT","97","Publish Message (id=2137) [Deviceb'Device - 2']"
"353160","2173.895777655","192.168.15.3","192.168.15.4","MQTT","70","Connect Ack"
"353163","2173.898057972","192.168.15.3","192.168.15.4","MQTT","70","Publish Ack (id=2137)"
"353165","2173.898731594","192.168.15.4","192.168.15.3","MQTT","68","Disconnect Req"
"353180","2174.902959878","192.168.15.4","192.168.15.3","MQTT","90","Connect Command"
"353182","2174.905859685","192.168.15.4","192.168.15.3","MQTT","97","Publish Message (id=2138) [Deviceb'Device - 2']"
"353183","2174.906306138","192.168.15.3","192.168.15.4","MQTT","70","Connect Ack"
"353186","2174.908760083","192.168.15.3","192.168.15.4","MQTT","70","Publish Ack (id=2138)"
"353188","2174.909507234","192.168.15.4","192.168.15.3","MQTT","68","Disconnect Req"
"353201","2175.914013776","192.168.15.4","192.168.15.3","MQTT","90","Connect Command"
"353203","2175.916917320","192.168.15.4","192.168.15.3","MQTT","97","Publish Message (id=2139) [Deviceb'Device - 2']"
"353205","2175.921197213","192.168.15.3","192.168.15.4","MQTT","70","Connect Ack"
"353207","2175.923649374","192.168.15.3","192.168.15.4","MQTT","70","Publish Ack (id=2139)"
"353209","2175.924405612","192.168.15.4","192.168.15.3","MQTT","68","Disconnect Req"
"355039","2176.928824722","192.168.15.4","192.168.15.3","MQTT","90","Connect Command"
"355041","2176.932373083","192.168.15.4","192.168.15.3","MQTT","97","Publish Message (id=2140) [Deviceb'Device - 2']"
"355042","2176.932650087","192.168.15.3","192.168.15.4","MQTT","70","Connect Ack"
"355045","2176.935186557","192.168.15.3","192.168.15.4","MQTT","70","Publish Ack (id=2140)"
"355047","2176.935888112","192.168.15.4","192.168.15.3","MQTT","68","Disconnect Req"
"355059","2177.940294111","192.168.15.4","192.168.15.3","MQTT","90","Connect Command"
"355061","2177.943204758","192.168.15.4","192.168.15.3","MQTT","97","Publish Message (id=2141) [Deviceb'Device - 2']"
"355062","2177.943608431","192.168.15.3","192.168.15.4","MQTT","70","Connect Ack"
"355065","2177.946085900","192.168.15.3","192.168.15.4","MQTT","70","Publish Ack (id=2141)"
"355067","2177.946877665","192.168.15.4","192.168.15.3","MQTT","68","Disconnect Req"
"355077","2178.950652022","192.168.15.4","192.168.15.3","MQTT","90","Connect Command"
"355079","2178.953598627","192.168.15.4","192.168.15.3","MQTT","97","Publish Message (id=2142) [Deviceb'Device - 2']"
"355080","2178.954035302","192.168.15.3","192.168.15.4","MQTT","70","Connect Ack"
"355083","2178.956129017","192.168.15.3","192.168.15.4","MQTT","70","Publish Ack (id=2142)"
"355085","2178.956961930","192.168.15.4","192.168.15.3","MQTT","68","Disconnect Req"
"355106","2179.961620248","192.168.15.4","192.168.15.3","MQTT","90","Connect Command"
"355108","2179.964551905","192.168.15.4","192.168.15.3","MQTT","97","Publish Message (id=2143) [Deviceb'Device - 2']"
"355109","2179.964947201","192.168.15.3","192.168.15.4","MQTT","70","Connect Ack"
"355112","2179.967374386","192.168.15.3","192.168.15.4","MQTT","70","Publish Ack (id=2143)"
"355114","2179.967788137","192.168.15.4","192.168.15.3","MQTT","68","Disconnect Req"
"355126","2180.971566727","192.168.15.4","192.168.15.3","MQTT","90","Connect Command"
"355128","2180.974517400","192.168.15.4","192.168.15.3","MQTT","97","Publish Message (id=2144) [Deviceb'Device - 2']"
"355130","2180.978747830","192.168.15.3","192.168.15.4","MQTT","70","Connect Ack"
"355132","2180.981128797","192.168.15.3","192.168.15.4","MQTT","70","Publish Ack (id=2144)"
"355134","2180.981870267","192.168.15.4","192.168.15.3","MQTT","68","Disconnect Req"
"355146","2181.986038384","192.168.15.4","192.168.15.3","MQTT","90","Connect Command"
"355148","2181.991047765","192.168.15.4","192.168.15.3","MQTT","97","Publish Message (id=2145) [Deviceb'Device - 2']"
"355149","2181.991331411","192.168.15.3","192.168.15.4","MQTT","70","Connect Ack"
"355152","2181.993508062","192.168.15.3","192.168.15.4","MQTT","70","Publish Ack (id=2145)"
"355154","2181.994211861","192.168.15.4","192.168.15.3","MQTT","68","Disconnect Req"
"355166","2182.997911506","192.168.15.4","192.168.15.3","MQTT","90","Connect Command"
"355168","2183.000845698","192.168.15.4","192.168.15.3","MQTT","97","Publish Message (id=2146) [Deviceb'Device - 2']"
"355169","2183.001266883","192.168.15.3","192.168.15.4","MQTT","70","Connect Ack"
"355172","2183.003561046","192.168.15.3","192.168.15.4","MQTT","70","Publish Ack (id=2146)"
"355174","2183.003908953","192.168.15.4","192.168.15.3","MQTT","68","Disconnect Req"
"355188","2184.007648607","192.168.15.4","192.168.15.3","MQTT","90","Connect Command"
"355190","2184.010665495","192.168.15.4","192.168.15.3","MQTT","97","Publish Message (id=2147) [Deviceb'Device - 2']"
"355191","2184.011117399","192.168.15.3","192.168.15.4","MQTT","70","Connect Ack"
"355194","2184.013522501","192.168.15.3","192.168.15.4","MQTT","70","Publish Ack (id=2147)"
"355196","2184.013957974","192.168.15.4","192.168.15.3","MQTT","68","Disconnect Req"
"355227","2185.018113073","192.168.15.4","192.168.15.3","MQTT","90","Connect Command"
"355229","2185.021121034","192.168.15.4","192.168.15.3","MQTT","97","Publish Message (id=2148) [Deviceb'Device - 2']"
"355230","2185.021541478","192.168.15.3","192.168.15.4","MQTT","70","Connect Ack"
"355233","2185.023990063","192.168.15.3","192.168.15.4","MQTT","70","Publish Ack (id=2148)"
"355235","2185.024347287","192.168.15.4","192.168.15.3","MQTT","68","Disconnect Req"
"355252","2186.028135235","192.168.15.4","192.168.15.3","MQTT","90","Connect Command"
"355254","2186.031034531","192.168.15.4","192.168.15.3","MQTT","97","Publish Message (id=2149) [Deviceb'Device - 2']"
"355256","2186.035274509","192.168.15.3","192.168.15.4","MQTT","70","Connect Ack"
"355258","2186.037561939","192.168.15.3","192.168.15.4","MQTT","70","Publish Ack (id=2149)"
"355260","2186.037958218","192.168.15.4","192.168.15.3","MQTT","68","Disconnect Req"
"355272","2187.042122960","192.168.15.4","192.168.15.3","MQTT","90","Connect Command"
"355274","2187.045075687","192.168.15.4","192.168.15.3","MQTT","97","Publish Message (id=2150) [Deviceb'Device - 2']"
"355275","2187.045473018","192.168.15.3","192.168.15.4","MQTT","70","Connect Ack"
"355278","2187.047952461","192.168.15.3","192.168.15.4","MQTT","70","Publish Ack (id=2150)"
"355280","2187.048305718","192.168.15.4","192.168.15.3","MQTT","68","Disconnect Req"
"355292","2188.052004583","192.168.15.4","192.168.15.3","MQTT","90","Connect Command"
"355294","2188.054949795","192.168.15.4","192.168.15.3","MQTT","97","Publish Message (id=2151) [Deviceb'Device - 2']"
"355295","2188.055392752","192.168.15.3","192.168.15.4","MQTT","70","Connect Ack"
"355298","2188.057677808","192.168.15.3","192.168.15.4","MQTT","70","Publish Ack (id=2151)"
"355300","2188.058119702","192.168.15.4","192.168.15.3","MQTT","68","Disconnect Req"
"355309","2189.061622338","192.168.15.4","192.168.15.3","MQTT","90","Connect Command"
"355311","2189.064547704","192.168.15.4","192.168.15.3","MQTT","97","Publish Message (id=2152) [Deviceb'Device - 2']"
"355312","2189.064988586","192.168.15.3","192.168.15.4","MQTT","70","Connect Ack"
"355315","2189.067015274","192.168.15.3","192.168.15.4","MQTT","70","Publish Ack (id=2152)"
"355317","2189.067299401","192.168.15.4","192.168.15.3","MQTT","68","Disconnect Req"
"355332","2190.071433622","192.168.15.4","192.168.15.3","MQTT","90","Connect Command"
"355334","2190.074442596","192.168.15.4","192.168.15.3","MQTT","97","Publish Message (id=2153) [Deviceb'Device - 2']"
"355335","2190.074850286","192.168.15.3","192.168.15.4","MQTT","70","Connect Ack"
"355338","2190.077344056","192.168.15.3","192.168.15.4","MQTT","70","Publish Ack (id=2153)"
"355340","2190.077733281","192.168.15.4","192.168.15.3","MQTT","68","Disconnect Req"
"355352","2191.083215291","192.168.15.4","192.168.15.3","MQTT","90","Connect Command"
"355354","2191.085271895","192.168.15.4","192.168.15.3","MQTT","97","Publish Message (id=2154) [Deviceb'Device - 2']"
"355356","2191.089495712","192.168.15.3","192.168.15.4","MQTT","70","Connect Ack"
"355358","2191.091812027","192.168.15.3","192.168.15.4","MQTT","70","Publish Ack (id=2154)"
"355360","2191.092641243","192.168.15.4","192.168.15.3","MQTT","68","Disconnect Req"
"356091","2192.096786871","192.168.15.4","192.168.15.3","MQTT","90","Connect Command"
"356126","2192.100172305","192.168.15.4","192.168.15.3","MQTT","97","Publish Message (id=2155) [Deviceb'Device - 2']"
"356128","2192.100272134","192.168.15.3","192.168.15.4","MQTT","70","Connect Ack"
"356158","2192.104469572","192.168.15.3","192.168.15.4","MQTT","70","Publish Ack (id=2155)"
"356163","2192.104834170","192.168.15.4","192.168.15.3","MQTT","68","Disconnect Req"
"357613","2193.108469566","192.168.15.4","192.168.15.3","MQTT","90","Connect Command"
"357615","2193.111376547","192.168.15.4","192.168.15.3","MQTT","97","Publish Message (id=2156) [Deviceb'Device - 2']"
"357616","2193.111983063","192.168.15.3","192.168.15.4","MQTT","70","Connect Ack"
"357619","2193.113823950","192.168.15.3","192.168.15.4","MQTT","70","Publish Ack (id=2156)"
"357621","2193.114640201","192.168.15.4","192.168.15.3","MQTT","68","Disconnect Req"
"357634","2194.119282953","192.168.15.4","192.168.15.3","MQTT","90","Connect Command"
"357636","2194.122155889","192.168.15.4","192.168.15.3","MQTT","97","Publish Message (id=2157) [Deviceb'Device - 2']"
"357637","2194.122517612","192.168.15.3","192.168.15.4","MQTT","70","Connect Ack"
"357640","2194.124717186","192.168.15.3","192.168.15.4","MQTT","70","Publish Ack (id=2157)"
"357642","2194.125437647","192.168.15.4","192.168.15.3","MQTT","68","Disconnect Req"
"357679","2195.129554226","192.168.15.4","192.168.15.3","MQTT","90","Connect Command"
"357681","2195.132453622","192.168.15.4","192.168.15.3","MQTT","97","Publish Message (id=2158) [Deviceb'Device - 2']"
"357682","2195.132825675","192.168.15.3","192.168.15.4","MQTT","70","Connect Ack"
"357685","2195.135410868","192.168.15.3","192.168.15.4","MQTT","70","Publish Ack (id=2158)"
"357687","2195.136115178","192.168.15.4","192.168.15.3","MQTT","68","Disconnect Req"
"357699","2196.140232783","192.168.15.4","192.168.15.3","MQTT","90","Connect Command"
"357701","2196.143159110","192.168.15.4","192.168.15.3","MQTT","97","Publish Message (id=2159) [Deviceb'Device - 2']"
"357703","2196.147330268","192.168.15.3","192.168.15.4","MQTT","70","Connect Ack"
"357705","2196.149699713","192.168.15.3","192.168.15.4","MQTT","70","Publish Ack (id=2159)"
"357707","2196.150636362","192.168.15.4","192.168.15.3","MQTT","68","Disconnect Req"
"357721","2197.154639051","192.168.15.4","192.168.15.3","MQTT","90","Connect Command"
"357723","2197.157591948","192.168.15.4","192.168.15.3","MQTT","97","Publish Message (id=2160) [Deviceb'Device - 2']"
"357724","2197.157889500","192.168.15.3","192.168.15.4","MQTT","70","Connect Ack"
"357727","2197.160516391","192.168.15.3","192.168.15.4","MQTT","70","Publish Ack (id=2160)"
"357729","2197.161514076","192.168.15.4","192.168.15.3","MQTT","68","Disconnect Req"
"357741","2198.165496129","192.168.15.4","192.168.15.3","MQTT","90","Connect Command"
"357743","2198.170120813","192.168.15.4","192.168.15.3","MQTT","97","Publish Message (id=2161) [Deviceb'Device - 2']"
"357744","2198.170477347","192.168.15.3","192.168.15.4","MQTT","70","Connect Ack"
"357747","2198.172545393","192.168.15.3","192.168.15.4","MQTT","70","Publish Ack (id=2161)"
"357749","2198.173364319","192.168.15.4","192.168.15.3","MQTT","68","Disconnect Req"
"357762","2199.177231938","192.168.15.4","192.168.15.3","MQTT","90","Connect Command"
"357764","2199.180123770","192.168.15.4","192.168.15.3","MQTT","97","Publish Message (id=2162) [Deviceb'Device - 2']"
"357765","2199.181019191","192.168.15.3","192.168.15.4","MQTT","70","Connect Ack"
"357768","2199.182934268","192.168.15.3","192.168.15.4","MQTT","70","Publish Ack (id=2162)"
"357770","2199.183927754","192.168.15.4","192.168.15.3","MQTT","68","Disconnect Req"
"357781","2200.188623029","192.168.15.4","192.168.15.3","MQTT","90","Connect Command"
"357783","2200.191507967","192.168.15.4","192.168.15.3","MQTT","97","Publish Message (id=2163) [Deviceb'Device - 2']"
"357784","2200.191918433","192.168.15.3","192.168.15.4","MQTT","70","Connect Ack"
"357787","2200.194031754","192.168.15.3","192.168.15.4","MQTT","70","Publish Ack (id=2163)"
"357789","2200.194818290","192.168.15.4","192.168.15.3","MQTT","68","Disconnect Req"
"357801","2201.198452060","192.168.15.4","192.168.15.3","MQTT","90","Connect Command"
"357803","2201.201381202","192.168.15.4","192.168.15.3","MQTT","97","Publish Message (id=2164) [Deviceb'Device - 2']"
"357805","2201.205558361","192.168.15.3","192.168.15.4","MQTT","70","Connect Ack"
"357807","2201.207951151","192.168.15.3","192.168.15.4","MQTT","70","Publish Ack (id=2164)"
"357809","2201.208351196","192.168.15.4","192.168.15.3","MQTT","68","Disconnect Req"
"357825","2202.211711854","192.168.15.4","192.168.15.3","MQTT","90","Connect Command"
"357827","2202.214607704","192.168.15.4","192.168.15.3","MQTT","97","Publish Message (id=2165) [Deviceb'Device - 2']"
"357828","2202.215034019","192.168.15.3","192.168.15.4","MQTT","70","Connect Ack"
"357831","2202.217484096","192.168.15.3","192.168.15.4","MQTT","70","Publish Ack (id=2165)"
"357833","2202.217862701","192.168.15.4","192.168.15.3","MQTT","68","Disconnect Req"
"357845","2203.221994258","192.168.15.4","192.168.15.3","MQTT","90","Connect Command"
"357847","2203.224909163","192.168.15.4","192.168.15.3","MQTT","97","Publish Message (id=2166) [Deviceb'Device - 2']"
"357848","2203.225390502","192.168.15.3","192.168.15.4","MQTT","70","Connect Ack"
"357851","2203.227777381","192.168.15.3","192.168.15.4","MQTT","70","Publish Ack (id=2166)"
"357853","2203.228146868","192.168.15.4","192.168.15.3","MQTT","68","Disconnect Req"
"357865","2204.232318942","192.168.15.4","192.168.15.3","MQTT","90","Connect Command"
"357867","2204.235317646","192.168.15.4","192.168.15.3","MQTT","97","Publish Message (id=2167) [Deviceb'Device - 2']"
"357868","2204.235745404","192.168.15.3","192.168.15.4","MQTT","70","Connect Ack"
"357871","2204.238190182","192.168.15.3","192.168.15.4","MQTT","70","Publish Ack (id=2167)"
"357873","2204.238475360","192.168.15.4","192.168.15.3","MQTT","68","Disconnect Req"
"357888","2205.242114771","192.168.15.4","192.168.15.3","MQTT","90","Connect Command"
"357890","2205.245096833","192.168.15.4","192.168.15.3","MQTT","97","Publish Message (id=2168) [Deviceb'Device - 2']"
"357891","2205.245446303","192.168.15.3","192.168.15.4","MQTT","70","Connect Ack"
"357894","2205.247865562","192.168.15.3","192.168.15.4","MQTT","70","Publish Ack (id=2168)"
"357896","2205.248221915","192.168.15.4","192.168.15.3","MQTT","68","Disconnect Req"
"357908","2206.252148500","192.168.15.4","192.168.15.3","MQTT","90","Connect Command"
"357910","2206.255037106","192.168.15.4","192.168.15.3","MQTT","97","Publish Message (id=2169) [Deviceb'Device - 2']"
"357912","2206.259548296","192.168.15.3","192.168.15.4","MQTT","70","Connect Ack"
"357914","2206.261844753","192.168.15.3","192.168.15.4","MQTT","70","Publish Ack (id=2169)"
"357916","2206.262307497","192.168.15.4","192.168.15.3","MQTT","68","Disconnect Req"
"357928","2207.266779544","192.168.15.4","192.168.15.3","MQTT","90","Connect Command"
"357930","2207.269675764","192.168.15.4","192.168.15.3","MQTT","97","Publish Message (id=2170) [Deviceb'Device - 2']"
"357931","2207.270063757","192.168.15.3","192.168.15.4","MQTT","70","Connect Ack"
"357934","2207.272540194","192.168.15.3","192.168.15.4","MQTT","70","Publish Ack (id=2170)"
"357936","2207.273607741","192.168.15.4","192.168.15.3","MQTT","68","Disconnect Req"
"359704","2208.277406589","192.168.15.4","192.168.15.3","MQTT","90","Connect Command"
"359706","2208.280338376","192.168.15.4","192.168.15.3","MQTT","97","Publish Message (id=2171) [Deviceb'Device - 2']"
"359707","2208.280700019","192.168.15.3","192.168.15.4","MQTT","70","Connect Ack"
"359710","2208.283036953","192.168.15.3","192.168.15.4","MQTT","70","Publish Ack (id=2171)"
"359712","2208.284070696","192.168.15.4","192.168.15.3","MQTT","68","Disconnect Req"
"359728","2209.288770819","192.168.15.4","192.168.15.3","MQTT","90","Connect Command"
"359730","2209.291660337","192.168.15.4","192.168.15.3","MQTT","97","Publish Message (id=2172) [Deviceb'Device - 2']"
"359731","2209.292113032","192.168.15.3","192.168.15.4","MQTT","70","Connect Ack"
"359734","2209.294394822","192.168.15.3","192.168.15.4","MQTT","70","Publish Ack (id=2172)"
"359736","2209.295117787","192.168.15.4","192.168.15.3","MQTT","68","Disconnect Req"
"359751","2210.299633723","192.168.15.4","192.168.15.3","MQTT","90","Connect Command"
"359753","2210.302674917","192.168.15.4","192.168.15.3","MQTT","97","Publish Message (id=2173) [Deviceb'Device - 2']"
"359754","2210.303113155","192.168.15.3","192.168.15.4","MQTT","70","Connect Ack"
"359757","2210.305588380","192.168.15.3","192.168.15.4","MQTT","70","Publish Ack (id=2173)"
"359759","2210.306346973","192.168.15.4","192.168.15.3","MQTT","68","Disconnect Req"
"359767","2211.310201563","192.168.15.4","192.168.15.3","MQTT","90","Connect Command"
"359769","2211.313124063","192.168.15.4","192.168.15.3","MQTT","97","Publish Message (id=2174) [Deviceb'Device - 2']"
"359771","2211.317278319","192.168.15.3","192.168.15.4","MQTT","70","Connect Ack"
"359773","2211.319723487","192.168.15.3","192.168.15.4","MQTT","70","Publish Ack (id=2174)"
"359775","2211.320152508","192.168.15.4","192.168.15.3","MQTT","68","Disconnect Req"
"359799","2212.324164917","192.168.15.4","192.168.15.3","MQTT","90","Connect Command"
"359801","2212.327118917","192.168.15.4","192.168.15.3","MQTT","97","Publish Message (id=2175) [Deviceb'Device - 2']"
"359802","2212.327547887","192.168.15.3","192.168.15.4","MQTT","70","Connect Ack"
"359805","2212.329954553","192.168.15.3","192.168.15.4","MQTT","70","Publish Ack (id=2175)"
"359807","2212.330270139","192.168.15.4","192.168.15.3","MQTT","68","Disconnect Req"
"359819","2213.334014564","192.168.15.4","192.168.15.3","MQTT","90","Connect Command"
"359821","2213.336950159","192.168.15.4","192.168.15.3","MQTT","97","Publish Message (id=2176) [Deviceb'Device - 2']"
"359822","2213.337402253","192.168.15.3","192.168.15.4","MQTT","70","Connect Ack"
"359825","2213.339853543","192.168.15.3","192.168.15.4","MQTT","70","Publish Ack (id=2176)"
"359827","2213.340408591","192.168.15.4","192.168.15.3","MQTT","68","Disconnect Req"
"359843","2214.344827765","192.168.15.4","192.168.15.3","MQTT","90","Connect Command"
"359845","2214.348634395","192.168.15.4","192.168.15.3","MQTT","97","Publish Message (id=2177) [Deviceb'Device - 2']"
"359846","2214.348906308","192.168.15.3","192.168.15.4","MQTT","70","Connect Ack"
"359849","2214.351521057","192.168.15.3","192.168.15.4","MQTT","70","Publish Ack (id=2177)"
"359851","2214.351762132","192.168.15.4","192.168.15.3","MQTT","68","Disconnect Req"
"359866","2215.355932998","192.168.15.4","192.168.15.3","MQTT","90","Connect Command"
"359868","2215.358912004","192.168.15.4","192.168.15.3","MQTT","97","Publish Message (id=2178) [Deviceb'Device - 2']"
"359869","2215.359302892","192.168.15.3","192.168.15.4","MQTT","70","Connect Ack"
"359872","2215.362208080","192.168.15.3","192.168.15.4","MQTT","70","Publish Ack (id=2178)"
"359874","2215.362749793","192.168.15.4","192.168.15.3","MQTT","68","Disconnect Req"
"359886","2216.366906723","192.168.15.4","192.168.15.3","MQTT","90","Connect Command"
"359888","2216.369934532","192.168.15.4","192.168.15.3","MQTT","97","Publish Message (id=2179) [Deviceb'Device - 2']"
"359890","2216.374193636","192.168.15.3","192.168.15.4","MQTT","70","Connect Ack"
"359892","2216.376607014","192.168.15.3","192.168.15.4","MQTT","70","Publish Ack (id=2179)"
"359894","2216.376977274","192.168.15.4","192.168.15.3","MQTT","68","Disconnect Req"
"359904","2217.381041784","192.168.15.4","192.168.15.3","MQTT","90","Connect Command"
"359906","2217.384009589","192.168.15.4","192.168.15.3","MQTT","97","Publish Message (id=2180) [Deviceb'Device - 2']"
"359907","2217.384395738","192.168.15.3","192.168.15.4","MQTT","70","Connect Ack"
"359910","2217.386897684","192.168.15.3","192.168.15.4","MQTT","70","Publish Ack (id=2180)"
"359912","2217.387332676","192.168.15.4","192.168.15.3","MQTT","68","Disconnect Req"
"359924","2218.390798606","192.168.15.4","192.168.15.3","MQTT","90","Connect Command"
"359926","2218.393819262","192.168.15.4","192.168.15.3","MQTT","97","Publish Message (id=2181) [Deviceb'Device - 2']"
"359927","2218.394223335","192.168.15.3","192.168.15.4","MQTT","70","Connect Ack"
"359930","2218.396683903","192.168.15.3","192.168.15.4","MQTT","70","Publish Ack (id=2181)"
"359932","2218.396965234","192.168.15.4","192.168.15.3","MQTT","68","Disconnect Req"
"359946","2219.400677233","192.168.15.4","192.168.15.3","MQTT","90","Connect Command"
"359948","2219.403703680","192.168.15.4","192.168.15.3","MQTT","97","Publish Message (id=2182) [Deviceb'Device - 2']"
"359949","2219.404053400","192.168.15.3","192.168.15.4","MQTT","70","Connect Ack"
"359952","2219.406592877","192.168.15.3","192.168.15.4","MQTT","70","Publish Ack (id=2182)"
"359954","2219.407058927","192.168.15.4","192.168.15.3","MQTT","68","Disconnect Req"
"359970","2220.410526146","192.168.15.4","192.168.15.3","MQTT","90","Connect Command"
"359972","2220.413535259","192.168.15.4","192.168.15.3","MQTT","97","Publish Message (id=2183) [Deviceb'Device - 2']"
"359973","2220.413945594","192.168.15.3","192.168.15.4","MQTT","70","Connect Ack"
"359976","2220.416754991","192.168.15.3","192.168.15.4","MQTT","70","Publish Ack (id=2183)"
"359978","2220.417544782","192.168.15.4","192.168.15.3","MQTT","68","Disconnect Req"
"359990","2221.421323431","192.168.15.4","192.168.15.3","MQTT","90","Connect Command"
"359992","2221.424200535","192.168.15.4","192.168.15.3","MQTT","97","Publish Message (id=2184) [Deviceb'Device - 2']"
"359994","2221.428515345","192.168.15.3","192.168.15.4","MQTT","70","Connect Ack"
"359996","2221.430804118","192.168.15.3","192.168.15.4","MQTT","70","Publish Ack (id=2184)"
"359998","2221.431105968","192.168.15.4","192.168.15.3","MQTT","68","Disconnect Req"
"360010","2222.435086551","192.168.15.4","192.168.15.3","MQTT","90","Connect Command"
"360012","2222.439779274","192.168.15.4","192.168.15.3","MQTT","97","Publish Message (id=2185) [Deviceb'Device - 2']"
"360013","2222.440151387","192.168.15.3","192.168.15.4","MQTT","70","Connect Ack"
"360016","2222.442598599","192.168.15.3","192.168.15.4","MQTT","70","Publish Ack (id=2185)"
"360018","2222.442919926","192.168.15.4","192.168.15.3","MQTT","68","Disconnect Req"
"360030","2223.446333017","192.168.15.4","192.168.15.3","MQTT","90","Connect Command"
"360032","2223.449349795","192.168.15.4","192.168.15.3","MQTT","97","Publish Message (id=2186) [Deviceb'Device - 2']"
"360033","2223.449723300","192.168.15.3","192.168.15.4","MQTT","70","Connect Ack"
"360036","2223.452159452","192.168.15.3","192.168.15.4","MQTT","70","Publish Ack (id=2186)"
"360038","2223.452424162","192.168.15.4","192.168.15.3","MQTT","68","Disconnect Req"
"360062","2224.455583346","192.168.15.4","192.168.15.3","MQTT","90","Connect Command"
"360064","2224.458383886","192.168.15.4","192.168.15.3","MQTT","97","Publish Message (id=2187) [Deviceb'Device - 2']"
"360065","2224.458989360","192.168.15.3","192.168.15.4","MQTT","70","Connect Ack"
"360068","2224.461173044","192.168.15.3","192.168.15.4","MQTT","70","Publish Ack (id=2187)"
"360070","2224.461469714","192.168.15.4","192.168.15.3","MQTT","68","Disconnect Req"
"362391","2225.465638958","192.168.15.4","192.168.15.3","MQTT","90","Connect Command"
"362393","2225.468672358","192.168.15.4","192.168.15.3","MQTT","97","Publish Message (id=2188) [Deviceb'Device - 2']"
"362394","2225.469047105","192.168.15.3","192.168.15.4","MQTT","70","Connect Ack"
"362397","2225.471534975","192.168.15.3","192.168.15.4","MQTT","70","Publish Ack (id=2188)"
"362399","2225.471792651","192.168.15.4","192.168.15.3","MQTT","68","Disconnect Req"
"362424","2226.476065641","192.168.15.4","192.168.15.3","MQTT","90","Connect Command"
"362426","2226.479105082","192.168.15.4","192.168.15.3","MQTT","97","Publish Message (id=2189) [Deviceb'Device - 2']"
"362428","2226.483448706","192.168.15.3","192.168.15.4","MQTT","70","Connect Ack"
"362430","2226.485883956","192.168.15.3","192.168.15.4","MQTT","70","Publish Ack (id=2189)"
"362432","2226.486234939","192.168.15.4","192.168.15.3","MQTT","68","Disconnect Req"
"362446","2227.489942917","192.168.15.4","192.168.15.3","MQTT","90","Connect Command"
"362448","2227.492814691","192.168.15.4","192.168.15.3","MQTT","97","Publish Message (id=2190) [Deviceb'Device - 2']"
"362449","2227.493220919","192.168.15.3","192.168.15.4","MQTT","70","Connect Ack"
"362452","2227.495644205","192.168.15.3","192.168.15.4","MQTT","70","Publish Ack (id=2190)"
"362454","2227.496663180","192.168.15.4","192.168.15.3","MQTT","68","Disconnect Req"
"362491","2228.500233683","192.168.15.4","192.168.15.3","MQTT","90","Connect Command"
"362493","2228.503191540","192.168.15.4","192.168.15.3","MQTT","97","Publish Message (id=2191) [Deviceb'Device - 2']"
"362494","2228.503578831","192.168.15.3","192.168.15.4","MQTT","70","Connect Ack"
"362497","2228.506048035","192.168.15.3","192.168.15.4","MQTT","70","Publish Ack (id=2191)"
"362499","2228.506984715","192.168.15.4","192.168.15.3","MQTT","68","Disconnect Req"
"362516","2229.511358398","192.168.15.4","192.168.15.3","MQTT","90","Connect Command"
"362518","2229.514249649","192.168.15.4","192.168.15.3","MQTT","97","Publish Message (id=2192) [Deviceb'Device - 2']"
"362519","2229.514635688","192.168.15.3","192.168.15.4","MQTT","70","Connect Ack"
"362522","2229.517135029","192.168.15.3","192.168.15.4","MQTT","70","Publish Ack (id=2192)"
"362524","2229.518074784","192.168.15.4","192.168.15.3","MQTT","68","Disconnect Req"
"362539","2230.521531905","192.168.15.4","192.168.15.3","MQTT","90","Connect Command"
"362541","2230.525036224","192.168.15.4","192.168.15.3","MQTT","97","Publish Message (id=2193) [Deviceb'Device - 2']"
"362542","2230.525806168","192.168.15.3","192.168.15.4","MQTT","70","Connect Ack"
"362545","2230.528391731","192.168.15.3","192.168.15.4","MQTT","70","Publish Ack (id=2193)"
"362547","2230.529360231","192.168.15.4","192.168.15.3","MQTT","68","Disconnect Req"
"362571","2231.533641379","192.168.15.4","192.168.15.3","MQTT","90","Connect Command"
"362573","2231.536568437","192.168.15.4","192.168.15.3","MQTT","97","Publish Message (id=2194) [Deviceb'Device - 2']"
"362575","2231.541668250","192.168.15.3","192.168.15.4","MQTT","70","Connect Ack"
"362577","2231.543930954","192.168.15.3","192.168.15.4","MQTT","70","Publish Ack (id=2194)"
"362579","2231.544598264","192.168.15.4","192.168.15.3","MQTT","68","Disconnect Req"
"362591","2232.549375481","192.168.15.4","192.168.15.3","MQTT","90","Connect Command"
"362593","2232.552230363","192.168.15.4","192.168.15.3","MQTT","97","Publish Message (id=2195) [Deviceb'Device - 2']"
"362594","2232.552595472","192.168.15.3","192.168.15.4","MQTT","70","Connect Ack"
"362597","2232.555083913","192.168.15.3","192.168.15.4","MQTT","70","Publish Ack (id=2195)"
"362599","2232.555832937","192.168.15.4","192.168.15.3","MQTT","68","Disconnect Req"
"362611","2233.559966333","192.168.15.4","192.168.15.3","MQTT","90","Connect Command"
"362613","2233.562846422","192.168.15.4","192.168.15.3","MQTT","97","Publish Message (id=2196) [Deviceb'Device - 2']"
"362614","2233.563261466","192.168.15.3","192.168.15.4","MQTT","70","Connect Ack"
"362617","2233.565766157","192.168.15.3","192.168.15.4","MQTT","70","Publish Ack (id=2196)"
"362619","2233.566730499","192.168.15.4","192.168.15.3","MQTT","68","Disconnect Req"
"362633","2234.570826243","192.168.15.4","192.168.15.3","MQTT","90","Connect Command"
"362635","2234.573860454","192.168.15.4","192.168.15.3","MQTT","97","Publish Message (id=2197) [Deviceb'Device - 2']"
"362636","2234.574311195","192.168.15.3","192.168.15.4","MQTT","70","Connect Ack"
"362639","2234.576797241","192.168.15.3","192.168.15.4","MQTT","70","Publish Ack (id=2197)"
"362641","2234.577270555","192.168.15.4","192.168.15.3","MQTT","68","Disconnect Req"
"362657","2235.581285439","192.168.15.4","192.168.15.3","MQTT","90","Connect Command"
"362659","2235.584269265","192.168.15.4","192.168.15.3","MQTT","97","Publish Message (id=2198) [Deviceb'Device - 2']"
"362660","2235.584674421","192.168.15.3","192.168.15.4","MQTT","70","Connect Ack"
"362663","2235.587105462","192.168.15.3","192.168.15.4","MQTT","70","Publish Ack (id=2198)"
"362665","2235.587906455","192.168.15.4","192.168.15.3","MQTT","68","Disconnect Req"
"362677","2236.592150154","192.168.15.4","192.168.15.3","MQTT","90","Connect Command"
"362679","2236.595029432","192.168.15.4","192.168.15.3","MQTT","97","Publish Message (id=2199) [Deviceb'Device - 2']"
"362681","2236.599501128","192.168.15.3","192.168.15.4","MQTT","70","Connect Ack"
"362683","2236.601873530","192.168.15.3","192.168.15.4","MQTT","70","Publish Ack (id=2199)"
"362685","2236.602548254","192.168.15.4","192.168.15.3","MQTT","68","Disconnect Req"
"362697","2237.605943302","192.168.15.4","192.168.15.3","MQTT","90","Connect Command"
"362699","2237.608792424","192.168.15.4","192.168.15.3","MQTT","97","Publish Message (id=2200) [Deviceb'Device - 2']"
"362700","2237.609223588","192.168.15.3","192.168.15.4","MQTT","70","Connect Ack"
"362703","2237.612983910","192.168.15.3","192.168.15.4","MQTT","70","Publish Ack (id=2200)"
"362705","2237.613905992","192.168.15.4","192.168.15.3","MQTT","68","Disconnect Req"
"362719","2238.617860990","192.168.15.4","192.168.15.3","MQTT","90","Connect Command"
"362721","2238.620887156","192.168.15.4","192.168.15.3","MQTT","97","Publish Message (id=2201) [Deviceb'Device - 2']"
"362722","2238.621297851","192.168.15.3","192.168.15.4","MQTT","70","Connect Ack"
"362725","2238.623787314","192.168.15.3","192.168.15.4","MQTT","70","Publish Ack (id=2201)"
"362727","2238.624395913","192.168.15.4","192.168.15.3","MQTT","68","Disconnect Req"
"362747","2239.629027231","192.168.15.4","192.168.15.3","MQTT","90","Connect Command"
"362749","2239.634315339","192.168.15.4","192.168.15.3","MQTT","97","Publish Message (id=2202) [Deviceb'Device - 2']"
"362750","2239.634688514","192.168.15.3","192.168.15.4","MQTT","70","Connect Ack"
"362753","2239.637218814","192.168.15.3","192.168.15.4","MQTT","70","Publish Ack (id=2202)"
"362755","2239.637634118","192.168.15.4","192.168.15.3","MQTT","68","Disconnect Req"
"364520","2240.640974897","192.168.15.4","192.168.15.3","MQTT","90","Connect Command"
"364522","2240.643960035","192.168.15.4","192.168.15.3","MQTT","97","Publish Message (id=2203) [Deviceb'Device - 2']"
"364523","2240.644357877","192.168.15.3","192.168.15.4","MQTT","70","Connect Ack"
"364526","2240.646638064","192.168.15.3","192.168.15.4","MQTT","70","Publish Ack (id=2203)"
"364528","2240.647341994","192.168.15.4","192.168.15.3","MQTT","68","Disconnect Req"
"364541","2241.650427504","192.168.15.4","192.168.15.3","MQTT","90","Connect Command"
"364543","2241.653428752","192.168.15.4","192.168.15.3","MQTT","97","Publish Message (id=2204) [Deviceb'Device - 2']"
"364545","2241.657863358","192.168.15.3","192.168.15.4","MQTT","70","Connect Ack"
"364547","2241.660267800","192.168.15.3","192.168.15.4","MQTT","70","Publish Ack (id=2204)"
"364549","2241.661015442","192.168.15.4","192.168.15.3","MQTT","68","Disconnect Req"
"364561","2242.665401093","192.168.15.4","192.168.15.3","MQTT","90","Connect Command"
"364563","2242.668307503","192.168.15.4","192.168.15.3","MQTT","97","Publish Message (id=2205) [Deviceb'Device - 2']"
"364564","2242.668811815","192.168.15.3","192.168.15.4","MQTT","70","Connect Ack"
"364567","2242.671136586","192.168.15.3","192.168.15.4","MQTT","70","Publish Ack (id=2205)"
"364569","2242.671849663","192.168.15.4","192.168.15.3","MQTT","68","Disconnect Req"
"364581","2243.675267965","192.168.15.4","192.168.15.3","MQTT","90","Connect Command"
"364583","2243.678155328","192.168.15.4","192.168.15.3","MQTT","97","Publish Message (id=2206) [Deviceb'Device - 2']"
"364584","2243.678581794","192.168.15.3","192.168.15.4","MQTT","70","Connect Ack"
"364587","2243.680968862","192.168.15.3","192.168.15.4","MQTT","70","Publish Ack (id=2206)"
"364589","2243.681377634","192.168.15.4","192.168.15.3","MQTT","68","Disconnect Req"
"364604","2244.685603707","192.168.15.4","192.168.15.3","MQTT","90","Connect Command"
"364606","2244.688630233","192.168.15.4","192.168.15.3","MQTT","97","Publish Message (id=2207) [Deviceb'Device - 2']"
"364607","2244.689042221","192.168.15.3","192.168.15.4","MQTT","70","Connect Ack"
"364610","2244.691468024","192.168.15.3","192.168.15.4","MQTT","70","Publish Ack (id=2207)"
"364612","2244.691777668","192.168.15.4","192.168.15.3","MQTT","68","Disconnect Req"
"364620","2245.695238418","192.168.15.4","192.168.15.3","MQTT","90","Connect Command"
"364622","2245.698230860","192.168.15.4","192.168.15.3","MQTT","97","Publish Message (id=2208) [Deviceb'Device - 2']"
"364623","2245.698724623","192.168.15.3","192.168.15.4","MQTT","70","Connect Ack"
"364626","2245.702081664","192.168.15.3","192.168.15.4","MQTT","70","Publish Ack (id=2208)"
"364628","2245.702380047","192.168.15.4","192.168.15.3","MQTT","68","Disconnect Req"
"364679","2246.705801993","192.168.15.4","192.168.15.3","MQTT","90","Connect Command"
"364681","2246.710594485","192.168.15.4","192.168.15.3","MQTT","97","Publish Message (id=2209) [Deviceb'Device - 2']"
"364683","2246.715463822","192.168.15.3","192.168.15.4","MQTT","70","Connect Ack"
"364685","2246.717962592","192.168.15.3","192.168.15.4","MQTT","70","Publish Ack (id=2209)"
"364687","2246.718219377","192.168.15.4","192.168.15.3","MQTT","68","Disconnect Req"
"364751","2247.722887951","192.168.15.4","192.168.15.3","MQTT","90","Connect Command"
"364753","2247.725850536","192.168.15.4","192.168.15.3","MQTT","97","Publish Message (id=2210) [Deviceb'Device - 2']"
"364754","2247.726258928","192.168.15.3","192.168.15.4","MQTT","70","Connect Ack"
"364757","2247.729031434","192.168.15.3","192.168.15.4","MQTT","70","Publish Ack (id=2210)"
"364759","2247.729353353","192.168.15.4","192.168.15.3","MQTT","68","Disconnect Req"
"364772","2248.732715590","192.168.15.4","192.168.15.3","MQTT","90","Connect Command"
"364774","2248.735633161","192.168.15.4","192.168.15.3","MQTT","97","Publish Message (id=2211) [Deviceb'Device - 2']"
"364775","2248.736006927","192.168.15.3","192.168.15.4","MQTT","70","Connect Ack"
"364778","2248.738488314","192.168.15.3","192.168.15.4","MQTT","70","Publish Ack (id=2211)"
"364780","2248.738755779","192.168.15.4","192.168.15.3","MQTT","68","Disconnect Req"
"364795","2249.742190778","192.168.15.4","192.168.15.3","MQTT","90","Connect Command"
"364797","2249.744613554","192.168.15.4","192.168.15.3","MQTT","97","Publish Message (id=2212) [Deviceb'Device - 2']"
"364798","2249.745044448","192.168.15.3","192.168.15.4","MQTT","70","Connect Ack"
"364801","2249.747371052","192.168.15.3","192.168.15.4","MQTT","70","Publish Ack (id=2212)"
"364803","2249.747744988","192.168.15.4","192.168.15.3","MQTT","68","Disconnect Req"
"364817","2250.751344066","192.168.15.4","192.168.15.3","MQTT","90","Connect Command"
"364819","2250.754324716","192.168.15.4","192.168.15.3","MQTT","97","Publish Message (id=2213) [Deviceb'Device - 2']"
"364820","2250.754713080","192.168.15.3","192.168.15.4","MQTT","70","Connect Ack"
"364823","2250.757224363","192.168.15.3","192.168.15.4","MQTT","70","Publish Ack (id=2213)"
"364825","2250.757696455","192.168.15.4","192.168.15.3","MQTT","68","Disconnect Req"
"364839","2251.761701462","192.168.15.4","192.168.15.3","MQTT","90","Connect Command"
"364841","2251.764576062","192.168.15.4","192.168.15.3","MQTT","97","Publish Message (id=2214) [Deviceb'Device - 2']"
"364843","2251.768895581","192.168.15.3","192.168.15.4","MQTT","70","Connect Ack"
"364845","2251.771179064","192.168.15.3","192.168.15.4","MQTT","70","Publish Ack (id=2214)"
"364847","2251.771898783","192.168.15.4","192.168.15.3","MQTT","68","Disconnect Req"
"364875","2252.775824574","192.168.15.4","192.168.15.3","MQTT","90","Connect Command"
"364877","2252.778844068","192.168.15.4","192.168.15.3","MQTT","97","Publish Message (id=2215) [Deviceb'Device - 2']"
"364878","2252.779252619","192.168.15.3","192.168.15.4","MQTT","70","Connect Ack"
"364881","2252.781614320","192.168.15.3","192.168.15.4","MQTT","70","Publish Ack (id=2215)"
"364883","2252.782404222","192.168.15.4","192.168.15.3","MQTT","68","Disconnect Req"
"364895","2253.786747082","192.168.15.4","192.168.15.3","MQTT","90","Connect Command"
"364897","2253.791243936","192.168.15.4","192.168.15.3","MQTT","97","Publish Message (id=2216) [Deviceb'Device - 2']"
"364898","2253.791485863","192.168.15.3","192.168.15.4","MQTT","70","Connect Ack"
"364901","2253.794202164","192.168.15.3","192.168.15.4","MQTT","70","Publish Ack (id=2216)"
"364903","2253.794889823","192.168.15.4","192.168.15.3","MQTT","68","Disconnect Req"
"364929","2254.798889565","192.168.15.4","192.168.15.3","MQTT","90","Connect Command"
"364931","2254.801772661","192.168.15.4","192.168.15.3","MQTT","97","Publish Message (id=2217) [Deviceb'Device - 2']"
"364932","2254.802221679","192.168.15.3","192.168.15.4","MQTT","70","Connect Ack"
"364935","2254.805386707","192.168.15.3","192.168.15.4","MQTT","70","Publish Ack (id=2217)"
"364937","2254.805796632","192.168.15.4","192.168.15.3","MQTT","68","Disconnect Req"
"364956","2255.809784417","192.168.15.4","192.168.15.3","MQTT","90","Connect Command"
"364958","2255.812601228","192.168.15.4","192.168.15.3","MQTT","97","Publish Message (id=2218) [Deviceb'Device - 2']"
"364959","2255.813060575","192.168.15.3","192.168.15.4","MQTT","70","Connect Ack"
"364962","2255.815517596","192.168.15.3","192.168.15.4","MQTT","70","Publish Ack (id=2218)"
"364964","2255.815929644","192.168.15.4","192.168.15.3","MQTT","68","Disconnect Req"
"367193","2256.819697555","192.168.15.4","192.168.15.3","MQTT","90","Connect Command"
"367195","2256.822697922","192.168.15.4","192.168.15.3","MQTT","97","Publish Message (id=2219) [Deviceb'Device - 2']"
"367197","2256.827057938","192.168.15.3","192.168.15.4","MQTT","70","Connect Ack"
"367199","2256.829441630","192.168.15.3","192.168.15.4","MQTT","70","Publish Ack (id=2219)"
"367201","2256.829947345","192.168.15.4","192.168.15.3","MQTT","68","Disconnect Req"
"367215","2257.834036142","192.168.15.4","192.168.15.3","MQTT","90","Connect Command"
"367217","2257.836899380","192.168.15.4","192.168.15.3","MQTT","97","Publish Message (id=2220) [Deviceb'Device - 2']"
"367218","2257.837306589","192.168.15.3","192.168.15.4","MQTT","70","Connect Ack"
"367221","2257.840015015","192.168.15.3","192.168.15.4","MQTT","70","Publish Ack (id=2220)"
"367223","2257.840860242","192.168.15.4","192.168.15.3","MQTT","68","Disconnect Req"
"367236","2258.845152994","192.168.15.4","192.168.15.3","MQTT","90","Connect Command"
"367238","2258.847971788","192.168.15.4","192.168.15.3","MQTT","97","Publish Message (id=2221) [Deviceb'Device - 2']"
"367239","2258.848344242","192.168.15.3","192.168.15.4","MQTT","70","Connect Ack"
"367242","2258.850802305","192.168.15.3","192.168.15.4","MQTT","70","Publish Ack (id=2221)"
"367244","2258.851862337","192.168.15.4","192.168.15.3","MQTT","68","Disconnect Req"
"367259","2259.856550190","192.168.15.4","192.168.15.3","MQTT","90","Connect Command"
"367261","2259.859716461","192.168.15.4","192.168.15.3","MQTT","97","Publish Message (id=2222) [Deviceb'Device - 2']"
"367262","2259.860120815","192.168.15.3","192.168.15.4","MQTT","70","Connect Ack"
"367265","2259.862533131","192.168.15.3","192.168.15.4","MQTT","70","Publish Ack (id=2222)"
"367267","2259.863387485","192.168.15.4","192.168.15.3","MQTT","68","Disconnect Req"
"367279","2260.867571607","192.168.15.4","192.168.15.3","MQTT","90","Connect Command"
"367281","2260.870439354","192.168.15.4","192.168.15.3","MQTT","97","Publish Message (id=2223) [Deviceb'Device - 2']"
"367282","2260.870865519","192.168.15.3","192.168.15.4","MQTT","70","Connect Ack"
"367285","2260.873310938","192.168.15.3","192.168.15.4","MQTT","70","Publish Ack (id=2223)"
"367287","2260.874314463","192.168.15.4","192.168.15.3","MQTT","68","Disconnect Req"
"367301","2261.881476074","192.168.15.4","192.168.15.3","MQTT","90","Connect Command"
"367303","2261.886005419","192.168.15.4","192.168.15.3","MQTT","97","Publish Message (id=2224) [Deviceb'Device - 2']"
"367305","2261.890320489","192.168.15.3","192.168.15.4","MQTT","70","Connect Ack"
"367307","2261.892676440","192.168.15.3","192.168.15.4","MQTT","70","Publish Ack (id=2224)"
"367309","2261.892964023","192.168.15.4","192.168.15.3","MQTT","68","Disconnect Req"
"367318","2262.897677803","192.168.15.4","192.168.15.3","MQTT","90","Connect Command"
"367320","2262.900594011","192.168.15.4","192.168.15.3","MQTT","97","Publish Message (id=2225) [Deviceb'Device - 2']"
"367321","2262.901008183","192.168.15.3","192.168.15.4","MQTT","70","Connect Ack"
"367324","2262.903385003","192.168.15.3","192.168.15.4","MQTT","70","Publish Ack (id=2225)"
"367326","2262.904176558","192.168.15.4","192.168.15.3","MQTT","68","Disconnect Req"
"367337","2263.908943620","192.168.15.4","192.168.15.3","MQTT","90","Connect Command"
"367339","2263.911780408","192.168.15.4","192.168.15.3","MQTT","97","Publish Message (id=2226) [Deviceb'Device - 2']"
"367340","2263.912263059","192.168.15.3","192.168.15.4","MQTT","70","Connect Ack"
"367343","2263.914631663","192.168.15.3","192.168.15.4","MQTT","70","Publish Ack (id=2226)"
"367345","2263.915354519","192.168.15.4","192.168.15.3","MQTT","68","Disconnect Req"
"367368","2264.919384558","192.168.15.4","192.168.15.3","MQTT","90","Connect Command"
"367370","2264.922260821","192.168.15.4","192.168.15.3","MQTT","97","Publish Message (id=2227) [Deviceb'Device - 2']"
"367371","2264.922689992","192.168.15.3","192.168.15.4","MQTT","70","Connect Ack"
"367374","2264.925428264","192.168.15.3","192.168.15.4","MQTT","70","Publish Ack (id=2227)"
"367376","2264.926302646","192.168.15.4","192.168.15.3","MQTT","68","Disconnect Req"
"367396","2265.930260213","192.168.15.4","192.168.15.3","MQTT","90","Connect Command"
"367398","2265.933159550","192.168.15.4","192.168.15.3","MQTT","97","Publish Message (id=2228) [Deviceb'Device - 2']"
"367399","2265.933577720","192.168.15.3","192.168.15.4","MQTT","70","Connect Ack"
"367402","2265.935933569","192.168.15.3","192.168.15.4","MQTT","70","Publish Ack (id=2228)"
"367404","2265.936603334","192.168.15.4","192.168.15.3","MQTT","68","Disconnect Req"
"367416","2266.941166728","192.168.15.4","192.168.15.3","MQTT","90","Connect Command"
"367418","2266.943462975","192.168.15.4","192.168.15.3","MQTT","97","Publish Message (id=2229) [Deviceb'Device - 2']"
"367420","2266.947817049","192.168.15.3","192.168.15.4","MQTT","70","Connect Ack"
"367422","2266.950213807","192.168.15.3","192.168.15.4","MQTT","70","Publish Ack (id=2229)"
"367424","2266.950573767","192.168.15.4","192.168.15.3","MQTT","68","Disconnect Req"
"367440","2267.954951110","192.168.15.4","192.168.15.3","MQTT","90","Connect Command"
"367442","2267.957842010","192.168.15.4","192.168.15.3","MQTT","97","Publish Message (id=2230) [Deviceb'Device - 2']"
"367443","2267.958251744","192.168.15.3","192.168.15.4","MQTT","70","Connect Ack"
"367446","2267.960748029","192.168.15.3","192.168.15.4","MQTT","70","Publish Ack (id=2230)"
"367448","2267.961422754","192.168.15.4","192.168.15.3","MQTT","68","Disconnect Req"
"367461","2268.965692434","192.168.15.4","192.168.15.3","MQTT","90","Connect Command"
"367463","2268.968518082","192.168.15.4","192.168.15.3","MQTT","97","Publish Message (id=2231) [Deviceb'Device - 2']"
"367464","2268.969008348","192.168.15.3","192.168.15.4","MQTT","70","Connect Ack"
"367467","2268.971308282","192.168.15.3","192.168.15.4","MQTT","70","Publish Ack (id=2231)"
"367469","2268.972226045","192.168.15.4","192.168.15.3","MQTT","68","Disconnect Req"
"367481","2269.976640263","192.168.15.4","192.168.15.3","MQTT","90","Connect Command"
"367484","2269.979551873","192.168.15.4","192.168.15.3","MQTT","97","Publish Message (id=2232) [Deviceb'Device - 2']"
"367485","2269.979975954","192.168.15.3","192.168.15.4","MQTT","70","Connect Ack"
"367488","2269.982637401","192.168.15.3","192.168.15.4","MQTT","70","Publish Ack (id=2232)"
"367490","2269.983446500","192.168.15.4","192.168.15.3","MQTT","68","Disconnect Req"
"367500","2270.987963844","192.168.15.4","192.168.15.3","MQTT","90","Connect Command"
"367502","2270.990710191","192.168.15.4","192.168.15.3","MQTT","97","Publish Message (id=2233) [Deviceb'Device - 2']"
"367503","2270.991081412","192.168.15.3","192.168.15.4","MQTT","70","Connect Ack"
"367506","2270.993488920","192.168.15.3","192.168.15.4","MQTT","70","Publish Ack (id=2233)"
"367508","2270.994380103","192.168.15.4","192.168.15.3","MQTT","68","Disconnect Req"
"367520","2272.007944478","192.168.15.4","192.168.15.3","MQTT","90","Connect Command"
"367522","2272.010846550","192.168.15.4","192.168.15.3","MQTT","97","Publish Message (id=2234) [Deviceb'Device - 2']"
"367524","2272.015308678","192.168.15.3","192.168.15.4","MQTT","70","Connect Ack"
"367526","2272.017657705","192.168.15.3","192.168.15.4","MQTT","70","Publish Ack (id=2234)"
"367528","2272.017996195","192.168.15.4","192.168.15.3","MQTT","68","Disconnect Req"
"369370","2273.022527209","192.168.15.4","192.168.15.3","MQTT","90","Connect Command"
"369372","2273.024858853","192.168.15.4","192.168.15.3","MQTT","97","Publish Message (id=2235) [Deviceb'Device - 2']"
"369373","2273.025266132","192.168.15.3","192.168.15.4","MQTT","70","Connect Ack"
"369376","2273.027840495","192.168.15.3","192.168.15.4","MQTT","70","Publish Ack (id=2235)"
"369378","2273.028501143","192.168.15.4","192.168.15.3","MQTT","68","Disconnect Req"
"369390","2274.032497178","192.168.15.4","192.168.15.3","MQTT","90","Connect Command"
"369392","2274.034678028","192.168.15.4","192.168.15.3","MQTT","97","Publish Message (id=2236) [Deviceb'Device - 2']"
"369393","2274.035074437","192.168.15.3","192.168.15.4","MQTT","70","Connect Ack"
"369396","2274.038293948","192.168.15.3","192.168.15.4","MQTT","70","Publish Ack (id=2236)"
"369398","2274.039004460","192.168.15.4","192.168.15.3","MQTT","68","Disconnect Req"
"369413","2275.043161923","192.168.15.4","192.168.15.3","MQTT","90","Connect Command"
"369415","2275.045996868","192.168.15.4","192.168.15.3","MQTT","97","Publish Message (id=2237) [Deviceb'Device - 2']"
"369416","2275.046678555","192.168.15.3","192.168.15.4","MQTT","70","Connect Ack"
"369419","2275.048771398","192.168.15.3","192.168.15.4","MQTT","70","Publish Ack (id=2237)"
"369421","2275.049447785","192.168.15.4","192.168.15.3","MQTT","68","Disconnect Req"
"369433","2276.052936266","192.168.15.4","192.168.15.3","MQTT","90","Connect Command"
"369435","2276.055842105","192.168.15.4","192.168.15.3","MQTT","97","Publish Message (id=2238) [Deviceb'Device - 2']"
"369436","2276.056274953","192.168.15.3","192.168.15.4","MQTT","70","Connect Ack"
"369439","2276.058684384","192.168.15.3","192.168.15.4","MQTT","70","Publish Ack (id=2238)"
"369441","2276.059358798","192.168.15.4","192.168.15.3","MQTT","68","Disconnect Req"
"369453","2277.063631342","192.168.15.4","192.168.15.3","MQTT","90","Connect Command"
"369455","2277.066539525","192.168.15.4","192.168.15.3","MQTT","97","Publish Message (id=2239) [Deviceb'Device - 2']"
"369457","2277.071052640","192.168.15.3","192.168.15.4","MQTT","70","Connect Ack"
"369459","2277.073561569","192.168.15.3","192.168.15.4","MQTT","70","Publish Ack (id=2239)"
"369461","2277.074234210","192.168.15.4","192.168.15.3","MQTT","68","Disconnect Req"
"369473","2278.077664965","192.168.15.4","192.168.15.3","MQTT","90","Connect Command"
"369475","2278.080533223","192.168.15.4","192.168.15.3","MQTT","97","Publish Message (id=2240) [Deviceb'Device - 2']"
"369476","2278.080966531","192.168.15.3","192.168.15.4","MQTT","70","Connect Ack"
"369479","2278.083379228","192.168.15.3","192.168.15.4","MQTT","70","Publish Ack (id=2240)"
"369481","2278.084110510","192.168.15.4","192.168.15.3","MQTT","68","Disconnect Req"
"369501","2279.088086376","192.168.15.4","192.168.15.3","MQTT","90","Connect Command"
"369503","2279.091012092","192.168.15.4","192.168.15.3","MQTT","97","Publish Message (id=2241) [Deviceb'Device - 2']"
"369504","2279.091406788","192.168.15.3","192.168.15.4","MQTT","70","Connect Ack"
"369507","2279.093841687","192.168.15.3","192.168.15.4","MQTT","70","Publish Ack (id=2241)"
"369509","2279.094572678","192.168.15.4","192.168.15.3","MQTT","68","Disconnect Req"
"369524","2280.099118413","192.168.15.4","192.168.15.3","MQTT","90","Connect Command"
"369526","2280.102053908","192.168.15.4","192.168.15.3","MQTT","97","Publish Message (id=2242) [Deviceb'Device - 2']"
"369527","2280.102462790","192.168.15.3","192.168.15.4","MQTT","70","Connect Ack"
"369530","2280.104913570","192.168.15.3","192.168.15.4","MQTT","70","Publish Ack (id=2242)"
"369532","2280.105572214","192.168.15.4","192.168.15.3","MQTT","68","Disconnect Req"
"369549","2281.110437234","192.168.15.4","192.168.15.3","MQTT","90","Connect Command"
"369551","2281.112616541","192.168.15.4","192.168.15.3","MQTT","97","Publish Message (id=2243) [Deviceb'Device - 2']"
"369552","2281.113043377","192.168.15.3","192.168.15.4","MQTT","70","Connect Ack"
"369555","2281.115414195","192.168.15.3","192.168.15.4","MQTT","70","Publish Ack (id=2243)"
"369557","2281.116173449","192.168.15.4","192.168.15.3","MQTT","68","Disconnect Req"
"369571","2282.120733906","192.168.15.4","192.168.15.3","MQTT","90","Connect Command"
"369573","2282.124145260","192.168.15.4","192.168.15.3","MQTT","97","Publish Message (id=2244) [Deviceb'Device - 2']"
"369575","2282.127966167","192.168.15.3","192.168.15.4","MQTT","70","Connect Ack"
"369577","2282.130381700","192.168.15.3","192.168.15.4","MQTT","70","Publish Ack (id=2244)"
"369579","2282.131174317","192.168.15.4","192.168.15.3","MQTT","68","Disconnect Req"
"369591","2283.135214704","192.168.15.4","192.168.15.3","MQTT","90","Connect Command"
"369593","2283.138104502","192.168.15.4","192.168.15.3","MQTT","97","Publish Message (id=2245) [Deviceb'Device - 2']"
"369594","2283.138515278","192.168.15.3","192.168.15.4","MQTT","70","Connect Ack"
"369597","2283.140935309","192.168.15.3","192.168.15.4","MQTT","70","Publish Ack (id=2245)"
"369599","2283.141613701","192.168.15.4","192.168.15.3","MQTT","68","Disconnect Req"
"369613","2284.145716338","192.168.15.4","192.168.15.3","MQTT","90","Connect Command"
"369615","2284.148606887","192.168.15.4","192.168.15.3","MQTT","97","Publish Message (id=2246) [Deviceb'Device - 2']"
"369616","2284.149067127","192.168.15.3","192.168.15.4","MQTT","70","Connect Ack"
"369619","2284.151289194","192.168.15.3","192.168.15.4","MQTT","70","Publish Ack (id=2246)"
"369621","2284.152022529","192.168.15.4","192.168.15.3","MQTT","68","Disconnect Req"
"369636","2285.156545431","192.168.15.4","192.168.15.3","MQTT","90","Connect Command"
"369638","2285.168062375","192.168.15.4","192.168.15.3","MQTT","97","Publish Message (id=2247) [Deviceb'Device - 2']"
"369639","2285.168448685","192.168.15.3","192.168.15.4","MQTT","70","Connect Ack"
"369642","2285.170798744","192.168.15.3","192.168.15.4","MQTT","70","Publish Ack (id=2247)"
"369644","2285.171473238","192.168.15.4","192.168.15.3","MQTT","68","Disconnect Req"
"369658","2286.175121720","192.168.15.4","192.168.15.3","MQTT","90","Connect Command"
"369660","2286.177970682","192.168.15.4","192.168.15.3","MQTT","97","Publish Message (id=2248) [Deviceb'Device - 2']"
"369661","2286.178391516","192.168.15.3","192.168.15.4","MQTT","70","Connect Ack"
"369664","2286.180878354","192.168.15.3","192.168.15.4","MQTT","70","Publish Ack (id=2248)"
"369666","2286.181714643","192.168.15.4","192.168.15.3","MQTT","68","Disconnect Req"
"369678","2287.185578594","192.168.15.4","192.168.15.3","MQTT","90","Connect Command"
"369680","2287.188479243","192.168.15.4","192.168.15.3","MQTT","97","Publish Message (id=2249) [Deviceb'Device - 2']"
"369682","2287.192960558","192.168.15.3","192.168.15.4","MQTT","70","Connect Ack"
"369684","2287.195250874","192.168.15.3","192.168.15.4","MQTT","70","Publish Ack (id=2249)"
"369686","2287.195581970","192.168.15.4","192.168.15.3","MQTT","68","Disconnect Req"
"370914","2288.202484492","192.168.15.4","192.168.15.3","MQTT","90","Connect Command"
"370995","2288.210108523","192.168.15.4","192.168.15.3","MQTT","97","Publish Message (id=2250) [Deviceb'Device - 2']"
"370997","2288.210176802","192.168.15.3","192.168.15.4","MQTT","70","Connect Ack"
"371071","2288.216929829","192.168.15.3","192.168.15.4","MQTT","70","Publish Ack (id=2250)"
"371078","2288.217488394","192.168.15.4","192.168.15.3","MQTT","68","Disconnect Req"
"371924","2289.222024097","192.168.15.4","192.168.15.3","MQTT","90","Connect Command"
"371926","2289.224883699","192.168.15.4","192.168.15.3","MQTT","97","Publish Message (id=2251) [Deviceb'Device - 2']"
"371927","2289.225242807","192.168.15.3","192.168.15.4","MQTT","70","Connect Ack"
"371930","2289.227636699","192.168.15.3","192.168.15.4","MQTT","70","Publish Ack (id=2251)"
"371932","2289.228398508","192.168.15.4","192.168.15.3","MQTT","68","Disconnect Req"
"371947","2290.242076082","192.168.15.4","192.168.15.3","MQTT","90","Connect Command"
"371949","2290.245266478","192.168.15.4","192.168.15.3","MQTT","97","Publish Message (id=2252) [Deviceb'Device - 2']"
"371950","2290.246122425","192.168.15.3","192.168.15.4","MQTT","70","Connect Ack"
"371953","2290.248054014","192.168.15.3","192.168.15.4","MQTT","70","Publish Ack (id=2252)"
"371955","2290.248887618","192.168.15.4","192.168.15.3","MQTT","68","Disconnect Req"
"371967","2291.253047126","192.168.15.4","192.168.15.3","MQTT","90","Connect Command"
"371969","2291.256022396","192.168.15.4","192.168.15.3","MQTT","97","Publish Message (id=2253) [Deviceb'Device - 2']"
"371970","2291.256452859","192.168.15.3","192.168.15.4","MQTT","70","Connect Ack"
"371973","2291.258923315","192.168.15.3","192.168.15.4","MQTT","70","Publish Ack (id=2253)"
"371975","2291.259623939","192.168.15.4","192.168.15.3","MQTT","68","Disconnect Req"
"371999","2292.263925927","192.168.15.4","192.168.15.3","MQTT","90","Connect Command"
"372001","2292.266727478","192.168.15.4","192.168.15.3","MQTT","97","Publish Message (id=2254) [Deviceb'Device - 2']"
"372003","2292.271079028","192.168.15.3","192.168.15.4","MQTT","70","Connect Ack"
"372005","2292.273771303","192.168.15.3","192.168.15.4","MQTT","70","Publish Ack (id=2254)"
"372007","2292.274165989","192.168.15.4","192.168.15.3","MQTT","68","Disconnect Req"
"372025","2293.278111035","192.168.15.4","192.168.15.3","MQTT","90","Connect Command"
"372027","2293.280965587","192.168.15.4","192.168.15.3","MQTT","97","Publish Message (id=2255) [Deviceb'Device - 2']"
"372028","2293.281364400","192.168.15.3","192.168.15.4","MQTT","70","Connect Ack"
"372031","2293.283814869","192.168.15.3","192.168.15.4","MQTT","70","Publish Ack (id=2255)"
"372033","2293.284435621","192.168.15.4","192.168.15.3","MQTT","68","Disconnect Req"
"372051","2294.289099838","192.168.15.4","192.168.15.3","MQTT","90","Connect Command"
"372053","2294.291991059","192.168.15.4","192.168.15.3","MQTT","97","Publish Message (id=2256) [Deviceb'Device - 2']"
"372054","2294.292452931","192.168.15.3","192.168.15.4","MQTT","70","Connect Ack"
"372057","2294.294820163","192.168.15.3","192.168.15.4","MQTT","70","Publish Ack (id=2256)"
"372059","2294.295573947","192.168.15.4","192.168.15.3","MQTT","68","Disconnect Req"
"372082","2295.299492506","192.168.15.4","192.168.15.3","MQTT","90","Connect Command"
"372084","2295.302334093","192.168.15.4","192.168.15.3","MQTT","97","Publish Message (id=2257) [Deviceb'Device - 2']"
"372085","2295.302726625","192.168.15.3","192.168.15.4","MQTT","70","Connect Ack"
"372088","2295.305146696","192.168.15.3","192.168.15.4","MQTT","70","Publish Ack (id=2257)"
"372090","2295.305803206","192.168.15.4","192.168.15.3","MQTT","68","Disconnect Req"
"372105","2296.310245386","192.168.15.4","192.168.15.3","MQTT","90","Connect Command"
"372107","2296.313131477","192.168.15.4","192.168.15.3","MQTT","97","Publish Message (id=2258) [Deviceb'Device - 2']"
"372108","2296.313504802","192.168.15.3","192.168.15.4","MQTT","70","Connect Ack"
"372111","2296.316028579","192.168.15.3","192.168.15.4","MQTT","70","Publish Ack (id=2258)"
"372113","2296.316840533","192.168.15.4","192.168.15.3","MQTT","68","Disconnect Req"
"372125","2297.320687841","192.168.15.4","192.168.15.3","MQTT","90","Connect Command"
"372127","2297.323476759","192.168.15.4","192.168.15.3","MQTT","97","Publish Message (id=2259) [Deviceb'Device - 2']"
"372129","2297.327713562","192.168.15.3","192.168.15.4","MQTT","70","Connect Ack"
"372131","2297.330189138","192.168.15.3","192.168.15.4","MQTT","70","Publish Ack (id=2259)"
"372133","2297.330994880","192.168.15.4","192.168.15.3","MQTT","68","Disconnect Req"
"372145","2298.335833534","192.168.15.4","192.168.15.3","MQTT","90","Connect Command"
"372147","2298.338664040","192.168.15.4","192.168.15.3","MQTT","97","Publish Message (id=2260) [Deviceb'Device - 2']"
"372148","2298.339169665","192.168.15.3","192.168.15.4","MQTT","70","Connect Ack"
"372151","2298.341479458","192.168.15.3","192.168.15.4","MQTT","70","Publish Ack (id=2260)"
"372153","2298.342231268","192.168.15.4","192.168.15.3","MQTT","68","Disconnect Req"
"372166","2299.346638688","192.168.15.4","192.168.15.3","MQTT","90","Connect Command"
"372168","2299.349478363","192.168.15.4","192.168.15.3","MQTT","97","Publish Message (id=2261) [Deviceb'Device - 2']"
"372169","2299.349854744","192.168.15.3","192.168.15.4","MQTT","70","Connect Ack"
"372172","2299.352350738","192.168.15.3","192.168.15.4","MQTT","70","Publish Ack (id=2261)"
"372174","2299.353141632","192.168.15.4","192.168.15.3","MQTT","68","Disconnect Req"
"372189","2300.357763611","192.168.15.4","192.168.15.3","MQTT","90","Connect Command"
"372191","2300.360604497","192.168.15.4","192.168.15.3","MQTT","97","Publish Message (id=2262) [Deviceb'Device - 2']"
"372192","2300.360990456","192.168.15.3","192.168.15.4","MQTT","70","Connect Ack"
"372195","2300.363507550","192.168.15.3","192.168.15.4","MQTT","70","Publish Ack (id=2262)"
"372197","2300.364315657","192.168.15.4","192.168.15.3","MQTT","68","Disconnect Req"
"372211","2301.368924722","192.168.15.4","192.168.15.3","MQTT","90","Connect Command"
"372213","2301.371803630","192.168.15.4","192.168.15.3","MQTT","97","Publish Message (id=2263) [Deviceb'Device - 2']"
"372214","2301.372285119","192.168.15.3","192.168.15.4","MQTT","70","Connect Ack"
"372217","2301.374965462","192.168.15.3","192.168.15.4","MQTT","70","Publish Ack (id=2263)"
"372219","2301.375661647","192.168.15.4","192.168.15.3","MQTT","68","Disconnect Req"
"372228","2302.379454262","192.168.15.4","192.168.15.3","MQTT","90","Connect Command"
"372230","2302.382333220","192.168.15.4","192.168.15.3","MQTT","97","Publish Message (id=2264) [Deviceb'Device - 2']"
"372231","2302.382944785","192.168.15.3","192.168.15.4","MQTT","70","Connect Ack"
"372234","2302.385137838","192.168.15.3","192.168.15.4","MQTT","70","Publish Ack (id=2264)"
"372236","2302.385797504","192.168.15.4","192.168.15.3","MQTT","68","Disconnect Req"
"372251","2303.389548532","192.168.15.4","192.168.15.3","MQTT","90","Connect Command"
"372253","2303.392412893","192.168.15.4","192.168.15.3","MQTT","97","Publish Message (id=2265) [Deviceb'Device - 2']"
"372254","2303.392827225","192.168.15.3","192.168.15.4","MQTT","70","Connect Ack"
"372257","2303.395242528","192.168.15.3","192.168.15.4","MQTT","70","Publish Ack (id=2265)"
"372259","2303.396205757","192.168.15.4","192.168.15.3","MQTT","68","Disconnect Req"
"374032","2304.400718776","192.168.15.4","192.168.15.3","MQTT","90","Connect Command"
"374034","2304.403642428","192.168.15.4","192.168.15.3","MQTT","97","Publish Message (id=2266) [Deviceb'Device - 2']"
"374035","2304.404058895","192.168.15.3","192.168.15.4","MQTT","70","Connect Ack"
"374038","2304.406378697","192.168.15.3","192.168.15.4","MQTT","70","Publish Ack (id=2266)"
"374040","2304.407437106","192.168.15.4","192.168.15.3","MQTT","68","Disconnect Req"
"374055","2305.411866068","192.168.15.4","192.168.15.3","MQTT","90","Connect Command"
"374057","2305.414825549","192.168.15.4","192.168.15.3","MQTT","97","Publish Message (id=2267) [Deviceb'Device - 2']"
"374058","2305.415213021","192.168.15.3","192.168.15.4","MQTT","70","Connect Ack"
"374061","2305.417622182","192.168.15.3","192.168.15.4","MQTT","70","Publish Ack (id=2267)"
"374063","2305.418418746","192.168.15.4","192.168.15.3","MQTT","68","Disconnect Req"
"374075","2306.423766337","192.168.15.4","192.168.15.3","MQTT","90","Connect Command"
"374077","2306.426722050","192.168.15.4","192.168.15.3","MQTT","97","Publish Message (id=2268) [Deviceb'Device - 2']"
"374078","2306.427119571","192.168.15.3","192.168.15.4","MQTT","70","Connect Ack"
"374081","2306.429941041","192.168.15.3","192.168.15.4","MQTT","70","Publish Ack (id=2268)"
"374083","2306.430587071","192.168.15.4","192.168.15.3","MQTT","68","Disconnect Req"
"374098","2307.434610481","192.168.15.4","192.168.15.3","MQTT","90","Connect Command"
"374100","2307.438059617","192.168.15.4","192.168.15.3","MQTT","97","Publish Message (id=2269) [Deviceb'Device - 2']"
"374102","2307.441817996","192.168.15.3","192.168.15.4","MQTT","70","Connect Ack"
"374104","2307.444494031","192.168.15.3","192.168.15.4","MQTT","70","Publish Ack (id=2269)"
"374106","2307.445365597","192.168.15.4","192.168.15.3","MQTT","68","Disconnect Req"
"374179","2308.449443312","192.168.15.4","192.168.15.3","MQTT","90","Connect Command"
"374181","2308.452363638","192.168.15.4","192.168.15.3","MQTT","97","Publish Message (id=2270) [Deviceb'Device - 2']"
"374182","2308.453115999","192.168.15.3","192.168.15.4","MQTT","70","Connect Ack"
"374185","2308.455186841","192.168.15.3","192.168.15.4","MQTT","70","Publish Ack (id=2270)"
"374187","2308.455688589","192.168.15.4","192.168.15.3","MQTT","68","Disconnect Req"
"374207","2309.459630247","192.168.15.4","192.168.15.3","MQTT","90","Connect Command"
"374209","2309.462588035","192.168.15.4","192.168.15.3","MQTT","97","Publish Message (id=2271) [Deviceb'Device - 2']"
"374210","2309.462990625","192.168.15.3","192.168.15.4","MQTT","70","Connect Ack"
"374213","2309.465472293","192.168.15.3","192.168.15.4","MQTT","70","Publish Ack (id=2271)"
"374215","2309.465979321","192.168.15.4","192.168.15.3","MQTT","68","Disconnect Req"
"374230","2310.469968800","192.168.15.4","192.168.15.3","MQTT","90","Connect Command"
"374232","2310.472834363","192.168.15.4","192.168.15.3","MQTT","97","Publish Message (id=2272) [Deviceb'Device - 2']"
"374233","2310.473216084","192.168.15.3","192.168.15.4","MQTT","70","Connect Ack"
"374236","2310.475712690","192.168.15.3","192.168.15.4","MQTT","70","Publish Ack (id=2272)"
"374238","2310.476626096","192.168.15.4","192.168.15.3","MQTT","68","Disconnect Req"
"374250","2311.481121514","192.168.15.4","192.168.15.3","MQTT","90","Connect Command"
"374252","2311.483993028","192.168.15.4","192.168.15.3","MQTT","97","Publish Message (id=2273) [Deviceb'Device - 2']"
"374253","2311.484355242","192.168.15.3","192.168.15.4","MQTT","70","Connect Ack"
"374256","2311.486755817","192.168.15.3","192.168.15.4","MQTT","70","Publish Ack (id=2273)"
"374258","2311.487500974","192.168.15.4","192.168.15.3","MQTT","68","Disconnect Req"
"374282","2312.491319657","192.168.15.4","192.168.15.3","MQTT","90","Connect Command"
"374284","2312.494190760","192.168.15.4","192.168.15.3","MQTT","97","Publish Message (id=2274) [Deviceb'Device - 2']"
"374286","2312.498516120","192.168.15.3","192.168.15.4","MQTT","70","Connect Ack"
"374288","2312.500950549","192.168.15.3","192.168.15.4","MQTT","70","Publish Ack (id=2274)"
"374290","2312.501750640","192.168.15.4","192.168.15.3","MQTT","68","Disconnect Req"
"374299","2313.505326606","192.168.15.4","192.168.15.3","MQTT","90","Connect Command"
"374301","2313.508205445","192.168.15.4","192.168.15.3","MQTT","97","Publish Message (id=2275) [Deviceb'Device - 2']"
"374302","2313.508597916","192.168.15.3","192.168.15.4","MQTT","70","Connect Ack"
"374305","2313.511334495","192.168.15.3","192.168.15.4","MQTT","70","Publish Ack (id=2275)"
"374307","2313.512038926","192.168.15.4","192.168.15.3","MQTT","68","Disconnect Req"
"374316","2314.516459800","192.168.15.4","192.168.15.3","MQTT","90","Connect Command"
"374318","2314.519290006","192.168.15.4","192.168.15.3","MQTT","97","Publish Message (id=2276) [Deviceb'Device - 2']"
"374319","2314.519702596","192.168.15.3","192.168.15.4","MQTT","70","Connect Ack"
"374322","2314.522061862","192.168.15.3","192.168.15.4","MQTT","70","Publish Ack (id=2276)"
"374324","2314.522811929","192.168.15.4","192.168.15.3","MQTT","68","Disconnect Req"
"374362","2315.526666795","192.168.15.4","192.168.15.3","MQTT","90","Connect Command"
"374364","2315.529523371","192.168.15.4","192.168.15.3","MQTT","97","Publish Message (id=2277) [Deviceb'Device - 2']"
"374365","2315.529912416","192.168.15.3","192.168.15.4","MQTT","70","Connect Ack"
"374368","2315.532446232","192.168.15.3","192.168.15.4","MQTT","70","Publish Ack (id=2277)"
"374370","2315.533113523","192.168.15.4","192.168.15.3","MQTT","68","Disconnect Req"
"374382","2316.536835801","192.168.15.4","192.168.15.3","MQTT","90","Connect Command"
"374384","2316.539810179","192.168.15.4","192.168.15.3","MQTT","97","Publish Message (id=2278) [Deviceb'Device - 2']"
"374385","2316.540224361","192.168.15.3","192.168.15.4","MQTT","70","Connect Ack"
"374388","2316.542817690","192.168.15.3","192.168.15.4","MQTT","70","Publish Ack (id=2278)"
"374390","2316.543196947","192.168.15.4","192.168.15.3","MQTT","68","Disconnect Req"
"374402","2317.546817394","192.168.15.4","192.168.15.3","MQTT","90","Connect Command"
"374404","2317.549823091","192.168.15.4","192.168.15.3","MQTT","97","Publish Message (id=2279) [Deviceb'Device - 2']"
"374406","2317.554092626","192.168.15.3","192.168.15.4","MQTT","70","Connect Ack"
"374408","2317.556405515","192.168.15.3","192.168.15.4","MQTT","70","Publish Ack (id=2279)"
"374410","2317.556759704","192.168.15.4","192.168.15.3","MQTT","68","Disconnect Req"
"374422","2318.560945962","192.168.15.4","192.168.15.3","MQTT","90","Connect Command"
"374424","2318.564190250","192.168.15.4","192.168.15.3","MQTT","97","Publish Message (id=2280) [Deviceb'Device - 2']"
"374425","2318.564572813","192.168.15.3","192.168.15.4","MQTT","70","Connect Ack"
"374428","2318.566951436","192.168.15.3","192.168.15.4","MQTT","70","Publish Ack (id=2280)"
"374430","2318.567655436","192.168.15.4","192.168.15.3","MQTT","68","Disconnect Req"
"374443","2319.571111195","192.168.15.4","192.168.15.3","MQTT","90","Connect Command"
"374445","2319.574083199","192.168.15.4","192.168.15.3","MQTT","97","Publish Message (id=2281) [Deviceb'Device - 2']"
"374446","2319.574520635","192.168.15.3","192.168.15.4","MQTT","70","Connect Ack"
"374450","2319.577020908","192.168.15.3","192.168.15.4","MQTT","70","Publish Ack (id=2281)"
"374452","2319.577674773","192.168.15.4","192.168.15.3","MQTT","68","Disconnect Req"
"376825","2320.581842658","192.168.15.4","192.168.15.3","MQTT","90","Connect Command"
"376827","2320.584804804","192.168.15.4","192.168.15.3","MQTT","97","Publish Message (id=2282) [Deviceb'Device - 2']"
"376828","2320.585215069","192.168.15.3","192.168.15.4","MQTT","70","Connect Ack"
"376831","2320.587583072","192.168.15.3","192.168.15.4","MQTT","70","Publish Ack (id=2282)"
"376833","2320.588318190","192.168.15.4","192.168.15.3","MQTT","68","Disconnect Req"
"376845","2321.592308623","192.168.15.4","192.168.15.3","MQTT","90","Connect Command"
"376847","2321.595246322","192.168.15.4","192.168.15.3","MQTT","97","Publish Message (id=2283) [Deviceb'Device - 2']"
"376848","2321.595756286","192.168.15.3","192.168.15.4","MQTT","70","Connect Ack"
"376851","2321.598072100","192.168.15.3","192.168.15.4","MQTT","70","Publish Ack (id=2283)"
"376853","2321.598791148","192.168.15.4","192.168.15.3","MQTT","68","Disconnect Req"
"376865","2322.605356778","192.168.15.4","192.168.15.3","MQTT","90","Connect Command"
"376867","2322.608196071","192.168.15.4","192.168.15.3","MQTT","97","Publish Message (id=2284) [Deviceb'Device - 2']"
"376869","2322.612555686","192.168.15.3","192.168.15.4","MQTT","70","Connect Ack"
"376871","2322.615064315","192.168.15.3","192.168.15.4","MQTT","70","Publish Ack (id=2284)"
"376873","2322.615444203","192.168.15.4","192.168.15.3","MQTT","68","Disconnect Req"
"376881","2323.620278051","192.168.15.4","192.168.15.3","MQTT","90","Connect Command"
"376883","2323.623450294","192.168.15.4","192.168.15.3","MQTT","97","Publish Message (id=2285) [Deviceb'Device - 2']"
"376884","2323.623766812","192.168.15.3","192.168.15.4","MQTT","70","Connect Ack"
"376887","2323.627802405","192.168.15.3","192.168.15.4","MQTT","70","Publish Ack (id=2285)"
"376889","2323.628639807","192.168.15.4","192.168.15.3","MQTT","68","Disconnect Req"
"376903","2324.632988581","192.168.15.4","192.168.15.3","MQTT","90","Connect Command"
"376905","2324.635742904","192.168.15.4","192.168.15.3","MQTT","97","Publish Message (id=2286) [Deviceb'Device - 2']"
"376906","2324.636149722","192.168.15.3","192.168.15.4","MQTT","70","Connect Ack"
"376909","2324.638578160","192.168.15.3","192.168.15.4","MQTT","70","Publish Ack (id=2286)"
"376911","2324.639181860","192.168.15.4","192.168.15.3","MQTT","68","Disconnect Req"
"376926","2325.643739982","192.168.15.4","192.168.15.3","MQTT","90","Connect Command"
"376928","2325.646618089","192.168.15.4","192.168.15.3","MQTT","97","Publish Message (id=2287) [Deviceb'Device - 2']"
"376929","2325.647017533","192.168.15.3","192.168.15.4","MQTT","70","Connect Ack"
"376932","2325.649594872","192.168.15.3","192.168.15.4","MQTT","70","Publish Ack (id=2287)"
"376934","2325.650218851","192.168.15.4","192.168.15.3","MQTT","68","Disconnect Req"
"376946","2326.654478779","192.168.15.4","192.168.15.3","MQTT","90","Connect Command"
"376948","2326.657308174","192.168.15.4","192.168.15.3","MQTT","97","Publish Message (id=2288) [Deviceb'Device - 2']"
"376949","2326.657701807","192.168.15.3","192.168.15.4","MQTT","70","Connect Ack"
"376952","2326.660104136","192.168.15.3","192.168.15.4","MQTT","70","Publish Ack (id=2288)"
"376954","2326.660659685","192.168.15.4","192.168.15.3","MQTT","68","Disconnect Req"
"376966","2327.664954573","192.168.15.4","192.168.15.3","MQTT","90","Connect Command"
"376968","2327.667519668","192.168.15.4","192.168.15.3","MQTT","97","Publish Message (id=2289) [Deviceb'Device - 2']"
"376970","2327.671907607","192.168.15.3","192.168.15.4","MQTT","70","Connect Ack"
"376972","2327.674369176","192.168.15.3","192.168.15.4","MQTT","70","Publish Ack (id=2289)"
"376974","2327.674745537","192.168.15.4","192.168.15.3","MQTT","68","Disconnect Req"
"376986","2328.678136860","192.168.15.4","192.168.15.3","MQTT","90","Connect Command"
"376988","2328.681019004","192.168.15.4","192.168.15.3","MQTT","97","Publish Message (id=2290) [Deviceb'Device - 2']"
"376989","2328.681423188","192.168.15.3","192.168.15.4","MQTT","70","Connect Ack"
"376992","2328.683845924","192.168.15.3","192.168.15.4","MQTT","70","Publish Ack (id=2290)"
"376994","2328.684476836","192.168.15.4","192.168.15.3","MQTT","68","Disconnect Req"
"377010","2329.688760906","192.168.15.4","192.168.15.3","MQTT","90","Connect Command"
"377012","2329.691681233","192.168.15.4","192.168.15.3","MQTT","97","Publish Message (id=2291) [Deviceb'Device - 2']"
"377013","2329.692066580","192.168.15.3","192.168.15.4","MQTT","70","Connect Ack"
"377016","2329.694506249","192.168.15.3","192.168.15.4","MQTT","70","Publish Ack (id=2291)"
"377018","2329.695180974","192.168.15.4","192.168.15.3","MQTT","68","Disconnect Req"
"377026","2330.698837281","192.168.15.4","192.168.15.3","MQTT","90","Connect Command"
"377029","2330.701713344","192.168.15.4","192.168.15.3","MQTT","97","Publish Message (id=2292) [Deviceb'Device - 2']"
"377030","2330.702103922","192.168.15.3","192.168.15.4","MQTT","70","Connect Ack"
"377033","2330.704521919","192.168.15.3","192.168.15.4","MQTT","70","Publish Ack (id=2292)"
"377035","2330.705176515","192.168.15.4","192.168.15.3","MQTT","68","Disconnect Req"
"377052","2331.709626163","192.168.15.4","192.168.15.3","MQTT","90","Connect Command"
"377054","2331.712515662","192.168.15.4","192.168.15.3","MQTT","97","Publish Message (id=2293) [Deviceb'Device - 2']"
"377055","2331.712956845","192.168.15.3","192.168.15.4","MQTT","70","Connect Ack"
"377058","2331.715345998","192.168.15.3","192.168.15.4","MQTT","70","Publish Ack (id=2293)"
"377060","2331.716037775","192.168.15.4","192.168.15.3","MQTT","68","Disconnect Req"
"377075","2332.720647697","192.168.15.4","192.168.15.3","MQTT","90","Connect Command"
"377077","2332.725245632","192.168.15.4","192.168.15.3","MQTT","97","Publish Message (id=2294) [Deviceb'Device - 2']"
"377079","2332.729473087","192.168.15.3","192.168.15.4","MQTT","70","Connect Ack"
"377081","2332.732441695","192.168.15.3","192.168.15.4","MQTT","70","Publish Ack (id=2294)"
"377083","2332.732844406","192.168.15.4","192.168.15.3","MQTT","68","Disconnect Req"
"377098","2333.736561973","192.168.15.4","192.168.15.3","MQTT","90","Connect Command"
"377100","2333.739457092","192.168.15.4","192.168.15.3","MQTT","97","Publish Message (id=2295) [Deviceb'Device - 2']"
"377101","2333.739869491","192.168.15.3","192.168.15.4","MQTT","70","Connect Ack"
"377104","2333.742274063","192.168.15.3","192.168.15.4","MQTT","70","Publish Ack (id=2295)"
"377106","2333.742938468","192.168.15.4","192.168.15.3","MQTT","68","Disconnect Req"
"377121","2334.747146734","192.168.15.4","192.168.15.3","MQTT","90","Connect Command"
"377123","2334.749941604","192.168.15.4","192.168.15.3","MQTT","97","Publish Message (id=2296) [Deviceb'Device - 2']"
"377124","2334.750869236","192.168.15.3","192.168.15.4","MQTT","70","Connect Ack"
"377127","2334.752759797","192.168.15.3","192.168.15.4","MQTT","70","Publish Ack (id=2296)"
"377129","2334.753505436","192.168.15.4","192.168.15.3","MQTT","68","Disconnect Req"
"378937","2335.760465302","192.168.15.4","192.168.15.3","MQTT","90","Connect Command"
"378961","2335.765082494","192.168.15.4","192.168.15.3","MQTT","97","Publish Message (id=2297) [Deviceb'Device - 2']"
"378962","2335.765462111","192.168.15.3","192.168.15.4","MQTT","70","Connect Ack"
"378965","2335.767908652","192.168.15.3","192.168.15.4","MQTT","70","Publish Ack (id=2297)"
"378967","2335.768363261","192.168.15.4","192.168.15.3","MQTT","68","Disconnect Req"
"378978","2336.772260883","192.168.15.4","192.168.15.3","MQTT","90","Connect Command"
"378980","2336.775222228","192.168.15.4","192.168.15.3","MQTT","97","Publish Message (id=2298) [Deviceb'Device - 2']"
"378981","2336.775661868","192.168.15.3","192.168.15.4","MQTT","70","Connect Ack"
"378984","2336.778023589","192.168.15.3","192.168.15.4","MQTT","70","Publish Ack (id=2298)"
"378986","2336.778660713","192.168.15.4","192.168.15.3","MQTT","68","Disconnect Req"
"379027","2337.782684055","192.168.15.4","192.168.15.3","MQTT","90","Connect Command"
"379029","2337.785719289","192.168.15.4","192.168.15.3","MQTT","97","Publish Message (id=2299) [Deviceb'Device - 2']"
"379031","2337.790113639","192.168.15.3","192.168.15.4","MQTT","70","Connect Ack"
"379033","2337.792459731","192.168.15.3","192.168.15.4","MQTT","70","Publish Ack (id=2299)"
"379035","2337.792788071","192.168.15.4","192.168.15.3","MQTT","68","Disconnect Req"
"379055","2338.797141007","192.168.15.4","192.168.15.3","MQTT","90","Connect Command"
"379057","2338.800119364","192.168.15.4","192.168.15.3","MQTT","97","Publish Message (id=2300) [Deviceb'Device - 2']"
"379058","2338.800814597","192.168.15.3","192.168.15.4","MQTT","70","Connect Ack"
"379061","2338.803005356","192.168.15.3","192.168.15.4","MQTT","70","Publish Ack (id=2300)"
"379063","2338.803275296","192.168.15.4","192.168.15.3","MQTT","68","Disconnect Req"
"379080","2339.806791222","192.168.15.4","192.168.15.3","MQTT","90","Connect Command"
"379082","2339.809801518","192.168.15.4","192.168.15.3","MQTT","97","Publish Message (id=2301) [Deviceb'Device - 2']"
"379083","2339.810231109","192.168.15.3","192.168.15.4","MQTT","70","Connect Ack"
"379086","2339.812560119","192.168.15.3","192.168.15.4","MQTT","70","Publish Ack (id=2301)"
"379088","2339.812894110","192.168.15.4","192.168.15.3","MQTT","68","Disconnect Req"
"379100","2340.816773977","192.168.15.4","192.168.15.3","MQTT","90","Connect Command"
"379102","2340.819643488","192.168.15.4","192.168.15.3","MQTT","97","Publish Message (id=2302) [Deviceb'Device - 2']"
"379103","2340.820103557","192.168.15.3","192.168.15.4","MQTT","70","Connect Ack"
"379106","2340.822861496","192.168.15.3","192.168.15.4","MQTT","70","Publish Ack (id=2302)"
"379108","2340.823176451","192.168.15.4","192.168.15.3","MQTT","68","Disconnect Req"
"379122","2341.827113426","192.168.15.4","192.168.15.3","MQTT","90","Connect Command"
"379124","2341.829971466","192.168.15.4","192.168.15.3","MQTT","97","Publish Message (id=2303) [Deviceb'Device - 2']"
"379125","2341.830362053","192.168.15.3","192.168.15.4","MQTT","70","Connect Ack"
"379128","2341.832807422","192.168.15.3","192.168.15.4","MQTT","70","Publish Ack (id=2303)"
"379130","2341.833352101","192.168.15.4","192.168.15.3","MQTT","68","Disconnect Req"
"379142","2342.837692671","192.168.15.4","192.168.15.3","MQTT","90","Connect Command"
"379144","2342.840126318","192.168.15.4","192.168.15.3","MQTT","97","Publish Message (id=2304) [Deviceb'Device - 2']"
"379146","2342.844497305","192.168.15.3","192.168.15.4","MQTT","70","Connect Ack"
"379148","2342.846959837","192.168.15.3","192.168.15.4","MQTT","70","Publish Ack (id=2304)"
"379150","2342.847195943","192.168.15.4","192.168.15.3","MQTT","68","Disconnect Req"
"379162","2343.859872620","192.168.15.4","192.168.15.3","MQTT","90","Connect Command"
"379164","2343.862711082","192.168.15.4","192.168.15.3","MQTT","97","Publish Message (id=2305) [Deviceb'Device - 2']"
"379165","2343.863091591","192.168.15.3","192.168.15.4","MQTT","70","Connect Ack"
"379168","2343.865489671","192.168.15.3","192.168.15.4","MQTT","70","Publish Ack (id=2305)"
"379170","2343.865817380","192.168.15.4","192.168.15.3","MQTT","68","Disconnect Req"
"379193","2344.870053045","192.168.15.4","192.168.15.3","MQTT","90","Connect Command"
"379195","2344.875457404","192.168.15.4","192.168.15.3","MQTT","97","Publish Message (id=2306) [Deviceb'Device - 2']"
"379196","2344.875958331","192.168.15.3","192.168.15.4","MQTT","70","Connect Ack"
"379199","2344.878324380","192.168.15.3","192.168.15.4","MQTT","70","Publish Ack (id=2306)"
"379201","2344.878660495","192.168.15.4","192.168.15.3","MQTT","68","Disconnect Req"
"379213","2345.883160902","192.168.15.4","192.168.15.3","MQTT","90","Connect Command"
"379215","2345.886117638","192.168.15.4","192.168.15.3","MQTT","97","Publish Message (id=2307) [Deviceb'Device - 2']"
"379216","2345.886493648","192.168.15.3","192.168.15.4","MQTT","70","Connect Ack"
"379219","2345.888916845","192.168.15.3","192.168.15.4","MQTT","70","Publish Ack (id=2307)"
"379221","2345.889318173","192.168.15.4","192.168.15.3","MQTT","68","Disconnect Req"
"379233","2346.893212907","192.168.15.4","192.168.15.3","MQTT","90","Connect Command"
"379235","2346.896142542","192.168.15.4","192.168.15.3","MQTT","97","Publish Message (id=2308) [Deviceb'Device - 2']"
"379236","2346.896561032","192.168.15.3","192.168.15.4","MQTT","70","Connect Ack"
"379239","2346.898991333","192.168.15.3","192.168.15.4","MQTT","70","Publish Ack (id=2308)"
"379241","2346.899404704","192.168.15.4","192.168.15.3","MQTT","68","Disconnect Req"
"379249","2347.903546084","192.168.15.4","192.168.15.3","MQTT","90","Connect Command"
"379251","2347.906392361","192.168.15.4","192.168.15.3","MQTT","97","Publish Message (id=2309) [Deviceb'Device - 2']"
"379253","2347.910774469","192.168.15.3","192.168.15.4","MQTT","70","Connect Ack"
"379255","2347.913227503","192.168.15.3","192.168.15.4","MQTT","70","Publish Ack (id=2309)"
"379257","2347.913643058","192.168.15.4","192.168.15.3","MQTT","68","Disconnect Req"
"379269","2348.917859473","192.168.15.4","192.168.15.3","MQTT","90","Connect Command"
"379271","2348.920956353","192.168.15.4","192.168.15.3","MQTT","97","Publish Message (id=2310) [Deviceb'Device - 2']"
"379272","2348.921594979","192.168.15.3","192.168.15.4","MQTT","70","Connect Ack"
"379275","2348.923703322","192.168.15.3","192.168.15.4","MQTT","70","Publish Ack (id=2310)"
"379277","2348.924157951","192.168.15.4","192.168.15.3","MQTT","68","Disconnect Req"
"379293","2349.928237650","192.168.15.4","192.168.15.3","MQTT","90","Connect Command"
"379295","2349.931220444","192.168.15.4","192.168.15.3","MQTT","97","Publish Message (id=2311) [Deviceb'Device - 2']"
"379296","2349.931599500","192.168.15.3","192.168.15.4","MQTT","70","Connect Ack"
"379299","2349.934034690","192.168.15.3","192.168.15.4","MQTT","70","Publish Ack (id=2311)"
"379301","2349.934486353","192.168.15.4","192.168.15.3","MQTT","68","Disconnect Req"
"379313","2350.938635296","192.168.15.4","192.168.15.3","MQTT","90","Connect Command"
"379315","2350.941604315","192.168.15.4","192.168.15.3","MQTT","97","Publish Message (id=2312) [Deviceb'Device - 2']"
"379316","2350.941982529","192.168.15.3","192.168.15.4","MQTT","70","Connect Ack"
"379319","2350.944399094","192.168.15.3","192.168.15.4","MQTT","70","Publish Ack (id=2312)"
"379321","2350.944887727","192.168.15.4","192.168.15.3","MQTT","68","Disconnect Req"
"379345","2351.948859776","192.168.15.4","192.168.15.3","MQTT","90","Connect Command"
"379347","2351.951825458","192.168.15.4","192.168.15.3","MQTT","97","Publish Message (id=2313) [Deviceb'Device - 2']"
"379348","2351.952255911","192.168.15.3","192.168.15.4","MQTT","70","Connect Ack"
"379351","2351.954739853","192.168.15.3","192.168.15.4","MQTT","70","Publish Ack (id=2313)"
"379353","2351.955149888","192.168.15.4","192.168.15.3","MQTT","68","Disconnect Req"
"381651","2352.958686725","192.168.15.4","192.168.15.3","MQTT","90","Connect Command"
"381653","2352.961699637","192.168.15.4","192.168.15.3","MQTT","97","Publish Message (id=2314) [Deviceb'Device - 2']"
"381655","2352.966133663","192.168.15.3","192.168.15.4","MQTT","70","Connect Ack"
"381657","2352.968475967","192.168.15.3","192.168.15.4","MQTT","70","Publish Ack (id=2314)"
"381659","2352.968884920","192.168.15.4","192.168.15.3","MQTT","68","Disconnect Req"
"381671","2353.972886106","192.168.15.4","192.168.15.3","MQTT","90","Connect Command"
"381673","2353.975901733","192.168.15.4","192.168.15.3","MQTT","97","Publish Message (id=2315) [Deviceb'Device - 2']"
"381674","2353.976351292","192.168.15.3","192.168.15.4","MQTT","70","Connect Ack"
"381677","2353.978824323","192.168.15.3","192.168.15.4","MQTT","70","Publish Ack (id=2315)"
"381679","2353.979331692","192.168.15.4","192.168.15.3","MQTT","68","Disconnect Req"
"381694","2354.983032141","192.168.15.4","192.168.15.3","MQTT","90","Connect Command"
"381696","2354.985989037","192.168.15.4","192.168.15.3","MQTT","97","Publish Message (id=2316) [Deviceb'Device - 2']"
"381697","2354.986395454","192.168.15.3","192.168.15.4","MQTT","70","Connect Ack"
"381700","2354.988888444","192.168.15.3","192.168.15.4","MQTT","70","Publish Ack (id=2316)"
"381702","2354.989293299","192.168.15.4","192.168.15.3","MQTT","68","Disconnect Req"
"381715","2355.993254383","192.168.15.4","192.168.15.3","MQTT","90","Connect Command"
"381717","2355.996225004","192.168.15.4","192.168.15.3","MQTT","97","Publish Message (id=2317) [Deviceb'Device - 2']"
"381718","2355.996633976","192.168.15.3","192.168.15.4","MQTT","70","Connect Ack"
"381721","2355.999098963","192.168.15.3","192.168.15.4","MQTT","70","Publish Ack (id=2317)"
"381723","2355.999964047","192.168.15.4","192.168.15.3","MQTT","68","Disconnect Req"
"381737","2357.004411421","192.168.15.4","192.168.15.3","MQTT","90","Connect Command"
"381739","2357.007306190","192.168.15.4","192.168.15.3","MQTT","97","Publish Message (id=2318) [Deviceb'Device - 2']"
"381740","2357.007650089","192.168.15.3","192.168.15.4","MQTT","70","Connect Ack"
"381743","2357.010372983","192.168.15.3","192.168.15.4","MQTT","70","Publish Ack (id=2318)"
"381745","2357.011134542","192.168.15.4","192.168.15.3","MQTT","68","Disconnect Req"
"381757","2358.015763459","192.168.15.4","192.168.15.3","MQTT","90","Connect Command"
"381759","2358.018606159","192.168.15.4","192.168.15.3","MQTT","97","Publish Message (id=2319) [Deviceb'Device - 2']"
"381761","2358.022964472","192.168.15.3","192.168.15.4","MQTT","70","Connect Ack"
"381763","2358.025348486","192.168.15.3","192.168.15.4","MQTT","70","Publish Ack (id=2319)"
"381765","2358.026107640","192.168.15.4","192.168.15.3","MQTT","68","Disconnect Req"
"381773","2359.030666829","192.168.15.4","192.168.15.3","MQTT","90","Connect Command"
"381775","2359.033431942","192.168.15.4","192.168.15.3","MQTT","97","Publish Message (id=2320) [Deviceb'Device - 2']"
"381776","2359.033847447","192.168.15.3","192.168.15.4","MQTT","70","Connect Ack"
"381780","2359.036302555","192.168.15.3","192.168.15.4","MQTT","70","Publish Ack (id=2320)"
"381782","2359.037240296","192.168.15.4","192.168.15.3","MQTT","68","Disconnect Req"
"381799","2360.041326854","192.168.15.4","192.168.15.3","MQTT","90","Connect Command"
"381801","2360.044287406","192.168.15.4","192.168.15.3","MQTT","97","Publish Message (id=2321) [Deviceb'Device - 2']"
"381802","2360.044682002","192.168.15.3","192.168.15.4","MQTT","70","Connect Ack"
"381805","2360.047065364","192.168.15.3","192.168.15.4","MQTT","70","Publish Ack (id=2321)"
"381807","2360.047617627","192.168.15.4","192.168.15.3","MQTT","68","Disconnect Req"
"381821","2361.052047767","192.168.15.4","192.168.15.3","MQTT","90","Connect Command"
"381823","2361.054907529","192.168.15.4","192.168.15.3","MQTT","97","Publish Message (id=2322) [Deviceb'Device - 2']"
"381824","2361.055275524","192.168.15.3","192.168.15.4","MQTT","70","Connect Ack"
"381827","2361.057698321","192.168.15.3","192.168.15.4","MQTT","70","Publish Ack (id=2322)"
"381829","2361.058423140","192.168.15.4","192.168.15.3","MQTT","68","Disconnect Req"
"381841","2362.062753121","192.168.15.4","192.168.15.3","MQTT","90","Connect Command"
"381843","2362.065549924","192.168.15.4","192.168.15.3","MQTT","97","Publish Message (id=2323) [Deviceb'Device - 2']"
"381844","2362.066104392","192.168.15.3","192.168.15.4","MQTT","70","Connect Ack"
"381847","2362.068414987","192.168.15.3","192.168.15.4","MQTT","70","Publish Ack (id=2323)"
"381849","2362.069266275","192.168.15.4","192.168.15.3","MQTT","68","Disconnect Req"
"381861","2363.073090514","192.168.15.4","192.168.15.3","MQTT","90","Connect Command"
"381863","2363.075954554","192.168.15.4","192.168.15.3","MQTT","97","Publish Message (id=2324) [Deviceb'Device - 2']"
"381865","2363.080321453","192.168.15.3","192.168.15.4","MQTT","70","Connect Ack"
"381867","2363.082610357","192.168.15.3","192.168.15.4","MQTT","70","Publish Ack (id=2324)"
"381869","2363.083324967","192.168.15.4","192.168.15.3","MQTT","68","Disconnect Req"
"381881","2364.087200765","192.168.15.4","192.168.15.3","MQTT","90","Connect Command"
"381883","2364.090068001","192.168.15.4","192.168.15.3","MQTT","97","Publish Message (id=2325) [Deviceb'Device - 2']"
"381884","2364.090441196","192.168.15.3","192.168.15.4","MQTT","70","Connect Ack"
"381887","2364.092969061","192.168.15.3","192.168.15.4","MQTT","70","Publish Ack (id=2325)"
"381889","2364.093786906","192.168.15.4","192.168.15.3","MQTT","68","Disconnect Req"
"381907","2365.097610287","192.168.15.4","192.168.15.3","MQTT","90","Connect Command"
"381909","2365.100496429","192.168.15.4","192.168.15.3","MQTT","97","Publish Message (id=2326) [Deviceb'Device - 2']"
"381910","2365.100870365","192.168.15.3","192.168.15.4","MQTT","70","Connect Ack"
"381913","2365.103287481","192.168.15.3","192.168.15.4","MQTT","70","Publish Ack (id=2326)"
"381915","2365.103928953","192.168.15.4","192.168.15.3","MQTT","68","Disconnect Req"
"381932","2366.107724932","192.168.15.4","192.168.15.3","MQTT","90","Connect Command"
"381934","2366.110584774","192.168.15.4","192.168.15.3","MQTT","97","Publish Message (id=2327) [Deviceb'Device - 2']"
"381935","2366.110961025","192.168.15.3","192.168.15.4","MQTT","70","Connect Ack"
"381938","2366.113334899","192.168.15.3","192.168.15.4","MQTT","70","Publish Ack (id=2327)"
"381940","2366.113988715","192.168.15.4","192.168.15.3","MQTT","68","Disconnect Req"
"381952","2367.118547214","192.168.15.4","192.168.15.3","MQTT","90","Connect Command"
"381954","2367.121377732","192.168.15.4","192.168.15.3","MQTT","97","Publish Message (id=2328) [Deviceb'Device - 2']"
"381955","2367.121798657","192.168.15.3","192.168.15.4","MQTT","70","Connect Ack"
"381958","2367.124333285","192.168.15.3","192.168.15.4","MQTT","70","Publish Ack (id=2328)"
"381960","2367.125026324","192.168.15.4","192.168.15.3","MQTT","68","Disconnect Req"
"381972","2368.129195011","192.168.15.4","192.168.15.3","MQTT","90","Connect Command"
"381974","2368.132058531","192.168.15.4","192.168.15.3","MQTT","97","Publish Message (id=2329) [Deviceb'Device - 2']"
"381975","2368.132755107","192.168.15.3","192.168.15.4","MQTT","70","Connect Ack"
"381978","2368.134999517","192.168.15.3","192.168.15.4","MQTT","70","Publish Ack (id=2329)"
"381980","2368.135635979","192.168.15.4","192.168.15.3","MQTT","68","Disconnect Req"
"384226","2369.139884056","192.168.15.4","192.168.15.3","MQTT","90","Connect Command"
"384228","2369.142760901","192.168.15.4","192.168.15.3","MQTT","97","Publish Message (id=2330) [Deviceb'Device - 2']"
"384229","2369.143159183","192.168.15.3","192.168.15.4","MQTT","70","Connect Ack"
"384232","2369.148059821","192.168.15.3","192.168.15.4","MQTT","70","Publish Ack (id=2330)"
"384234","2369.148777777","192.168.15.4","192.168.15.3","MQTT","68","Disconnect Req"
"384249","2370.152534037","192.168.15.4","192.168.15.3","MQTT","90","Connect Command"
"384251","2370.155564061","192.168.15.3","192.168.15.4","MQTT","70","Connect Ack"
"384252","2370.155604537","192.168.15.4","192.168.15.3","MQTT","97","Publish Message (id=2331) [Deviceb'Device - 2']"
"384255","2370.159846831","192.168.15.3","192.168.15.4","MQTT","70","Publish Ack (id=2331)"
"384257","2370.160538849","192.168.15.4","192.168.15.3","MQTT","68","Disconnect Req"
"384265","2371.164942023","192.168.15.4","192.168.15.3","MQTT","90","Connect Command"
"384267","2371.167833746","192.168.15.4","192.168.15.3","MQTT","97","Publish Message (id=2332) [Deviceb'Device - 2']"
"384268","2371.168221669","192.168.15.3","192.168.15.4","MQTT","70","Connect Ack"
"384271","2371.170665866","192.168.15.3","192.168.15.4","MQTT","70","Publish Ack (id=2332)"
"384273","2371.171276058","192.168.15.4","192.168.15.3","MQTT","68","Disconnect Req"
"384285","2372.175026170","192.168.15.4","192.168.15.3","MQTT","90","Connect Command"
"384287","2372.177858521","192.168.15.4","192.168.15.3","MQTT","97","Publish Message (id=2333) [Deviceb'Device - 2']"
"384288","2372.178247656","192.168.15.3","192.168.15.4","MQTT","70","Connect Ack"
"384291","2372.180711039","192.168.15.3","192.168.15.4","MQTT","70","Publish Ack (id=2333)"
"384293","2372.181347662","192.168.15.4","192.168.15.3","MQTT","68","Disconnect Req"
"384307","2373.185408122","192.168.15.4","192.168.15.3","MQTT","90","Connect Command"
"384309","2373.188844544","192.168.15.4","192.168.15.3","MQTT","97","Publish Message (id=2334) [Deviceb'Device - 2']"
"384311","2373.192512072","192.168.15.3","192.168.15.4","MQTT","70","Connect Ack"
"384313","2373.194898700","192.168.15.3","192.168.15.4","MQTT","70","Publish Ack (id=2334)"
"384315","2373.195563266","192.168.15.4","192.168.15.3","MQTT","68","Disconnect Req"
"384331","2374.199868019","192.168.15.4","192.168.15.3","MQTT","90","Connect Command"
"384333","2374.202764209","192.168.15.4","192.168.15.3","MQTT","97","Publish Message (id=2335) [Deviceb'Device - 2']"
"384334","2374.203163293","192.168.15.3","192.168.15.4","MQTT","70","Connect Ack"
"384337","2374.205693302","192.168.15.3","192.168.15.4","MQTT","70","Publish Ack (id=2335)"
"384339","2374.206265594","192.168.15.4","192.168.15.3","MQTT","68","Disconnect Req"
"384379","2375.209884583","192.168.15.4","192.168.15.3","MQTT","90","Connect Command"
"384381","2375.212900680","192.168.15.4","192.168.15.3","MQTT","97","Publish Message (id=2336) [Deviceb'Device - 2']"
"384382","2375.213307278","192.168.15.3","192.168.15.4","MQTT","70","Connect Ack"
"384385","2375.215647349","192.168.15.3","192.168.15.4","MQTT","70","Publish Ack (id=2336)"
"384387","2375.216085046","192.168.15.4","192.168.15.3","MQTT","68","Disconnect Req"
"384399","2376.219694098","192.168.15.4","192.168.15.3","MQTT","90","Connect Command"
"384401","2376.222728480","192.168.15.4","192.168.15.3","MQTT","97","Publish Message (id=2337) [Deviceb'Device - 2']"
"384402","2376.223216903","192.168.15.3","192.168.15.4","MQTT","70","Connect Ack"
"384405","2376.225553607","192.168.15.3","192.168.15.4","MQTT","70","Publish Ack (id=2337)"
"384407","2376.226250864","192.168.15.4","192.168.15.3","MQTT","68","Disconnect Req"
"384426","2377.230219496","192.168.15.4","192.168.15.3","MQTT","90","Connect Command"
"384428","2377.233250041","192.168.15.4","192.168.15.3","MQTT","97","Publish Message (id=2338) [Deviceb'Device - 2']"
"384429","2377.233650618","192.168.15.3","192.168.15.4","MQTT","70","Connect Ack"
"384432","2377.235968497","192.168.15.3","192.168.15.4","MQTT","70","Publish Ack (id=2338)"
"384434","2377.236397698","192.168.15.4","192.168.15.3","MQTT","68","Disconnect Req"
"384450","2378.240068388","192.168.15.4","192.168.15.3","MQTT","90","Connect Command"
"384452","2378.242974989","192.168.15.4","192.168.15.3","MQTT","97","Publish Message (id=2339) [Deviceb'Device - 2']"
"384454","2378.247345536","192.168.15.3","192.168.15.4","MQTT","70","Connect Ack"
"384456","2378.249743776","192.168.15.3","192.168.15.4","MQTT","70","Publish Ack (id=2339)"
"384458","2378.250128974","192.168.15.4","192.168.15.3","MQTT","68","Disconnect Req"
"384471","2379.257578786","192.168.15.4","192.168.15.3","MQTT","90","Connect Command"
"384473","2379.265895326","192.168.15.4","192.168.15.3","MQTT","97","Publish Message (id=2340) [Deviceb'Device - 2']"
"384474","2379.266280123","192.168.15.3","192.168.15.4","MQTT","70","Connect Ack"
"384477","2379.268706566","192.168.15.3","192.168.15.4","MQTT","70","Publish Ack (id=2340)"
"384479","2379.268987237","192.168.15.4","192.168.15.3","MQTT","68","Disconnect Req"
"384508","2380.273323919","192.168.15.4","192.168.15.3","MQTT","90","Connect Command"
"384510","2380.276247742","192.168.15.4","192.168.15.3","MQTT","97","Publish Message (id=2341) [Deviceb'Device - 2']"
"384511","2380.276481363","192.168.15.3","192.168.15.4","MQTT","70","Connect Ack"
"384514","2380.279080964","192.168.15.3","192.168.15.4","MQTT","70","Publish Ack (id=2341)"
"384516","2380.280099889","192.168.15.4","192.168.15.3","MQTT","68","Disconnect Req"
"384537","2381.283833053","192.168.15.4","192.168.15.3","MQTT","90","Connect Command"
"384539","2381.286710569","192.168.15.4","192.168.15.3","MQTT","97","Publish Message (id=2342) [Deviceb'Device - 2']"
"384540","2381.287134590","192.168.15.3","192.168.15.4","MQTT","70","Connect Ack"
"384543","2381.289626698","192.168.15.3","192.168.15.4","MQTT","70","Publish Ack (id=2342)"
"384545","2381.290288208","192.168.15.4","192.168.15.3","MQTT","68","Disconnect Req"
"384558","2382.295027585","192.168.15.4","192.168.15.3","MQTT","90","Connect Command"
"384560","2382.298026189","192.168.15.4","192.168.15.3","MQTT","97","Publish Message (id=2343) [Deviceb'Device - 2']"
"384561","2382.298431786","192.168.15.3","192.168.15.4","MQTT","70","Connect Ack"
"384564","2382.300874330","192.168.15.3","192.168.15.4","MQTT","70","Publish Ack (id=2343)"
"384566","2382.301222017","192.168.15.4","192.168.15.3","MQTT","68","Disconnect Req"
"384578","2383.305676537","192.168.15.4","192.168.15.3","MQTT","90","Connect Command"
"384580","2383.308607163","192.168.15.4","192.168.15.3","MQTT","97","Publish Message (id=2344) [Deviceb'Device - 2']"
"384581","2383.309297838","192.168.15.3","192.168.15.4","MQTT","70","Connect Ack"
"384584","2383.312192005","192.168.15.3","192.168.15.4","MQTT","70","Publish Ack (id=2344)"
"384586","2383.312674326","192.168.15.4","192.168.15.3","MQTT","68","Disconnect Req"
"386064","2384.316950922","192.168.15.4","192.168.15.3","MQTT","90","Connect Command"
"386066","2384.319846101","192.168.15.4","192.168.15.3","MQTT","97","Publish Message (id=2345) [Deviceb'Device - 2']"
"386067","2384.320281935","192.168.15.3","192.168.15.4","MQTT","70","Connect Ack"
"386070","2384.323014887","192.168.15.3","192.168.15.4","MQTT","70","Publish Ack (id=2345)"
"386072","2384.323414412","192.168.15.4","192.168.15.3","MQTT","68","Disconnect Req"
"386087","2385.327614685","192.168.15.4","192.168.15.3","MQTT","90","Connect Command"
"386089","2385.330898639","192.168.15.4","192.168.15.3","MQTT","97","Publish Message (id=2346) [Deviceb'Device - 2']"
"386090","2385.331185290","192.168.15.3","192.168.15.4","MQTT","70","Connect Ack"
"386093","2385.333795812","192.168.15.3","192.168.15.4","MQTT","70","Publish Ack (id=2346)"
"386095","2385.334192171","192.168.15.4","192.168.15.3","MQTT","68","Disconnect Req"
"386109","2386.338081758","192.168.15.4","192.168.15.3","MQTT","90","Connect Command"
"386111","2386.341008698","192.168.15.4","192.168.15.3","MQTT","97","Publish Message (id=2347) [Deviceb'Device - 2']"
"386112","2386.341401490","192.168.15.3","192.168.15.4","MQTT","70","Connect Ack"
"386115","2386.344037549","192.168.15.3","192.168.15.4","MQTT","70","Publish Ack (id=2347)"
"386117","2386.344455669","192.168.15.4","192.168.15.3","MQTT","68","Disconnect Req"
"386126","2387.348281829","192.168.15.4","192.168.15.3","MQTT","90","Connect Command"
"386128","2387.351149216","192.168.15.4","192.168.15.3","MQTT","97","Publish Message (id=2348) [Deviceb'Device - 2']"
"386129","2387.351569059","192.168.15.3","192.168.15.4","MQTT","70","Connect Ack"
"386132","2387.354078109","192.168.15.3","192.168.15.4","MQTT","70","Publish Ack (id=2348)"
"386134","2387.354508942","192.168.15.4","192.168.15.3","MQTT","68","Disconnect Req"
"386142","2388.359438829","192.168.15.4","192.168.15.3","MQTT","90","Connect Command"
"386144","2388.361900760","192.168.15.4","192.168.15.3","MQTT","97","Publish Message (id=2349) [Deviceb'Device - 2']"
"386146","2388.366344184","192.168.15.3","192.168.15.4","MQTT","70","Connect Ack"
"386148","2388.368873933","192.168.15.3","192.168.15.4","MQTT","70","Publish Ack (id=2349)"
"386150","2388.369194178","192.168.15.4","192.168.15.3","MQTT","68","Disconnect Req"
"386166","2389.373231669","192.168.15.4","192.168.15.3","MQTT","90","Connect Command"
"386168","2389.376068248","192.168.15.4","192.168.15.3","MQTT","97","Publish Message (id=2350) [Deviceb'Device - 2']"
"386169","2389.376523768","192.168.15.3","192.168.15.4","MQTT","70","Connect Ack"
"386172","2389.378914915","192.168.15.3","192.168.15.4","MQTT","70","Publish Ack (id=2350)"
"386174","2389.379409149","192.168.15.4","192.168.15.3","MQTT","68","Disconnect Req"
"386189","2390.384242255","192.168.15.4","192.168.15.3","MQTT","90","Connect Command"
"386191","2390.387106375","192.168.15.4","192.168.15.3","MQTT","97","Publish Message (id=2351) [Deviceb'Device - 2']"
"386192","2390.387521930","192.168.15.3","192.168.15.4","MQTT","70","Connect Ack"
"386195","2390.389992077","192.168.15.3","192.168.15.4","MQTT","70","Publish Ack (id=2351)"
"386197","2390.390336077","192.168.15.4","192.168.15.3","MQTT","68","Disconnect Req"
"386209","2391.394097620","192.168.15.4","192.168.15.3","MQTT","90","Connect Command"
"386211","2391.396992920","192.168.15.4","192.168.15.3","MQTT","97","Publish Message (id=2352) [Deviceb'Device - 2']"
"386212","2391.398268259","192.168.15.3","192.168.15.4","MQTT","70","Connect Ack"
"386215","2391.400139283","192.168.15.3","192.168.15.4","MQTT","70","Publish Ack (id=2352)"
"386217","2391.400609962","192.168.15.4","192.168.15.3","MQTT","68","Disconnect Req"
"386229","2392.405024471","192.168.15.4","192.168.15.3","MQTT","90","Connect Command"
"386231","2392.407904061","192.168.15.4","192.168.15.3","MQTT","97","Publish Message (id=2353) [Deviceb'Device - 2']"
"386232","2392.408319716","192.168.15.3","192.168.15.4","MQTT","70","Connect Ack"
"386235","2392.410950927","192.168.15.3","192.168.15.4","MQTT","70","Publish Ack (id=2353)"
"386237","2392.411276752","192.168.15.4","192.168.15.3","MQTT","68","Disconnect Req"
"386245","2393.415647631","192.168.15.4","192.168.15.3","MQTT","90","Connect Command"
"386247","2393.418236181","192.168.15.4","192.168.15.3","MQTT","97","Publish Message (id=2354) [Deviceb'Device - 2']"
"386249","2393.422627887","192.168.15.3","192.168.15.4","MQTT","70","Connect Ack"
"386251","2393.425034383","192.168.15.3","192.168.15.4","MQTT","70","Publish Ack (id=2354)"
"386253","2393.425551660","192.168.15.4","192.168.15.3","MQTT","68","Disconnect Req"
"386265","2394.431710407","192.168.15.4","192.168.15.3","MQTT","90","Connect Command"
"386267","2394.434571592","192.168.15.4","192.168.15.3","MQTT","97","Publish Message (id=2355) [Deviceb'Device - 2']"
"386268","2394.434974453","192.168.15.3","192.168.15.4","MQTT","70","Connect Ack"
"386271","2394.437485747","192.168.15.3","192.168.15.4","MQTT","70","Publish Ack (id=2355)"
"386273","2394.438317147","192.168.15.4","192.168.15.3","MQTT","68","Disconnect Req"
"388181","2395.441808216","192.168.15.4","192.168.15.3","MQTT","90","Connect Command"
"388183","2395.444799477","192.168.15.4","192.168.15.3","MQTT","97","Publish Message (id=2356) [Deviceb'Device - 2']"
"388184","2395.445185997","192.168.15.3","192.168.15.4","MQTT","70","Connect Ack"
"388187","2395.447911296","192.168.15.3","192.168.15.4","MQTT","70","Publish Ack (id=2356)"
"388189","2395.448246168","192.168.15.4","192.168.15.3","MQTT","68","Disconnect Req"
"388207","2396.452827719","192.168.15.4","192.168.15.3","MQTT","90","Connect Command"
"388209","2396.455689024","192.168.15.4","192.168.15.3","MQTT","97","Publish Message (id=2357) [Deviceb'Device - 2']"
"388210","2396.456519032","192.168.15.3","192.168.15.4","MQTT","70","Connect Ack"
"388213","2396.458555609","192.168.15.3","192.168.15.4","MQTT","70","Publish Ack (id=2357)"
"388215","2396.459353216","192.168.15.4","192.168.15.3","MQTT","68","Disconnect Req"
"388227","2397.463316741","192.168.15.4","192.168.15.3","MQTT","90","Connect Command"
"388229","2397.466352135","192.168.15.4","192.168.15.3","MQTT","97","Publish Message (id=2358) [Deviceb'Device - 2']"
"388230","2397.466761909","192.168.15.3","192.168.15.4","MQTT","70","Connect Ack"
"388233","2397.469433837","192.168.15.3","192.168.15.4","MQTT","70","Publish Ack (id=2358)"
"388235","2397.469692065","192.168.15.4","192.168.15.3","MQTT","68","Disconnect Req"
"388247","2398.473490518","192.168.15.4","192.168.15.3","MQTT","90","Connect Command"
"388249","2398.476394805","192.168.15.4","192.168.15.3","MQTT","97","Publish Message (id=2359) [Deviceb'Device - 2']"
"388251","2398.480760743","192.168.15.3","192.168.15.4","MQTT","70","Connect Ack"
"388253","2398.483704404","192.168.15.3","192.168.15.4","MQTT","70","Publish Ack (id=2359)"
"388255","2398.484366875","192.168.15.4","192.168.15.3","MQTT","68","Disconnect Req"
"388268","2399.488590454","192.168.15.4","192.168.15.3","MQTT","90","Connect Command"
"388270","2399.491525589","192.168.15.4","192.168.15.3","MQTT","97","Publish Message (id=2360) [Deviceb'Device - 2']"
"388271","2399.491944330","192.168.15.3","192.168.15.4","MQTT","70","Connect Ack"
"388274","2399.494529824","192.168.15.3","192.168.15.4","MQTT","70","Publish Ack (id=2360)"
"388276","2399.495305960","192.168.15.4","192.168.15.3","MQTT","68","Disconnect Req"
"388291","2400.499826752","192.168.15.4","192.168.15.3","MQTT","90","Connect Command"
"388293","2400.502711150","192.168.15.4","192.168.15.3","MQTT","97","Publish Message (id=2361) [Deviceb'Device - 2']"
"388294","2400.503786151","192.168.15.3","192.168.15.4","MQTT","70","Connect Ack"
"388297","2400.505751063","192.168.15.3","192.168.15.4","MQTT","70","Publish Ack (id=2361)"
"388299","2400.506559991","192.168.15.4","192.168.15.3","MQTT","68","Disconnect Req"
"388311","2401.510610375","192.168.15.4","192.168.15.3","MQTT","90","Connect Command"
"388313","2401.513511927","192.168.15.4","192.168.15.3","MQTT","97","Publish Message (id=2362) [Deviceb'Device - 2']"
"388314","2401.513893648","192.168.15.3","192.168.15.4","MQTT","70","Connect Ack"
"388317","2401.516463603","192.168.15.3","192.168.15.4","MQTT","70","Publish Ack (id=2362)"
"388319","2401.517314590","192.168.15.4","192.168.15.3","MQTT","68","Disconnect Req"
"388331","2402.521484531","192.168.15.4","192.168.15.3","MQTT","90","Connect Command"
"388333","2402.526264120","192.168.15.4","192.168.15.3","MQTT","97","Publish Message (id=2363) [Deviceb'Device - 2']"
"388334","2402.526639309","192.168.15.3","192.168.15.4","MQTT","70","Connect Ack"
"388337","2402.529264768","192.168.15.3","192.168.15.4","MQTT","70","Publish Ack (id=2363)"
"388339","2402.529896151","192.168.15.4","192.168.15.3","MQTT","68","Disconnect Req"
"388351","2403.533900823","192.168.15.4","192.168.15.3","MQTT","90","Connect Command"
"388353","2403.536849904","192.168.15.4","192.168.15.3","MQTT","97","Publish Message (id=2364) [Deviceb'Device - 2']"
"388355","2403.541178782","192.168.15.3","192.168.15.4","MQTT","70","Connect Ack"
"388357","2403.544053172","192.168.15.3","192.168.15.4","MQTT","70","Publish Ack (id=2364)"
"388359","2403.544753094","192.168.15.4","192.168.15.3","MQTT","68","Disconnect Req"
"388367","2404.549041984","192.168.15.4","192.168.15.3","MQTT","90","Connect Command"
"388369","2404.551902708","192.168.15.4","192.168.15.3","MQTT","97","Publish Message (id=2365) [Deviceb'Device - 2']"
"388370","2404.552366995","192.168.15.3","192.168.15.4","MQTT","70","Connect Ack"
"388373","2404.554710282","192.168.15.3","192.168.15.4","MQTT","70","Publish Ack (id=2365)"
"388375","2404.555448346","192.168.15.4","192.168.15.3","MQTT","68","Disconnect Req"
"388390","2405.559279783","192.168.15.4","192.168.15.3","MQTT","90","Connect Command"
"388392","2405.562105581","192.168.15.4","192.168.15.3","MQTT","97","Publish Message (id=2366) [Deviceb'Device - 2']"
"388393","2405.562513972","192.168.15.3","192.168.15.4","MQTT","70","Connect Ack"
"388396","2405.564970994","192.168.15.3","192.168.15.4","MQTT","70","Publish Ack (id=2366)"
"388398","2405.565873539","192.168.15.4","192.168.15.3","MQTT","68","Disconnect Req"
"388410","2406.570318486","192.168.15.4","192.168.15.3","MQTT","90","Connect Command"
"388412","2406.573194971","192.168.15.4","192.168.15.3","MQTT","97","Publish Message (id=2367) [Deviceb'Device - 2']"
"388413","2406.573604114","192.168.15.3","192.168.15.4","MQTT","70","Connect Ack"
"388416","2406.576119536","192.168.15.3","192.168.15.4","MQTT","70","Publish Ack (id=2367)"
"388418","2406.576688751","192.168.15.4","192.168.15.3","MQTT","68","Disconnect Req"
"388438","2407.580830206","192.168.15.4","192.168.15.3","MQTT","90","Connect Command"
"388440","2407.583848147","192.168.15.4","192.168.15.3","MQTT","97","Publish Message (id=2368) [Deviceb'Device - 2']"
"388441","2407.584506451","192.168.15.3","192.168.15.4","MQTT","70","Connect Ack"
"388444","2407.587197725","192.168.15.3","192.168.15.4","MQTT","70","Publish Ack (id=2368)"
"388446","2407.587627577","192.168.15.4","192.168.15.3","MQTT","68","Disconnect Req"
"388464","2408.591914890","192.168.15.4","192.168.15.3","MQTT","90","Connect Command"
"388466","2408.594723736","192.168.15.4","192.168.15.3","MQTT","97","Publish Message (id=2369) [Deviceb'Device - 2']"
"388468","2408.599122215","192.168.15.3","192.168.15.4","MQTT","70","Connect Ack"
"388470","2408.602181835","192.168.15.3","192.168.15.4","MQTT","70","Publish Ack (id=2369)"
"388472","2408.602549399","192.168.15.4","192.168.15.3","MQTT","68","Disconnect Req"
"388485","2409.606578516","192.168.15.4","192.168.15.3","MQTT","90","Connect Command"
"388487","2409.609450281","192.168.15.4","192.168.15.3","MQTT","97","Publish Message (id=2370) [Deviceb'Device - 2']"
"388488","2409.609872598","192.168.15.3","192.168.15.4","MQTT","70","Connect Ack"
"388491","2409.612408840","192.168.15.3","192.168.15.4","MQTT","70","Publish Ack (id=2370)"
"388493","2409.613034852","192.168.15.4","192.168.15.3","MQTT","68","Disconnect Req"
"388512","2410.617006121","192.168.15.4","192.168.15.3","MQTT","90","Connect Command"
"388514","2410.619890690","192.168.15.4","192.168.15.3","MQTT","97","Publish Message (id=2371) [Deviceb'Device - 2']"
"388516","2410.620266280","192.168.15.3","192.168.15.4","MQTT","70","Connect Ack"
"388519","2410.622909964","192.168.15.3","192.168.15.4","MQTT","70","Publish Ack (id=2371)"
"388521","2410.623612551","192.168.15.4","192.168.15.3","MQTT","68","Disconnect Req"
"390973","2411.628227828","192.168.15.4","192.168.15.3","MQTT","90","Connect Command"
"390975","2411.631078693","192.168.15.4","192.168.15.3","MQTT","97","Publish Message (id=2372) [Deviceb'Device - 2']"
"390976","2411.631453081","192.168.15.3","192.168.15.4","MQTT","70","Connect Ack"
"390979","2411.634088469","192.168.15.3","192.168.15.4","MQTT","70","Publish Ack (id=2372)"
"390981","2411.634870016","192.168.15.4","192.168.15.3","MQTT","68","Disconnect Req"
"391003","2412.639343055","192.168.15.4","192.168.15.3","MQTT","90","Connect Command"
"391005","2412.641852646","192.168.15.4","192.168.15.3","MQTT","97","Publish Message (id=2373) [Deviceb'Device - 2']"
"391006","2412.642263212","192.168.15.3","192.168.15.4","MQTT","70","Connect Ack"
"391009","2412.644727527","192.168.15.3","192.168.15.4","MQTT","70","Publish Ack (id=2373)"
"391011","2412.645553047","192.168.15.4","192.168.15.3","MQTT","68","Disconnect Req"
"391025","2413.650093356","192.168.15.4","192.168.15.3","MQTT","90","Connect Command"
"391027","2413.652357503","192.168.15.4","192.168.15.3","MQTT","97","Publish Message (id=2374) [Deviceb'Device - 2']"
"391029","2413.656784676","192.168.15.3","192.168.15.4","MQTT","70","Connect Ack"
"391031","2413.659534982","192.168.15.3","192.168.15.4","MQTT","70","Publish Ack (id=2374)"
"391033","2413.660211069","192.168.15.4","192.168.15.3","MQTT","68","Disconnect Req"
"391045","2414.664698499","192.168.15.4","192.168.15.3","MQTT","90","Connect Command"
"391047","2414.667412226","192.168.15.4","192.168.15.3","MQTT","97","Publish Message (id=2375) [Deviceb'Device - 2']"
"391048","2414.667774530","192.168.15.3","192.168.15.4","MQTT","70","Connect Ack"
"391051","2414.670303317","192.168.15.3","192.168.15.4","MQTT","70","Publish Ack (id=2375)"
"391053","2414.671157261","192.168.15.4","192.168.15.3","MQTT","68","Disconnect Req"
"391067","2415.674987280","192.168.15.4","192.168.15.3","MQTT","90","Connect Command"
"391069","2415.680097444","192.168.15.4","192.168.15.3","MQTT","97","Publish Message (id=2376) [Deviceb'Device - 2']"
"391070","2415.680467342","192.168.15.3","192.168.15.4","MQTT","70","Connect Ack"
"391073","2415.682879319","192.168.15.3","192.168.15.4","MQTT","70","Publish Ack (id=2376)"
"391075","2415.683642861","192.168.15.4","192.168.15.3","MQTT","68","Disconnect Req"
"391087","2416.687493961","192.168.15.4","192.168.15.3","MQTT","90","Connect Command"
"391089","2416.690375174","192.168.15.4","192.168.15.3","MQTT","97","Publish Message (id=2377) [Deviceb'Device - 2']"
"391090","2416.691135340","192.168.15.3","192.168.15.4","MQTT","70","Connect Ack"
"391093","2416.693943074","192.168.15.3","192.168.15.4","MQTT","70","Publish Ack (id=2377)"
"391095","2416.694740691","192.168.15.4","192.168.15.3","MQTT","68","Disconnect Req"
"391107","2417.699890216","192.168.15.4","192.168.15.3","MQTT","90","Connect Command"
"391109","2417.702508071","192.168.15.4","192.168.15.3","MQTT","97","Publish Message (id=2378) [Deviceb'Device - 2']"
"391110","2417.702971987","192.168.15.3","192.168.15.4","MQTT","70","Connect Ack"
"391113","2417.705517566","192.168.15.3","192.168.15.4","MQTT","70","Publish Ack (id=2378)"
"391115","2417.706509550","192.168.15.4","192.168.15.3","MQTT","68","Disconnect Req"
"391131","2418.710931451","192.168.15.4","192.168.15.3","MQTT","90","Connect Command"
"391133","2418.713844624","192.168.15.4","192.168.15.3","MQTT","97","Publish Message (id=2379) [Deviceb'Device - 2']"
"391135","2418.718279923","192.168.15.3","192.168.15.4","MQTT","70","Connect Ack"
"391137","2418.720860809","192.168.15.3","192.168.15.4","MQTT","70","Publish Ack (id=2379)"
"391139","2418.721593804","192.168.15.4","192.168.15.3","MQTT","68","Disconnect Req"
"391152","2419.726026707","192.168.15.4","192.168.15.3","MQTT","90","Connect Command"
"391154","2419.728877191","192.168.15.4","192.168.15.3","MQTT","97","Publish Message (id=2380) [Deviceb'Device - 2']"
"391155","2419.729325548","192.168.15.3","192.168.15.4","MQTT","70","Connect Ack"
"391158","2419.731788802","192.168.15.3","192.168.15.4","MQTT","70","Publish Ack (id=2380)"
"391160","2419.732519983","192.168.15.4","192.168.15.3","MQTT","68","Disconnect Req"
"391177","2420.736571669","192.168.15.4","192.168.15.3","MQTT","90","Connect Command"
"391179","2420.739568380","192.168.15.4","192.168.15.3","MQTT","97","Publish Message (id=2381) [Deviceb'Device - 2']"
"391180","2420.739996599","192.168.15.3","192.168.15.4","MQTT","70","Connect Ack"
"391183","2420.742591010","192.168.15.3","192.168.15.4","MQTT","70","Publish Ack (id=2381)"
"391185","2420.743379299","192.168.15.4","192.168.15.3","MQTT","68","Disconnect Req"
"391211","2421.747757672","192.168.15.4","192.168.15.3","MQTT","90","Connect Command"
"391213","2421.750617345","192.168.15.4","192.168.15.3","MQTT","97","Publish Message (id=2382) [Deviceb'Device - 2']"
"391214","2421.751029423","192.168.15.3","192.168.15.4","MQTT","70","Connect Ack"
"391217","2421.753896690","192.168.15.3","192.168.15.4","MQTT","70","Publish Ack (id=2382)"
"391219","2421.754670832","192.168.15.4","192.168.15.3","MQTT","68","Disconnect Req"
"391232","2422.758438544","192.168.15.4","192.168.15.3","MQTT","90","Connect Command"
"391234","2422.761502923","192.168.15.4","192.168.15.3","MQTT","97","Publish Message (id=2383) [Deviceb'Device - 2']"
"391235","2422.761891177","192.168.15.3","192.168.15.4","MQTT","70","Connect Ack"
"391238","2422.764772720","192.168.15.3","192.168.15.4","MQTT","70","Publish Ack (id=2383)"
"391240","2422.765135996","192.168.15.4","192.168.15.3","MQTT","68","Disconnect Req"
"391256","2423.769374750","192.168.15.4","192.168.15.3","MQTT","90","Connect Command"
"391258","2423.772263538","192.168.15.4","192.168.15.3","MQTT","97","Publish Message (id=2384) [Deviceb'Device - 2']"
"391260","2423.776617763","192.168.15.3","192.168.15.4","MQTT","70","Connect Ack"
"391262","2423.779092087","192.168.15.3","192.168.15.4","MQTT","70","Publish Ack (id=2384)"
"391264","2423.779429936","192.168.15.4","192.168.15.3","MQTT","68","Disconnect Req"
"391289","2424.783782476","192.168.15.4","192.168.15.3","MQTT","90","Connect Command"
"391291","2424.786673417","192.168.15.4","192.168.15.3","MQTT","97","Publish Message (id=2385) [Deviceb'Device - 2']"
"391292","2424.787075106","192.168.15.3","192.168.15.4","MQTT","70","Connect Ack"
"391295","2424.789577383","192.168.15.3","192.168.15.4","MQTT","70","Publish Ack (id=2385)"
"391297","2424.790302953","192.168.15.4","192.168.15.3","MQTT","68","Disconnect Req"
"391309","2425.794300985","192.168.15.4","192.168.15.3","MQTT","90","Connect Command"
"391311","2425.797184072","192.168.15.4","192.168.15.3","MQTT","97","Publish Message (id=2386) [Deviceb'Device - 2']"
"391312","2425.797631347","192.168.15.3","192.168.15.4","MQTT","70","Connect Ack"
"391315","2425.800090713","192.168.15.3","192.168.15.4","MQTT","70","Publish Ack (id=2386)"
"391317","2425.800782961","192.168.15.4","192.168.15.3","MQTT","68","Disconnect Req"
"392729","2426.804806451","192.168.15.4","192.168.15.3","MQTT","90","Connect Command"
"392731","2426.808222474","192.168.15.4","192.168.15.3","MQTT","97","Publish Message (id=2387) [Deviceb'Device - 2']"
"392732","2426.808492184","192.168.15.3","192.168.15.4","MQTT","70","Connect Ack"
"392735","2426.811110200","192.168.15.3","192.168.15.4","MQTT","70","Publish Ack (id=2387)"
"392737","2426.811851570","192.168.15.4","192.168.15.3","MQTT","68","Disconnect Req"
"392749","2427.815369747","192.168.15.4","192.168.15.3","MQTT","90","Connect Command"
"392751","2427.818310493","192.168.15.4","192.168.15.3","MQTT","97","Publish Message (id=2388) [Deviceb'Device - 2']"
"392752","2427.818715809","192.168.15.3","192.168.15.4","MQTT","70","Connect Ack"
"392755","2427.821212986","192.168.15.3","192.168.15.4","MQTT","70","Publish Ack (id=2388)"
"392757","2427.821907458","192.168.15.4","192.168.15.3","MQTT","68","Disconnect Req"
"392769","2428.826418583","192.168.15.4","192.168.15.3","MQTT","90","Connect Command"
"392771","2428.829158569","192.168.15.4","192.168.15.3","MQTT","97","Publish Message (id=2389) [Deviceb'Device - 2']"
"392773","2428.833656667","192.168.15.3","192.168.15.4","MQTT","70","Connect Ack"
"392775","2428.836214278","192.168.15.3","192.168.15.4","MQTT","70","Publish Ack (id=2389)"
"392777","2428.836842706","192.168.15.4","192.168.15.3","MQTT","68","Disconnect Req"
"392797","2429.842283880","192.168.15.4","192.168.15.3","MQTT","90","Connect Command"
"392799","2429.846903817","192.168.15.4","192.168.15.3","MQTT","97","Publish Message (id=2390) [Deviceb'Device - 2']"
"392800","2429.847287763","192.168.15.3","192.168.15.4","MQTT","70","Connect Ack"
"392803","2429.850006058","192.168.15.3","192.168.15.4","MQTT","70","Publish Ack (id=2390)"
"392805","2429.850674951","192.168.15.4","192.168.15.3","MQTT","68","Disconnect Req"
"392820","2430.854422807","192.168.15.4","192.168.15.3","MQTT","90","Connect Command"
"392822","2430.857234699","192.168.15.4","192.168.15.3","MQTT","97","Publish Message (id=2391) [Deviceb'Device - 2']"
"392823","2430.857697193","192.168.15.3","192.168.15.4","MQTT","70","Connect Ack"
"392826","2430.860107626","192.168.15.3","192.168.15.4","MQTT","70","Publish Ack (id=2391)"
"392828","2430.860891367","192.168.15.4","192.168.15.3","MQTT","68","Disconnect Req"
"392840","2431.865857626","192.168.15.4","192.168.15.3","MQTT","90","Connect Command"
"392842","2431.868662935","192.168.15.4","192.168.15.3","MQTT","97","Publish Message (id=2392) [Deviceb'Device - 2']"
"392843","2431.869114508","192.168.15.3","192.168.15.4","MQTT","70","Connect Ack"
"392846","2431.871457675","192.168.15.3","192.168.15.4","MQTT","70","Publish Ack (id=2392)"
"392848","2431.872810410","192.168.15.4","192.168.15.3","MQTT","68","Disconnect Req"
"392860","2432.876900807","192.168.15.4","192.168.15.3","MQTT","90","Connect Command"
"392862","2432.880133895","192.168.15.4","192.168.15.3","MQTT","97","Publish Message (id=2393) [Deviceb'Device - 2']"
"392863","2432.880451855","192.168.15.3","192.168.15.4","MQTT","70","Connect Ack"
"392866","2432.883055734","192.168.15.3","192.168.15.4","MQTT","70","Publish Ack (id=2393)"
"392868","2432.883862869","192.168.15.4","192.168.15.3","MQTT","68","Disconnect Req"
"392880","2433.888398576","192.168.15.4","192.168.15.3","MQTT","90","Connect Command"
"392882","2433.891233452","192.168.15.4","192.168.15.3","MQTT","97","Publish Message (id=2394) [Deviceb'Device - 2']"
"392883","2433.891871848","192.168.15.3","192.168.15.4","MQTT","70","Connect Ack"
"392886","2433.894590824","192.168.15.3","192.168.15.4","MQTT","70","Publish Ack (id=2394)"
"392888","2433.895258927","192.168.15.4","192.168.15.3","MQTT","68","Disconnect Req"
"392925","2434.903877579","192.168.15.4","192.168.15.3","MQTT","90","Connect Command"
"392927","2434.910850112","192.168.15.4","192.168.15.3","MQTT","97","Publish Message (id=2395) [Deviceb'Device - 2']"
"392928","2434.911518214","192.168.15.3","192.168.15.4","MQTT","70","Connect Ack"
"392931","2434.913771691","192.168.15.3","192.168.15.4","MQTT","70","Publish Ack (id=2395)"
"392933","2434.914484788","192.168.15.4","192.168.15.3","MQTT","68","Disconnect Req"
"392955","2435.918912876","192.168.15.4","192.168.15.3","MQTT","90","Connect Command"
"392957","2435.921746188","192.168.15.4","192.168.15.3","MQTT","97","Publish Message (id=2396) [Deviceb'Device - 2']"
"392958","2435.922137718","192.168.15.3","192.168.15.4","MQTT","70","Connect Ack"
"392961","2435.924570604","192.168.15.3","192.168.15.4","MQTT","70","Publish Ack (id=2396)"
"392963","2435.925302767","192.168.15.4","192.168.15.3","MQTT","68","Disconnect Req"
"392973","2436.930079545","192.168.15.4","192.168.15.3","MQTT","90","Connect Command"
"392975","2436.932766371","192.168.15.4","192.168.15.3","MQTT","97","Publish Message (id=2397) [Deviceb'Device - 2']"
"392976","2436.933144876","192.168.15.3","192.168.15.4","MQTT","70","Connect Ack"
"392979","2436.935610043","192.168.15.3","192.168.15.4","MQTT","70","Publish Ack (id=2397)"
"392981","2436.936522837","192.168.15.4","192.168.15.3","MQTT","68","Disconnect Req"
"395352","2437.941040015","192.168.15.4","192.168.15.3","MQTT","90","Connect Command"
"395354","2437.943859201","192.168.15.4","192.168.15.3","MQTT","97","Publish Message (id=2398) [Deviceb'Device - 2']"
"395355","2437.944237446","192.168.15.3","192.168.15.4","MQTT","70","Connect Ack"
"395358","2437.946510600","192.168.15.3","192.168.15.4","MQTT","70","Publish Ack (id=2398)"
"395360","2437.947222565","192.168.15.4","192.168.15.3","MQTT","68","Disconnect Req"
"395372","2438.951268314","192.168.15.4","192.168.15.3","MQTT","90","Connect Command"
"395374","2438.954113328","192.168.15.4","192.168.15.3","MQTT","97","Publish Message (id=2399) [Deviceb'Device - 2']"
"395376","2438.958472423","192.168.15.3","192.168.15.4","MQTT","70","Connect Ack"
"395378","2438.960922723","192.168.15.3","192.168.15.4","MQTT","70","Publish Ack (id=2399)"
"395380","2438.961763521","192.168.15.4","192.168.15.3","MQTT","68","Disconnect Req"
"395400","2439.966082607","192.168.15.4","192.168.15.3","MQTT","90","Connect Command"
"395402","2439.968933313","192.168.15.4","192.168.15.3","MQTT","97","Publish Message (id=2400) [Deviceb'Device - 2']"
"395403","2439.969347886","192.168.15.3","192.168.15.4","MQTT","70","Connect Ack"
"395406","2439.971768229","192.168.15.3","192.168.15.4","MQTT","70","Publish Ack (id=2400)"
"395408","2439.972570635","192.168.15.4","192.168.15.3","MQTT","68","Disconnect Req"
"395420","2440.977162550","192.168.15.4","192.168.15.3","MQTT","90","Connect Command"
"395422","2440.979958622","192.168.15.4","192.168.15.3","MQTT","97","Publish Message (id=2401) [Deviceb'Device - 2']"
"395423","2440.980329763","192.168.15.3","192.168.15.4","MQTT","70","Connect Ack"
"395426","2440.982832872","192.168.15.3","192.168.15.4","MQTT","70","Publish Ack (id=2401)"
"395428","2440.983585474","192.168.15.4","192.168.15.3","MQTT","68","Disconnect Req"
"395440","2441.987717990","192.168.15.4","192.168.15.3","MQTT","90","Connect Command"
"395442","2441.990489756","192.168.15.4","192.168.15.3","MQTT","97","Publish Message (id=2402) [Deviceb'Device - 2']"
"395443","2441.990885053","192.168.15.3","192.168.15.4","MQTT","70","Connect Ack"
"395446","2441.994438837","192.168.15.3","192.168.15.4","MQTT","70","Publish Ack (id=2402)"
"395448","2441.995187541","192.168.15.4","192.168.15.3","MQTT","68","Disconnect Req"
"395464","2442.999445909","192.168.15.4","192.168.15.3","MQTT","90","Connect Command"
"395466","2443.002154015","192.168.15.4","192.168.15.3","MQTT","97","Publish Message (id=2403) [Deviceb'Device - 2']"
"395467","2443.002554131","192.168.15.3","192.168.15.4","MQTT","70","Connect Ack"
"395470","2443.005191914","192.168.15.3","192.168.15.4","MQTT","70","Publish Ack (id=2403)"
"395472","2443.005960326","192.168.15.4","192.168.15.3","MQTT","68","Disconnect Req"
"395480","2444.010563646","192.168.15.4","192.168.15.3","MQTT","90","Connect Command"
"395483","2444.015739384","192.168.15.4","192.168.15.3","MQTT","97","Publish Message (id=2404) [Deviceb'Device - 2']"
"395485","2444.020088250","192.168.15.3","192.168.15.4","MQTT","70","Connect Ack"
"395487","2444.022566993","192.168.15.3","192.168.15.4","MQTT","70","Publish Ack (id=2404)"
"395489","2444.023350753","192.168.15.4","192.168.15.3","MQTT","68","Disconnect Req"
"395505","2445.029430924","192.168.15.4","192.168.15.3","MQTT","90","Connect Command"
"395507","2445.032203502","192.168.15.4","192.168.15.3","MQTT","97","Publish Message (id=2405) [Deviceb'Device - 2']"
"395508","2445.032622313","192.168.15.3","192.168.15.4","MQTT","70","Connect Ack"
"395511","2445.035133697","192.168.15.3","192.168.15.4","MQTT","70","Publish Ack (id=2405)"
"395513","2445.035797952","192.168.15.4","192.168.15.3","MQTT","68","Disconnect Req"
"395525","2446.040015256","192.168.15.4","192.168.15.3","MQTT","90","Connect Command"
"395527","2446.044756272","192.168.15.4","192.168.15.3","MQTT","97","Publish Message (id=2406) [Deviceb'Device - 2']"
"395528","2446.045134387","192.168.15.3","192.168.15.4","MQTT","70","Connect Ack"
"395531","2446.047820471","192.168.15.3","192.168.15.4","MQTT","70","Publish Ack (id=2406)"
"395533","2446.048467013","192.168.15.4","192.168.15.3","MQTT","68","Disconnect Req"
"395545","2447.052934511","192.168.15.4","192.168.15.3","MQTT","90","Connect Command"
"395547","2447.055768054","192.168.15.4","192.168.15.3","MQTT","97","Publish Message (id=2407) [Deviceb'Device - 2']"
"395548","2447.056299628","192.168.15.3","192.168.15.4","MQTT","70","Connect Ack"
"395551","2447.058863672","192.168.15.3","192.168.15.4","MQTT","70","Publish Ack (id=2407)"
"395553","2447.059534219","192.168.15.4","192.168.15.3","MQTT","68","Disconnect Req"
"395565","2448.063682485","192.168.15.4","192.168.15.3","MQTT","90","Connect Command"
"395567","2448.066662645","192.168.15.4","192.168.15.3","MQTT","97","Publish Message (id=2408) [Deviceb'Device - 2']"
"395568","2448.066992248","192.168.15.3","192.168.15.4","MQTT","70","Connect Ack"
"395571","2448.069612157","192.168.15.3","192.168.15.4","MQTT","70","Publish Ack (id=2408)"
"395573","2448.070206981","192.168.15.4","192.168.15.3","MQTT","68","Disconnect Req"
"395585","2449.073943340","192.168.15.4","192.168.15.3","MQTT","90","Connect Command"
"395587","2449.076793384","192.168.15.4","192.168.15.3","MQTT","97","Publish Message (id=2409) [Deviceb'Device - 2']"
"395589","2449.081165824","192.168.15.3","192.168.15.4","MQTT","70","Connect Ack"
"395591","2449.083598460","192.168.15.3","192.168.15.4","MQTT","70","Publish Ack (id=2409)"
"395593","2449.084325062","192.168.15.4","192.168.15.3","MQTT","68","Disconnect Req"
"395605","2450.088006660","192.168.15.4","192.168.15.3","MQTT","90","Connect Command"
"395607","2450.090845754","192.168.15.4","192.168.15.3","MQTT","97","Publish Message (id=2410) [Deviceb'Device - 2']"
"395608","2450.091251701","192.168.15.3","192.168.15.4","MQTT","70","Connect Ack"
"395611","2450.093791989","192.168.15.3","192.168.15.4","MQTT","70","Publish Ack (id=2410)"
"395613","2450.094602991","192.168.15.4","192.168.15.3","MQTT","68","Disconnect Req"
"395625","2451.098786028","192.168.15.4","192.168.15.3","MQTT","90","Connect Command"
"395627","2451.101682841","192.168.15.4","192.168.15.3","MQTT","97","Publish Message (id=2411) [Deviceb'Device - 2']"
"395628","2451.102060735","192.168.15.3","192.168.15.4","MQTT","70","Connect Ack"
"395631","2451.104669473","192.168.15.3","192.168.15.4","MQTT","70","Publish Ack (id=2411)"
"395633","2451.105349979","192.168.15.4","192.168.15.3","MQTT","68","Disconnect Req"
"395645","2452.109711693","192.168.15.4","192.168.15.3","MQTT","90","Connect Command"
"395647","2452.112414690","192.168.15.4","192.168.15.3","MQTT","97","Publish Message (id=2412) [Deviceb'Device - 2']"
"395648","2452.112859941","192.168.15.3","192.168.15.4","MQTT","70","Connect Ack"
"395651","2452.115425798","192.168.15.3","192.168.15.4","MQTT","70","Publish Ack (id=2412)"
"395653","2452.116082318","192.168.15.4","192.168.15.3","MQTT","68","Disconnect Req"
"395665","2453.120560372","192.168.15.4","192.168.15.3","MQTT","90","Connect Command"
"395667","2453.123234203","192.168.15.4","192.168.15.3","MQTT","97","Publish Message (id=2413) [Deviceb'Device - 2']"
"395668","2453.123669636","192.168.15.3","192.168.15.4","MQTT","70","Connect Ack"
"395671","2453.126056245","192.168.15.3","192.168.15.4","MQTT","70","Publish Ack (id=2413)"
"395673","2453.126498851","192.168.15.4","192.168.15.3","MQTT","68","Disconnect Req"
"397542","2454.130565600","192.168.15.4","192.168.15.3","MQTT","90","Connect Command"
"397544","2454.133507448","192.168.15.4","192.168.15.3","MQTT","97","Publish Message (id=2414) [Deviceb'Device - 2']"
"397546","2454.137945773","192.168.15.3","192.168.15.4","MQTT","70","Connect Ack"
"397548","2454.140484278","192.168.15.3","192.168.15.4","MQTT","70","Publish Ack (id=2414)"
"397550","2454.140937585","192.168.15.4","192.168.15.3","MQTT","68","Disconnect Req"
"397565","2455.144992075","192.168.15.4","192.168.15.3","MQTT","90","Connect Command"
"397567","2455.147973597","192.168.15.4","192.168.15.3","MQTT","97","Publish Message (id=2415) [Deviceb'Device - 2']"
"397568","2455.148372451","192.168.15.3","192.168.15.4","MQTT","70","Connect Ack"
"397571","2455.150958977","192.168.15.3","192.168.15.4","MQTT","70","Publish Ack (id=2415)"
"397573","2455.151251670","192.168.15.4","192.168.15.3","MQTT","68","Disconnect Req"
"397585","2456.154979092","192.168.15.4","192.168.15.3","MQTT","90","Connect Command"
"397587","2456.157839536","192.168.15.4","192.168.15.3","MQTT","97","Publish Message (id=2416) [Deviceb'Device - 2']"
"397588","2456.158248298","192.168.15.3","192.168.15.4","MQTT","70","Connect Ack"
"397591","2456.160900087","192.168.15.3","192.168.15.4","MQTT","70","Publish Ack (id=2416)"
"397593","2456.161290715","192.168.15.4","192.168.15.3","MQTT","68","Disconnect Req"
"397606","2457.166201047","192.168.15.4","192.168.15.3","MQTT","90","Connect Command"
"397608","2457.169043167","192.168.15.4","192.168.15.3","MQTT","97","Publish Message (id=2417) [Deviceb'Device - 2']"
"397609","2457.169488228","192.168.15.3","192.168.15.4","MQTT","70","Connect Ack"
"397612","2457.171992759","192.168.15.3","192.168.15.4","MQTT","70","Publish Ack (id=2417)"
"397614","2457.172432730","192.168.15.4","192.168.15.3","MQTT","68","Disconnect Req"
"397627","2458.176823387","192.168.15.4","192.168.15.3","MQTT","90","Connect Command"
"397629","2458.179691405","192.168.15.4","192.168.15.3","MQTT","97","Publish Message (id=2418) [Deviceb'Device - 2']"
"397630","2458.180092202","192.168.15.3","192.168.15.4","MQTT","70","Connect Ack"
"397633","2458.183614066","192.168.15.3","192.168.15.4","MQTT","70","Publish Ack (id=2418)"
"397635","2458.184033308","192.168.15.4","192.168.15.3","MQTT","68","Disconnect Req"
"397648","2459.187869929","192.168.15.4","192.168.15.3","MQTT","90","Connect Command"
"397650","2459.192664768","192.168.15.4","192.168.15.3","MQTT","97","Publish Message (id=2419) [Deviceb'Device - 2']"
"397652","2459.197052337","192.168.15.3","192.168.15.4","MQTT","70","Connect Ack"
"397654","2459.199612112","192.168.15.3","192.168.15.4","MQTT","70","Publish Ack (id=2419)"
"397656","2459.200036645","192.168.15.4","192.168.15.3","MQTT","68","Disconnect Req"
"397670","2460.203799499","192.168.15.4","192.168.15.3","MQTT","90","Connect Command"
"397672","2460.207942596","192.168.15.4","192.168.15.3","MQTT","97","Publish Message (id=2420) [Deviceb'Device - 2']"
"397673","2460.208299490","192.168.15.3","192.168.15.4","MQTT","70","Connect Ack"
"397676","2460.210812768","192.168.15.3","192.168.15.4","MQTT","70","Publish Ack (id=2420)"
"397678","2460.211173730","192.168.15.4","192.168.15.3","MQTT","68","Disconnect Req"
"397688","2461.215129562","192.168.15.4","192.168.15.3","MQTT","90","Connect Command"
"397690","2461.218036474","192.168.15.4","192.168.15.3","MQTT","97","Publish Message (id=2421) [Deviceb'Device - 2']"
"397691","2461.218487416","192.168.15.3","192.168.15.4","MQTT","70","Connect Ack"
"397694","2461.220957322","192.168.15.3","192.168.15.4","MQTT","70","Publish Ack (id=2421)"
"397696","2461.221441196","192.168.15.4","192.168.15.3","MQTT","68","Disconnect Req"
"397713","2462.226609168","192.168.15.4","192.168.15.3","MQTT","90","Connect Command"
"397715","2462.229492645","192.168.15.4","192.168.15.3","MQTT","97","Publish Message (id=2422) [Deviceb'Device - 2']"
"397716","2462.229858707","192.168.15.3","192.168.15.4","MQTT","70","Connect Ack"
"397719","2462.233265833","192.168.15.3","192.168.15.4","MQTT","70","Publish Ack (id=2422)"
"397721","2462.234199527","192.168.15.4","192.168.15.3","MQTT","68","Disconnect Req"
"397734","2463.238262322","192.168.15.4","192.168.15.3","MQTT","90","Connect Command"
"397736","2463.240905255","192.168.15.4","192.168.15.3","MQTT","97","Publish Message (id=2423) [Deviceb'Device - 2']"
"397737","2463.241320079","192.168.15.3","192.168.15.4","MQTT","70","Connect Ack"
"397740","2463.243775748","192.168.15.3","192.168.15.4","MQTT","70","Publish Ack (id=2423)"
"397742","2463.244613421","192.168.15.4","192.168.15.3","MQTT","68","Disconnect Req"
"397766","2464.248523508","192.168.15.4","192.168.15.3","MQTT","90","Connect Command"
"397768","2464.251918221","192.168.15.4","192.168.15.3","MQTT","97","Publish Message (id=2424) [Deviceb'Device - 2']"
"397773","2464.255764978","192.168.15.3","192.168.15.4","MQTT","70","Connect Ack"
"397775","2464.258178538","192.168.15.3","192.168.15.4","MQTT","70","Publish Ack (id=2424)"
"397777","2464.258484065","192.168.15.4","192.168.15.3","MQTT","68","Disconnect Req"
"397922","2465.262766257","192.168.15.4","192.168.15.3","MQTT","90","Connect Command"
"397924","2465.265678218","192.168.15.4","192.168.15.3","MQTT","97","Publish Message (id=2425) [Deviceb'Device - 2']"
"397925","2465.266060370","192.168.15.3","192.168.15.4","MQTT","70","Connect Ack"
"397928","2465.269640553","192.168.15.3","192.168.15.4","MQTT","70","Publish Ack (id=2425)"
"397930","2465.270315959","192.168.15.4","192.168.15.3","MQTT","68","Disconnect Req"
"397942","2466.274277657","192.168.15.4","192.168.15.3","MQTT","90","Connect Command"
"397944","2466.277220707","192.168.15.4","192.168.15.3","MQTT","97","Publish Message (id=2426) [Deviceb'Device - 2']"
"397945","2466.277601336","192.168.15.3","192.168.15.4","MQTT","70","Connect Ack"
"397948","2466.280163657","192.168.15.3","192.168.15.4","MQTT","70","Publish Ack (id=2426)"
"397950","2466.280526442","192.168.15.4","192.168.15.3","MQTT","68","Disconnect Req"
"397984","2467.284403242","192.168.15.4","192.168.15.3","MQTT","90","Connect Command"
"397986","2467.287356772","192.168.15.4","192.168.15.3","MQTT","97","Publish Message (id=2427) [Deviceb'Device - 2']"
"397987","2467.287760615","192.168.15.3","192.168.15.4","MQTT","70","Connect Ack"
"397990","2467.290241932","192.168.15.3","192.168.15.4","MQTT","70","Publish Ack (id=2427)"
"397992","2467.290577466","192.168.15.4","192.168.15.3","MQTT","68","Disconnect Req"
"398014","2468.295012961","192.168.15.4","192.168.15.3","MQTT","90","Connect Command"
"398016","2468.297873124","192.168.15.4","192.168.15.3","MQTT","97","Publish Message (id=2428) [Deviceb'Device - 2']"
"398017","2468.298345907","192.168.15.3","192.168.15.4","MQTT","70","Connect Ack"
"398020","2468.301448188","192.168.15.3","192.168.15.4","MQTT","70","Publish Ack (id=2428)"
"398022","2468.302054384","192.168.15.4","192.168.15.3","MQTT","68","Disconnect Req"
"399460","2469.306606241","192.168.15.4","192.168.15.3","MQTT","90","Connect Command"
"399487","2469.311471613","192.168.15.4","192.168.15.3","MQTT","97","Publish Message (id=2429) [Deviceb'Device - 2']"
"399554","2469.317680492","192.168.15.3","192.168.15.4","MQTT","70","Connect Ack"
"399583","2469.320898211","192.168.15.3","192.168.15.4","MQTT","70","Publish Ack (id=2429)"
"399590","2469.321488236","192.168.15.4","192.168.15.3","MQTT","68","Disconnect Req"
"399936","2470.325863160","192.168.15.4","192.168.15.3","MQTT","90","Connect Command"
"399938","2470.328743722","192.168.15.4","192.168.15.3","MQTT","97","Publish Message (id=2430) [Deviceb'Device - 2']"
"399939","2470.329153606","192.168.15.3","192.168.15.4","MQTT","70","Connect Ack"
"399942","2470.331676853","192.168.15.3","192.168.15.4","MQTT","70","Publish Ack (id=2430)"
"399944","2470.332567255","192.168.15.4","192.168.15.3","MQTT","68","Disconnect Req"
"399956","2471.336723237","192.168.15.4","192.168.15.3","MQTT","90","Connect Command"
"399958","2471.339664634","192.168.15.4","192.168.15.3","MQTT","97","Publish Message (id=2431) [Deviceb'Device - 2']"
"399959","2471.340076592","192.168.15.3","192.168.15.4","MQTT","70","Connect Ack"
"399962","2471.343179874","192.168.15.3","192.168.15.4","MQTT","70","Publish Ack (id=2431)"
"399964","2471.343899484","192.168.15.4","192.168.15.3","MQTT","68","Disconnect Req"
"399984","2472.347492774","192.168.15.4","192.168.15.3","MQTT","90","Connect Command"
"399986","2472.350427819","192.168.15.4","192.168.15.3","MQTT","97","Publish Message (id=2432) [Deviceb'Device - 2']"
"399987","2472.350827855","192.168.15.3","192.168.15.4","MQTT","70","Connect Ack"
"399990","2472.353349890","192.168.15.3","192.168.15.4","MQTT","70","Publish Ack (id=2432)"
"399992","2472.354192662","192.168.15.4","192.168.15.3","MQTT","68","Disconnect Req"
"400006","2473.358382738","192.168.15.4","192.168.15.3","MQTT","90","Connect Command"
"400008","2473.361384088","192.168.15.4","192.168.15.3","MQTT","97","Publish Message (id=2433) [Deviceb'Device - 2']"
"400009","2473.361770748","192.168.15.3","192.168.15.4","MQTT","70","Connect Ack"
"400012","2473.364440131","192.168.15.3","192.168.15.4","MQTT","70","Publish Ack (id=2433)"
"400014","2473.364764644","192.168.15.4","192.168.15.3","MQTT","68","Disconnect Req"
"400026","2474.369188168","192.168.15.4","192.168.15.3","MQTT","90","Connect Command"
"400028","2474.374344629","192.168.15.4","192.168.15.3","MQTT","97","Publish Message (id=2434) [Deviceb'Device - 2']"
"400030","2474.378698825","192.168.15.3","192.168.15.4","MQTT","70","Connect Ack"
"400032","2474.381201493","192.168.15.3","192.168.15.4","MQTT","70","Publish Ack (id=2434)"
"400034","2474.381623320","192.168.15.4","192.168.15.3","MQTT","68","Disconnect Req"
"400057","2475.385823811","192.168.15.4","192.168.15.3","MQTT","90","Connect Command"
"400059","2475.388789554","192.168.15.4","192.168.15.3","MQTT","97","Publish Message (id=2435) [Deviceb'Device - 2']"
"400060","2475.389206050","192.168.15.3","192.168.15.4","MQTT","70","Connect Ack"
"400063","2475.391579214","192.168.15.3","192.168.15.4","MQTT","70","Publish Ack (id=2435)"
"400065","2475.391830529","192.168.15.4","192.168.15.3","MQTT","68","Disconnect Req"
"400078","2476.395815151","192.168.15.4","192.168.15.3","MQTT","90","Connect Command"
"400080","2476.398624368","192.168.15.4","192.168.15.3","MQTT","97","Publish Message (id=2436) [Deviceb'Device - 2']"
"400081","2476.398986783","192.168.15.3","192.168.15.4","MQTT","70","Connect Ack"
"400084","2476.401597625","192.168.15.3","192.168.15.4","MQTT","70","Publish Ack (id=2436)"
"400086","2476.402136453","192.168.15.4","192.168.15.3","MQTT","68","Disconnect Req"
"400098","2477.407174928","192.168.15.4","192.168.15.3","MQTT","90","Connect Command"
"400100","2477.410198009","192.168.15.4","192.168.15.3","MQTT","97","Publish Message (id=2437) [Deviceb'Device - 2']"
"400101","2477.410637550","192.168.15.3","192.168.15.4","MQTT","70","Connect Ack"
"400104","2477.413226221","192.168.15.3","192.168.15.4","MQTT","70","Publish Ack (id=2437)"
"400106","2477.413908680","192.168.15.4","192.168.15.3","MQTT","68","Disconnect Req"
"400120","2478.418141794","192.168.15.4","192.168.15.3","MQTT","90","Connect Command"
"400122","2478.421009432","192.168.15.4","192.168.15.3","MQTT","97","Publish Message (id=2438) [Deviceb'Device - 2']"
"400123","2478.421384570","192.168.15.3","192.168.15.4","MQTT","70","Connect Ack"
"400126","2478.424108556","192.168.15.3","192.168.15.4","MQTT","70","Publish Ack (id=2438)"
"400128","2478.424742965","192.168.15.4","192.168.15.3","MQTT","68","Disconnect Req"
"400141","2479.428449919","192.168.15.4","192.168.15.3","MQTT","90","Connect Command"
"400143","2479.431437252","192.168.15.4","192.168.15.3","MQTT","97","Publish Message (id=2439) [Deviceb'Device - 2']"
"400145","2479.435812678","192.168.15.3","192.168.15.4","MQTT","70","Connect Ack"
"400147","2479.438221759","192.168.15.3","192.168.15.4","MQTT","70","Publish Ack (id=2439)"
"400149","2479.438957068","192.168.15.4","192.168.15.3","MQTT","68","Disconnect Req"
"402042","2480.443444618","192.168.15.4","192.168.15.3","MQTT","90","Connect Command"
"402044","2480.446473992","192.168.15.4","192.168.15.3","MQTT","97","Publish Message (id=2440) [Deviceb'Device - 2']"
"402045","2480.446862896","192.168.15.3","192.168.15.4","MQTT","70","Connect Ack"
"402048","2480.449276376","192.168.15.3","192.168.15.4","MQTT","70","Publish Ack (id=2440)"
"402050","2480.449557387","192.168.15.4","192.168.15.3","MQTT","68","Disconnect Req"
"402062","2481.453460813","192.168.15.4","192.168.15.3","MQTT","90","Connect Command"
"402064","2481.456491579","192.168.15.4","192.168.15.3","MQTT","97","Publish Message (id=2441) [Deviceb'Device - 2']"
"402065","2481.456901012","192.168.15.3","192.168.15.4","MQTT","70","Connect Ack"
"402068","2481.459345781","192.168.15.3","192.168.15.4","MQTT","70","Publish Ack (id=2441)"
"402070","2481.460006830","192.168.15.4","192.168.15.3","MQTT","68","Disconnect Req"
"402078","2482.463927578","192.168.15.4","192.168.15.3","MQTT","90","Connect Command"
"402080","2482.466893691","192.168.15.4","192.168.15.3","MQTT","97","Publish Message (id=2442) [Deviceb'Device - 2']"
"402081","2482.467317993","192.168.15.3","192.168.15.4","MQTT","70","Connect Ack"
"402084","2482.469902115","192.168.15.3","192.168.15.4","MQTT","70","Publish Ack (id=2442)"
"402086","2482.470508190","192.168.15.4","192.168.15.3","MQTT","68","Disconnect Req"
"402102","2483.475421529","192.168.15.4","192.168.15.3","MQTT","90","Connect Command"
"402104","2483.478395478","192.168.15.4","192.168.15.3","MQTT","97","Publish Message (id=2443) [Deviceb'Device - 2']"
"402105","2483.478804601","192.168.15.3","192.168.15.4","MQTT","70","Connect Ack"
"402108","2483.481256122","192.168.15.3","192.168.15.4","MQTT","70","Publish Ack (id=2443)"
"402110","2483.481577449","192.168.15.4","192.168.15.3","MQTT","68","Disconnect Req"
"402122","2484.485144095","192.168.15.4","192.168.15.3","MQTT","90","Connect Command"
"402124","2484.488184589","192.168.15.4","192.168.15.3","MQTT","97","Publish Message (id=2444) [Deviceb'Device - 2']"
"402126","2484.493046083","192.168.15.3","192.168.15.4","MQTT","70","Connect Ack"
"402128","2484.495497845","192.168.15.3","192.168.15.4","MQTT","70","Publish Ack (id=2444)"
"402130","2484.495855952","192.168.15.4","192.168.15.3","MQTT","68","Disconnect Req"
"402142","2485.499974250","192.168.15.4","192.168.15.3","MQTT","90","Connect Command"
"402144","2485.503013371","192.168.15.4","192.168.15.3","MQTT","97","Publish Message (id=2445) [Deviceb'Device - 2']"
"402145","2485.503377769","192.168.15.3","192.168.15.4","MQTT","70","Connect Ack"
"402150","2485.506673997","192.168.15.3","192.168.15.4","MQTT","70","Publish Ack (id=2445)"
"402152","2485.507183319","192.168.15.4","192.168.15.3","MQTT","68","Disconnect Req"
"402161","2486.510692727","192.168.15.4","192.168.15.3","MQTT","90","Connect Command"
"402163","2486.513573559","192.168.15.4","192.168.15.3","MQTT","97","Publish Message (id=2446) [Deviceb'Device - 2']"
"402164","2486.514003200","192.168.15.3","192.168.15.4","MQTT","70","Connect Ack"
"402167","2486.516427681","192.168.15.3","192.168.15.4","MQTT","70","Publish Ack (id=2446)"
"402169","2486.516960377","192.168.15.4","192.168.15.3","MQTT","68","Disconnect Req"
"402181","2487.520353637","192.168.15.4","192.168.15.3","MQTT","90","Connect Command"
"402183","2487.523235752","192.168.15.4","192.168.15.3","MQTT","97","Publish Message (id=2447) [Deviceb'Device - 2']"
"402184","2487.523800619","192.168.15.3","192.168.15.4","MQTT","70","Connect Ack"
"402187","2487.526141451","192.168.15.3","192.168.15.4","MQTT","70","Publish Ack (id=2447)"
"402189","2487.526668998","192.168.15.4","192.168.15.3","MQTT","68","Disconnect Req"
"402203","2488.530519971","192.168.15.4","192.168.15.3","MQTT","90","Connect Command"
"402205","2488.533516542","192.168.15.4","192.168.15.3","MQTT","97","Publish Message (id=2448) [Deviceb'Device - 2']"
"402206","2488.533919363","192.168.15.3","192.168.15.4","MQTT","70","Connect Ack"
"402209","2488.536436188","192.168.15.3","192.168.15.4","MQTT","70","Publish Ack (id=2448)"
"402211","2488.537094031","192.168.15.4","192.168.15.3","MQTT","68","Disconnect Req"
"402224","2489.540981248","192.168.15.4","192.168.15.3","MQTT","90","Connect Command"
"402226","2489.543978551","192.168.15.4","192.168.15.3","MQTT","97","Publish Message (id=2449) [Deviceb'Device - 2']"
"402228","2489.548489192","192.168.15.3","192.168.15.4","MQTT","70","Connect Ack"
"402230","2489.550927469","192.168.15.3","192.168.15.4","MQTT","70","Publish Ack (id=2449)"
"402232","2489.551367881","192.168.15.4","192.168.15.3","MQTT","68","Disconnect Req"
"402278","2490.555141514","192.168.15.4","192.168.15.3","MQTT","90","Connect Command"
"402280","2490.558020754","192.168.15.4","192.168.15.3","MQTT","97","Publish Message (id=2450) [Deviceb'Device - 2']"
"402281","2490.558412554","192.168.15.3","192.168.15.4","MQTT","70","Connect Ack"
"402284","2490.561081186","192.168.15.3","192.168.15.4","MQTT","70","Publish Ack (id=2450)"
"402286","2490.561822887","192.168.15.4","192.168.15.3","MQTT","68","Disconnect Req"
"402298","2491.565646577","192.168.15.4","192.168.15.3","MQTT","90","Connect Command"
"402300","2491.569206132","192.168.15.4","192.168.15.3","MQTT","97","Publish Message (id=2451) [Deviceb'Device - 2']"
"402301","2491.569455724","192.168.15.3","192.168.15.4","MQTT","70","Connect Ack"
"402304","2491.572109117","192.168.15.3","192.168.15.4","MQTT","70","Publish Ack (id=2451)"
"402306","2491.572882027","192.168.15.4","192.168.15.3","MQTT","68","Disconnect Req"
"402318","2492.576258802","192.168.15.4","192.168.15.3","MQTT","90","Connect Command"
"402320","2492.579105780","192.168.15.4","192.168.15.3","MQTT","97","Publish Message (id=2452) [Deviceb'Device - 2']"
"402321","2492.580178286","192.168.15.3","192.168.15.4","MQTT","70","Connect Ack"
"402324","2492.582004236","192.168.15.3","192.168.15.4","MQTT","70","Publish Ack (id=2452)"
"402326","2492.582514299","192.168.15.4","192.168.15.3","MQTT","68","Disconnect Req"
"402338","2493.586884103","192.168.15.4","192.168.15.3","MQTT","90","Connect Command"
"402340","2493.589562422","192.168.15.4","192.168.15.3","MQTT","97","Publish Message (id=2453) [Deviceb'Device - 2']"
"402341","2493.590006211","192.168.15.3","192.168.15.4","MQTT","70","Connect Ack"
"402344","2493.592422927","192.168.15.3","192.168.15.4","MQTT","70","Publish Ack (id=2453)"
"402346","2493.592932018","192.168.15.4","192.168.15.3","MQTT","68","Disconnect Req"
"402360","2494.596853927","192.168.15.4","192.168.15.3","MQTT","90","Connect Command"
"402362","2494.599625253","192.168.15.4","192.168.15.3","MQTT","97","Publish Message (id=2454) [Deviceb'Device - 2']"
"402364","2494.604012200","192.168.15.3","192.168.15.4","MQTT","70","Connect Ack"
"402367","2494.606611721","192.168.15.3","192.168.15.4","MQTT","70","Publish Ack (id=2454)"
"402370","2494.607036334","192.168.15.4","192.168.15.3","MQTT","68","Disconnect Req"
"402403","2495.610442127","192.168.15.4","192.168.15.3","MQTT","90","Connect Command"
"402405","2495.613464988","192.168.15.4","192.168.15.3","MQTT","97","Publish Message (id=2455) [Deviceb'Device - 2']"
"402406","2495.613896964","192.168.15.3","192.168.15.4","MQTT","70","Connect Ack"
"402409","2495.616390915","192.168.15.3","192.168.15.4","MQTT","70","Publish Ack (id=2455)"
"402411","2495.617303600","192.168.15.4","192.168.15.3","MQTT","68","Disconnect Req"
"404254","2496.621062995","192.168.15.4","192.168.15.3","MQTT","90","Connect Command"
"404256","2496.623905034","192.168.15.4","192.168.15.3","MQTT","97","Publish Message (id=2456) [Deviceb'Device - 2']"
"404257","2496.624295181","192.168.15.3","192.168.15.4","MQTT","70","Connect Ack"
"404260","2496.626879583","192.168.15.3","192.168.15.4","MQTT","70","Publish Ack (id=2456)"
"404262","2496.627859244","192.168.15.4","192.168.15.3","MQTT","68","Disconnect Req"
"404274","2497.632175260","192.168.15.4","192.168.15.3","MQTT","90","Connect Command"
"404276","2497.635186960","192.168.15.4","192.168.15.3","MQTT","97","Publish Message (id=2457) [Deviceb'Device - 2']"
"404277","2497.635563431","192.168.15.3","192.168.15.4","MQTT","70","Connect Ack"
"404280","2497.637966952","192.168.15.3","192.168.15.4","MQTT","70","Publish Ack (id=2457)"
"404282","2497.638685559","192.168.15.4","192.168.15.3","MQTT","68","Disconnect Req"
"404331","2498.642761564","192.168.15.4","192.168.15.3","MQTT","90","Connect Command"
"404333","2498.645672764","192.168.15.4","192.168.15.3","MQTT","97","Publish Message (id=2458) [Deviceb'Device - 2']"
"404334","2498.646078921","192.168.15.3","192.168.15.4","MQTT","70","Connect Ack"
"404337","2498.648648686","192.168.15.3","192.168.15.4","MQTT","70","Publish Ack (id=2458)"
"404340","2498.649534890","192.168.15.4","192.168.15.3","MQTT","68","Disconnect Req"
"404376","2499.654530332","192.168.15.4","192.168.15.3","MQTT","90","Connect Command"
"404378","2499.657398581","192.168.15.4","192.168.15.3","MQTT","97","Publish Message (id=2459) [Deviceb'Device - 2']"
"404380","2499.661841344","192.168.15.3","192.168.15.4","MQTT","70","Connect Ack"
"404382","2499.664312823","192.168.15.3","192.168.15.4","MQTT","70","Publish Ack (id=2459)"
"404384","2499.664784013","192.168.15.4","192.168.15.3","MQTT","68","Disconnect Req"
"404399","2500.668909756","192.168.15.4","192.168.15.3","MQTT","90","Connect Command"
"404401","2500.671901237","192.168.15.4","192.168.15.3","MQTT","97","Publish Message (id=2460) [Deviceb'Device - 2']"
"404402","2500.672269753","192.168.15.3","192.168.15.4","MQTT","70","Connect Ack"
"404405","2500.674866269","192.168.15.3","192.168.15.4","MQTT","70","Publish Ack (id=2460)"
"404407","2500.675173168","192.168.15.4","192.168.15.3","MQTT","68","Disconnect Req"
"404419","2501.679296956","192.168.15.4","192.168.15.3","MQTT","90","Connect Command"
"404421","2501.682228294","192.168.15.4","192.168.15.3","MQTT","97","Publish Message (id=2461) [Deviceb'Device - 2']"
"404422","2501.682597952","192.168.15.3","192.168.15.4","MQTT","70","Connect Ack"
"404425","2501.686477642","192.168.15.3","192.168.15.4","MQTT","70","Publish Ack (id=2461)"
"404427","2501.687144261","192.168.15.4","192.168.15.3","MQTT","68","Disconnect Req"
"404439","2502.691619634","192.168.15.4","192.168.15.3","MQTT","90","Connect Command"
"404441","2502.694518971","192.168.15.4","192.168.15.3","MQTT","97","Publish Message (id=2462) [Deviceb'Device - 2']"
"404442","2502.694915590","192.168.15.3","192.168.15.4","MQTT","70","Connect Ack"
"404445","2502.697581768","192.168.15.3","192.168.15.4","MQTT","70","Publish Ack (id=2462)"
"404447","2502.698212710","192.168.15.4","192.168.15.3","MQTT","68","Disconnect Req"
"404459","2503.702188191","192.168.15.4","192.168.15.3","MQTT","90","Connect Command"
"404461","2503.705132514","192.168.15.4","192.168.15.3","MQTT","97","Publish Message (id=2463) [Deviceb'Device - 2']"
"404462","2503.705496682","192.168.15.3","192.168.15.4","MQTT","70","Connect Ack"
"404465","2503.707802929","192.168.15.3","192.168.15.4","MQTT","70","Publish Ack (id=2463)"
"404467","2503.708371663","192.168.15.4","192.168.15.3","MQTT","68","Disconnect Req"
"404487","2504.712526882","192.168.15.4","192.168.15.3","MQTT","90","Connect Command"
"404489","2504.717311532","192.168.15.4","192.168.15.3","MQTT","97","Publish Message (id=2464) [Deviceb'Device - 2']"
"404491","2504.721491830","192.168.15.3","192.168.15.4","MQTT","70","Connect Ack"
"404493","2504.723987915","192.168.15.3","192.168.15.4","MQTT","70","Publish Ack (id=2464)"
"404495","2504.724342715","192.168.15.4","192.168.15.3","MQTT","68","Disconnect Req"
"404518","2505.728733083","192.168.15.4","192.168.15.3","MQTT","90","Connect Command"
"404520","2505.731653912","192.168.15.4","192.168.15.3","MQTT","97","Publish Message (id=2465) [Deviceb'Device - 2']"
"404521","2505.731997972","192.168.15.3","192.168.15.4","MQTT","70","Connect Ack"
"404524","2505.734316592","192.168.15.3","192.168.15.4","MQTT","70","Publish Ack (id=2465)"
"404526","2505.735235878","192.168.15.4","192.168.15.3","MQTT","68","Disconnect Req"
"406326","2506.738864167","192.168.15.4","192.168.15.3","MQTT","90","Connect Command"
"406328","2506.741909220","192.168.15.4","192.168.15.3","MQTT","97","Publish Message (id=2466) [Deviceb'Device - 2']"
"406329","2506.742242559","192.168.15.3","192.168.15.4","MQTT","70","Connect Ack"
"406332","2506.744881755","192.168.15.3","192.168.15.4","MQTT","70","Publish Ack (id=2466)"
"406334","2506.745306127","192.168.15.4","192.168.15.3","MQTT","68","Disconnect Req"
"406373","2507.749464029","192.168.15.4","192.168.15.3","MQTT","90","Connect Command"
"406375","2507.752340833","192.168.15.4","192.168.15.3","MQTT","97","Publish Message (id=2467) [Deviceb'Device - 2']"
"406376","2507.752769703","192.168.15.3","192.168.15.4","MQTT","70","Connect Ack"
"406379","2507.755447583","192.168.15.3","192.168.15.4","MQTT","70","Publish Ack (id=2467)"
"406381","2507.756022409","192.168.15.4","192.168.15.3","MQTT","68","Disconnect Req"
"406393","2508.760418842","192.168.15.4","192.168.15.3","MQTT","90","Connect Command"
"406395","2508.763397760","192.168.15.4","192.168.15.3","MQTT","97","Publish Message (id=2468) [Deviceb'Device - 2']"
"406396","2508.763767478","192.168.15.3","192.168.15.4","MQTT","70","Connect Ack"
"406399","2508.766448063","192.168.15.3","192.168.15.4","MQTT","70","Publish Ack (id=2468)"
"406401","2508.767016306","192.168.15.4","192.168.15.3","MQTT","68","Disconnect Req"
"406416","2509.771442193","192.168.15.4","192.168.15.3","MQTT","90","Connect Command"
"406418","2509.774365055","192.168.15.4","192.168.15.3","MQTT","97","Publish Message (id=2469) [Deviceb'Device - 2']"
"406420","2509.778555501","192.168.15.3","192.168.15.4","MQTT","70","Connect Ack"
"406422","2509.781019346","192.168.15.3","192.168.15.4","MQTT","70","Publish Ack (id=2469)"
"406424","2509.781762009","192.168.15.4","192.168.15.3","MQTT","68","Disconnect Req"
"406441","2510.786098843","192.168.15.4","192.168.15.3","MQTT","90","Connect Command"
"406443","2510.790079103","192.168.15.4","192.168.15.3","MQTT","97","Publish Message (id=2470) [Deviceb'Device - 2']"
"406444","2510.790320068","192.168.15.3","192.168.15.4","MQTT","70","Connect Ack"
"406447","2510.792898459","192.168.15.3","192.168.15.4","MQTT","70","Publish Ack (id=2470)"
"406449","2510.793127121","192.168.15.4","192.168.15.3","MQTT","68","Disconnect Req"
"406461","2511.797288352","192.168.15.4","192.168.15.3","MQTT","90","Connect Command"
"406463","2511.800195474","192.168.15.4","192.168.15.3","MQTT","97","Publish Message (id=2471) [Deviceb'Device - 2']"
"406464","2511.800557568","192.168.15.3","192.168.15.4","MQTT","70","Connect Ack"
"406467","2511.803192807","192.168.15.3","192.168.15.4","MQTT","70","Publish Ack (id=2471)"
"406469","2511.803805795","192.168.15.4","192.168.15.3","MQTT","68","Disconnect Req"
"406483","2512.807727135","192.168.15.4","192.168.15.3","MQTT","90","Connect Command"
"406485","2512.810682609","192.168.15.4","192.168.15.3","MQTT","97","Publish Message (id=2472) [Deviceb'Device - 2']"
"406486","2512.811091381","192.168.15.3","192.168.15.4","MQTT","70","Connect Ack"
"406489","2512.813673450","192.168.15.3","192.168.15.4","MQTT","70","Publish Ack (id=2472)"
"406491","2512.814234830","192.168.15.4","192.168.15.3","MQTT","68","Disconnect Req"
"406505","2513.818394101","192.168.15.4","192.168.15.3","MQTT","90","Connect Command"
"406507","2513.821333524","192.168.15.4","192.168.15.3","MQTT","97","Publish Message (id=2473) [Deviceb'Device - 2']"
"406508","2513.821663688","192.168.15.3","192.168.15.4","MQTT","70","Connect Ack"
"406511","2513.823917957","192.168.15.3","192.168.15.4","MQTT","70","Publish Ack (id=2473)"
"406513","2513.824545963","192.168.15.4","192.168.15.3","MQTT","68","Disconnect Req"
"406525","2514.828413313","192.168.15.4","192.168.15.3","MQTT","90","Connect Command"
"406527","2514.831364047","192.168.15.4","192.168.15.3","MQTT","97","Publish Message (id=2474) [Deviceb'Device - 2']"
"406529","2514.831728115","192.168.15.3","192.168.15.4","MQTT","70","Connect Ack"
"406532","2514.834295906","192.168.15.3","192.168.15.4","MQTT","70","Publish Ack (id=2474)"
"406536","2514.835004555","192.168.15.4","192.168.15.3","MQTT","68","Disconnect Req"
"406558","2515.839322527","192.168.15.4","192.168.15.3","MQTT","90","Connect Command"
"406560","2515.842187450","192.168.15.4","192.168.15.3","MQTT","97","Publish Message (id=2475) [Deviceb'Device - 2']"
"406561","2515.842532382","192.168.15.3","192.168.15.4","MQTT","70","Connect Ack"
"406564","2515.845571032","192.168.15.3","192.168.15.4","MQTT","70","Publish Ack (id=2475)"
"406566","2515.846316350","192.168.15.4","192.168.15.3","MQTT","68","Disconnect Req"
"406574","2516.850862937","192.168.15.4","192.168.15.3","MQTT","90","Connect Command"
"406576","2516.853784497","192.168.15.4","192.168.15.3","MQTT","97","Publish Message (id=2476) [Deviceb'Device - 2']"
"406577","2516.854172850","192.168.15.3","192.168.15.4","MQTT","70","Connect Ack"
"406580","2516.857929898","192.168.15.3","192.168.15.4","MQTT","70","Publish Ack (id=2476)"
"406582","2516.858290199","192.168.15.4","192.168.15.3","MQTT","68","Disconnect Req"
"406609","2517.862060892","192.168.15.4","192.168.15.3","MQTT","90","Connect Command"
"406611","2517.866926214","192.168.15.4","192.168.15.3","MQTT","97","Publish Message (id=2477) [Deviceb'Device - 2']"
"406612","2517.867290031","192.168.15.3","192.168.15.4","MQTT","70","Connect Ack"
"406615","2517.869908538","192.168.15.3","192.168.15.4","MQTT","70","Publish Ack (id=2477)"
"406617","2517.870991754","192.168.15.4","192.168.15.3","MQTT","68","Disconnect Req"
"406631","2518.874787224","192.168.15.4","192.168.15.3","MQTT","90","Connect Command"
"406633","2518.877768326","192.168.15.4","192.168.15.3","MQTT","97","Publish Message (id=2478) [Deviceb'Device - 2']"
"406634","2518.878180495","192.168.15.3","192.168.15.4","MQTT","70","Connect Ack"
"406637","2518.880768905","192.168.15.3","192.168.15.4","MQTT","70","Publish Ack (id=2478)"
"406639","2518.881549249","192.168.15.4","192.168.15.3","MQTT","68","Disconnect Req"
"406653","2519.886419030","192.168.15.4","192.168.15.3","MQTT","90","Connect Command"
"406656","2519.889154367","192.168.15.4","192.168.15.3","MQTT","97","Publish Message (id=2479) [Deviceb'Device - 2']"
"406659","2519.893534292","192.168.15.3","192.168.15.4","MQTT","70","Connect Ack"
"406661","2519.895937542","192.168.15.3","192.168.15.4","MQTT","70","Publish Ack (id=2479)"
"406663","2519.896284718","192.168.15.4","192.168.15.3","MQTT","68","Disconnect Req"
"406674","2520.899689752","192.168.15.4","192.168.15.3","MQTT","90","Connect Command"
"406676","2520.902568321","192.168.15.4","192.168.15.3","MQTT","97","Publish Message (id=2480) [Deviceb'Device - 2']"
"406677","2520.902958408","192.168.15.3","192.168.15.4","MQTT","70","Connect Ack"
"406680","2520.905494419","192.168.15.3","192.168.15.4","MQTT","70","Publish Ack (id=2480)"
"406682","2520.906330018","192.168.15.4","192.168.15.3","MQTT","68","Disconnect Req"
"406694","2521.910616498","192.168.15.4","192.168.15.3","MQTT","90","Connect Command"
"406696","2521.913481631","192.168.15.4","192.168.15.3","MQTT","97","Publish Message (id=2481) [Deviceb'Device - 2']"
"406697","2521.913880304","192.168.15.3","192.168.15.4","MQTT","70","Connect Ack"
"406700","2521.916506816","192.168.15.3","192.168.15.4","MQTT","70","Publish Ack (id=2481)"
"406702","2521.917406015","192.168.15.4","192.168.15.3","MQTT","68","Disconnect Req"
"406798","2522.921249921","192.168.15.4","192.168.15.3","MQTT","90","Connect Command"
"406800","2522.924162223","192.168.15.4","192.168.15.3","MQTT","97","Publish Message (id=2482) [Deviceb'Device - 2']"
"406801","2522.924539155","192.168.15.3","192.168.15.4","MQTT","70","Connect Ack"
"406804","2522.927214499","192.168.15.3","192.168.15.4","MQTT","70","Publish Ack (id=2482)"
"406806","2522.928074644","192.168.15.4","192.168.15.3","MQTT","68","Disconnect Req"
"406878","2523.931870380","192.168.15.4","192.168.15.3","MQTT","90","Connect Command"
"406882","2523.934770860","192.168.15.4","192.168.15.3","MQTT","97","Publish Message (id=2483) [Deviceb'Device - 2']"
"406883","2523.935181376","192.168.15.3","192.168.15.4","MQTT","70","Connect Ack"
"406886","2523.937802027","192.168.15.3","192.168.15.4","MQTT","70","Publish Ack (id=2483)"
"406888","2523.938684835","192.168.15.4","192.168.15.3","MQTT","68","Disconnect Req"
"406947","2524.942728440","192.168.15.4","192.168.15.3","MQTT","90","Connect Command"
"406949","2524.945612319","192.168.15.4","192.168.15.3","MQTT","97","Publish Message (id=2484) [Deviceb'Device - 2']"
"406951","2524.950028501","192.168.15.3","192.168.15.4","MQTT","70","Connect Ack"
"406953","2524.952619356","192.168.15.3","192.168.15.4","MQTT","70","Publish Ack (id=2484)"
"406955","2524.953491133","192.168.15.4","192.168.15.3","MQTT","68","Disconnect Req"
"406970","2525.957903516","192.168.15.4","192.168.15.3","MQTT","90","Connect Command"
"406972","2525.960856425","192.168.15.4","192.168.15.3","MQTT","97","Publish Message (id=2485) [Deviceb'Device - 2']"
"406973","2525.961300894","192.168.15.3","192.168.15.4","MQTT","70","Connect Ack"
"406976","2525.963685499","192.168.15.3","192.168.15.4","MQTT","70","Publish Ack (id=2485)"
"406978","2525.964523112","192.168.15.4","192.168.15.3","MQTT","68","Disconnect Req"
"406990","2526.969835928","192.168.15.4","192.168.15.3","MQTT","90","Connect Command"
"406992","2526.972656447","192.168.15.4","192.168.15.3","MQTT","97","Publish Message (id=2486) [Deviceb'Device - 2']"
"406993","2526.973045632","192.168.15.3","192.168.15.4","MQTT","70","Connect Ack"
"406996","2526.975767144","192.168.15.3","192.168.15.4","MQTT","70","Publish Ack (id=2486)"
"406998","2526.978307263","192.168.15.4","192.168.15.3","MQTT","68","Disconnect Req"
"407010","2527.982326487","192.168.15.4","192.168.15.3","MQTT","90","Connect Command"
"407012","2527.985158707","192.168.15.4","192.168.15.3","MQTT","97","Publish Message (id=2487) [Deviceb'Device - 2']"
"407013","2527.985525871","192.168.15.3","192.168.15.4","MQTT","70","Connect Ack"
"407016","2527.987921056","192.168.15.3","192.168.15.4","MQTT","70","Publish Ack (id=2487)"
"407018","2527.988784828","192.168.15.4","192.168.15.3","MQTT","68","Disconnect Req"
"407030","2528.993687642","192.168.15.4","192.168.15.3","MQTT","90","Connect Command"
"407032","2528.996725771","192.168.15.4","192.168.15.3","MQTT","97","Publish Message (id=2488) [Deviceb'Device - 2']"
"407033","2528.997126338","192.168.15.3","192.168.15.4","MQTT","70","Connect Ack"
"407036","2528.999689581","192.168.15.3","192.168.15.4","MQTT","70","Publish Ack (id=2488)"
"407038","2529.000665304","192.168.15.4","192.168.15.3","MQTT","68","Disconnect Req"
"407080","2530.004908542","192.168.15.4","192.168.15.3","MQTT","90","Connect Command"
"407082","2530.007862684","192.168.15.4","192.168.15.3","MQTT","97","Publish Message (id=2489) [Deviceb'Device - 2']"
"407084","2530.012201070","192.168.15.3","192.168.15.4","MQTT","70","Connect Ack"
"407086","2530.014605032","192.168.15.3","192.168.15.4","MQTT","70","Publish Ack (id=2489)"
"407088","2530.015150462","192.168.15.4","192.168.15.3","MQTT","68","Disconnect Req"
"407100","2531.019611954","192.168.15.4","192.168.15.3","MQTT","90","Connect Command"
"407102","2531.022517593","192.168.15.4","192.168.15.3","MQTT","97","Publish Message (id=2490) [Deviceb'Device - 2']"
"407103","2531.022909614","192.168.15.3","192.168.15.4","MQTT","70","Connect Ack"
"407106","2531.025416119","192.168.15.3","192.168.15.4","MQTT","70","Publish Ack (id=2490)"
"407108","2531.026191224","192.168.15.4","192.168.15.3","MQTT","68","Disconnect Req"
"407120","2532.031000946","192.168.15.4","192.168.15.3","MQTT","90","Connect Command"
"407122","2532.033773724","192.168.15.4","192.168.15.3","MQTT","97","Publish Message (id=2491) [Deviceb'Device - 2']"
"407123","2532.034212634","192.168.15.3","192.168.15.4","MQTT","70","Connect Ack"
"407126","2532.036681428","192.168.15.3","192.168.15.4","MQTT","70","Publish Ack (id=2491)"
"407128","2532.037373676","192.168.15.4","192.168.15.3","MQTT","68","Disconnect Req"
"407140","2533.041352218","192.168.15.4","192.168.15.3","MQTT","90","Connect Command"
"407142","2533.044255052","192.168.15.4","192.168.15.3","MQTT","97","Publish Message (id=2492) [Deviceb'Device - 2']"
"407143","2533.044623107","192.168.15.3","192.168.15.4","MQTT","70","Connect Ack"
"407146","2533.047250842","192.168.15.3","192.168.15.4","MQTT","70","Publish Ack (id=2492)"
"407148","2533.047941406","192.168.15.4","192.168.15.3","MQTT","68","Disconnect Req"
"407160","2534.052401619","192.168.15.4","192.168.15.3","MQTT","90","Connect Command"
"407162","2534.055311336","192.168.15.4","192.168.15.3","MQTT","97","Publish Message (id=2493) [Deviceb'Device - 2']"
"407163","2534.055682488","192.168.15.3","192.168.15.4","MQTT","70","Connect Ack"
"407166","2534.058337484","192.168.15.3","192.168.15.4","MQTT","70","Publish Ack (id=2493)"
"407168","2534.059084355","192.168.15.4","192.168.15.3","MQTT","68","Disconnect Req"
"407187","2535.063309515","192.168.15.4","192.168.15.3","MQTT","90","Connect Command"
"407189","2535.066172464","192.168.15.4","192.168.15.3","MQTT","97","Publish Message (id=2494) [Deviceb'Device - 2']"
"407191","2535.070575302","192.168.15.3","192.168.15.4","MQTT","70","Connect Ack"
"407193","2535.073199610","192.168.15.3","192.168.15.4","MQTT","70","Publish Ack (id=2494)"
"407195","2535.073810123","192.168.15.4","192.168.15.3","MQTT","68","Disconnect Req"
"407206","2536.078208472","192.168.15.4","192.168.15.3","MQTT","90","Connect Command"
"407208","2536.081098342","192.168.15.4","192.168.15.3","MQTT","97","Publish Message (id=2495) [Deviceb'Device - 2']"
"407209","2536.081478711","192.168.15.3","192.168.15.4","MQTT","70","Connect Ack"
"407212","2536.084028548","192.168.15.3","192.168.15.4","MQTT","70","Publish Ack (id=2495)"
"407214","2536.084881089","192.168.15.4","192.168.15.3","MQTT","68","Disconnect Req"
"407229","2537.088492011","192.168.15.4","192.168.15.3","MQTT","90","Connect Command"
"407231","2537.091523208","192.168.15.4","192.168.15.3","MQTT","97","Publish Message (id=2496) [Deviceb'Device - 2']"
"407232","2537.091893007","192.168.15.3","192.168.15.4","MQTT","70","Connect Ack"
"407235","2537.094597907","192.168.15.3","192.168.15.4","MQTT","70","Publish Ack (id=2496)"
"407237","2537.095048759","192.168.15.4","192.168.15.3","MQTT","68","Disconnect Req"
"407249","2538.098578709","192.168.15.4","192.168.15.3","MQTT","90","Connect Command"
"407251","2538.101562245","192.168.15.4","192.168.15.3","MQTT","97","Publish Message (id=2497) [Deviceb'Device - 2']"
"407252","2538.101958454","192.168.15.3","192.168.15.4","MQTT","70","Connect Ack"
"407255","2538.104635532","192.168.15.3","192.168.15.4","MQTT","70","Publish Ack (id=2497)"
"407257","2538.105270221","192.168.15.4","192.168.15.3","MQTT","68","Disconnect Req"
"407271","2539.109427047","192.168.15.4","192.168.15.3","MQTT","90","Connect Command"
"407273","2539.112343357","192.168.15.4","192.168.15.3","MQTT","97","Publish Message (id=2498) [Deviceb'Device - 2']"
"407274","2539.112779471","192.168.15.3","192.168.15.4","MQTT","70","Connect Ack"
"407277","2539.114937999","192.168.15.3","192.168.15.4","MQTT","70","Publish Ack (id=2498)"
"407279","2539.115601683","192.168.15.4","192.168.15.3","MQTT","68","Disconnect Req"
"407295","2540.119960461","192.168.15.4","192.168.15.3","MQTT","90","Connect Command"
"407297","2540.122797541","192.168.15.4","192.168.15.3","MQTT","97","Publish Message (id=2499) [Deviceb'Device - 2']"
"407299","2540.126827294","192.168.15.3","192.168.15.4","MQTT","70","Connect Ack"
"407301","2540.129380839","192.168.15.3","192.168.15.4","MQTT","70","Publish Ack (id=2499)"
"407303","2540.130022351","192.168.15.4","192.168.15.3","MQTT","68","Disconnect Req"
"407311","2541.134143251","192.168.15.4","192.168.15.3","MQTT","90","Connect Command"
"407313","2541.137095599","192.168.15.4","192.168.15.3","MQTT","97","Publish Message (id=2500) [Deviceb'Device - 2']"
"407314","2541.137490936","192.168.15.3","192.168.15.4","MQTT","70","Connect Ack"
"407317","2541.140145090","192.168.15.3","192.168.15.4","MQTT","70","Publish Ack (id=2500)"
"407319","2541.140803294","192.168.15.4","192.168.15.3","MQTT","68","Disconnect Req"
"407334","2542.144602068","192.168.15.4","192.168.15.3","MQTT","90","Connect Command"
"407336","2542.147553343","192.168.15.4","192.168.15.3","MQTT","97","Publish Message (id=2501) [Deviceb'Device - 2']"
"407337","2542.147911690","192.168.15.3","192.168.15.4","MQTT","70","Connect Ack"
"407340","2542.152707681","192.168.15.3","192.168.15.4","MQTT","70","Publish Ack (id=2501)"
"407342","2542.153115111","192.168.15.4","192.168.15.3","MQTT","68","Disconnect Req"
"407356","2543.156966354","192.168.15.4","192.168.15.3","MQTT","90","Connect Command"
"407358","2543.159981822","192.168.15.4","192.168.15.3","MQTT","97","Publish Message (id=2502) [Deviceb'Device - 2']"
"407359","2543.160424237","192.168.15.3","192.168.15.4","MQTT","70","Connect Ack"
"407362","2543.162511190","192.168.15.3","192.168.15.4","MQTT","70","Publish Ack (id=2502)"
"407364","2543.163179543","192.168.15.4","192.168.15.3","MQTT","68","Disconnect Req"
"407382","2544.167288354","192.168.15.4","192.168.15.3","MQTT","90","Connect Command"
"407384","2544.170226355","192.168.15.4","192.168.15.3","MQTT","97","Publish Message (id=2503) [Deviceb'Device - 2']"
"407385","2544.170669162","192.168.15.3","192.168.15.4","MQTT","70","Connect Ack"
"407388","2544.173454173","192.168.15.3","192.168.15.4","MQTT","70","Publish Ack (id=2503)"
"407390","2544.174088592","192.168.15.4","192.168.15.3","MQTT","68","Disconnect Req"
"407413","2545.177927985","192.168.15.4","192.168.15.3","MQTT","90","Connect Command"
"407415","2545.180953932","192.168.15.4","192.168.15.3","MQTT","97","Publish Message (id=2504) [Deviceb'Device - 2']"
"407417","2545.185054769","192.168.15.3","192.168.15.4","MQTT","70","Connect Ack"
"407419","2545.187649932","192.168.15.3","192.168.15.4","MQTT","70","Publish Ack (id=2504)"
"407421","2545.187979645","192.168.15.4","192.168.15.3","MQTT","68","Disconnect Req"
"407433","2546.192384478","192.168.15.4","192.168.15.3","MQTT","90","Connect Command"
"407435","2546.195389255","192.168.15.4","192.168.15.3","MQTT","97","Publish Message (id=2505) [Deviceb'Device - 2']"
"407436","2546.195778390","192.168.15.3","192.168.15.4","MQTT","70","Connect Ack"
"407439","2546.198076432","192.168.15.3","192.168.15.4","MQTT","70","Publish Ack (id=2505)"
"407441","2546.198382630","192.168.15.4","192.168.15.3","MQTT","68","Disconnect Req"
"407453","2547.203113480","192.168.15.4","192.168.15.3","MQTT","90","Connect Command"
"407455","2547.205844480","192.168.15.4","192.168.15.3","MQTT","97","Publish Message (id=2506) [Deviceb'Device - 2']"
"407456","2547.206226672","192.168.15.3","192.168.15.4","MQTT","70","Connect Ack"
"407459","2547.208829750","192.168.15.3","192.168.15.4","MQTT","70","Publish Ack (id=2506)"
"407461","2547.209273508","192.168.15.4","192.168.15.3","MQTT","68","Disconnect Req"
"407473","2548.213847693","192.168.15.4","192.168.15.3","MQTT","90","Connect Command"
"407475","2548.216688250","192.168.15.4","192.168.15.3","MQTT","97","Publish Message (id=2507) [Deviceb'Device - 2']"
"407476","2548.217105639","192.168.15.3","192.168.15.4","MQTT","70","Connect Ack"
"407479","2548.219698527","192.168.15.3","192.168.15.4","MQTT","70","Publish Ack (id=2507)"
"407481","2548.220097050","192.168.15.4","192.168.15.3","MQTT","68","Disconnect Req"
"407493","2549.223663852","192.168.15.4","192.168.15.3","MQTT","90","Connect Command"
"407495","2549.226719105","192.168.15.4","192.168.15.3","MQTT","97","Publish Message (id=2508) [Deviceb'Device - 2']"
"407496","2549.227131945","192.168.15.3","192.168.15.4","MQTT","70","Connect Ack"
"407499","2549.229754920","192.168.15.3","192.168.15.4","MQTT","70","Publish Ack (id=2508)"
"407501","2549.230036983","192.168.15.4","192.168.15.3","MQTT","68","Disconnect Req"
"407517","2550.233677566","192.168.15.4","192.168.15.3","MQTT","90","Connect Command"
"407519","2550.236623322","192.168.15.4","192.168.15.3","MQTT","97","Publish Message (id=2509) [Deviceb'Device - 2']"
"407521","2550.241270552","192.168.15.3","192.168.15.4","MQTT","70","Connect Ack"
"407523","2550.243791204","192.168.15.3","192.168.15.4","MQTT","70","Publish Ack (id=2509)"
"407525","2550.244379054","192.168.15.4","192.168.15.3","MQTT","68","Disconnect Req"
"407537","2551.249415566","192.168.15.4","192.168.15.3","MQTT","90","Connect Command"
"407539","2551.254362332","192.168.15.4","192.168.15.3","MQTT","97","Publish Message (id=2510) [Deviceb'Device - 2']"
"407540","2551.254747379","192.168.15.3","192.168.15.4","MQTT","70","Connect Ack"
"407543","2551.256925735","192.168.15.3","192.168.15.4","MQTT","70","Publish Ack (id=2510)"
"407545","2551.257528634","192.168.15.4","192.168.15.3","MQTT","68","Disconnect Req"
"407553","2552.262850638","192.168.15.4","192.168.15.3","MQTT","90","Connect Command"
"407555","2552.265581597","192.168.15.4","192.168.15.3","MQTT","97","Publish Message (id=2511) [Deviceb'Device - 2']"
"407556","2552.265947779","192.168.15.3","192.168.15.4","MQTT","70","Connect Ack"
"407559","2552.268167533","192.168.15.3","192.168.15.4","MQTT","70","Publish Ack (id=2511)"
"407561","2552.268988734","192.168.15.4","192.168.15.3","MQTT","68","Disconnect Req"
"407573","2553.273398094","192.168.15.4","192.168.15.3","MQTT","90","Connect Command"
"407575","2553.276369968","192.168.15.4","192.168.15.3","MQTT","97","Publish Message (id=2512) [Deviceb'Device - 2']"
"407576","2553.276817003","192.168.15.3","192.168.15.4","MQTT","70","Connect Ack"
"407579","2553.279014354","192.168.15.3","192.168.15.4","MQTT","70","Publish Ack (id=2512)"
"407581","2553.279869550","192.168.15.4","192.168.15.3","MQTT","68","Disconnect Req"
"407593","2554.283589187","192.168.15.4","192.168.15.3","MQTT","90","Connect Command"
"407595","2554.286643958","192.168.15.4","192.168.15.3","MQTT","97","Publish Message (id=2513) [Deviceb'Device - 2']"
"407596","2554.287039055","192.168.15.3","192.168.15.4","MQTT","70","Connect Ack"
"407599","2554.289284036","192.168.15.3","192.168.15.4","MQTT","70","Publish Ack (id=2513)"
"407601","2554.290034795","192.168.15.4","192.168.15.3","MQTT","68","Disconnect Req"
"407638","2555.293733875","192.168.15.4","192.168.15.3","MQTT","90","Connect Command"
"407640","2555.296672947","192.168.15.4","192.168.15.3","MQTT","97","Publish Message (id=2514) [Deviceb'Device - 2']"
"407642","2555.300974294","192.168.15.3","192.168.15.4","MQTT","70","Connect Ack"
"407644","2555.303397261","192.168.15.3","192.168.15.4","MQTT","70","Publish Ack (id=2514)"
"407646","2555.303683612","192.168.15.4","192.168.15.3","MQTT","68","Disconnect Req"
"407658","2556.307075764","192.168.15.4","192.168.15.3","MQTT","90","Connect Command"
"407660","2556.310158949","192.168.15.4","192.168.15.3","MQTT","97","Publish Message (id=2515) [Deviceb'Device - 2']"
"407661","2556.310601625","192.168.15.3","192.168.15.4","MQTT","70","Connect Ack"
"407664","2556.313186809","192.168.15.3","192.168.15.4","MQTT","70","Publish Ack (id=2515)"
"407666","2556.313505722","192.168.15.4","192.168.15.3","MQTT","68","Disconnect Req"
"407682","2557.317769220","192.168.15.4","192.168.15.3","MQTT","90","Connect Command"
"407684","2557.320785749","192.168.15.4","192.168.15.3","MQTT","97","Publish Message (id=2516) [Deviceb'Device - 2']"
"407685","2557.321143344","192.168.15.3","192.168.15.4","MQTT","70","Connect Ack"
"407688","2557.323783903","192.168.15.3","192.168.15.4","MQTT","70","Publish Ack (id=2516)"
"407690","2557.324108216","192.168.15.4","192.168.15.3","MQTT","68","Disconnect Req"
"407702","2558.328344393","192.168.15.4","192.168.15.3","MQTT","90","Connect Command"
"407704","2558.331392051","192.168.15.4","192.168.15.3","MQTT","97","Publish Message (id=2517) [Deviceb'Device - 2']"
"407705","2558.331750999","192.168.15.3","192.168.15.4","MQTT","70","Connect Ack"
"407708","2558.334440139","192.168.15.3","192.168.15.4","MQTT","70","Publish Ack (id=2517)"
"407710","2558.335153357","192.168.15.4","192.168.15.3","MQTT","68","Disconnect Req"
"407743","2559.339006493","192.168.15.4","192.168.15.3","MQTT","90","Connect Command"
"407745","2559.341892836","192.168.15.4","192.168.15.3","MQTT","97","Publish Message (id=2518) [Deviceb'Device - 2']"
"407746","2559.342300136","192.168.15.3","192.168.15.4","MQTT","70","Connect Ack"
"407749","2559.344950032","192.168.15.3","192.168.15.4","MQTT","70","Publish Ack (id=2518)"
"407751","2559.345617744","192.168.15.4","192.168.15.3","MQTT","68","Disconnect Req"
"407777","2560.350053721","192.168.15.4","192.168.15.3","MQTT","90","Connect Command"
"407779","2560.355298279","192.168.15.4","192.168.15.3","MQTT","97","Publish Message (id=2519) [Deviceb'Device - 2']"
"407781","2560.359434344","192.168.15.3","192.168.15.4","MQTT","70","Connect Ack"
"407783","2560.362050126","192.168.15.3","192.168.15.4","MQTT","70","Publish Ack (id=2519)"
"407785","2560.362420445","192.168.15.4","192.168.15.3","MQTT","68","Disconnect Req"
"407797","2561.366259186","192.168.15.4","192.168.15.3","MQTT","90","Connect Command"
"407799","2561.369128607","192.168.15.4","192.168.15.3","MQTT","97","Publish Message (id=2520) [Deviceb'Device - 2']"
"407800","2561.369571113","192.168.15.3","192.168.15.4","MQTT","70","Connect Ack"
"407803","2561.371949216","192.168.15.3","192.168.15.4","MQTT","70","Publish Ack (id=2520)"
"407805","2561.372849887","192.168.15.4","192.168.15.3","MQTT","68","Disconnect Req"
"407821","2562.376715139","192.168.15.4","192.168.15.3","MQTT","90","Connect Command"
"407823","2562.380599828","192.168.15.4","192.168.15.3","MQTT","97","Publish Message (id=2521) [Deviceb'Device - 2']"
"407824","2562.380971240","192.168.15.3","192.168.15.4","MQTT","70","Connect Ack"
"407827","2562.383540033","192.168.15.3","192.168.15.4","MQTT","70","Publish Ack (id=2521)"
"407829","2562.384156187","192.168.15.4","192.168.15.3","MQTT","68","Disconnect Req"
"407837","2563.388341265","192.168.15.4","192.168.15.3","MQTT","90","Connect Command"
"407839","2563.391253948","192.168.15.4","192.168.15.3","MQTT","97","Publish Message (id=2522) [Deviceb'Device - 2']"
"407840","2563.391706443","192.168.15.3","192.168.15.4","MQTT","70","Connect Ack"
"407843","2563.394261510","192.168.15.3","192.168.15.4","MQTT","70","Publish Ack (id=2522)"
"407845","2563.394772966","192.168.15.4","192.168.15.3","MQTT","68","Disconnect Req"
"407868","2564.398815925","192.168.15.4","192.168.15.3","MQTT","90","Connect Command"
"407870","2564.401724270","192.168.15.4","192.168.15.3","MQTT","97","Publish Message (id=2523) [Deviceb'Device - 2']"
"407871","2564.402113415","192.168.15.3","192.168.15.4","MQTT","70","Connect Ack"
"407874","2564.404742462","192.168.15.3","192.168.15.4","MQTT","70","Publish Ack (id=2523)"
"407876","2564.405356231","192.168.15.4","192.168.15.3","MQTT","68","Disconnect Req"
"407892","2565.410345370","192.168.15.4","192.168.15.3","MQTT","90","Connect Command"
"407894","2565.415049487","192.168.15.4","192.168.15.3","MQTT","97","Publish Message (id=2524) [Deviceb'Device - 2']"
"407896","2565.419300539","192.168.15.3","192.168.15.4","MQTT","70","Connect Ack"
"407898","2565.421666078","192.168.15.3","192.168.15.4","MQTT","70","Publish Ack (id=2524)"
"407900","2565.422254409","192.168.15.4","192.168.15.3","MQTT","68","Disconnect Req"
"407913","2566.426523728","192.168.15.4","192.168.15.3","MQTT","90","Connect Command"
"407915","2566.429710869","192.168.15.4","192.168.15.3","MQTT","97","Publish Message (id=2525) [Deviceb'Device - 2']"
"407916","2566.430508075","192.168.15.3","192.168.15.4","MQTT","70","Connect Ack"
"407919","2566.432294841","192.168.15.3","192.168.15.4","MQTT","70","Publish Ack (id=2525)"
"407921","2566.432654851","192.168.15.4","192.168.15.3","MQTT","68","Disconnect Req"
"407933","2567.437220270","192.168.15.4","192.168.15.3","MQTT","90","Connect Command"
"407935","2567.440261375","192.168.15.4","192.168.15.3","MQTT","97","Publish Message (id=2526) [Deviceb'Device - 2']"
"407936","2567.440511809","192.168.15.3","192.168.15.4","MQTT","70","Connect Ack"
"407939","2567.443334231","192.168.15.3","192.168.15.4","MQTT","70","Publish Ack (id=2526)"
"407941","2567.444022091","192.168.15.4","192.168.15.3","MQTT","68","Disconnect Req"
"407958","2568.539427076","192.168.15.4","192.168.15.3","MQTT","90","Connect Command"
"407960","2568.542291918","192.168.15.4","192.168.15.3","MQTT","97","Publish Message (id=2527) [Deviceb'Device - 2']"
"407961","2568.542695731","192.168.15.3","192.168.15.4","MQTT","70","Connect Ack"
"407964","2568.548996154","192.168.15.3","192.168.15.4","MQTT","70","Publish Ack (id=2527)"
"407966","2568.549367195","192.168.15.4","192.168.15.3","MQTT","68","Disconnect Req"
"407984","2569.553478419","192.168.15.4","192.168.15.3","MQTT","90","Connect Command"
"407986","2569.556414767","192.168.15.4","192.168.15.3","MQTT","97","Publish Message (id=2528) [Deviceb'Device - 2']"
"407987","2569.556861761","192.168.15.3","192.168.15.4","MQTT","70","Connect Ack"
"407990","2569.559335765","192.168.15.3","192.168.15.4","MQTT","70","Publish Ack (id=2528)"
"407992","2569.559974122","192.168.15.4","192.168.15.3","MQTT","68","Disconnect Req"
"408011","2570.563801811","192.168.15.4","192.168.15.3","MQTT","90","Connect Command"
"408013","2570.566693454","192.168.15.4","192.168.15.3","MQTT","97","Publish Message (id=2529) [Deviceb'Device - 2']"
"408015","2570.571638887","192.168.15.3","192.168.15.4","MQTT","70","Connect Ack"
"408017","2570.574247055","192.168.15.3","192.168.15.4","MQTT","70","Publish Ack (id=2529)"
"408019","2570.575000378","192.168.15.4","192.168.15.3","MQTT","68","Disconnect Req"
"408033","2571.579419797","192.168.15.4","192.168.15.3","MQTT","90","Connect Command"
"408035","2571.582288116","192.168.15.4","192.168.15.3","MQTT","97","Publish Message (id=2530) [Deviceb'Device - 2']"
"408036","2571.582678734","192.168.15.3","192.168.15.4","MQTT","70","Connect Ack"
"408039","2571.585301078","192.168.15.3","192.168.15.4","MQTT","70","Publish Ack (id=2530)"
"408041","2571.586078086","192.168.15.4","192.168.15.3","MQTT","68","Disconnect Req"
"408055","2572.590359425","192.168.15.4","192.168.15.3","MQTT","90","Connect Command"
"408057","2572.593235279","192.168.15.4","192.168.15.3","MQTT","97","Publish Message (id=2531) [Deviceb'Device - 2']"
"408058","2572.593795377","192.168.15.3","192.168.15.4","MQTT","70","Connect Ack"
"408061","2572.596210049","192.168.15.3","192.168.15.4","MQTT","70","Publish Ack (id=2531)"
"408063","2572.597025489","192.168.15.4","192.168.15.3","MQTT","68","Disconnect Req"
"408075","2573.602338007","192.168.15.4","192.168.15.3","MQTT","90","Connect Command"
"408077","2573.607060550","192.168.15.4","192.168.15.3","MQTT","97","Publish Message (id=2532) [Deviceb'Device - 2']"
"408078","2573.607414779","192.168.15.3","192.168.15.4","MQTT","70","Connect Ack"
"408081","2573.609987550","192.168.15.3","192.168.15.4","MQTT","70","Publish Ack (id=2532)"
"408083","2573.610610006","192.168.15.4","192.168.15.3","MQTT","68","Disconnect Req"
"408095","2574.615635042","192.168.15.4","192.168.15.3","MQTT","90","Connect Command"
"408097","2574.618516035","192.168.15.4","192.168.15.3","MQTT","97","Publish Message (id=2533) [Deviceb'Device - 2']"
"408098","2574.618967638","192.168.15.3","192.168.15.4","MQTT","70","Connect Ack"
"408101","2574.621504090","192.168.15.3","192.168.15.4","MQTT","70","Publish Ack (id=2533)"
"408103","2574.621854222","192.168.15.4","192.168.15.3","MQTT","68","Disconnect Req"
"408114","2575.625569384","192.168.15.4","192.168.15.3","MQTT","90","Connect Command"
"408116","2575.630514888","192.168.15.4","192.168.15.3","MQTT","97","Publish Message (id=2534) [Deviceb'Device - 2']"
"408118","2575.636088808","192.168.15.3","192.168.15.4","MQTT","70","Connect Ack"
"408120","2575.638766517","192.168.15.3","192.168.15.4","MQTT","70","Publish Ack (id=2534)"
"408122","2575.639438216","192.168.15.4","192.168.15.3","MQTT","68","Disconnect Req"
"408134","2576.643894631","192.168.15.4","192.168.15.3","MQTT","90","Connect Command"
"408136","2576.646845365","192.168.15.4","192.168.15.3","MQTT","97","Publish Message (id=2535) [Deviceb'Device - 2']"
"408137","2576.647217298","192.168.15.3","192.168.15.4","MQTT","70","Connect Ack"
"408140","2576.649839242","192.168.15.3","192.168.15.4","MQTT","70","Publish Ack (id=2535)"
"408142","2576.650543833","192.168.15.4","192.168.15.3","MQTT","68","Disconnect Req"
"408155","2577.654907682","192.168.15.4","192.168.15.3","MQTT","90","Connect Command"
"408157","2577.657905225","192.168.15.4","192.168.15.3","MQTT","97","Publish Message (id=2536) [Deviceb'Device - 2']"
"408158","2577.658285193","192.168.15.3","192.168.15.4","MQTT","70","Connect Ack"
"408161","2577.660768825","192.168.15.3","192.168.15.4","MQTT","70","Publish Ack (id=2536)"
"408163","2577.661289939","192.168.15.4","192.168.15.3","MQTT","68","Disconnect Req"
"408178","2578.665275266","192.168.15.4","192.168.15.3","MQTT","90","Connect Command"
"408180","2578.668229708","192.168.15.4","192.168.15.3","MQTT","97","Publish Message (id=2537) [Deviceb'Device - 2']"
"408181","2578.668604135","192.168.15.3","192.168.15.4","MQTT","70","Connect Ack"
"408184","2578.671049475","192.168.15.3","192.168.15.4","MQTT","70","Publish Ack (id=2537)"
"408186","2578.671359751","192.168.15.4","192.168.15.3","MQTT","68","Disconnect Req"
"408199","2579.675773548","192.168.15.4","192.168.15.3","MQTT","90","Connect Command"
"408201","2579.678688154","192.168.15.4","192.168.15.3","MQTT","97","Publish Message (id=2538) [Deviceb'Device - 2']"
"408202","2579.679073021","192.168.15.3","192.168.15.4","MQTT","70","Connect Ack"
"408205","2579.681488264","192.168.15.3","192.168.15.4","MQTT","70","Publish Ack (id=2538)"
"408207","2579.682244683","192.168.15.4","192.168.15.3","MQTT","68","Disconnect Req"
"408224","2580.686067243","192.168.15.4","192.168.15.3","MQTT","90","Connect Command"
"408226","2580.688938167","192.168.15.4","192.168.15.3","MQTT","97","Publish Message (id=2539) [Deviceb'Device - 2']"
"408228","2580.693333792","192.168.15.3","192.168.15.4","MQTT","70","Connect Ack"
"408230","2580.695886815","192.168.15.3","192.168.15.4","MQTT","70","Publish Ack (id=2539)"
"408232","2580.696703037","192.168.15.4","192.168.15.3","MQTT","68","Disconnect Req"
"408244","2581.700708684","192.168.15.4","192.168.15.3","MQTT","90","Connect Command"
"408246","2581.703642567","192.168.15.4","192.168.15.3","MQTT","97","Publish Message (id=2540) [Deviceb'Device - 2']"
"408247","2581.704053904","192.168.15.3","192.168.15.4","MQTT","70","Connect Ack"
"408250","2581.706670197","192.168.15.3","192.168.15.4","MQTT","70","Publish Ack (id=2540)"
"408252","2581.707510033","192.168.15.4","192.168.15.3","MQTT","68","Disconnect Req"
"408266","2582.711937397","192.168.15.4","192.168.15.3","MQTT","90","Connect Command"
"408268","2582.716780217","192.168.15.4","192.168.15.3","MQTT","97","Publish Message (id=2541) [Deviceb'Device - 2']"
"408269","2582.717161067","192.168.15.3","192.168.15.4","MQTT","70","Connect Ack"
"408272","2582.719774715","192.168.15.3","192.168.15.4","MQTT","70","Publish Ack (id=2541)"
"408274","2582.720650910","192.168.15.4","192.168.15.3","MQTT","68","Disconnect Req"
"408286","2583.724791995","192.168.15.4","192.168.15.3","MQTT","90","Connect Command"
"408288","2583.727648732","192.168.15.4","192.168.15.3","MQTT","97","Publish Message (id=2542) [Deviceb'Device - 2']"
"408289","2583.728049209","192.168.15.3","192.168.15.4","MQTT","70","Connect Ack"
"408292","2583.730628352","192.168.15.3","192.168.15.4","MQTT","70","Publish Ack (id=2542)"
"408294","2583.731337322","192.168.15.4","192.168.15.3","MQTT","68","Disconnect Req"
"408306","2584.735944417","192.168.15.4","192.168.15.3","MQTT","90","Connect Command"
"408308","2584.738764054","192.168.15.4","192.168.15.3","MQTT","97","Publish Message (id=2543) [Deviceb'Device - 2']"
"408309","2584.739150875","192.168.15.3","192.168.15.4","MQTT","70","Connect Ack"
"408312","2584.741577971","192.168.15.3","192.168.15.4","MQTT","70","Publish Ack (id=2543)"
"408314","2584.742599852","192.168.15.4","192.168.15.3","MQTT","68","Disconnect Req"
"408359","2585.747978006","192.168.15.4","192.168.15.3","MQTT","90","Connect Command"
"408361","2585.750943308","192.168.15.4","192.168.15.3","MQTT","97","Publish Message (id=2544) [Deviceb'Device - 2']"
"408363","2585.755755420","192.168.15.3","192.168.15.4","MQTT","70","Connect Ack"
"408365","2585.758330795","192.168.15.3","192.168.15.4","MQTT","70","Publish Ack (id=2544)"
"408367","2585.759112663","192.168.15.4","192.168.15.3","MQTT","68","Disconnect Req"
"408379","2586.763510889","192.168.15.4","192.168.15.3","MQTT","90","Connect Command"
"408381","2586.766485268","192.168.15.4","192.168.15.3","MQTT","97","Publish Message (id=2545) [Deviceb'Device - 2']"
"408382","2586.766970946","192.168.15.3","192.168.15.4","MQTT","70","Connect Ack"
"408385","2586.769571038","192.168.15.3","192.168.15.4","MQTT","70","Publish Ack (id=2545)"
"408387","2586.770102592","192.168.15.4","192.168.15.3","MQTT","68","Disconnect Req"
"408403","2587.773559260","192.168.15.4","192.168.15.3","MQTT","90","Connect Command"
"408405","2587.776996984","192.168.15.4","192.168.15.3","MQTT","97","Publish Message (id=2546) [Deviceb'Device - 2']"
"408406","2587.777343299","192.168.15.3","192.168.15.4","MQTT","70","Connect Ack"
"408409","2587.779926138","192.168.15.3","192.168.15.4","MQTT","70","Publish Ack (id=2546)"
"408411","2587.780387821","192.168.15.4","192.168.15.3","MQTT","68","Disconnect Req"
"408426","2588.783991917","192.168.15.4","192.168.15.3","MQTT","90","Connect Command"
"408428","2588.786778291","192.168.15.4","192.168.15.3","MQTT","97","Publish Message (id=2547) [Deviceb'Device - 2']"
"408429","2588.787205949","192.168.15.3","192.168.15.4","MQTT","70","Connect Ack"
"408432","2588.789853100","192.168.15.3","192.168.15.4","MQTT","70","Publish Ack (id=2547)"
"408434","2588.790304333","192.168.15.4","192.168.15.3","MQTT","68","Disconnect Req"
"408473","2589.794097938","192.168.15.4","192.168.15.3","MQTT","90","Connect Command"
"408475","2589.796902627","192.168.15.4","192.168.15.3","MQTT","97","Publish Message (id=2548) [Deviceb'Device - 2']"
"408476","2589.797238492","192.168.15.3","192.168.15.4","MQTT","70","Connect Ack"
"408479","2589.799872468","192.168.15.3","192.168.15.4","MQTT","70","Publish Ack (id=2548)"
"408481","2589.800322638","192.168.15.4","192.168.15.3","MQTT","68","Disconnect Req"
"408500","2590.804859298","192.168.15.4","192.168.15.3","MQTT","90","Connect Command"
"408502","2590.807669918","192.168.15.4","192.168.15.3","MQTT","97","Publish Message (id=2549) [Deviceb'Device - 2']"
"408504","2590.812037048","192.168.15.3","192.168.15.4","MQTT","70","Connect Ack"
"408506","2590.814700090","192.168.15.3","192.168.15.4","MQTT","70","Publish Ack (id=2549)"
"408508","2590.815170478","192.168.15.4","192.168.15.3","MQTT","68","Disconnect Req"
"408524","2591.818708923","192.168.15.4","192.168.15.3","MQTT","90","Connect Command"
"408526","2591.821532708","192.168.15.4","192.168.15.3","MQTT","97","Publish Message (id=2550) [Deviceb'Device - 2']"
"408527","2591.821921814","192.168.15.3","192.168.15.4","MQTT","70","Connect Ack"
"408530","2591.824548226","192.168.15.3","192.168.15.4","MQTT","70","Publish Ack (id=2550)"
"408532","2591.825044964","192.168.15.4","192.168.15.3","MQTT","68","Disconnect Req"
"408544","2592.828595071","192.168.15.4","192.168.15.3","MQTT","90","Connect Command"
"408546","2592.831565223","192.168.15.4","192.168.15.3","MQTT","97","Publish Message (id=2551) [Deviceb'Device - 2']"
"408547","2592.831967853","192.168.15.3","192.168.15.4","MQTT","70","Connect Ack"
"408550","2592.834498755","192.168.15.3","192.168.15.4","MQTT","70","Publish Ack (id=2551)"
"408552","2592.834965206","192.168.15.4","192.168.15.3","MQTT","68","Disconnect Req"
"408564","2593.838689554","192.168.15.4","192.168.15.3","MQTT","90","Connect Command"
"408566","2593.841660126","192.168.15.4","192.168.15.3","MQTT","97","Publish Message (id=2552) [Deviceb'Device - 2']"
"408567","2593.842022551","192.168.15.3","192.168.15.4","MQTT","70","Connect Ack"
"408570","2593.845621761","192.168.15.3","192.168.15.4","MQTT","70","Publish Ack (id=2552)"
"408572","2593.846083854","192.168.15.4","192.168.15.3","MQTT","68","Disconnect Req"
"408584","2594.850402798","192.168.15.4","192.168.15.3","MQTT","90","Connect Command"
"408586","2594.853161560","192.168.15.4","192.168.15.3","MQTT","97","Publish Message (id=2553) [Deviceb'Device - 2']"
"408587","2594.853592755","192.168.15.3","192.168.15.4","MQTT","70","Connect Ack"
"408590","2594.856582924","192.168.15.3","192.168.15.4","MQTT","70","Publish Ack (id=2553)"
"408592","2594.857492703","192.168.15.4","192.168.15.3","MQTT","68","Disconnect Req"
"408608","2595.862840090","192.168.15.4","192.168.15.3","MQTT","90","Connect Command"
"408610","2595.866378565","192.168.15.4","192.168.15.3","MQTT","97","Publish Message (id=2554) [Deviceb'Device - 2']"
"408611","2595.866757912","192.168.15.3","192.168.15.4","MQTT","70","Connect Ack"
"408614","2595.869399102","192.168.15.3","192.168.15.4","MQTT","70","Publish Ack (id=2554)"
"408616","2595.870166271","192.168.15.4","192.168.15.3","MQTT","68","Disconnect Req"
"408626","2596.874893016","192.168.15.4","192.168.15.3","MQTT","90","Connect Command"
"408628","2596.879847657","192.168.15.4","192.168.15.3","MQTT","97","Publish Message (id=2555) [Deviceb'Device - 2']"
"408629","2596.880262210","192.168.15.3","192.168.15.4","MQTT","70","Connect Ack"
"408632","2596.882812939","192.168.15.3","192.168.15.4","MQTT","70","Publish Ack (id=2555)"
"408634","2596.883380772","192.168.15.4","192.168.15.3","MQTT","68","Disconnect Req"
"408646","2597.887688788","192.168.15.4","192.168.15.3","MQTT","90","Connect Command"
"408648","2597.890546898","192.168.15.4","192.168.15.3","MQTT","97","Publish Message (id=2556) [Deviceb'Device - 2']"
"408649","2597.890919983","192.168.15.3","192.168.15.4","MQTT","70","Connect Ack"
"408652","2597.893468548","192.168.15.3","192.168.15.4","MQTT","70","Publish Ack (id=2556)"
"408654","2597.893922205","192.168.15.4","192.168.15.3","MQTT","68","Disconnect Req"
"408665","2598.897966703","192.168.15.4","192.168.15.3","MQTT","90","Connect Command"
"408667","2598.900687944","192.168.15.4","192.168.15.3","MQTT","97","Publish Message (id=2557) [Deviceb'Device - 2']"
"408668","2598.901053474","192.168.15.3","192.168.15.4","MQTT","70","Connect Ack"
"408671","2598.903496550","192.168.15.3","192.168.15.4","MQTT","70","Publish Ack (id=2557)"
"408673","2598.904022033","192.168.15.4","192.168.15.3","MQTT","68","Disconnect Req"
"408697","2599.908196778","192.168.15.4","192.168.15.3","MQTT","90","Connect Command"
"408699","2599.911138647","192.168.15.4","192.168.15.3","MQTT","97","Publish Message (id=2558) [Deviceb'Device - 2']"
"408700","2599.911531439","192.168.15.3","192.168.15.4","MQTT","70","Connect Ack"
"408703","2599.913985325","192.168.15.3","192.168.15.4","MQTT","70","Publish Ack (id=2558)"
"408705","2599.914439002","192.168.15.4","192.168.15.3","MQTT","68","Disconnect Req"
"408721","2600.917755597","192.168.15.4","192.168.15.3","MQTT","90","Connect Command"
"408723","2600.920740727","192.168.15.4","192.168.15.3","MQTT","97","Publish Message (id=2559) [Deviceb'Device - 2']"
"408725","2600.925125361","192.168.15.3","192.168.15.4","MQTT","70","Connect Ack"
"408727","2600.927601499","192.168.15.3","192.168.15.4","MQTT","70","Publish Ack (id=2559)"
"408729","2600.927860819","192.168.15.4","192.168.15.3","MQTT","68","Disconnect Req"
"408745","2601.931856649","192.168.15.4","192.168.15.3","MQTT","90","Connect Command"
"408747","2601.935113402","192.168.15.3","192.168.15.4","MQTT","70","Connect Ack"
"408748","2601.935159890","192.168.15.4","192.168.15.3","MQTT","97","Publish Message (id=2560) [Deviceb'Device - 2']"
"408751","2601.938128959","192.168.15.3","192.168.15.4","MQTT","70","Publish Ack (id=2560)"
"408753","2601.938921847","192.168.15.4","192.168.15.3","MQTT","68","Disconnect Req"
"408786","2602.943428103","192.168.15.4","192.168.15.3","MQTT","90","Connect Command"
"408788","2602.946360153","192.168.15.4","192.168.15.3","MQTT","97","Publish Message (id=2561) [Deviceb'Device - 2']"
"408789","2602.946759557","192.168.15.3","192.168.15.4","MQTT","70","Connect Ack"
"408792","2602.949379397","192.168.15.3","192.168.15.4","MQTT","70","Publish Ack (id=2561)"
"408794","2602.950192203","192.168.15.4","192.168.15.3","MQTT","68","Disconnect Req"
"408807","2603.955186571","192.168.15.4","192.168.15.3","MQTT","90","Connect Command"
"408809","2603.958029482","192.168.15.4","192.168.15.3","MQTT","97","Publish Message (id=2562) [Deviceb'Device - 2']"
"408810","2603.958440268","192.168.15.3","192.168.15.4","MQTT","70","Connect Ack"
"408813","2603.961016596","192.168.15.3","192.168.15.4","MQTT","70","Publish Ack (id=2562)"
"408815","2603.961510278","192.168.15.4","192.168.15.3","MQTT","68","Disconnect Req"
"408832","2604.966121643","192.168.15.4","192.168.15.3","MQTT","90","Connect Command"
"408834","2604.968844086","192.168.15.4","192.168.15.3","MQTT","97","Publish Message (id=2563) [Deviceb'Device - 2']"
"408835","2604.969277826","192.168.15.3","192.168.15.4","MQTT","70","Connect Ack"
"408838","2604.972359238","192.168.15.3","192.168.15.4","MQTT","70","Publish Ack (id=2563)"
"408840","2604.972835127","192.168.15.4","192.168.15.3","MQTT","68","Disconnect Req"
"408857","2605.976914138","192.168.15.4","192.168.15.3","MQTT","90","Connect Command"
"408859","2605.979893928","192.168.15.4","192.168.15.3","MQTT","97","Publish Message (id=2564) [Deviceb'Device - 2']"
"408861","2605.984330640","192.168.15.3","192.168.15.4","MQTT","70","Connect Ack"
"408863","2605.986873945","192.168.15.3","192.168.15.4","MQTT","70","Publish Ack (id=2564)"
"408865","2605.987489108","192.168.15.4","192.168.15.3","MQTT","68","Disconnect Req"
"408880","2606.992771461","192.168.15.4","192.168.15.3","MQTT","90","Connect Command"
"408882","2606.997247287","192.168.15.4","192.168.15.3","MQTT","97","Publish Message (id=2565) [Deviceb'Device - 2']"
"408883","2606.997665417","192.168.15.3","192.168.15.4","MQTT","70","Connect Ack"
"408886","2607.000223020","192.168.15.3","192.168.15.4","MQTT","70","Publish Ack (id=2565)"
"408888","2607.000923082","192.168.15.4","192.168.15.3","MQTT","68","Disconnect Req"
"408903","2608.005490739","192.168.15.4","192.168.15.3","MQTT","90","Connect Command"
"408906","2608.008657702","192.168.15.3","192.168.15.4","MQTT","70","Connect Ack"
"408907","2608.008696275","192.168.15.4","192.168.15.3","MQTT","97","Publish Message (id=2566) [Deviceb'Device - 2']"
"408910","2608.011585123","192.168.15.3","192.168.15.4","MQTT","70","Publish Ack (id=2566)"
"408912","2608.012036706","192.168.15.4","192.168.15.3","MQTT","68","Disconnect Req"
"408921","2609.017088648","192.168.15.4","192.168.15.3","MQTT","90","Connect Command"
"408923","2609.021716261","192.168.15.4","192.168.15.3","MQTT","97","Publish Message (id=2567) [Deviceb'Device - 2']"
"408924","2609.022089396","192.168.15.3","192.168.15.4","MQTT","70","Connect Ack"
"408927","2609.024690130","192.168.15.3","192.168.15.4","MQTT","70","Publish Ack (id=2567)"
"408929","2609.025462549","192.168.15.4","192.168.15.3","MQTT","68","Disconnect Req"
"408941","2610.030187595","192.168.15.4","192.168.15.3","MQTT","90","Connect Command"
"408943","2610.033059090","192.168.15.4","192.168.15.3","MQTT","97","Publish Message (id=2568) [Deviceb'Device - 2']"
"408944","2610.033836078","192.168.15.3","192.168.15.4","MQTT","70","Connect Ack"
"408947","2610.035904856","192.168.15.3","192.168.15.4","MQTT","70","Publish Ack (id=2568)"
"408949","2610.036804386","192.168.15.4","192.168.15.3","MQTT","68","Disconnect Req"
"408961","2611.040978402","192.168.15.4","192.168.15.3","MQTT","90","Connect Command"
"408963","2611.043846440","192.168.15.4","192.168.15.3","MQTT","97","Publish Message (id=2569) [Deviceb'Device - 2']"
"408965","2611.051235902","192.168.15.3","192.168.15.4","MQTT","70","Connect Ack"
"408967","2611.053769639","192.168.15.3","192.168.15.4","MQTT","70","Publish Ack (id=2569)"
"408969","2611.054587875","192.168.15.4","192.168.15.3","MQTT","68","Disconnect Req"
"408984","2612.059582079","192.168.15.4","192.168.15.3","MQTT","90","Connect Command"
"408986","2612.062333437","192.168.15.4","192.168.15.3","MQTT","97","Publish Message (id=2570) [Deviceb'Device - 2']"
"408987","2612.062768259","192.168.15.3","192.168.15.4","MQTT","70","Connect Ack"
"408990","2612.065740655","192.168.15.3","192.168.15.4","MQTT","70","Publish Ack (id=2570)"
"408992","2612.066845683","192.168.15.4","192.168.15.3","MQTT","68","Disconnect Req"
"409020","2613.071012546","192.168.15.4","192.168.15.3","MQTT","90","Connect Command"
"409022","2613.076169560","192.168.15.4","192.168.15.3","MQTT","97","Publish Message (id=2571) [Deviceb'Device - 2']"
"409023","2613.076557843","192.168.15.3","192.168.15.4","MQTT","70","Connect Ack"
"409026","2613.079143869","192.168.15.3","192.168.15.4","MQTT","70","Publish Ack (id=2571)"
"409028","2613.079807102","192.168.15.4","192.168.15.3","MQTT","68","Disconnect Req"
"409040","2614.084244348","192.168.15.4","192.168.15.3","MQTT","90","Connect Command"
"409042","2614.087126784","192.168.15.4","192.168.15.3","MQTT","97","Publish Message (id=2572) [Deviceb'Device - 2']"
"409043","2614.087523503","192.168.15.3","192.168.15.4","MQTT","70","Connect Ack"
"409046","2614.090437108","192.168.15.3","192.168.15.4","MQTT","70","Publish Ack (id=2572)"
"409048","2614.091295710","192.168.15.4","192.168.15.3","MQTT","68","Disconnect Req"
"409093","2615.095596780","192.168.15.4","192.168.15.3","MQTT","90","Connect Command"
"409095","2615.100710973","192.168.15.4","192.168.15.3","MQTT","97","Publish Message (id=2573) [Deviceb'Device - 2']"
"409096","2615.101061766","192.168.15.3","192.168.15.4","MQTT","70","Connect Ack"
"409099","2615.103628996","192.168.15.3","192.168.15.4","MQTT","70","Publish Ack (id=2573)"
"409101","2615.104611112","192.168.15.4","192.168.15.3","MQTT","68","Disconnect Req"
"409121","2616.108779330","192.168.15.4","192.168.15.3","MQTT","90","Connect Command"
"409123","2616.111633142","192.168.15.4","192.168.15.3","MQTT","97","Publish Message (id=2574) [Deviceb'Device - 2']"
"409125","2616.116061028","192.168.15.3","192.168.15.4","MQTT","70","Connect Ack"
"409127","2616.118598532","192.168.15.3","192.168.15.4","MQTT","70","Publish Ack (id=2574)"
"409129","2616.119260373","192.168.15.4","192.168.15.3","MQTT","68","Disconnect Req"
"409142","2617.123556385","192.168.15.4","192.168.15.3","MQTT","90","Connect Command"
"409144","2617.126427279","192.168.15.4","192.168.15.3","MQTT","97","Publish Message (id=2575) [Deviceb'Device - 2']"
"409145","2617.126901606","192.168.15.3","192.168.15.4","MQTT","70","Connect Ack"
"409149","2617.129611515","192.168.15.3","192.168.15.4","MQTT","70","Publish Ack (id=2575)"
"409151","2617.130519601","192.168.15.4","192.168.15.3","MQTT","68","Disconnect Req"
"409161","2618.134391633","192.168.15.4","192.168.15.3","MQTT","90","Connect Command"
"409163","2618.137296732","192.168.15.4","192.168.15.3","MQTT","97","Publish Message (id=2576) [Deviceb'Device - 2']"
"409164","2618.137708701","192.168.15.3","192.168.15.4","MQTT","70","Connect Ack"
"409167","2618.140619761","192.168.15.3","192.168.15.4","MQTT","70","Publish Ack (id=2576)"
"409169","2618.141524871","192.168.15.4","192.168.15.3","MQTT","68","Disconnect Req"
"409181","2619.145671311","192.168.15.4","192.168.15.3","MQTT","90","Connect Command"
"409183","2619.148548678","192.168.15.4","192.168.15.3","MQTT","97","Publish Message (id=2577) [Deviceb'Device - 2']"
"409184","2619.148949104","192.168.15.3","192.168.15.4","MQTT","70","Connect Ack"
"409187","2619.151411908","192.168.15.3","192.168.15.4","MQTT","70","Publish Ack (id=2577)"
"409189","2619.152271311","192.168.15.4","192.168.15.3","MQTT","68","Disconnect Req"
"409209","2620.156732679","192.168.15.4","192.168.15.3","MQTT","90","Connect Command"
"409211","2620.159628740","192.168.15.4","192.168.15.3","MQTT","97","Publish Message (id=2578) [Deviceb'Device - 2']"
"409212","2620.160005873","192.168.15.3","192.168.15.4","MQTT","70","Connect Ack"
"409215","2620.162554608","192.168.15.3","192.168.15.4","MQTT","70","Publish Ack (id=2578)"
"409217","2620.163490596","192.168.15.4","192.168.15.3","MQTT","68","Disconnect Req"
"409235","2621.168030692","192.168.15.4","192.168.15.3","MQTT","90","Connect Command"
"409237","2621.170918919","192.168.15.4","192.168.15.3","MQTT","97","Publish Message (id=2579) [Deviceb'Device - 2']"
"409239","2621.175250583","192.168.15.3","192.168.15.4","MQTT","70","Connect Ack"
"409241","2621.178414911","192.168.15.3","192.168.15.4","MQTT","70","Publish Ack (id=2579)"
"409243","2621.179111097","192.168.15.4","192.168.15.3","MQTT","68","Disconnect Req"
"409251","2622.183265343","192.168.15.4","192.168.15.3","MQTT","90","Connect Command"
"409253","2622.185880834","192.168.15.4","192.168.15.3","MQTT","97","Publish Message (id=2580) [Deviceb'Device - 2']"
"409254","2622.186302231","192.168.15.3","192.168.15.4","MQTT","70","Connect Ack"
"409257","2622.189006200","192.168.15.3","192.168.15.4","MQTT","70","Publish Ack (id=2580)"
"409259","2622.189834194","192.168.15.4","192.168.15.3","MQTT","68","Disconnect Req"
"409271","2623.194363272","192.168.15.4","192.168.15.3","MQTT","90","Connect Command"
"409273","2623.197197827","192.168.15.4","192.168.15.3","MQTT","97","Publish Message (id=2581) [Deviceb'Device - 2']"
"409274","2623.197542959","192.168.15.3","192.168.15.4","MQTT","70","Connect Ack"
"409277","2623.200238412","192.168.15.3","192.168.15.4","MQTT","70","Publish Ack (id=2581)"
"409279","2623.200994881","192.168.15.4","192.168.15.3","MQTT","68","Disconnect Req"
"409291","2624.205843835","192.168.15.4","192.168.15.3","MQTT","90","Connect Command"
"409293","2624.208690333","192.168.15.4","192.168.15.3","MQTT","97","Publish Message (id=2582) [Deviceb'Device - 2']"
"409294","2624.209072696","192.168.15.3","192.168.15.4","MQTT","70","Connect Ack"
"409297","2624.211753651","192.168.15.3","192.168.15.4","MQTT","70","Publish Ack (id=2582)"
"409299","2624.212510160","192.168.15.4","192.168.15.3","MQTT","68","Disconnect Req"
"409314","2625.216237215","192.168.15.4","192.168.15.3","MQTT","90","Connect Command"
"409316","2625.219111125","192.168.15.4","192.168.15.3","MQTT","97","Publish Message (id=2583) [Deviceb'Device - 2']"
"409317","2625.219487956","192.168.15.3","192.168.15.4","MQTT","70","Connect Ack"
"409320","2625.222070256","192.168.15.3","192.168.15.4","MQTT","70","Publish Ack (id=2583)"
"409322","2625.222747575","192.168.15.4","192.168.15.3","MQTT","68","Disconnect Req"
"409335","2626.226840973","192.168.15.4","192.168.15.3","MQTT","90","Connect Command"
"409337","2626.229766490","192.168.15.4","192.168.15.3","MQTT","97","Publish Message (id=2584) [Deviceb'Device - 2']"
"409339","2626.234125616","192.168.15.3","192.168.15.4","MQTT","70","Connect Ack"
"409341","2626.236740166","192.168.15.3","192.168.15.4","MQTT","70","Publish Ack (id=2584)"
"409343","2626.237324781","192.168.15.4","192.168.15.3","MQTT","68","Disconnect Req"
"409356","2627.242212430","192.168.15.4","192.168.15.3","MQTT","90","Connect Command"
"409358","2627.245129932","192.168.15.4","192.168.15.3","MQTT","97","Publish Message (id=2585) [Deviceb'Device - 2']"
"409359","2627.245481807","192.168.15.3","192.168.15.4","MQTT","70","Connect Ack"
"409362","2627.248117186","192.168.15.3","192.168.15.4","MQTT","70","Publish Ack (id=2585)"
"409364","2627.248771713","192.168.15.4","192.168.15.3","MQTT","68","Disconnect Req"
"409377","2628.253531239","192.168.15.4","192.168.15.3","MQTT","90","Connect Command"
"409379","2628.256344404","192.168.15.4","192.168.15.3","MQTT","97","Publish Message (id=2586) [Deviceb'Device - 2']"
"409380","2628.256771291","192.168.15.3","192.168.15.4","MQTT","70","Connect Ack"
"409383","2628.259240967","192.168.15.3","192.168.15.4","MQTT","70","Publish Ack (id=2586)"
"409385","2628.259913167","192.168.15.4","192.168.15.3","MQTT","68","Disconnect Req"
"409397","2629.264223728","192.168.15.4","192.168.15.3","MQTT","90","Connect Command"
"409399","2629.267150638","192.168.15.4","192.168.15.3","MQTT","97","Publish Message (id=2587) [Deviceb'Device - 2']"
"409400","2629.268133846","192.168.15.3","192.168.15.4","MQTT","70","Connect Ack"
"409403","2629.270166155","192.168.15.3","192.168.15.4","MQTT","70","Publish Ack (id=2587)"
"409405","2629.270807036","192.168.15.4","192.168.15.3","MQTT","68","Disconnect Req"
"409421","2630.274889837","192.168.15.4","192.168.15.3","MQTT","90","Connect Command"
"409423","2630.279626707","192.168.15.4","192.168.15.3","MQTT","97","Publish Message (id=2588) [Deviceb'Device - 2']"
"409424","2630.279976458","192.168.15.3","192.168.15.4","MQTT","70","Connect Ack"
"409427","2630.282565179","192.168.15.3","192.168.15.4","MQTT","70","Publish Ack (id=2588)"
"409429","2630.283236707","192.168.15.4","192.168.15.3","MQTT","68","Disconnect Req"
"409441","2631.287527933","192.168.15.4","192.168.15.3","MQTT","90","Connect Command"
"409443","2631.290467657","192.168.15.4","192.168.15.3","MQTT","97","Publish Message (id=2589) [Deviceb'Device - 2']"
"409445","2631.294912235","192.168.15.3","192.168.15.4","MQTT","70","Connect Ack"
"409447","2631.297405906","192.168.15.3","192.168.15.4","MQTT","70","Publish Ack (id=2589)"
"409449","2631.298015268","192.168.15.4","192.168.15.3","MQTT","68","Disconnect Req"
"409461","2632.302351049","192.168.15.4","192.168.15.3","MQTT","90","Connect Command"
"409463","2632.305204680","192.168.15.4","192.168.15.3","MQTT","97","Publish Message (id=2590) [Deviceb'Device - 2']"
"409464","2632.305578777","192.168.15.3","192.168.15.4","MQTT","70","Connect Ack"
"409467","2632.308120219","192.168.15.3","192.168.15.4","MQTT","70","Publish Ack (id=2590)"
"409469","2632.308743587","192.168.15.4","192.168.15.3","MQTT","68","Disconnect Req"
"409477","2633.312594332","192.168.15.4","192.168.15.3","MQTT","90","Connect Command"
"409479","2633.315506614","192.168.15.4","192.168.15.3","MQTT","97","Publish Message (id=2591) [Deviceb'Device - 2']"
"409480","2633.315851987","192.168.15.3","192.168.15.4","MQTT","70","Connect Ack"
"409483","2633.318831006","192.168.15.3","192.168.15.4","MQTT","70","Publish Ack (id=2591)"
"409485","2633.319479000","192.168.15.4","192.168.15.3","MQTT","68","Disconnect Req"
"409493","2634.323602923","192.168.15.4","192.168.15.3","MQTT","90","Connect Command"
"409495","2634.326486691","192.168.15.4","192.168.15.3","MQTT","97","Publish Message (id=2592) [Deviceb'Device - 2']"
"409496","2634.326908368","192.168.15.3","192.168.15.4","MQTT","70","Connect Ack"
"409499","2634.329426475","192.168.15.3","192.168.15.4","MQTT","70","Publish Ack (id=2592)"
"409501","2634.330095369","192.168.15.4","192.168.15.3","MQTT","68","Disconnect Req"
"409516","2635.334248358","192.168.15.4","192.168.15.3","MQTT","90","Connect Command"
"409518","2635.337152595","192.168.15.4","192.168.15.3","MQTT","97","Publish Message (id=2593) [Deviceb'Device - 2']"
"409519","2635.337581746","192.168.15.3","192.168.15.4","MQTT","70","Connect Ack"
"409522","2635.340013220","192.168.15.3","192.168.15.4","MQTT","70","Publish Ack (id=2593)"
"409524","2635.340727199","192.168.15.4","192.168.15.3","MQTT","68","Disconnect Req"
"409536","2636.344958878","192.168.15.4","192.168.15.3","MQTT","90","Connect Command"
"409538","2636.347793955","192.168.15.4","192.168.15.3","MQTT","97","Publish Message (id=2594) [Deviceb'Device - 2']"
"409540","2636.352162699","192.168.15.3","192.168.15.4","MQTT","70","Connect Ack"
"409542","2636.354670807","192.168.15.3","192.168.15.4","MQTT","70","Publish Ack (id=2594)"
"409544","2636.355204386","192.168.15.4","192.168.15.3","MQTT","68","Disconnect Req"
"409556","2637.358723279","192.168.15.4","192.168.15.3","MQTT","90","Connect Command"
"409558","2637.361739307","192.168.15.4","192.168.15.3","MQTT","97","Publish Message (id=2595) [Deviceb'Device - 2']"
"409559","2637.362130857","192.168.15.3","192.168.15.4","MQTT","70","Connect Ack"
"409562","2637.364753782","192.168.15.3","192.168.15.4","MQTT","70","Publish Ack (id=2595)"
"409564","2637.365347895","192.168.15.4","192.168.15.3","MQTT","68","Disconnect Req"
"409576","2638.369489856","192.168.15.4","192.168.15.3","MQTT","90","Connect Command"
"409578","2638.372411637","192.168.15.4","192.168.15.3","MQTT","97","Publish Message (id=2596) [Deviceb'Device - 2']"
"409579","2638.372859052","192.168.15.3","192.168.15.4","MQTT","70","Connect Ack"
"409582","2638.375406425","192.168.15.3","192.168.15.4","MQTT","70","Publish Ack (id=2596)"
"409584","2638.376242094","192.168.15.4","192.168.15.3","MQTT","68","Disconnect Req"
"409599","2639.380876517","192.168.15.4","192.168.15.3","MQTT","90","Connect Command"
"409601","2639.383913495","192.168.15.4","192.168.15.3","MQTT","97","Publish Message (id=2597) [Deviceb'Device - 2']"
"409602","2639.384145603","192.168.15.3","192.168.15.4","MQTT","70","Connect Ack"
"409605","2639.386944351","192.168.15.3","192.168.15.4","MQTT","70","Publish Ack (id=2597)"
"409607","2639.387667908","192.168.15.4","192.168.15.3","MQTT","68","Disconnect Req"
"409623","2640.392564658","192.168.15.4","192.168.15.3","MQTT","90","Connect Command"
"409625","2640.395495485","192.168.15.4","192.168.15.3","MQTT","97","Publish Message (id=2598) [Deviceb'Device - 2']"
"409626","2640.395909658","192.168.15.3","192.168.15.4","MQTT","70","Connect Ack"
"409629","2640.398500223","192.168.15.3","192.168.15.4","MQTT","70","Publish Ack (id=2598)"
"409631","2640.399126245","192.168.15.4","192.168.15.3","MQTT","68","Disconnect Req"
"409643","2641.403625614","192.168.15.4","192.168.15.3","MQTT","90","Connect Command"
"409645","2641.406516035","192.168.15.4","192.168.15.3","MQTT","97","Publish Message (id=2599) [Deviceb'Device - 2']"
"409647","2641.410802644","192.168.15.3","192.168.15.4","MQTT","70","Connect Ack"
"409649","2641.413257883","192.168.15.3","192.168.15.4","MQTT","70","Publish Ack (id=2599)"
"409651","2641.414073594","192.168.15.4","192.168.15.3","MQTT","68","Disconnect Req"
"409663","2642.418964964","192.168.15.4","192.168.15.3","MQTT","90","Connect Command"
"409665","2642.421739997","192.168.15.4","192.168.15.3","MQTT","97","Publish Message (id=2600) [Deviceb'Device - 2']"
"409666","2642.422155081","192.168.15.3","192.168.15.4","MQTT","70","Connect Ack"
"409669","2642.424615039","192.168.15.3","192.168.15.4","MQTT","70","Publish Ack (id=2600)"
"409671","2642.425247083","192.168.15.4","192.168.15.3","MQTT","68","Disconnect Req"
"409683","2643.429101293","192.168.15.4","192.168.15.3","MQTT","90","Connect Command"
"409685","2643.431999970","192.168.15.4","192.168.15.3","MQTT","97","Publish Message (id=2601) [Deviceb'Device - 2']"
"409686","2643.432377644","192.168.15.3","192.168.15.4","MQTT","70","Connect Ack"
"409689","2643.434815580","192.168.15.3","192.168.15.4","MQTT","70","Publish Ack (id=2601)"
"409691","2643.435571378","192.168.15.4","192.168.15.3","MQTT","68","Disconnect Req"
"409725","2644.440190396","192.168.15.4","192.168.15.3","MQTT","90","Connect Command"
"409727","2644.443087650","192.168.15.4","192.168.15.3","MQTT","97","Publish Message (id=2602) [Deviceb'Device - 2']"
"409728","2644.443459222","192.168.15.3","192.168.15.4","MQTT","70","Connect Ack"
"409731","2644.445873844","192.168.15.3","192.168.15.4","MQTT","70","Publish Ack (id=2602)"
"409733","2644.446678294","192.168.15.4","192.168.15.3","MQTT","68","Disconnect Req"
"409744","2645.451557533","192.168.15.4","192.168.15.3","MQTT","90","Connect Command"
"409746","2645.454406306","192.168.15.4","192.168.15.3","MQTT","97","Publish Message (id=2603) [Deviceb'Device - 2']"
"409747","2645.454801652","192.168.15.3","192.168.15.4","MQTT","70","Connect Ack"
"409750","2645.457356129","192.168.15.3","192.168.15.4","MQTT","70","Publish Ack (id=2603)"
"409752","2645.458128007","192.168.15.4","192.168.15.3","MQTT","68","Disconnect Req"
"409764","2646.463684316","192.168.15.4","192.168.15.3","MQTT","90","Connect Command"
"409766","2646.468259300","192.168.15.4","192.168.15.3","MQTT","97","Publish Message (id=2604) [Deviceb'Device - 2']"
"409768","2646.472647841","192.168.15.3","192.168.15.4","MQTT","70","Connect Ack"
"409770","2646.475107569","192.168.15.3","192.168.15.4","MQTT","70","Publish Ack (id=2604)"
"409772","2646.475696381","192.168.15.4","192.168.15.3","MQTT","68","Disconnect Req"
"409792","2647.480382882","192.168.15.4","192.168.15.3","MQTT","90","Connect Command"
"409794","2647.483264196","192.168.15.4","192.168.15.3","MQTT","97","Publish Message (id=2605) [Deviceb'Device - 2']"
"409795","2647.483708715","192.168.15.3","192.168.15.4","MQTT","70","Connect Ack"
"409798","2647.486257091","192.168.15.3","192.168.15.4","MQTT","70","Publish Ack (id=2605)"
"409800","2647.486988302","192.168.15.4","192.168.15.3","MQTT","68","Disconnect Req"
"409812","2648.491013864","192.168.15.4","192.168.15.3","MQTT","90","Connect Command"
"409814","2648.493994245","192.168.15.4","192.168.15.3","MQTT","97","Publish Message (id=2606) [Deviceb'Device - 2']"
"409815","2648.494622342","192.168.15.3","192.168.15.4","MQTT","70","Connect Ack"
"409818","2648.497481554","192.168.15.3","192.168.15.4","MQTT","70","Publish Ack (id=2606)"
"409820","2648.498031322","192.168.15.4","192.168.15.3","MQTT","68","Disconnect Req"
"409838","2649.502367931","192.168.15.4","192.168.15.3","MQTT","90","Connect Command"
"409840","2649.505270956","192.168.15.4","192.168.15.3","MQTT","97","Publish Message (id=2607) [Deviceb'Device - 2']"
"409841","2649.505704425","192.168.15.3","192.168.15.4","MQTT","70","Connect Ack"
"409844","2649.508259983","192.168.15.3","192.168.15.4","MQTT","70","Publish Ack (id=2607)"
"409846","2649.508759297","192.168.15.4","192.168.15.3","MQTT","68","Disconnect Req"
"409860","2650.513157404","192.168.15.4","192.168.15.3","MQTT","90","Connect Command"
"409863","2650.515933449","192.168.15.4","192.168.15.3","MQTT","97","Publish Message (id=2608) [Deviceb'Device - 2']"
"409864","2650.516356899","192.168.15.3","192.168.15.4","MQTT","70","Connect Ack"
"409867","2650.518872822","192.168.15.3","192.168.15.4","MQTT","70","Publish Ack (id=2608)"
"409869","2650.519559710","192.168.15.4","192.168.15.3","MQTT","68","Disconnect Req"
"409880","2651.523477369","192.168.15.4","192.168.15.3","MQTT","90","Connect Command"
"409882","2651.526454263","192.168.15.4","192.168.15.3","MQTT","97","Publish Message (id=2609) [Deviceb'Device - 2']"
"409884","2651.530812097","192.168.15.3","192.168.15.4","MQTT","70","Connect Ack"
"409886","2651.533281903","192.168.15.3","192.168.15.4","MQTT","70","Publish Ack (id=2609)"
"409888","2651.533700915","192.168.15.4","192.168.15.3","MQTT","68","Disconnect Req"
"409901","2652.539786632","192.168.15.4","192.168.15.3","MQTT","90","Connect Command"
"409903","2652.542633441","192.168.15.4","192.168.15.3","MQTT","97","Publish Message (id=2610) [Deviceb'Device - 2']"
"409904","2652.543012968","192.168.15.3","192.168.15.4","MQTT","70","Connect Ack"
"409907","2652.545799062","192.168.15.3","192.168.15.4","MQTT","70","Publish Ack (id=2610)"
"409909","2652.546670008","192.168.15.4","192.168.15.3","MQTT","68","Disconnect Req"
"409924","2653.550946306","192.168.15.4","192.168.15.3","MQTT","90","Connect Command"
"409926","2653.555849219","192.168.15.4","192.168.15.3","MQTT","97","Publish Message (id=2611) [Deviceb'Device - 2']"
"409927","2653.556268241","192.168.15.3","192.168.15.4","MQTT","70","Connect Ack"
"409930","2653.558776971","192.168.15.3","192.168.15.4","MQTT","70","Publish Ack (id=2611)"
"409932","2653.559278028","192.168.15.4","192.168.15.3","MQTT","68","Disconnect Req"
"409948","2654.563490776","192.168.15.4","192.168.15.3","MQTT","90","Connect Command"
"409950","2654.566378051","192.168.15.4","192.168.15.3","MQTT","97","Publish Message (id=2612) [Deviceb'Device - 2']"
"409951","2654.566777806","192.168.15.3","192.168.15.4","MQTT","70","Connect Ack"
"409954","2654.569386926","192.168.15.3","192.168.15.4","MQTT","70","Publish Ack (id=2612)"
"409956","2654.570081929","192.168.15.4","192.168.15.3","MQTT","68","Disconnect Req"
"409971","2655.574880486","192.168.15.4","192.168.15.3","MQTT","90","Connect Command"
"409973","2655.577802667","192.168.15.4","192.168.15.3","MQTT","97","Publish Message (id=2613) [Deviceb'Device - 2']"
"409974","2655.578254320","192.168.15.3","192.168.15.4","MQTT","70","Connect Ack"
"409977","2655.580758131","192.168.15.3","192.168.15.4","MQTT","70","Publish Ack (id=2613)"
"409979","2655.581273605","192.168.15.4","192.168.15.3","MQTT","68","Disconnect Req"
"409998","2656.586007340","192.168.15.4","192.168.15.3","MQTT","90","Connect Command"
"410000","2656.590624965","192.168.15.4","192.168.15.3","MQTT","97","Publish Message (id=2614) [Deviceb'Device - 2']"
"410002","2656.594984211","192.168.15.3","192.168.15.4","MQTT","70","Connect Ack"
"410004","2656.597560499","192.168.15.3","192.168.15.4","MQTT","70","Publish Ack (id=2614)"
"410006","2656.598234713","192.168.15.4","192.168.15.3","MQTT","68","Disconnect Req"
"410014","2657.602333811","192.168.15.4","192.168.15.3","MQTT","90","Connect Command"
"410016","2657.605176983","192.168.15.4","192.168.15.3","MQTT","97","Publish Message (id=2615) [Deviceb'Device - 2']"
"410017","2657.605556670","192.168.15.3","192.168.15.4","MQTT","70","Connect Ack"
"410020","2657.608114313","192.168.15.3","192.168.15.4","MQTT","70","Publish Ack (id=2615)"
"410022","2657.609084636","192.168.15.4","192.168.15.3","MQTT","68","Disconnect Req"
"410034","2658.613550246","192.168.15.4","192.168.15.3","MQTT","90","Connect Command"
"410036","2658.616472227","192.168.15.4","192.168.15.3","MQTT","97","Publish Message (id=2616) [Deviceb'Device - 2']"
"410037","2658.616882492","192.168.15.3","192.168.15.4","MQTT","70","Connect Ack"
"410040","2658.619474419","192.168.15.3","192.168.15.4","MQTT","70","Publish Ack (id=2616)"
"410042","2658.620019619","192.168.15.4","192.168.15.3","MQTT","68","Disconnect Req"
"410054","2659.625172140","192.168.15.4","192.168.15.3","MQTT","90","Connect Command"
"410056","2659.627838118","192.168.15.4","192.168.15.3","MQTT","97","Publish Message (id=2617) [Deviceb'Device - 2']"
"410057","2659.628155347","192.168.15.3","192.168.15.4","MQTT","70","Connect Ack"
"410060","2659.630767102","192.168.15.3","192.168.15.4","MQTT","70","Publish Ack (id=2617)"
"410062","2659.631713450","192.168.15.4","192.168.15.3","MQTT","68","Disconnect Req"
"410078","2660.635915535","192.168.15.4","192.168.15.3","MQTT","90","Connect Command"
"410080","2660.638576332","192.168.15.4","192.168.15.3","MQTT","97","Publish Message (id=2618) [Deviceb'Device - 2']"
"410081","2660.638976819","192.168.15.3","192.168.15.4","MQTT","70","Connect Ack"
"410084","2660.641575659","192.168.15.3","192.168.15.4","MQTT","70","Publish Ack (id=2618)"
"410086","2660.642130107","192.168.15.4","192.168.15.3","MQTT","68","Disconnect Req"
"410098","2661.646697583","192.168.15.4","192.168.15.3","MQTT","90","Connect Command"
"410100","2661.649864727","192.168.15.4","192.168.15.3","MQTT","97","Publish Message (id=2619) [Deviceb'Device - 2']"
"410101","2661.650493515","192.168.15.3","192.168.15.4","MQTT","70","Connect Ack"
"410104","2661.652892047","192.168.15.3","192.168.15.4","MQTT","70","Publish Ack (id=2619)"
"410106","2661.653535002","192.168.15.4","192.168.15.3","MQTT","68","Disconnect Req"
"410118","2662.658010506","192.168.15.4","192.168.15.3","MQTT","90","Connect Command"
"410120","2662.662753457","192.168.15.4","192.168.15.3","MQTT","97","Publish Message (id=2620) [Deviceb'Device - 2']"
"410121","2662.663145468","192.168.15.3","192.168.15.4","MQTT","70","Connect Ack"
"410124","2662.665669817","192.168.15.3","192.168.15.4","MQTT","70","Publish Ack (id=2620)"
"410126","2662.666206922","192.168.15.4","192.168.15.3","MQTT","68","Disconnect Req"
"410138","2663.670900439","192.168.15.4","192.168.15.3","MQTT","90","Connect Command"
"410140","2663.673827540","192.168.15.4","192.168.15.3","MQTT","97","Publish Message (id=2621) [Deviceb'Device - 2']"
"410141","2663.675065408","192.168.15.3","192.168.15.4","MQTT","70","Connect Ack"
"410144","2663.676724513","192.168.15.3","192.168.15.4","MQTT","70","Publish Ack (id=2621)"
"410146","2663.677343022","192.168.15.4","192.168.15.3","MQTT","68","Disconnect Req"
"410158","2664.682499503","192.168.15.4","192.168.15.3","MQTT","90","Connect Command"
"410160","2664.685403570","192.168.15.4","192.168.15.3","MQTT","97","Publish Message (id=2622) [Deviceb'Device - 2']"
"410161","2664.685787386","192.168.15.3","192.168.15.4","MQTT","70","Connect Ack"
"410164","2664.688390755","192.168.15.3","192.168.15.4","MQTT","70","Publish Ack (id=2622)"
"410166","2664.689070559","192.168.15.4","192.168.15.3","MQTT","68","Disconnect Req"
"410186","2665.693360224","192.168.15.4","192.168.15.3","MQTT","90","Connect Command"
"410188","2665.696172077","192.168.15.4","192.168.15.3","MQTT","97","Publish Message (id=2623) [Deviceb'Device - 2']"
"410189","2665.696614323","192.168.15.3","192.168.15.4","MQTT","70","Connect Ack"
"410192","2665.699058100","192.168.15.3","192.168.15.4","MQTT","70","Publish Ack (id=2623)"
"410194","2665.699746010","192.168.15.4","192.168.15.3","MQTT","68","Disconnect Req"
"410206","2666.704547062","192.168.15.4","192.168.15.3","MQTT","90","Connect Command"
"410208","2666.707085699","192.168.15.4","192.168.15.3","MQTT","97","Publish Message (id=2624) [Deviceb'Device - 2']"
"410210","2666.711517402","192.168.15.3","192.168.15.4","MQTT","70","Connect Ack"
"410212","2666.714025771","192.168.15.3","192.168.15.4","MQTT","70","Publish Ack (id=2624)"
"410214","2666.714703862","192.168.15.4","192.168.15.3","MQTT","68","Disconnect Req"
"410226","2667.718606259","192.168.15.4","192.168.15.3","MQTT","90","Connect Command"
"410228","2667.721525615","192.168.15.4","192.168.15.3","MQTT","97","Publish Message (id=2625) [Deviceb'Device - 2']"
"410229","2667.721891576","192.168.15.3","192.168.15.4","MQTT","70","Connect Ack"
"410232","2667.724587319","192.168.15.3","192.168.15.4","MQTT","70","Publish Ack (id=2625)"
"410234","2667.725256313","192.168.15.4","192.168.15.3","MQTT","68","Disconnect Req"
"410242","2668.729821382","192.168.15.4","192.168.15.3","MQTT","90","Connect Command"
"410244","2668.732680253","192.168.15.4","192.168.15.3","MQTT","97","Publish Message (id=2626) [Deviceb'Device - 2']"
"410245","2668.733079607","192.168.15.3","192.168.15.4","MQTT","70","Connect Ack"
"410248","2668.735646668","192.168.15.3","192.168.15.4","MQTT","70","Publish Ack (id=2626)"
"410250","2668.736561416","192.168.15.4","192.168.15.3","MQTT","68","Disconnect Req"
"410262","2669.741201669","192.168.15.4","192.168.15.3","MQTT","90","Connect Command"
"410264","2669.744111627","192.168.15.4","192.168.15.3","MQTT","97","Publish Message (id=2627) [Deviceb'Device - 2']"
"410265","2669.744499219","192.168.15.3","192.168.15.4","MQTT","70","Connect Ack"
"410268","2669.747040511","192.168.15.3","192.168.15.4","MQTT","70","Publish Ack (id=2627)"
"410270","2669.747631066","192.168.15.4","192.168.15.3","MQTT","68","Disconnect Req"
"410288","2670.751287189","192.168.15.4","192.168.15.3","MQTT","90","Connect Command"
"410290","2670.754147724","192.168.15.4","192.168.15.3","MQTT","97","Publish Message (id=2628) [Deviceb'Device - 2']"
"410291","2670.754541829","192.168.15.3","192.168.15.4","MQTT","70","Connect Ack"
"410294","2670.758124237","192.168.15.3","192.168.15.4","MQTT","70","Publish Ack (id=2628)"
"410296","2670.758741023","192.168.15.4","192.168.15.3","MQTT","68","Disconnect Req"
"410308","2671.762906841","192.168.15.4","192.168.15.3","MQTT","90","Connect Command"
"410310","2671.765800268","192.168.15.4","192.168.15.3","MQTT","97","Publish Message (id=2629) [Deviceb'Device - 2']"
"410312","2671.770130900","192.168.15.3","192.168.15.4","MQTT","70","Connect Ack"
"410314","2671.774326587","192.168.15.3","192.168.15.4","MQTT","70","Publish Ack (id=2629)"
"410316","2671.775003727","192.168.15.4","192.168.15.3","MQTT","68","Disconnect Req"
"410328","2672.779659410","192.168.15.4","192.168.15.3","MQTT","90","Connect Command"
"410330","2672.782586179","192.168.15.4","192.168.15.3","MQTT","97","Publish Message (id=2630) [Deviceb'Device - 2']"
"410331","2672.783004560","192.168.15.3","192.168.15.4","MQTT","70","Connect Ack"
"410334","2672.785695434","192.168.15.3","192.168.15.4","MQTT","70","Publish Ack (id=2630)"
"410336","2672.786286190","192.168.15.4","192.168.15.3","MQTT","68","Disconnect Req"
"410346","2673.790336670","192.168.15.4","192.168.15.3","MQTT","90","Connect Command"
"410349","2673.795646523","192.168.15.4","192.168.15.3","MQTT","97","Publish Message (id=2631) [Deviceb'Device - 2']"
"410350","2673.796031049","192.168.15.3","192.168.15.4","MQTT","70","Connect Ack"
"410353","2673.798742733","192.168.15.3","192.168.15.4","MQTT","70","Publish Ack (id=2631)"
"410355","2673.799298733","192.168.15.4","192.168.15.3","MQTT","68","Disconnect Req"
"410386","2674.803772694","192.168.15.4","192.168.15.3","MQTT","90","Connect Command"
"410388","2674.806584757","192.168.15.4","192.168.15.3","MQTT","97","Publish Message (id=2632) [Deviceb'Device - 2']"
"410389","2674.806912407","192.168.15.3","192.168.15.4","MQTT","70","Connect Ack"
"410392","2674.809529331","192.168.15.3","192.168.15.4","MQTT","70","Publish Ack (id=2632)"
"410394","2674.810213323","192.168.15.4","192.168.15.3","MQTT","68","Disconnect Req"
"410411","2675.814681232","192.168.15.4","192.168.15.3","MQTT","90","Connect Command"
"410413","2675.817501511","192.168.15.4","192.168.15.3","MQTT","97","Publish Message (id=2633) [Deviceb'Device - 2']"
"410414","2675.817886959","192.168.15.3","192.168.15.4","MQTT","70","Connect Ack"
"410417","2675.820714502","192.168.15.3","192.168.15.4","MQTT","70","Publish Ack (id=2633)"
"410419","2675.821476662","192.168.15.4","192.168.15.3","MQTT","68","Disconnect Req"
"410433","2676.825738303","192.168.15.4","192.168.15.3","MQTT","90","Connect Command"
"410435","2676.830487195","192.168.15.4","192.168.15.3","MQTT","97","Publish Message (id=2634) [Deviceb'Device - 2']"
"410437","2676.834887369","192.168.15.3","192.168.15.4","MQTT","70","Connect Ack"
"410439","2676.837399606","192.168.15.3","192.168.15.4","MQTT","70","Publish Ack (id=2634)"
"410441","2676.838058892","192.168.15.4","192.168.15.3","MQTT","68","Disconnect Req"
"410453","2677.842616885","192.168.15.4","192.168.15.3","MQTT","90","Connect Command"
"410455","2677.845997342","192.168.15.4","192.168.15.3","MQTT","97","Publish Message (id=2635) [Deviceb'Device - 2']"
"410456","2677.846276810","192.168.15.3","192.168.15.4","MQTT","70","Connect Ack"
"410459","2677.848928560","192.168.15.3","192.168.15.4","MQTT","70","Publish Ack (id=2635)"
"410461","2677.849598025","192.168.15.4","192.168.15.3","MQTT","68","Disconnect Req"
"410473","2678.854005565","192.168.15.4","192.168.15.3","MQTT","90","Connect Command"
"410475","2678.856862764","192.168.15.4","192.168.15.3","MQTT","97","Publish Message (id=2636) [Deviceb'Device - 2']"
"410476","2678.857314347","192.168.15.3","192.168.15.4","MQTT","70","Connect Ack"
"410479","2678.859678344","192.168.15.3","192.168.15.4","MQTT","70","Publish Ack (id=2636)"
"410481","2678.860491460","192.168.15.4","192.168.15.3","MQTT","68","Disconnect Req"
"410493","2679.864865598","192.168.15.4","192.168.15.3","MQTT","90","Connect Command"
"410495","2679.867736813","192.168.15.4","192.168.15.3","MQTT","97","Publish Message (id=2637) [Deviceb'Device - 2']"
"410496","2679.868157337","192.168.15.3","192.168.15.4","MQTT","70","Connect Ack"
"410499","2679.870584673","192.168.15.3","192.168.15.4","MQTT","70","Publish Ack (id=2637)"
"410501","2679.871256953","192.168.15.4","192.168.15.3","MQTT","68","Disconnect Req"
"410513","2680.875147980","192.168.15.4","192.168.15.3","MQTT","90","Connect Command"
"410515","2680.878376921","192.168.15.3","192.168.15.4","MQTT","70","Connect Ack"
"410516","2680.878421044","192.168.15.4","192.168.15.3","MQTT","97","Publish Message (id=2638) [Deviceb'Device - 2']"
"410519","2680.881376218","192.168.15.3","192.168.15.4","MQTT","70","Publish Ack (id=2638)"
"410521","2680.882256171","192.168.15.4","192.168.15.3","MQTT","68","Disconnect Req"
"410533","2681.886403552","192.168.15.4","192.168.15.3","MQTT","90","Connect Command"
"410535","2681.889276450","192.168.15.4","192.168.15.3","MQTT","97","Publish Message (id=2639) [Deviceb'Device - 2']"
"410537","2681.893589770","192.168.15.3","192.168.15.4","MQTT","70","Connect Ack"
"410539","2681.896060748","192.168.15.3","192.168.15.4","MQTT","70","Publish Ack (id=2639)"
"410541","2681.896856021","192.168.15.4","192.168.15.3","MQTT","68","Disconnect Req"
"410553","2682.901753478","192.168.15.4","192.168.15.3","MQTT","90","Connect Command"
"410555","2682.904582122","192.168.15.4","192.168.15.3","MQTT","97","Publish Message (id=2640) [Deviceb'Device - 2']"
"410556","2682.904938235","192.168.15.3","192.168.15.4","MQTT","70","Connect Ack"
"410559","2682.907578764","192.168.15.3","192.168.15.4","MQTT","70","Publish Ack (id=2640)"
"410561","2682.908242188","192.168.15.4","192.168.15.3","MQTT","68","Disconnect Req"
"410577","2683.912533813","192.168.15.4","192.168.15.3","MQTT","90","Connect Command"
"410579","2683.915235958","192.168.15.4","192.168.15.3","MQTT","97","Publish Message (id=2641) [Deviceb'Device - 2']"
"410580","2683.915586991","192.168.15.3","192.168.15.4","MQTT","70","Connect Ack"
"410583","2683.918171755","192.168.15.3","192.168.15.4","MQTT","70","Publish Ack (id=2641)"
"410585","2683.918786767","192.168.15.4","192.168.15.3","MQTT","68","Disconnect Req"
"410603","2684.922886870","192.168.15.4","192.168.15.3","MQTT","90","Connect Command"
"410605","2684.925667604","192.168.15.4","192.168.15.3","MQTT","97","Publish Message (id=2642) [Deviceb'Device - 2']"
"410606","2684.926041861","192.168.15.3","192.168.15.4","MQTT","70","Connect Ack"
"410609","2684.928714300","192.168.15.3","192.168.15.4","MQTT","70","Publish Ack (id=2642)"
"410611","2684.929507128","192.168.15.4","192.168.15.3","MQTT","68","Disconnect Req"
"410623","2685.934226792","192.168.15.4","192.168.15.3","MQTT","90","Connect Command"
"410625","2685.937090553","192.168.15.4","192.168.15.3","MQTT","97","Publish Message (id=2643) [Deviceb'Device - 2']"
"410626","2685.937541044","192.168.15.3","192.168.15.4","MQTT","70","Connect Ack"
"410629","2685.940152098","192.168.15.3","192.168.15.4","MQTT","70","Publish Ack (id=2643)"
"410631","2685.940916292","192.168.15.4","192.168.15.3","MQTT","68","Disconnect Req"
"410643","2686.944869269","192.168.15.4","192.168.15.3","MQTT","90","Connect Command"
"410645","2686.947490982","192.168.15.4","192.168.15.3","MQTT","97","Publish Message (id=2644) [Deviceb'Device - 2']"
"410647","2686.951786959","192.168.15.3","192.168.15.4","MQTT","70","Connect Ack"
"410649","2686.954335975","192.168.15.3","192.168.15.4","MQTT","70","Publish Ack (id=2644)"
"410651","2686.955063700","192.168.15.4","192.168.15.3","MQTT","68","Disconnect Req"
"410667","2687.960380304","192.168.15.4","192.168.15.3","MQTT","90","Connect Command"
"410669","2687.966243191","192.168.15.4","192.168.15.3","MQTT","97","Publish Message (id=2645) [Deviceb'Device - 2']"
"410670","2687.966817035","192.168.15.3","192.168.15.4","MQTT","70","Connect Ack"
"410673","2687.970312750","192.168.15.3","192.168.15.4","MQTT","70","Publish Ack (id=2645)"
"410675","2687.971029073","192.168.15.4","192.168.15.3","MQTT","68","Disconnect Req"
"410687","2688.975435881","192.168.15.4","192.168.15.3","MQTT","90","Connect Command"
"410689","2688.980317715","192.168.15.4","192.168.15.3","MQTT","97","Publish Message (id=2646) [Deviceb'Device - 2']"
"410690","2688.980764659","192.168.15.3","192.168.15.4","MQTT","70","Connect Ack"
"410693","2688.983316009","192.168.15.3","192.168.15.4","MQTT","70","Publish Ack (id=2646)"
"410695","2688.983851982","192.168.15.4","192.168.15.3","MQTT","68","Disconnect Req"
"410712","2689.988368346","192.168.15.4","192.168.15.3","MQTT","90","Connect Command"
"410714","2689.991314923","192.168.15.4","192.168.15.3","MQTT","97","Publish Message (id=2647) [Deviceb'Device - 2']"
"410715","2689.992166803","192.168.15.3","192.168.15.4","MQTT","70","Connect Ack"
"410718","2689.994643372","192.168.15.3","192.168.15.4","MQTT","70","Publish Ack (id=2647)"
"410720","2689.995302448","192.168.15.4","192.168.15.3","MQTT","68","Disconnect Req"
"410733","2690.999046043","192.168.15.4","192.168.15.3","MQTT","90","Connect Command"
"410735","2691.001905846","192.168.15.4","192.168.15.3","MQTT","97","Publish Message (id=2648) [Deviceb'Device - 2']"
"410736","2691.002278510","192.168.15.3","192.168.15.4","MQTT","70","Connect Ack"
"410739","2691.004808390","192.168.15.3","192.168.15.4","MQTT","70","Publish Ack (id=2648)"
"410741","2691.005567895","192.168.15.4","192.168.15.3","MQTT","68","Disconnect Req"
"410749","2692.010353099","192.168.15.4","192.168.15.3","MQTT","90","Connect Command"
"410751","2692.013163199","192.168.15.4","192.168.15.3","MQTT","97","Publish Message (id=2649) [Deviceb'Device - 2']"
"410753","2692.017583471","192.168.15.3","192.168.15.4","MQTT","70","Connect Ack"
"410755","2692.020129001","192.168.15.3","192.168.15.4","MQTT","70","Publish Ack (id=2649)"
"410757","2692.020852037","192.168.15.4","192.168.15.3","MQTT","68","Disconnect Req"
"410769","2693.025217139","192.168.15.4","192.168.15.3","MQTT","90","Connect Command"
"410771","2693.028099795","192.168.15.4","192.168.15.3","MQTT","97","Publish Message (id=2650) [Deviceb'Device - 2']"
"410772","2693.028478581","192.168.15.3","192.168.15.4","MQTT","70","Connect Ack"
"410775","2693.031059457","192.168.15.3","192.168.15.4","MQTT","70","Publish Ack (id=2650)"
"410777","2693.031847757","192.168.15.4","192.168.15.3","MQTT","68","Disconnect Req"
"410793","2694.036737210","192.168.15.4","192.168.15.3","MQTT","90","Connect Command"
"410795","2694.039498998","192.168.15.4","192.168.15.3","MQTT","97","Publish Message (id=2651) [Deviceb'Device - 2']"
"410796","2694.039892351","192.168.15.3","192.168.15.4","MQTT","70","Connect Ack"
"410799","2694.042343493","192.168.15.3","192.168.15.4","MQTT","70","Publish Ack (id=2651)"
"410801","2694.043180895","192.168.15.4","192.168.15.3","MQTT","68","Disconnect Req"
"410818","2695.048122158","192.168.15.4","192.168.15.3","MQTT","90","Connect Command"
"410820","2695.051007820","192.168.15.4","192.168.15.3","MQTT","97","Publish Message (id=2652) [Deviceb'Device - 2']"
"410821","2695.051377198","192.168.15.3","192.168.15.4","MQTT","70","Connect Ack"
"410824","2695.054088611","192.168.15.3","192.168.15.4","MQTT","70","Publish Ack (id=2652)"
"410826","2695.054850500","192.168.15.4","192.168.15.3","MQTT","68","Disconnect Req"
"410838","2696.062130432","192.168.15.4","192.168.15.3","MQTT","90","Connect Command"
"410840","2696.064429326","192.168.15.4","192.168.15.3","MQTT","97","Publish Message (id=2653) [Deviceb'Device - 2']"
"410841","2696.064847746","192.168.15.3","192.168.15.4","MQTT","70","Connect Ack"
"410844","2696.067538500","192.168.15.3","192.168.15.4","MQTT","70","Publish Ack (id=2653)"
"410846","2696.068203286","192.168.15.4","192.168.15.3","MQTT","68","Disconnect Req"
"410857","2697.072932339","192.168.15.4","192.168.15.3","MQTT","90","Connect Command"
"410861","2697.076025794","192.168.15.4","192.168.15.3","MQTT","97","Publish Message (id=2654) [Deviceb'Device - 2']"
"410863","2697.080463739","192.168.15.3","192.168.15.4","MQTT","70","Connect Ack"
"410865","2697.083103046","192.168.15.3","192.168.15.4","MQTT","70","Publish Ack (id=2654)"
"410867","2697.083868051","192.168.15.4","192.168.15.3","MQTT","68","Disconnect Req"
"410876","2698.088253917","192.168.15.4","192.168.15.3","MQTT","90","Connect Command"
"410878","2698.090591604","192.168.15.4","192.168.15.3","MQTT","97","Publish Message (id=2655) [Deviceb'Device - 2']"
"410879","2698.090997471","192.168.15.3","192.168.15.4","MQTT","70","Connect Ack"
"410882","2698.093602533","192.168.15.3","192.168.15.4","MQTT","70","Publish Ack (id=2655)"
"410885","2698.094266487","192.168.15.4","192.168.15.3","MQTT","68","Disconnect Req"
"410897","2699.097988959","192.168.15.4","192.168.15.3","MQTT","90","Connect Command"
"410899","2699.100939544","192.168.15.4","192.168.15.3","MQTT","97","Publish Message (id=2656) [Deviceb'Device - 2']"
"410900","2699.101324331","192.168.15.3","192.168.15.4","MQTT","70","Connect Ack"
"410903","2699.103813344","192.168.15.3","192.168.15.4","MQTT","70","Publish Ack (id=2656)"
"410905","2699.104265618","192.168.15.4","192.168.15.3","MQTT","68","Disconnect Req"
"410924","2700.108384601","192.168.15.4","192.168.15.3","MQTT","90","Connect Command"
"410926","2700.111235157","192.168.15.4","192.168.15.3","MQTT","97","Publish Message (id=2657) [Deviceb'Device - 2']"
"410927","2700.111667183","192.168.15.3","192.168.15.4","MQTT","70","Connect Ack"
"410930","2700.114270952","192.168.15.3","192.168.15.4","MQTT","70","Publish Ack (id=2657)"
"410932","2700.114599413","192.168.15.4","192.168.15.3","MQTT","68","Disconnect Req"
"410944","2701.119113312","192.168.15.4","192.168.15.3","MQTT","90","Connect Command"
"410946","2701.121990328","192.168.15.4","192.168.15.3","MQTT","97","Publish Message (id=2658) [Deviceb'Device - 2']"
"410947","2701.122350578","192.168.15.3","192.168.15.4","MQTT","70","Connect Ack"
"410950","2701.124844470","192.168.15.3","192.168.15.4","MQTT","70","Publish Ack (id=2658)"
"410952","2701.125566214","192.168.15.4","192.168.15.3","MQTT","68","Disconnect Req"
"410970","2702.130401180","192.168.15.4","192.168.15.3","MQTT","90","Connect Command"
"410972","2702.133105610","192.168.15.4","192.168.15.3","MQTT","97","Publish Message (id=2659) [Deviceb'Device - 2']"
"410973","2702.133566090","192.168.15.3","192.168.15.4","MQTT","70","Connect Ack"
"410976","2702.135992425","192.168.15.3","192.168.15.4","MQTT","70","Publish Ack (id=2659)"
"410978","2702.136742703","192.168.15.4","192.168.15.3","MQTT","68","Disconnect Req"
"410990","2703.141258136","192.168.15.4","192.168.15.3","MQTT","90","Connect Command"
"410992","2703.144006819","192.168.15.4","192.168.15.3","MQTT","97","Publish Message (id=2660) [Deviceb'Device - 2']"
"410993","2703.144426572","192.168.15.3","192.168.15.4","MQTT","70","Connect Ack"
"410996","2703.147064516","192.168.15.3","192.168.15.4","MQTT","70","Publish Ack (id=2660)"
"410998","2703.147819983","192.168.15.4","192.168.15.3","MQTT","68","Disconnect Req"
"411008","2704.151999154","192.168.15.4","192.168.15.3","MQTT","90","Connect Command"
"411010","2704.154868595","192.168.15.4","192.168.15.3","MQTT","97","Publish Message (id=2661) [Deviceb'Device - 2']"
"411011","2704.155227503","192.168.15.3","192.168.15.4","MQTT","70","Connect Ack"
"411014","2704.157846582","192.168.15.3","192.168.15.4","MQTT","70","Publish Ack (id=2661)"
"411016","2704.158544360","192.168.15.4","192.168.15.3","MQTT","68","Disconnect Req"
"411031","2705.163518824","192.168.15.4","192.168.15.3","MQTT","90","Connect Command"
"411033","2705.166240256","192.168.15.4","192.168.15.3","MQTT","97","Publish Message (id=2662) [Deviceb'Device - 2']"
"411034","2705.166650160","192.168.15.3","192.168.15.4","MQTT","70","Connect Ack"
"411037","2705.169176864","192.168.15.3","192.168.15.4","MQTT","70","Publish Ack (id=2662)"
"411039","2705.169694963","192.168.15.4","192.168.15.3","MQTT","68","Disconnect Req"
"411051","2706.173508213","192.168.15.4","192.168.15.3","MQTT","90","Connect Command"
"411053","2706.176356234","192.168.15.4","192.168.15.3","MQTT","97","Publish Message (id=2663) [Deviceb'Device - 2']"
"411054","2706.176789252","192.168.15.3","192.168.15.4","MQTT","70","Connect Ack"
"411057","2706.180576568","192.168.15.3","192.168.15.4","MQTT","70","Publish Ack (id=2663)"
"411059","2706.181216237","192.168.15.4","192.168.15.3","MQTT","68","Disconnect Req"
"411076","2707.184961508","192.168.15.4","192.168.15.3","MQTT","90","Connect Command"
"411078","2707.187849505","192.168.15.4","192.168.15.3","MQTT","97","Publish Message (id=2664) [Deviceb'Device - 2']"
"411080","2707.192248417","192.168.15.3","192.168.15.4","MQTT","70","Connect Ack"
"411082","2707.194728052","192.168.15.3","192.168.15.4","MQTT","70","Publish Ack (id=2664)"
"411084","2707.195334317","192.168.15.4","192.168.15.3","MQTT","68","Disconnect Req"
"411106","2708.199643455","192.168.15.4","192.168.15.3","MQTT","90","Connect Command"
"411108","2708.202286098","192.168.15.4","192.168.15.3","MQTT","97","Publish Message (id=2665) [Deviceb'Device - 2']"
"411109","2708.202698808","192.168.15.3","192.168.15.4","MQTT","70","Connect Ack"
"411112","2708.205269395","192.168.15.3","192.168.15.4","MQTT","70","Publish Ack (id=2665)"
"411114","2708.205893334","192.168.15.4","192.168.15.3","MQTT","68","Disconnect Req"
"411135","2709.210068289","192.168.15.4","192.168.15.3","MQTT","90","Connect Command"
"411137","2709.212937700","192.168.15.4","192.168.15.3","MQTT","97","Publish Message (id=2666) [Deviceb'Device - 2']"
"411138","2709.213316206","192.168.15.3","192.168.15.4","MQTT","70","Connect Ack"
"411141","2709.216046404","192.168.15.3","192.168.15.4","MQTT","70","Publish Ack (id=2666)"
"411143","2709.216683628","192.168.15.4","192.168.15.3","MQTT","68","Disconnect Req"
"411159","2710.221131800","192.168.15.4","192.168.15.3","MQTT","90","Connect Command"
"411161","2710.223987055","192.168.15.4","192.168.15.3","MQTT","97","Publish Message (id=2667) [Deviceb'Device - 2']"
"411162","2710.224426996","192.168.15.3","192.168.15.4","MQTT","70","Connect Ack"
"411165","2710.226944944","192.168.15.3","192.168.15.4","MQTT","70","Publish Ack (id=2667)"
"411167","2710.227664323","192.168.15.4","192.168.15.3","MQTT","68","Disconnect Req"
"411179","2711.231653960","192.168.15.4","192.168.15.3","MQTT","90","Connect Command"
"411181","2711.234366295","192.168.15.4","192.168.15.3","MQTT","97","Publish Message (id=2668) [Deviceb'Device - 2']"
"411182","2711.234731996","192.168.15.3","192.168.15.4","MQTT","70","Connect Ack"
"411185","2711.237265072","192.168.15.3","192.168.15.4","MQTT","70","Publish Ack (id=2668)"
"411187","2711.237576952","192.168.15.4","192.168.15.3","MQTT","68","Disconnect Req"
"411201","2712.241553394","192.168.15.4","192.168.15.3","MQTT","90","Connect Command"
"411203","2712.244391977","192.168.15.4","192.168.15.3","MQTT","97","Publish Message (id=2669) [Deviceb'Device - 2']"
"411205","2712.248807150","192.168.15.3","192.168.15.4","MQTT","70","Connect Ack"
"411207","2712.251484799","192.168.15.3","192.168.15.4","MQTT","70","Publish Ack (id=2669)"
"411209","2712.252265043","192.168.15.4","192.168.15.3","MQTT","68","Disconnect Req"
"411221","2713.256598412","192.168.15.4","192.168.15.3","MQTT","90","Connect Command"
"411223","2713.259478915","192.168.15.4","192.168.15.3","MQTT","97","Publish Message (id=2670) [Deviceb'Device - 2']"
"411224","2713.259847121","192.168.15.3","192.168.15.4","MQTT","70","Connect Ack"
"411227","2713.262410013","192.168.15.3","192.168.15.4","MQTT","70","Publish Ack (id=2670)"
"411229","2713.262859142","192.168.15.4","192.168.15.3","MQTT","68","Disconnect Req"
"411241","2714.266747339","192.168.15.4","192.168.15.3","MQTT","90","Connect Command"
"411243","2714.269846074","192.168.15.4","192.168.15.3","MQTT","97","Publish Message (id=2671) [Deviceb'Device - 2']"
"411244","2714.270280575","192.168.15.3","192.168.15.4","MQTT","70","Connect Ack"
"411247","2714.272843237","192.168.15.3","192.168.15.4","MQTT","70","Publish Ack (id=2671)"
"411249","2714.273341067","192.168.15.4","192.168.15.3","MQTT","68","Disconnect Req"
"411260","2715.276773197","192.168.15.4","192.168.15.3","MQTT","90","Connect Command"
"411262","2715.279524164","192.168.15.4","192.168.15.3","MQTT","97","Publish Message (id=2672) [Deviceb'Device - 2']"
"411263","2715.279828429","192.168.15.3","192.168.15.4","MQTT","70","Connect Ack"
"411266","2715.282454270","192.168.15.3","192.168.15.4","MQTT","70","Publish Ack (id=2672)"
"411268","2715.282939497","192.168.15.4","192.168.15.3","MQTT","68","Disconnect Req"
"411281","2716.287339734","192.168.15.4","192.168.15.3","MQTT","90","Connect Command"
"411283","2716.290367545","192.168.15.4","192.168.15.3","MQTT","97","Publish Message (id=2673) [Deviceb'Device - 2']"
"411284","2716.290743966","192.168.15.3","192.168.15.4","MQTT","70","Connect Ack"
"411287","2716.293285718","192.168.15.3","192.168.15.4","MQTT","70","Publish Ack (id=2673)"
"411289","2716.293775433","192.168.15.4","192.168.15.3","MQTT","68","Disconnect Req"
"411301","2717.298193685","192.168.15.4","192.168.15.3","MQTT","90","Connect Command"
"411303","2717.301167033","192.168.15.4","192.168.15.3","MQTT","97","Publish Message (id=2674) [Deviceb'Device - 2']"
"411305","2717.305427112","192.168.15.3","192.168.15.4","MQTT","70","Connect Ack"
"411307","2717.307947875","192.168.15.3","192.168.15.4","MQTT","70","Publish Ack (id=2674)"
"411309","2717.308562356","192.168.15.4","192.168.15.3","MQTT","68","Disconnect Req"
"411321","2718.313155418","192.168.15.4","192.168.15.3","MQTT","90","Connect Command"
"411323","2718.316027736","192.168.15.4","192.168.15.3","MQTT","97","Publish Message (id=2675) [Deviceb'Device - 2']"
"411324","2718.316407132","192.168.15.3","192.168.15.4","MQTT","70","Connect Ack"
"411327","2718.319045657","192.168.15.3","192.168.15.4","MQTT","70","Publish Ack (id=2675)"
"411329","2718.319829268","192.168.15.4","192.168.15.3","MQTT","68","Disconnect Req"
"411341","2719.324016785","192.168.15.4","192.168.15.3","MQTT","90","Connect Command"
"411343","2719.326989251","192.168.15.4","192.168.15.3","MQTT","97","Publish Message (id=2676) [Deviceb'Device - 2']"
"411344","2719.327505065","192.168.15.3","192.168.15.4","MQTT","70","Connect Ack"
"411347","2719.329856819","192.168.15.3","192.168.15.4","MQTT","70","Publish Ack (id=2676)"
"411349","2719.330224173","192.168.15.4","192.168.15.3","MQTT","68","Disconnect Req"
"411363","2720.334114781","192.168.15.4","192.168.15.3","MQTT","90","Connect Command"
"411366","2720.339393194","192.168.15.4","192.168.15.3","MQTT","97","Publish Message (id=2677) [Deviceb'Device - 2']"
"411367","2720.339788631","192.168.15.3","192.168.15.4","MQTT","70","Connect Ack"
"411370","2720.342320555","192.168.15.3","192.168.15.4","MQTT","70","Publish Ack (id=2677)"
"411372","2720.342937762","192.168.15.4","192.168.15.3","MQTT","68","Disconnect Req"
"411388","2721.346998763","192.168.15.4","192.168.15.3","MQTT","90","Connect Command"
"411390","2721.349932076","192.168.15.4","192.168.15.3","MQTT","97","Publish Message (id=2678) [Deviceb'Device - 2']"
"411391","2721.350302576","192.168.15.3","192.168.15.4","MQTT","70","Connect Ack"
"411394","2721.352822327","192.168.15.3","192.168.15.4","MQTT","70","Publish Ack (id=2678)"
"411399","2721.353626737","192.168.15.4","192.168.15.3","MQTT","68","Disconnect Req"
"411417","2722.357570045","192.168.15.4","192.168.15.3","MQTT","90","Connect Command"
"411419","2722.362610689","192.168.15.4","192.168.15.3","MQTT","97","Publish Message (id=2679) [Deviceb'Device - 2']"
"411421","2722.366867723","192.168.15.3","192.168.15.4","MQTT","70","Connect Ack"
"411423","2722.369374409","192.168.15.3","192.168.15.4","MQTT","70","Publish Ack (id=2679)"
"411425","2722.370059544","192.168.15.4","192.168.15.3","MQTT","68","Disconnect Req"
"411437","2723.374174748","192.168.15.4","192.168.15.3","MQTT","90","Connect Command"
"411439","2723.377033920","192.168.15.4","192.168.15.3","MQTT","97","Publish Message (id=2680) [Deviceb'Device - 2']"
"411440","2723.377562308","192.168.15.3","192.168.15.4","MQTT","70","Connect Ack"
"411443","2723.379929141","192.168.15.3","192.168.15.4","MQTT","70","Publish Ack (id=2680)"
"411445","2723.380638180","192.168.15.4","192.168.15.3","MQTT","68","Disconnect Req"
"411460","2724.384394959","192.168.15.4","192.168.15.3","MQTT","90","Connect Command"
"411462","2724.387295009","192.168.15.4","192.168.15.3","MQTT","97","Publish Message (id=2681) [Deviceb'Device - 2']"
"411463","2724.387732185","192.168.15.3","192.168.15.4","MQTT","70","Connect Ack"
"411466","2724.390117121","192.168.15.3","192.168.15.4","MQTT","70","Publish Ack (id=2681)"
"411468","2724.390933954","192.168.15.4","192.168.15.3","MQTT","68","Disconnect Req"
"411483","2725.395449374","192.168.15.4","192.168.15.3","MQTT","90","Connect Command"
"411485","2725.398308496","192.168.15.4","192.168.15.3","MQTT","97","Publish Message (id=2682) [Deviceb'Device - 2']"
"411486","2725.398674007","192.168.15.3","192.168.15.4","MQTT","70","Connect Ack"
"411489","2725.401162489","192.168.15.3","192.168.15.4","MQTT","70","Publish Ack (id=2682)"
"411491","2725.401907186","192.168.15.4","192.168.15.3","MQTT","68","Disconnect Req"
"411505","2726.406238722","192.168.15.4","192.168.15.3","MQTT","90","Connect Command"
"411507","2726.408983868","192.168.15.4","192.168.15.3","MQTT","97","Publish Message (id=2683) [Deviceb'Device - 2']"
"411508","2726.409386680","192.168.15.3","192.168.15.4","MQTT","70","Connect Ack"
"411511","2726.411908324","192.168.15.3","192.168.15.4","MQTT","70","Publish Ack (id=2683)"
"411513","2726.412847629","192.168.15.4","192.168.15.3","MQTT","68","Disconnect Req"
"411521","2727.416760823","192.168.15.4","192.168.15.3","MQTT","90","Connect Command"
"411523","2727.419661815","192.168.15.4","192.168.15.3","MQTT","97","Publish Message (id=2684) [Deviceb'Device - 2']"
"411525","2727.423940649","192.168.15.3","192.168.15.4","MQTT","70","Connect Ack"
"411527","2727.426447976","192.168.15.3","192.168.15.4","MQTT","70","Publish Ack (id=2684)"
"411529","2727.427087715","192.168.15.4","192.168.15.3","MQTT","68","Disconnect Req"
"411545","2728.431279777","192.168.15.4","192.168.15.3","MQTT","90","Connect Command"
"411547","2728.434618956","192.168.15.4","192.168.15.3","MQTT","97","Publish Message (id=2685) [Deviceb'Device - 2']"
"411548","2728.434909355","192.168.15.3","192.168.15.4","MQTT","70","Connect Ack"
"411551","2728.437572277","192.168.15.3","192.168.15.4","MQTT","70","Publish Ack (id=2685)"
"411553","2728.438401634","192.168.15.4","192.168.15.3","MQTT","68","Disconnect Req"
"411565","2729.443740113","192.168.15.4","192.168.15.3","MQTT","90","Connect Command"
"411567","2729.446697010","192.168.15.4","192.168.15.3","MQTT","97","Publish Message (id=2686) [Deviceb'Device - 2']"
"411568","2729.447085124","192.168.15.3","192.168.15.4","MQTT","70","Connect Ack"
"411571","2729.449601408","192.168.15.3","192.168.15.4","MQTT","70","Publish Ack (id=2686)"
"411573","2729.450369820","192.168.15.4","192.168.15.3","MQTT","68","Disconnect Req"
"411589","2730.454313976","192.168.15.4","192.168.15.3","MQTT","90","Connect Command"
"411591","2730.457226008","192.168.15.4","192.168.15.3","MQTT","97","Publish Message (id=2687) [Deviceb'Device - 2']"
"411592","2730.457745159","192.168.15.3","192.168.15.4","MQTT","70","Connect Ack"
"411595","2730.460237698","192.168.15.3","192.168.15.4","MQTT","70","Publish Ack (id=2687)"
"411597","2730.461070953","192.168.15.4","192.168.15.3","MQTT","68","Disconnect Req"
"411609","2731.466283587","192.168.15.4","192.168.15.3","MQTT","90","Connect Command"
"411611","2731.471000549","192.168.15.4","192.168.15.3","MQTT","97","Publish Message (id=2688) [Deviceb'Device - 2']"
"411612","2731.471352354","192.168.15.3","192.168.15.4","MQTT","70","Connect Ack"
"411615","2731.473962446","192.168.15.3","192.168.15.4","MQTT","70","Publish Ack (id=2688)"
"411617","2731.474557320","192.168.15.4","192.168.15.3","MQTT","68","Disconnect Req"
"411629","2732.478832473","192.168.15.4","192.168.15.3","MQTT","90","Connect Command"
"411631","2732.481749434","192.168.15.4","192.168.15.3","MQTT","97","Publish Message (id=2689) [Deviceb'Device - 2']"
"411633","2732.486008872","192.168.15.3","192.168.15.4","MQTT","70","Connect Ack"
"411635","2732.488903601","192.168.15.3","192.168.15.4","MQTT","70","Publish Ack (id=2689)"
"411637","2732.489287266","192.168.15.4","192.168.15.3","MQTT","68","Disconnect Req"
"411653","2733.493828824","192.168.15.4","192.168.15.3","MQTT","90","Connect Command"
"411655","2733.496621340","192.168.15.4","192.168.15.3","MQTT","97","Publish Message (id=2690) [Deviceb'Device - 2']"
"411656","2733.497031916","192.168.15.3","192.168.15.4","MQTT","70","Connect Ack"
"411659","2733.499660663","192.168.15.3","192.168.15.4","MQTT","70","Publish Ack (id=2690)"
"411661","2733.500252882","192.168.15.4","192.168.15.3","MQTT","68","Disconnect Req"
"411684","2734.506357260","192.168.15.4","192.168.15.3","MQTT","90","Connect Command"
"411686","2734.508875108","192.168.15.4","192.168.15.3","MQTT","97","Publish Message (id=2691) [Deviceb'Device - 2']"
"411687","2734.509259304","192.168.15.3","192.168.15.4","MQTT","70","Connect Ack"
"411690","2734.511821916","192.168.15.3","192.168.15.4","MQTT","70","Publish Ack (id=2691)"
"411692","2734.512775638","192.168.15.4","192.168.15.3","MQTT","68","Disconnect Req"
"411718","2735.517395396","192.168.15.4","192.168.15.3","MQTT","90","Connect Command"
"411720","2735.520257243","192.168.15.4","192.168.15.3","MQTT","97","Publish Message (id=2692) [Deviceb'Device - 2']"
"411721","2735.520657499","192.168.15.3","192.168.15.4","MQTT","70","Connect Ack"
"411724","2735.523214952","192.168.15.3","192.168.15.4","MQTT","70","Publish Ack (id=2692)"
"411726","2735.524086338","192.168.15.4","192.168.15.3","MQTT","68","Disconnect Req"
"411740","2736.529384638","192.168.15.4","192.168.15.3","MQTT","90","Connect Command"
"411742","2736.532078177","192.168.15.4","192.168.15.3","MQTT","97","Publish Message (id=2693) [Deviceb'Device - 2']"
"411743","2736.532459067","192.168.15.3","192.168.15.4","MQTT","70","Connect Ack"
"411746","2736.535015547","192.168.15.3","192.168.15.4","MQTT","70","Publish Ack (id=2693)"
"411748","2736.535912793","192.168.15.4","192.168.15.3","MQTT","68","Disconnect Req"
"411760","2737.540400481","192.168.15.4","192.168.15.3","MQTT","90","Connect Command"
"411762","2737.543145958","192.168.15.4","192.168.15.3","MQTT","97","Publish Message (id=2694) [Deviceb'Device - 2']"
"411764","2737.547309906","192.168.15.3","192.168.15.4","MQTT","70","Connect Ack"
"411766","2737.549762981","192.168.15.3","192.168.15.4","MQTT","70","Publish Ack (id=2694)"
"411768","2737.550108374","192.168.15.4","192.168.15.3","MQTT","68","Disconnect Req"
"411776","2738.553867276","192.168.15.4","192.168.15.3","MQTT","90","Connect Command"
"411778","2738.556851004","192.168.15.4","192.168.15.3","MQTT","97","Publish Message (id=2695) [Deviceb'Device - 2']"
"411779","2738.557223267","192.168.15.3","192.168.15.4","MQTT","70","Connect Ack"
"411782","2738.559983783","192.168.15.3","192.168.15.4","MQTT","70","Publish Ack (id=2695)"
"411784","2738.560438041","192.168.15.4","192.168.15.3","MQTT","68","Disconnect Req"
"411792","2739.565040790","192.168.15.4","192.168.15.3","MQTT","90","Connect Command"
"411794","2739.567735972","192.168.15.4","192.168.15.3","MQTT","97","Publish Message (id=2696) [Deviceb'Device - 2']"
"411795","2739.568126310","192.168.15.3","192.168.15.4","MQTT","70","Connect Ack"
"411798","2739.570713178","192.168.15.3","192.168.15.4","MQTT","70","Publish Ack (id=2696)"
"411800","2739.571118133","192.168.15.4","192.168.15.3","MQTT","68","Disconnect Req"
"411816","2740.575935264","192.168.15.4","192.168.15.3","MQTT","90","Connect Command"
"411818","2740.578786031","192.168.15.4","192.168.15.3","MQTT","97","Publish Message (id=2697) [Deviceb'Device - 2']"
"411819","2740.579207417","192.168.15.3","192.168.15.4","MQTT","70","Connect Ack"
"411822","2740.581882842","192.168.15.3","192.168.15.4","MQTT","70","Publish Ack (id=2697)"
"411824","2740.582330207","192.168.15.4","192.168.15.3","MQTT","68","Disconnect Req"
"411836","2741.586973586","192.168.15.4","192.168.15.3","MQTT","90","Connect Command"
"411838","2741.589845543","192.168.15.4","192.168.15.3","MQTT","97","Publish Message (id=2698) [Deviceb'Device - 2']"
"411839","2741.590258834","192.168.15.3","192.168.15.4","MQTT","70","Connect Ack"
"411842","2741.592932075","192.168.15.3","192.168.15.4","MQTT","70","Publish Ack (id=2698)"
"411844","2741.593418774","192.168.15.4","192.168.15.3","MQTT","68","Disconnect Req"
"411856","2742.597730063","192.168.15.4","192.168.15.3","MQTT","90","Connect Command"
"411858","2742.600504195","192.168.15.4","192.168.15.3","MQTT","97","Publish Message (id=2699) [Deviceb'Device - 2']"
"411860","2742.604736913","192.168.15.3","192.168.15.4","MQTT","70","Connect Ack"
"411862","2742.607258106","192.168.15.3","192.168.15.4","MQTT","70","Publish Ack (id=2699)"
"411864","2742.607591346","192.168.15.4","192.168.15.3","MQTT","68","Disconnect Req"
"411876","2743.611833256","192.168.15.4","192.168.15.3","MQTT","90","Connect Command"
"411878","2743.614694823","192.168.15.4","192.168.15.3","MQTT","97","Publish Message (id=2700) [Deviceb'Device - 2']"
"411879","2743.615096972","192.168.15.3","192.168.15.4","MQTT","70","Connect Ack"
"411882","2743.617994878","192.168.15.3","192.168.15.4","MQTT","70","Publish Ack (id=2700)"
"411884","2743.618378503","192.168.15.4","192.168.15.3","MQTT","68","Disconnect Req"
"411902","2744.623805120","192.168.15.4","192.168.15.3","MQTT","90","Connect Command"
"411904","2744.628486646","192.168.15.4","192.168.15.3","MQTT","97","Publish Message (id=2701) [Deviceb'Device - 2']"
"411905","2744.628857196","192.168.15.3","192.168.15.4","MQTT","70","Connect Ack"
"411908","2744.631409278","192.168.15.3","192.168.15.4","MQTT","70","Publish Ack (id=2701)"
"411910","2744.631785088","192.168.15.4","192.168.15.3","MQTT","68","Disconnect Req"
"411930","2745.636445250","192.168.15.4","192.168.15.3","MQTT","90","Connect Command"
"411932","2745.639220764","192.168.15.4","192.168.15.3","MQTT","97","Publish Message (id=2702) [Deviceb'Device - 2']"
"411933","2745.640252093","192.168.15.3","192.168.15.4","MQTT","70","Connect Ack"
"411936","2745.642281888","192.168.15.3","192.168.15.4","MQTT","70","Publish Ack (id=2702)"
"411938","2745.642775110","192.168.15.4","192.168.15.3","MQTT","68","Disconnect Req"
"411952","2746.646875655","192.168.15.4","192.168.15.3","MQTT","90","Connect Command"
"411954","2746.649799820","192.168.15.4","192.168.15.3","MQTT","97","Publish Message (id=2703) [Deviceb'Device - 2']"
"411955","2746.650197221","192.168.15.3","192.168.15.4","MQTT","70","Connect Ack"
"411958","2746.652711311","192.168.15.3","192.168.15.4","MQTT","70","Publish Ack (id=2703)"
"411960","2746.653125574","192.168.15.4","192.168.15.3","MQTT","68","Disconnect Req"
"411972","2747.656640693","192.168.15.4","192.168.15.3","MQTT","90","Connect Command"
"411974","2747.659372254","192.168.15.4","192.168.15.3","MQTT","97","Publish Message (id=2704) [Deviceb'Device - 2']"
"411976","2747.663600864","192.168.15.3","192.168.15.4","MQTT","70","Connect Ack"
"411978","2747.666148317","192.168.15.3","192.168.15.4","MQTT","70","Publish Ack (id=2704)"
"411980","2747.666491125","192.168.15.4","192.168.15.3","MQTT","68","Disconnect Req"
"411992","2748.671112205","192.168.15.4","192.168.15.3","MQTT","90","Connect Command"
"411994","2748.673937634","192.168.15.4","192.168.15.3","MQTT","97","Publish Message (id=2705) [Deviceb'Device - 2']"
"411995","2748.674465461","192.168.15.3","192.168.15.4","MQTT","70","Connect Ack"
"411998","2748.677817504","192.168.15.3","192.168.15.4","MQTT","70","Publish Ack (id=2705)"
"412000","2748.678274949","192.168.15.4","192.168.15.3","MQTT","68","Disconnect Req"
"412039","2749.683112377","192.168.15.4","192.168.15.3","MQTT","90","Connect Command"
"412041","2749.687867362","192.168.15.4","192.168.15.3","MQTT","97","Publish Message (id=2706) [Deviceb'Device - 2']"
"412042","2749.688209308","192.168.15.3","192.168.15.4","MQTT","70","Connect Ack"
"412045","2749.690859646","192.168.15.3","192.168.15.4","MQTT","70","Publish Ack (id=2706)"
"412047","2749.691707307","192.168.15.4","192.168.15.3","MQTT","68","Disconnect Req"
"412064","2750.696039576","192.168.15.4","192.168.15.3","MQTT","90","Connect Command"
"412066","2750.698959864","192.168.15.4","192.168.15.3","MQTT","97","Publish Message (id=2707) [Deviceb'Device - 2']"
"412067","2750.699355702","192.168.15.3","192.168.15.4","MQTT","70","Connect Ack"
"412070","2750.701956576","192.168.15.3","192.168.15.4","MQTT","70","Publish Ack (id=2707)"
"412072","2750.702764122","192.168.15.4","192.168.15.3","MQTT","68","Disconnect Req"
"412084","2751.707503835","192.168.15.4","192.168.15.3","MQTT","90","Connect Command"
"412086","2751.710374669","192.168.15.4","192.168.15.3","MQTT","97","Publish Message (id=2708) [Deviceb'Device - 2']"
"412087","2751.710761170","192.168.15.3","192.168.15.4","MQTT","70","Connect Ack"
"412090","2751.713348659","192.168.15.3","192.168.15.4","MQTT","70","Publish Ack (id=2708)"
"412092","2751.713951648","192.168.15.4","192.168.15.3","MQTT","68","Disconnect Req"
"412104","2752.717792436","192.168.15.4","192.168.15.3","MQTT","90","Connect Command"
"412106","2752.720632662","192.168.15.4","192.168.15.3","MQTT","97","Publish Message (id=2709) [Deviceb'Device - 2']"
"412108","2752.724932837","192.168.15.3","192.168.15.4","MQTT","70","Connect Ack"
"412110","2752.727382556","192.168.15.3","192.168.15.4","MQTT","70","Publish Ack (id=2709)"
"412112","2752.727912187","192.168.15.4","192.168.15.3","MQTT","68","Disconnect Req"
"412128","2753.732738317","192.168.15.4","192.168.15.3","MQTT","90","Connect Command"
"412130","2753.735643035","192.168.15.4","192.168.15.3","MQTT","97","Publish Message (id=2710) [Deviceb'Device - 2']"
"412131","2753.736035697","192.168.15.3","192.168.15.4","MQTT","70","Connect Ack"
"412134","2753.738547714","192.168.15.3","192.168.15.4","MQTT","70","Publish Ack (id=2710)"
"412136","2753.739168928","192.168.15.4","192.168.15.3","MQTT","68","Disconnect Req"
"412152","2754.743259090","192.168.15.4","192.168.15.3","MQTT","90","Connect Command"
"412154","2754.746066906","192.168.15.4","192.168.15.3","MQTT","97","Publish Message (id=2711) [Deviceb'Device - 2']"
"412155","2754.746451733","192.168.15.3","192.168.15.4","MQTT","70","Connect Ack"
"412158","2754.748906501","192.168.15.3","192.168.15.4","MQTT","70","Publish Ack (id=2711)"
"412160","2754.749504601","192.168.15.4","192.168.15.3","MQTT","68","Disconnect Req"
"412175","2755.753468392","192.168.15.4","192.168.15.3","MQTT","90","Connect Command"
"412177","2755.756334548","192.168.15.4","192.168.15.3","MQTT","97","Publish Message (id=2712) [Deviceb'Device - 2']"
"412178","2755.756749842","192.168.15.3","192.168.15.4","MQTT","70","Connect Ack"
"412181","2755.760511310","192.168.15.3","192.168.15.4","MQTT","70","Publish Ack (id=2712)"
"412183","2755.761076467","192.168.15.4","192.168.15.3","MQTT","68","Disconnect Req"
"412195","2756.766749450","192.168.15.4","192.168.15.3","MQTT","90","Connect Command"
"412197","2756.769472425","192.168.15.4","192.168.15.3","MQTT","97","Publish Message (id=2713) [Deviceb'Device - 2']"
"412198","2756.769897529","192.168.15.3","192.168.15.4","MQTT","70","Connect Ack"
"412201","2756.772430575","192.168.15.3","192.168.15.4","MQTT","70","Publish Ack (id=2713)"
"412203","2756.772913788","192.168.15.4","192.168.15.3","MQTT","68","Disconnect Req"
"412215","2757.777224659","192.168.15.4","192.168.15.3","MQTT","90","Connect Command"
"412217","2757.780124358","192.168.15.4","192.168.15.3","MQTT","97","Publish Message (id=2714) [Deviceb'Device - 2']"
"412219","2757.784420255","192.168.15.3","192.168.15.4","MQTT","70","Connect Ack"
"412221","2757.786854354","192.168.15.3","192.168.15.4","MQTT","70","Publish Ack (id=2714)"
"412223","2757.787272675","192.168.15.4","192.168.15.3","MQTT","68","Disconnect Req"
"412235","2758.792250346","192.168.15.4","192.168.15.3","MQTT","90","Connect Command"
"412237","2758.795100080","192.168.15.4","192.168.15.3","MQTT","97","Publish Message (id=2715) [Deviceb'Device - 2']"
"412238","2758.795486951","192.168.15.3","192.168.15.4","MQTT","70","Connect Ack"
"412241","2758.798129454","192.168.15.3","192.168.15.4","MQTT","70","Publish Ack (id=2715)"
"412243","2758.798617446","192.168.15.4","192.168.15.3","MQTT","68","Disconnect Req"
"412255","2759.802421130","192.168.15.4","192.168.15.3","MQTT","90","Connect Command"
"412257","2759.805299669","192.168.15.4","192.168.15.3","MQTT","97","Publish Message (id=2716) [Deviceb'Device - 2']"
"412258","2759.805865027","192.168.15.3","192.168.15.4","MQTT","70","Connect Ack"
"412261","2759.808260403","192.168.15.3","192.168.15.4","MQTT","70","Publish Ack (id=2716)"
"412263","2759.808946249","192.168.15.4","192.168.15.3","MQTT","68","Disconnect Req"
"412275","2760.813513887","192.168.15.4","192.168.15.3","MQTT","90","Connect Command"
"412277","2760.816287809","192.168.15.4","192.168.15.3","MQTT","97","Publish Message (id=2717) [Deviceb'Device - 2']"
"412278","2760.816708403","192.168.15.3","192.168.15.4","MQTT","70","Connect Ack"
"412281","2760.819200803","192.168.15.3","192.168.15.4","MQTT","70","Publish Ack (id=2717)"
"412283","2760.819756703","192.168.15.4","192.168.15.3","MQTT","68","Disconnect Req"
"412294","2761.824236896","192.168.15.4","192.168.15.3","MQTT","90","Connect Command"
"412296","2761.827114543","192.168.15.4","192.168.15.3","MQTT","97","Publish Message (id=2718) [Deviceb'Device - 2']"
"412297","2761.827462651","192.168.15.3","192.168.15.4","MQTT","70","Connect Ack"
"412300","2761.830080678","192.168.15.3","192.168.15.4","MQTT","70","Publish Ack (id=2718)"
"412302","2761.830812531","192.168.15.4","192.168.15.3","MQTT","68","Disconnect Req"
"412312","2762.835255544","192.168.15.4","192.168.15.3","MQTT","90","Connect Command"
"412314","2762.838116810","192.168.15.4","192.168.15.3","MQTT","97","Publish Message (id=2719) [Deviceb'Device - 2']"
"412316","2762.842424890","192.168.15.3","192.168.15.4","MQTT","70","Connect Ack"
"412318","2762.844910827","192.168.15.3","192.168.15.4","MQTT","70","Publish Ack (id=2719)"
"412320","2762.845276398","192.168.15.4","192.168.15.3","MQTT","68","Disconnect Req"
"412331","2763.848770060","192.168.15.4","192.168.15.3","MQTT","90","Connect Command"
"412333","2763.851777963","192.168.15.4","192.168.15.3","MQTT","97","Publish Message (id=2720) [Deviceb'Device - 2']"
"412334","2763.852186285","192.168.15.3","192.168.15.4","MQTT","70","Connect Ack"
"412337","2763.855070865","192.168.15.3","192.168.15.4","MQTT","70","Publish Ack (id=2720)"
"412339","2763.855852362","192.168.15.4","192.168.15.3","MQTT","68","Disconnect Req"
"412355","2764.860476640","192.168.15.4","192.168.15.3","MQTT","90","Connect Command"
"412357","2764.863206558","192.168.15.4","192.168.15.3","MQTT","97","Publish Message (id=2721) [Deviceb'Device - 2']"
"412358","2764.864076211","192.168.15.3","192.168.15.4","MQTT","70","Connect Ack"
"412361","2764.866041043","192.168.15.3","192.168.15.4","MQTT","70","Publish Ack (id=2721)"
"412363","2764.866901389","192.168.15.4","192.168.15.3","MQTT","68","Disconnect Req"
"412378","2765.870581795","192.168.15.4","192.168.15.3","MQTT","90","Connect Command"
"412380","2765.873530867","192.168.15.4","192.168.15.3","MQTT","97","Publish Message (id=2722) [Deviceb'Device - 2']"
"412381","2765.873988822","192.168.15.3","192.168.15.4","MQTT","70","Connect Ack"
"412384","2765.876544712","192.168.15.3","192.168.15.4","MQTT","70","Publish Ack (id=2722)"
"412386","2765.877214998","192.168.15.4","192.168.15.3","MQTT","68","Disconnect Req"
"412398","2766.881376935","192.168.15.4","192.168.15.3","MQTT","90","Connect Command"
"412400","2766.884186553","192.168.15.4","192.168.15.3","MQTT","97","Publish Message (id=2723) [Deviceb'Device - 2']"
"412401","2766.884634930","192.168.15.3","192.168.15.4","MQTT","70","Connect Ack"
"412404","2766.887227679","192.168.15.3","192.168.15.4","MQTT","70","Publish Ack (id=2723)"
"412406","2766.887853973","192.168.15.4","192.168.15.3","MQTT","68","Disconnect Req"
"412418","2767.891675776","192.168.15.4","192.168.15.3","MQTT","90","Connect Command"
"412420","2767.894631130","192.168.15.4","192.168.15.3","MQTT","97","Publish Message (id=2724) [Deviceb'Device - 2']"
"412422","2767.898850752","192.168.15.3","192.168.15.4","MQTT","70","Connect Ack"
"412424","2767.901328885","192.168.15.3","192.168.15.4","MQTT","70","Publish Ack (id=2724)"
"412426","2767.902031042","192.168.15.4","192.168.15.3","MQTT","68","Disconnect Req"
"412439","2768.906631357","192.168.15.4","192.168.15.3","MQTT","90","Connect Command"
"412441","2768.911395929","192.168.15.4","192.168.15.3","MQTT","97","Publish Message (id=2725) [Deviceb'Device - 2']"
"412442","2768.911741272","192.168.15.3","192.168.15.4","MQTT","70","Connect Ack"
"412445","2768.914264950","192.168.15.3","192.168.15.4","MQTT","70","Publish Ack (id=2725)"
"412447","2768.915052829","192.168.15.4","192.168.15.3","MQTT","68","Disconnect Req"
"412459","2769.919643668","192.168.15.4","192.168.15.3","MQTT","90","Connect Command"
"412461","2769.922910861","192.168.15.4","192.168.15.3","MQTT","97","Publish Message (id=2726) [Deviceb'Device - 2']"
"412462","2769.922919738","192.168.15.3","192.168.15.4","MQTT","70","Connect Ack"
"412465","2769.926284115","192.168.15.3","192.168.15.4","MQTT","70","Publish Ack (id=2726)"
"412467","2769.927216346","192.168.15.4","192.168.15.3","MQTT","68","Disconnect Req"
"412483","2770.931237461","192.168.15.4","192.168.15.3","MQTT","90","Connect Command"
"412485","2770.934173389","192.168.15.4","192.168.15.3","MQTT","97","Publish Message (id=2727) [Deviceb'Device - 2']"
"412486","2770.934625222","192.168.15.3","192.168.15.4","MQTT","70","Connect Ack"
"412489","2770.937158439","192.168.15.3","192.168.15.4","MQTT","70","Publish Ack (id=2727)"
"412491","2770.937524971","192.168.15.4","192.168.15.3","MQTT","68","Disconnect Req"
"412509","2771.940820672","192.168.15.4","192.168.15.3","MQTT","90","Connect Command"
"412511","2771.943820550","192.168.15.4","192.168.15.3","MQTT","97","Publish Message (id=2728) [Deviceb'Device - 2']"
"412512","2771.944353046","192.168.15.3","192.168.15.4","MQTT","70","Connect Ack"
"412515","2771.946890090","192.168.15.3","192.168.15.4","MQTT","70","Publish Ack (id=2728)"
"412517","2771.947181581","192.168.15.4","192.168.15.3","MQTT","68","Disconnect Req"
"412529","2772.951634581","192.168.15.4","192.168.15.3","MQTT","90","Connect Command"
"412531","2772.954507219","192.168.15.4","192.168.15.3","MQTT","97","Publish Message (id=2729) [Deviceb'Device - 2']"
"412533","2772.958735829","192.168.15.3","192.168.15.4","MQTT","70","Connect Ack"
"412535","2772.961483791","192.168.15.3","192.168.15.4","MQTT","70","Publish Ack (id=2729)"
"412537","2772.961874129","192.168.15.4","192.168.15.3","MQTT","68","Disconnect Req"
"412547","2773.966322461","192.168.15.4","192.168.15.3","MQTT","90","Connect Command"
"412549","2773.969723767","192.168.15.4","192.168.15.3","MQTT","97","Publish Message (id=2730) [Deviceb'Device - 2']"
"412550","2773.970111640","192.168.15.3","192.168.15.4","MQTT","70","Connect Ack"
"412553","2773.972824716","192.168.15.3","192.168.15.4","MQTT","70","Publish Ack (id=2730)"
"412555","2773.973578681","192.168.15.4","192.168.15.3","MQTT","68","Disconnect Req"
"412567","2774.978116814","192.168.15.4","192.168.15.3","MQTT","90","Connect Command"
"412569","2774.980983480","192.168.15.4","192.168.15.3","MQTT","97","Publish Message (id=2731) [Deviceb'Device - 2']"
"412570","2774.981428401","192.168.15.3","192.168.15.4","MQTT","70","Connect Ack"
"412573","2774.983953582","192.168.15.3","192.168.15.4","MQTT","70","Publish Ack (id=2731)"
"412575","2774.984829948","192.168.15.4","192.168.15.3","MQTT","68","Disconnect Req"
"412591","2775.989412625","192.168.15.4","192.168.15.3","MQTT","90","Connect Command"
"412593","2775.992261258","192.168.15.4","192.168.15.3","MQTT","97","Publish Message (id=2732) [Deviceb'Device - 2']"
"412594","2775.992712961","192.168.15.3","192.168.15.4","MQTT","70","Connect Ack"
"412597","2775.995336378","192.168.15.3","192.168.15.4","MQTT","70","Publish Ack (id=2732)"
"412599","2775.996088078","192.168.15.4","192.168.15.3","MQTT","68","Disconnect Req"
"412611","2777.000589062","192.168.15.4","192.168.15.3","MQTT","90","Connect Command"
"412613","2777.003502366","192.168.15.4","192.168.15.3","MQTT","97","Publish Message (id=2733) [Deviceb'Device - 2']"
"412614","2777.003910397","192.168.15.3","192.168.15.4","MQTT","70","Connect Ack"
"412617","2777.006525348","192.168.15.3","192.168.15.4","MQTT","70","Publish Ack (id=2733)"
"412619","2777.007225842","192.168.15.4","192.168.15.3","MQTT","68","Disconnect Req"
"412631","2778.012321069","192.168.15.4","192.168.15.3","MQTT","90","Connect Command"
"412633","2778.014924067","192.168.15.4","192.168.15.3","MQTT","97","Publish Message (id=2734) [Deviceb'Device - 2']"
"412635","2778.019244581","192.168.15.3","192.168.15.4","MQTT","70","Connect Ack"
"412637","2778.021742601","192.168.15.3","192.168.15.4","MQTT","70","Publish Ack (id=2734)"
"412639","2778.022538875","192.168.15.4","192.168.15.3","MQTT","68","Disconnect Req"
"412651","2779.026658019","192.168.15.4","192.168.15.3","MQTT","90","Connect Command"
"412653","2779.029555665","192.168.15.4","192.168.15.3","MQTT","97","Publish Message (id=2735) [Deviceb'Device - 2']"
"412654","2779.030008310","192.168.15.3","192.168.15.4","MQTT","70","Connect Ack"
"412657","2779.032378558","192.168.15.3","192.168.15.4","MQTT","70","Publish Ack (id=2735)"
"412659","2779.033199750","192.168.15.4","192.168.15.3","MQTT","68","Disconnect Req"
"412671","2780.037720495","192.168.15.4","192.168.15.3","MQTT","90","Connect Command"
"412673","2780.040604113","192.168.15.4","192.168.15.3","MQTT","97","Publish Message (id=2736) [Deviceb'Device - 2']"
"412674","2780.041035969","192.168.15.3","192.168.15.4","MQTT","70","Connect Ack"
"412677","2780.043478525","192.168.15.3","192.168.15.4","MQTT","70","Publish Ack (id=2736)"
"412679","2780.044254982","192.168.15.4","192.168.15.3","MQTT","68","Disconnect Req"
"412695","2781.048573634","192.168.15.4","192.168.15.3","MQTT","90","Connect Command"
"412697","2781.052504591","192.168.15.4","192.168.15.3","MQTT","97","Publish Message (id=2737) [Deviceb'Device - 2']"
"412698","2781.053395885","192.168.15.3","192.168.15.4","MQTT","70","Connect Ack"
"412701","2781.055533624","192.168.15.3","192.168.15.4","MQTT","70","Publish Ack (id=2737)"
"412703","2781.056305854","192.168.15.4","192.168.15.3","MQTT","68","Disconnect Req"
"412715","2782.061059780","192.168.15.4","192.168.15.3","MQTT","90","Connect Command"
"412717","2782.063886892","192.168.15.4","192.168.15.3","MQTT","97","Publish Message (id=2738) [Deviceb'Device - 2']"
"412718","2782.064289132","192.168.15.3","192.168.15.4","MQTT","70","Connect Ack"
"412721","2782.067603544","192.168.15.3","192.168.15.4","MQTT","70","Publish Ack (id=2738)"
"412723","2782.068490500","192.168.15.4","192.168.15.3","MQTT","68","Disconnect Req"
"412735","2783.073436580","192.168.15.4","192.168.15.3","MQTT","90","Connect Command"
"412737","2783.077837796","192.168.15.4","192.168.15.3","MQTT","97","Publish Message (id=2739) [Deviceb'Device - 2']"
"412739","2783.082016031","192.168.15.3","192.168.15.4","MQTT","70","Connect Ack"
"412741","2783.084580286","192.168.15.3","192.168.15.4","MQTT","70","Publish Ack (id=2739)"
"412743","2783.085270791","192.168.15.4","192.168.15.3","MQTT","68","Disconnect Req"
"412751","2784.090500857","192.168.15.4","192.168.15.3","MQTT","90","Connect Command"
"412753","2784.095145183","192.168.15.4","192.168.15.3","MQTT","97","Publish Message (id=2740) [Deviceb'Device - 2']"
"412754","2784.095494964","192.168.15.3","192.168.15.4","MQTT","70","Connect Ack"
"412757","2784.098968056","192.168.15.3","192.168.15.4","MQTT","70","Publish Ack (id=2740)"
"412759","2784.101169426","192.168.15.4","192.168.15.3","MQTT","68","Disconnect Req"
"412774","2785.105866405","192.168.15.4","192.168.15.3","MQTT","90","Connect Command"
"412776","2785.109379594","192.168.15.4","192.168.15.3","MQTT","97","Publish Message (id=2741) [Deviceb'Device - 2']"
"412777","2785.109767917","192.168.15.3","192.168.15.4","MQTT","70","Connect Ack"
"412780","2785.112359224","192.168.15.3","192.168.15.4","MQTT","70","Publish Ack (id=2741)"
"412782","2785.113009773","192.168.15.4","192.168.15.3","MQTT","68","Disconnect Req"
"412794","2786.117569935","192.168.15.4","192.168.15.3","MQTT","90","Connect Command"
"412796","2786.120342193","192.168.15.4","192.168.15.3","MQTT","97","Publish Message (id=2742) [Deviceb'Device - 2']"
"412797","2786.121153576","192.168.15.3","192.168.15.4","MQTT","70","Connect Ack"
"412800","2786.123169295","192.168.15.3","192.168.15.4","MQTT","70","Publish Ack (id=2742)"
"412802","2786.123727790","192.168.15.4","192.168.15.3","MQTT","68","Disconnect Req"
"412811","2787.128162616","192.168.15.4","192.168.15.3","MQTT","90","Connect Command"
"412813","2787.131032789","192.168.15.4","192.168.15.3","MQTT","97","Publish Message (id=2743) [Deviceb'Device - 2']"
"412814","2787.131527764","192.168.15.3","192.168.15.4","MQTT","70","Connect Ack"
"412817","2787.134002951","192.168.15.3","192.168.15.4","MQTT","70","Publish Ack (id=2743)"
"412819","2787.134561286","192.168.15.4","192.168.15.3","MQTT","68","Disconnect Req"
"412830","2788.138658416","192.168.15.4","192.168.15.3","MQTT","90","Connect Command"
"412832","2788.141453177","192.168.15.4","192.168.15.3","MQTT","97","Publish Message (id=2744) [Deviceb'Device - 2']"
"412834","2788.145724918","192.168.15.3","192.168.15.4","MQTT","70","Connect Ack"
"412836","2788.148348856","192.168.15.3","192.168.15.4","MQTT","70","Publish Ack (id=2744)"
"412838","2788.148942568","192.168.15.4","192.168.15.3","MQTT","68","Disconnect Req"
"412850","2789.152988900","192.168.15.4","192.168.15.3","MQTT","90","Connect Command"
"412852","2789.164866763","192.168.15.4","192.168.15.3","MQTT","97","Publish Message (id=2745) [Deviceb'Device - 2']"
"412853","2789.165249597","192.168.15.3","192.168.15.4","MQTT","70","Connect Ack"
"412856","2789.167728781","192.168.15.3","192.168.15.4","MQTT","70","Publish Ack (id=2745)"
"412858","2789.168097989","192.168.15.4","192.168.15.3","MQTT","68","Disconnect Req"
"412873","2790.171747795","192.168.15.4","192.168.15.3","MQTT","90","Connect Command"
"412875","2790.174604984","192.168.15.4","192.168.15.3","MQTT","97","Publish Message (id=2746) [Deviceb'Device - 2']"
"412876","2790.174982377","192.168.15.3","192.168.15.4","MQTT","70","Connect Ack"
"412879","2790.177586958","192.168.15.3","192.168.15.4","MQTT","70","Publish Ack (id=2746)"
"412881","2790.178115126","192.168.15.4","192.168.15.3","MQTT","68","Disconnect Req"
"412898","2791.182814064","192.168.15.4","192.168.15.3","MQTT","90","Connect Command"
"412900","2791.185574530","192.168.15.4","192.168.15.3","MQTT","97","Publish Message (id=2747) [Deviceb'Device - 2']"
"412901","2791.185973323","192.168.15.3","192.168.15.4","MQTT","70","Connect Ack"
"412904","2791.188527750","192.168.15.3","192.168.15.4","MQTT","70","Publish Ack (id=2747)"
"412906","2791.189155075","192.168.15.4","192.168.15.3","MQTT","68","Disconnect Req"
"412918","2792.193087727","192.168.15.4","192.168.15.3","MQTT","90","Connect Command"
"412920","2792.195885704","192.168.15.4","192.168.15.3","MQTT","97","Publish Message (id=2748) [Deviceb'Device - 2']"
"412921","2792.197271042","192.168.15.3","192.168.15.4","MQTT","70","Connect Ack"
"412924","2792.199299354","192.168.15.3","192.168.15.4","MQTT","70","Publish Ack (id=2748)"
"412926","2792.199676857","192.168.15.4","192.168.15.3","MQTT","68","Disconnect Req"
"412938","2793.203609630","192.168.15.4","192.168.15.3","MQTT","90","Connect Command"
"412940","2793.206521011","192.168.15.4","192.168.15.3","MQTT","97","Publish Message (id=2749) [Deviceb'Device - 2']"
"412942","2793.210777012","192.168.15.3","192.168.15.4","MQTT","70","Connect Ack"
"412944","2793.213269331","192.168.15.3","192.168.15.4","MQTT","70","Publish Ack (id=2749)"
"412946","2793.213633930","192.168.15.4","192.168.15.3","MQTT","68","Disconnect Req"
"412958","2794.217668326","192.168.15.4","192.168.15.3","MQTT","90","Connect Command"
"412960","2794.220914489","192.168.15.4","192.168.15.3","MQTT","97","Publish Message (id=2750) [Deviceb'Device - 2']"
"412961","2794.220929708","192.168.15.3","192.168.15.4","MQTT","70","Connect Ack"
"412964","2794.223764825","192.168.15.3","192.168.15.4","MQTT","70","Publish Ack (id=2750)"
"412966","2794.224387251","192.168.15.4","192.168.15.3","MQTT","68","Disconnect Req"
"413003","2795.228289107","192.168.15.4","192.168.15.3","MQTT","90","Connect Command"
"413005","2795.231087374","192.168.15.4","192.168.15.3","MQTT","97","Publish Message (id=2751) [Deviceb'Device - 2']"
"413006","2795.231674022","192.168.15.3","192.168.15.4","MQTT","70","Connect Ack"
"413009","2795.234081411","192.168.15.3","192.168.15.4","MQTT","70","Publish Ack (id=2751)"
"413011","2795.234782255","192.168.15.4","192.168.15.3","MQTT","68","Disconnect Req"
"413025","2796.239055753","192.168.15.4","192.168.15.3","MQTT","90","Connect Command"
"413027","2796.241905858","192.168.15.4","192.168.15.3","MQTT","97","Publish Message (id=2752) [Deviceb'Device - 2']"
"413028","2796.242310463","192.168.15.3","192.168.15.4","MQTT","70","Connect Ack"
"413031","2796.244944530","192.168.15.3","192.168.15.4","MQTT","70","Publish Ack (id=2752)"
"413033","2796.245596732","192.168.15.4","192.168.15.3","MQTT","68","Disconnect Req"
"413041","2797.250196357","192.168.15.4","192.168.15.3","MQTT","90","Connect Command"
"413043","2797.254849269","192.168.15.4","192.168.15.3","MQTT","97","Publish Message (id=2753) [Deviceb'Device - 2']"
"413044","2797.255221042","192.168.15.3","192.168.15.4","MQTT","70","Connect Ack"
"413047","2797.257754679","192.168.15.3","192.168.15.4","MQTT","70","Publish Ack (id=2753)"
"413049","2797.258402483","192.168.15.4","192.168.15.3","MQTT","68","Disconnect Req"
"413061","2798.262273181","192.168.15.4","192.168.15.3","MQTT","90","Connect Command"
"413063","2798.265190333","192.168.15.4","192.168.15.3","MQTT","97","Publish Message (id=2754) [Deviceb'Device - 2']"
"413065","2798.269566131","192.168.15.3","192.168.15.4","MQTT","70","Connect Ack"
"413067","2798.272215868","192.168.15.3","192.168.15.4","MQTT","70","Publish Ack (id=2754)"
"413069","2798.272746721","192.168.15.4","192.168.15.3","MQTT","68","Disconnect Req"
"413081","2799.276558957","192.168.15.4","192.168.15.3","MQTT","90","Connect Command"
"413083","2799.279436725","192.168.15.4","192.168.15.3","MQTT","97","Publish Message (id=2755) [Deviceb'Device - 2']"
"413084","2799.279828946","192.168.15.3","192.168.15.4","MQTT","70","Connect Ack"
"413087","2799.282224312","192.168.15.3","192.168.15.4","MQTT","70","Publish Ack (id=2755)"
"413089","2799.282872136","192.168.15.4","192.168.15.3","MQTT","68","Disconnect Req"
"413104","2800.287412562","192.168.15.4","192.168.15.3","MQTT","90","Connect Command"
"413106","2800.290272516","192.168.15.4","192.168.15.3","MQTT","97","Publish Message (id=2756) [Deviceb'Device - 2']"
"413107","2800.290672181","192.168.15.3","192.168.15.4","MQTT","70","Connect Ack"
"413110","2800.293188345","192.168.15.3","192.168.15.4","MQTT","70","Publish Ack (id=2756)"
"413112","2800.293873039","192.168.15.4","192.168.15.3","MQTT","68","Disconnect Req"
"413125","2801.298173020","192.168.15.4","192.168.15.3","MQTT","90","Connect Command"
"413127","2801.301096254","192.168.15.4","192.168.15.3","MQTT","97","Publish Message (id=2757) [Deviceb'Device - 2']"
"413128","2801.302464399","192.168.15.3","192.168.15.4","MQTT","70","Connect Ack"
"413131","2801.303962930","192.168.15.3","192.168.15.4","MQTT","70","Publish Ack (id=2757)"
"413133","2801.304646091","192.168.15.4","192.168.15.3","MQTT","68","Disconnect Req"
"413145","2802.309496854","192.168.15.4","192.168.15.3","MQTT","90","Connect Command"
"413147","2802.314125770","192.168.15.4","192.168.15.3","MQTT","97","Publish Message (id=2758) [Deviceb'Device - 2']"
"413148","2802.314539462","192.168.15.3","192.168.15.4","MQTT","70","Connect Ack"
"413151","2802.316990603","192.168.15.3","192.168.15.4","MQTT","70","Publish Ack (id=2758)"
"413153","2802.317714441","192.168.15.4","192.168.15.3","MQTT","68","Disconnect Req"
"413165","2803.322913261","192.168.15.4","192.168.15.3","MQTT","90","Connect Command"
"413167","2803.326245797","192.168.15.4","192.168.15.3","MQTT","97","Publish Message (id=2759) [Deviceb'Device - 2']"
"413169","2803.330579326","192.168.15.3","192.168.15.4","MQTT","70","Connect Ack"
"413171","2803.333057528","192.168.15.3","192.168.15.4","MQTT","70","Publish Ack (id=2759)"
"413173","2803.333709621","192.168.15.4","192.168.15.3","MQTT","68","Disconnect Req"
"413202","2804.338747077","192.168.15.4","192.168.15.3","MQTT","90","Connect Command"
"413204","2804.341614746","192.168.15.4","192.168.15.3","MQTT","97","Publish Message (id=2760) [Deviceb'Device - 2']"
"413205","2804.342017617","192.168.15.3","192.168.15.4","MQTT","70","Connect Ack"
"413208","2804.344591330","192.168.15.3","192.168.15.4","MQTT","70","Publish Ack (id=2760)"
"413210","2804.345438611","192.168.15.4","192.168.15.3","MQTT","68","Disconnect Req"
"413225","2805.350211659","192.168.15.4","192.168.15.3","MQTT","90","Connect Command"
"413227","2805.355050972","192.168.15.4","192.168.15.3","MQTT","97","Publish Message (id=2761) [Deviceb'Device - 2']"
"413228","2805.355426372","192.168.15.3","192.168.15.4","MQTT","70","Connect Ack"
"413231","2805.357967393","192.168.15.3","192.168.15.4","MQTT","70","Publish Ack (id=2761)"
"413233","2805.358841975","192.168.15.4","192.168.15.3","MQTT","68","Disconnect Req"
"413245","2806.362743217","192.168.15.4","192.168.15.3","MQTT","90","Connect Command"
"413247","2806.365585948","192.168.15.4","192.168.15.3","MQTT","97","Publish Message (id=2762) [Deviceb'Device - 2']"
"413248","2806.365986224","192.168.15.3","192.168.15.4","MQTT","70","Connect Ack"
"413251","2806.368428018","192.168.15.3","192.168.15.4","MQTT","70","Publish Ack (id=2762)"
"413253","2806.369138260","192.168.15.4","192.168.15.3","MQTT","68","Disconnect Req"
"413265","2807.373329529","192.168.15.4","192.168.15.3","MQTT","90","Connect Command"
"413267","2807.377205973","192.168.15.4","192.168.15.3","MQTT","97","Publish Message (id=2763) [Deviceb'Device - 2']"
"413268","2807.377569821","192.168.15.3","192.168.15.4","MQTT","70","Connect Ack"
"413271","2807.380073922","192.168.15.3","192.168.15.4","MQTT","70","Publish Ack (id=2763)"
"413273","2807.381064073","192.168.15.4","192.168.15.3","MQTT","68","Disconnect Req"
"413281","2808.385597932","192.168.15.4","192.168.15.3","MQTT","90","Connect Command"
"413283","2808.388327970","192.168.15.4","192.168.15.3","MQTT","97","Publish Message (id=2764) [Deviceb'Device - 2']"
"413284","2808.389045737","192.168.15.3","192.168.15.4","MQTT","70","Connect Ack"
"413287","2808.391222800","192.168.15.3","192.168.15.4","MQTT","70","Publish Ack (id=2764)"
"413289","2808.391982656","192.168.15.4","192.168.15.3","MQTT","68","Disconnect Req"
"413297","2809.396168528","192.168.15.4","192.168.15.3","MQTT","90","Connect Command"
"413299","2809.399038821","192.168.15.4","192.168.15.3","MQTT","97","Publish Message (id=2765) [Deviceb'Device - 2']"
"413300","2809.400224291","192.168.15.3","192.168.15.4","MQTT","70","Connect Ack"
"413303","2809.401977894","192.168.15.3","192.168.15.4","MQTT","70","Publish Ack (id=2765)"
"413305","2809.402730677","192.168.15.4","192.168.15.3","MQTT","68","Disconnect Req"
"413320","2810.406616120","192.168.15.4","192.168.15.3","MQTT","90","Connect Command"
"413322","2810.409460925","192.168.15.4","192.168.15.3","MQTT","97","Publish Message (id=2766) [Deviceb'Device - 2']"
"413323","2810.409868495","192.168.15.3","192.168.15.4","MQTT","70","Connect Ack"
"413326","2810.412515557","192.168.15.3","192.168.15.4","MQTT","70","Publish Ack (id=2766)"
"413328","2810.413252069","192.168.15.4","192.168.15.3","MQTT","68","Disconnect Req"
"413341","2811.417564471","192.168.15.4","192.168.15.3","MQTT","90","Connect Command"
"413343","2811.420407573","192.168.15.4","192.168.15.3","MQTT","97","Publish Message (id=2767) [Deviceb'Device - 2']"
"413344","2811.420823649","192.168.15.3","192.168.15.4","MQTT","70","Connect Ack"
"413347","2811.423241277","192.168.15.3","192.168.15.4","MQTT","70","Publish Ack (id=2767)"
"413349","2811.424021992","192.168.15.4","192.168.15.3","MQTT","68","Disconnect Req"
"413361","2812.428451704","192.168.15.4","192.168.15.3","MQTT","90","Connect Command"
"413363","2812.431390698","192.168.15.4","192.168.15.3","MQTT","97","Publish Message (id=2768) [Deviceb'Device - 2']"
"413364","2812.431858351","192.168.15.3","192.168.15.4","MQTT","70","Connect Ack"
"413367","2812.434346713","192.168.15.3","192.168.15.4","MQTT","70","Publish Ack (id=2768)"
"413369","2812.435073897","192.168.15.4","192.168.15.3","MQTT","68","Disconnect Req"
"413381","2813.439357737","192.168.15.4","192.168.15.3","MQTT","90","Connect Command"
"413383","2813.442716152","192.168.15.4","192.168.15.3","MQTT","97","Publish Message (id=2769) [Deviceb'Device - 2']"
"413385","2813.447045894","192.168.15.3","192.168.15.4","MQTT","70","Connect Ack"
"413387","2813.449630036","192.168.15.3","192.168.15.4","MQTT","70","Publish Ack (id=2769)"
"413389","2813.450407656","192.168.15.4","192.168.15.3","MQTT","68","Disconnect Req"
"413407","2814.454737361","192.168.15.4","192.168.15.3","MQTT","90","Connect Command"
"413409","2814.457628234","192.168.15.4","192.168.15.3","MQTT","97","Publish Message (id=2770) [Deviceb'Device - 2']"
"413410","2814.458121326","192.168.15.3","192.168.15.4","MQTT","70","Connect Ack"
"413413","2814.460516492","192.168.15.3","192.168.15.4","MQTT","70","Publish Ack (id=2770)"
"413415","2814.461175847","192.168.15.4","192.168.15.3","MQTT","68","Disconnect Req"
"413430","2815.465838142","192.168.15.4","192.168.15.3","MQTT","90","Connect Command"
"413432","2815.468710579","192.168.15.4","192.168.15.3","MQTT","97","Publish Message (id=2771) [Deviceb'Device - 2']"
"413433","2815.469113110","192.168.15.3","192.168.15.4","MQTT","70","Connect Ack"
"413436","2815.471974838","192.168.15.3","192.168.15.4","MQTT","70","Publish Ack (id=2771)"
"413438","2815.472603175","192.168.15.4","192.168.15.3","MQTT","68","Disconnect Req"
"413450","2816.476664866","192.168.15.4","192.168.15.3","MQTT","90","Connect Command"
"413452","2816.479528266","192.168.15.4","192.168.15.3","MQTT","97","Publish Message (id=2772) [Deviceb'Device - 2']"
"413453","2816.479919115","192.168.15.3","192.168.15.4","MQTT","70","Connect Ack"
"413456","2816.483333347","192.168.15.3","192.168.15.4","MQTT","70","Publish Ack (id=2772)"
"413458","2816.483917290","192.168.15.4","192.168.15.3","MQTT","68","Disconnect Req"
"413471","2817.487762054","192.168.15.4","192.168.15.3","MQTT","90","Connect Command"
"413473","2817.493012775","192.168.15.4","192.168.15.3","MQTT","97","Publish Message (id=2773) [Deviceb'Device - 2']"
"413474","2817.493373346","192.168.15.3","192.168.15.4","MQTT","70","Connect Ack"
"413477","2817.495855256","192.168.15.3","192.168.15.4","MQTT","70","Publish Ack (id=2773)"
"413479","2817.496574445","192.168.15.4","192.168.15.3","MQTT","68","Disconnect Req"
"413492","2818.501176708","192.168.15.4","192.168.15.3","MQTT","90","Connect Command"
"413494","2818.504048815","192.168.15.4","192.168.15.3","MQTT","97","Publish Message (id=2774) [Deviceb'Device - 2']"
"413496","2818.508303053","192.168.15.3","192.168.15.4","MQTT","70","Connect Ack"
"413498","2818.510855125","192.168.15.3","192.168.15.4","MQTT","70","Publish Ack (id=2774)"
"413500","2818.511670807","192.168.15.4","192.168.15.3","MQTT","68","Disconnect Req"
"413520","2819.516249366","192.168.15.4","192.168.15.3","MQTT","90","Connect Command"
"413522","2819.518950109","192.168.15.4","192.168.15.3","MQTT","97","Publish Message (id=2775) [Deviceb'Device - 2']"
"413523","2819.519330689","192.168.15.3","192.168.15.4","MQTT","70","Connect Ack"
"413526","2819.522019249","192.168.15.3","192.168.15.4","MQTT","70","Publish Ack (id=2775)"
"413528","2819.522741253","192.168.15.4","192.168.15.3","MQTT","68","Disconnect Req"
"413545","2820.527301168","192.168.15.4","192.168.15.3","MQTT","90","Connect Command"
"413547","2820.530232516","192.168.15.4","192.168.15.3","MQTT","97","Publish Message (id=2776) [Deviceb'Device - 2']"
"413548","2820.530605060","192.168.15.3","192.168.15.4","MQTT","70","Connect Ack"
"413551","2820.533239358","192.168.15.3","192.168.15.4","MQTT","70","Publish Ack (id=2776)"
"413553","2820.533949359","192.168.15.4","192.168.15.3","MQTT","68","Disconnect Req"
"413565","2821.538871228","192.168.15.4","192.168.15.3","MQTT","90","Connect Command"
"413567","2821.541711876","192.168.15.4","192.168.15.3","MQTT","97","Publish Message (id=2777) [Deviceb'Device - 2']"
"413568","2821.542111151","192.168.15.3","192.168.15.4","MQTT","70","Connect Ack"
"413571","2821.544604131","192.168.15.3","192.168.15.4","MQTT","70","Publish Ack (id=2777)"
"413573","2821.545280890","192.168.15.4","192.168.15.3","MQTT","68","Disconnect Req"
"413591","2822.549340641","192.168.15.4","192.168.15.3","MQTT","90","Connect Command"
"413593","2822.552228588","192.168.15.4","192.168.15.3","MQTT","97","Publish Message (id=2778) [Deviceb'Device - 2']"
"413594","2822.552659001","192.168.15.3","192.168.15.4","MQTT","70","Connect Ack"
"413597","2822.555127465","192.168.15.3","192.168.15.4","MQTT","70","Publish Ack (id=2778)"
"413599","2822.555952965","192.168.15.4","192.168.15.3","MQTT","68","Disconnect Req"
"413636","2823.560794073","192.168.15.4","192.168.15.3","MQTT","90","Connect Command"
"413638","2823.566160994","192.168.15.4","192.168.15.3","MQTT","97","Publish Message (id=2779) [Deviceb'Device - 2']"
"413640","2823.570513097","192.168.15.3","192.168.15.4","MQTT","70","Connect Ack"
"413642","2823.572931888","192.168.15.3","192.168.15.4","MQTT","70","Publish Ack (id=2779)"
"413644","2823.573725968","192.168.15.4","192.168.15.3","MQTT","68","Disconnect Req"
"413671","2824.578272250","192.168.15.4","192.168.15.3","MQTT","90","Connect Command"
"413673","2824.581208718","192.168.15.4","192.168.15.3","MQTT","97","Publish Message (id=2780) [Deviceb'Device - 2']"
"413674","2824.581660942","192.168.15.3","192.168.15.4","MQTT","70","Connect Ack"
"413677","2824.584300881","192.168.15.3","192.168.15.4","MQTT","70","Publish Ack (id=2780)"
"413679","2824.584857493","192.168.15.4","192.168.15.3","MQTT","68","Disconnect Req"
"413712","2825.589377295","192.168.15.4","192.168.15.3","MQTT","90","Connect Command"
"413714","2825.592203556","192.168.15.4","192.168.15.3","MQTT","97","Publish Message (id=2781) [Deviceb'Device - 2']"
"413715","2825.592599544","192.168.15.3","192.168.15.4","MQTT","70","Connect Ack"
"413718","2825.595122070","192.168.15.3","192.168.15.4","MQTT","70","Publish Ack (id=2781)"
"413720","2825.596045395","192.168.15.4","192.168.15.3","MQTT","68","Disconnect Req"
"413728","2826.600019367","192.168.15.4","192.168.15.3","MQTT","90","Connect Command"
"413730","2826.602827122","192.168.15.4","192.168.15.3","MQTT","97","Publish Message (id=2782) [Deviceb'Device - 2']"
"413731","2826.603608569","192.168.15.3","192.168.15.4","MQTT","70","Connect Ack"
"413734","2826.605693488","192.168.15.3","192.168.15.4","MQTT","70","Publish Ack (id=2782)"
"413736","2826.606281980","192.168.15.4","192.168.15.3","MQTT","68","Disconnect Req"
"413748","2827.610988066","192.168.15.4","192.168.15.3","MQTT","90","Connect Command"
"413750","2827.613687036","192.168.15.4","192.168.15.3","MQTT","97","Publish Message (id=2783) [Deviceb'Device - 2']"
"413751","2827.614079087","192.168.15.3","192.168.15.4","MQTT","70","Connect Ack"
"413754","2827.617343114","192.168.15.3","192.168.15.4","MQTT","70","Publish Ack (id=2783)"
"413756","2827.618138197","192.168.15.4","192.168.15.3","MQTT","68","Disconnect Req"
"413768","2828.622417558","192.168.15.4","192.168.15.3","MQTT","90","Connect Command"
"413770","2828.625403230","192.168.15.4","192.168.15.3","MQTT","97","Publish Message (id=2784) [Deviceb'Device - 2']"
"413772","2828.629835254","192.168.15.3","192.168.15.4","MQTT","70","Connect Ack"
"413774","2828.632355877","192.168.15.3","192.168.15.4","MQTT","70","Publish Ack (id=2784)"
"413776","2828.632908531","192.168.15.4","192.168.15.3","MQTT","68","Disconnect Req"
"413788","2829.637901671","192.168.15.4","192.168.15.3","MQTT","90","Connect Command"
"413790","2829.640621690","192.168.15.4","192.168.15.3","MQTT","97","Publish Message (id=2785) [Deviceb'Device - 2']"
"413791","2829.641074496","192.168.15.3","192.168.15.4","MQTT","70","Connect Ack"
"413794","2829.643977130","192.168.15.3","192.168.15.4","MQTT","70","Publish Ack (id=2785)"
"413796","2829.644626177","192.168.15.4","192.168.15.3","MQTT","68","Disconnect Req"
"413812","2830.648832550","192.168.15.4","192.168.15.3","MQTT","90","Connect Command"
"413814","2830.651740645","192.168.15.4","192.168.15.3","MQTT","97","Publish Message (id=2786) [Deviceb'Device - 2']"
"413815","2830.652135491","192.168.15.3","192.168.15.4","MQTT","70","Connect Ack"
"413818","2830.654773476","192.168.15.3","192.168.15.4","MQTT","70","Publish Ack (id=2786)"
"413820","2830.655281165","192.168.15.4","192.168.15.3","MQTT","68","Disconnect Req"
"413832","2831.660175429","192.168.15.4","192.168.15.3","MQTT","90","Connect Command"
"413834","2831.662976362","192.168.15.4","192.168.15.3","MQTT","97","Publish Message (id=2787) [Deviceb'Device - 2']"
"413835","2831.663348816","192.168.15.3","192.168.15.4","MQTT","70","Connect Ack"
"413838","2831.665961442","192.168.15.3","192.168.15.4","MQTT","70","Publish Ack (id=2787)"
"413840","2831.666526270","192.168.15.4","192.168.15.3","MQTT","68","Disconnect Req"
"413848","2832.671162074","192.168.15.4","192.168.15.3","MQTT","90","Connect Command"
"413850","2832.674002832","192.168.15.4","192.168.15.3","MQTT","97","Publish Message (id=2788) [Deviceb'Device - 2']"
"413851","2832.674400784","192.168.15.3","192.168.15.4","MQTT","70","Connect Ack"
"413854","2832.677003281","192.168.15.3","192.168.15.4","MQTT","70","Publish Ack (id=2788)"
"413856","2832.677888975","192.168.15.4","192.168.15.3","MQTT","68","Disconnect Req"
"413868","2833.682091002","192.168.15.4","192.168.15.3","MQTT","90","Connect Command"
"413870","2833.694037876","192.168.15.4","192.168.15.3","MQTT","97","Publish Message (id=2789) [Deviceb'Device - 2']"
"413872","2833.698384730","192.168.15.3","192.168.15.4","MQTT","70","Connect Ack"
"413874","2833.700864325","192.168.15.3","192.168.15.4","MQTT","70","Publish Ack (id=2789)"
"413876","2833.701484326","192.168.15.4","192.168.15.3","MQTT","68","Disconnect Req"
"413888","2834.706222838","192.168.15.4","192.168.15.3","MQTT","90","Connect Command"
"413890","2834.708884326","192.168.15.4","192.168.15.3","MQTT","97","Publish Message (id=2790) [Deviceb'Device - 2']"
"413891","2834.709287308","192.168.15.3","192.168.15.4","MQTT","70","Connect Ack"
"413894","2834.712195393","192.168.15.3","192.168.15.4","MQTT","70","Publish Ack (id=2790)"
"413896","2834.712870278","192.168.15.4","192.168.15.3","MQTT","68","Disconnect Req"
"413916","2835.717479336","192.168.15.4","192.168.15.3","MQTT","90","Connect Command"
"413918","2835.720421204","192.168.15.4","192.168.15.3","MQTT","97","Publish Message (id=2791) [Deviceb'Device - 2']"
"413919","2835.720853481","192.168.15.3","192.168.15.4","MQTT","70","Connect Ack"
"413922","2835.723392499","192.168.15.3","192.168.15.4","MQTT","70","Publish Ack (id=2791)"
"413924","2835.724124752","192.168.15.4","192.168.15.3","MQTT","68","Disconnect Req"
"413936","2836.727922369","192.168.15.4","192.168.15.3","MQTT","90","Connect Command"
"413938","2836.730891449","192.168.15.4","192.168.15.3","MQTT","97","Publish Message (id=2792) [Deviceb'Device - 2']"
"413939","2836.731341810","192.168.15.3","192.168.15.4","MQTT","70","Connect Ack"
"413942","2836.734158853","192.168.15.3","192.168.15.4","MQTT","70","Publish Ack (id=2792)"
"413944","2836.734857232","192.168.15.4","192.168.15.3","MQTT","68","Disconnect Req"
"413953","2837.739576489","192.168.15.4","192.168.15.3","MQTT","90","Connect Command"
"413955","2837.742484153","192.168.15.4","192.168.15.3","MQTT","97","Publish Message (id=2793) [Deviceb'Device - 2']"
"413956","2837.742898476","192.168.15.3","192.168.15.4","MQTT","70","Connect Ack"
"413959","2837.745693277","192.168.15.3","192.168.15.4","MQTT","70","Publish Ack (id=2793)"
"413961","2837.746593348","192.168.15.4","192.168.15.3","MQTT","68","Disconnect Req"
"413969","2838.750871372","192.168.15.4","192.168.15.3","MQTT","90","Connect Command"
"413971","2838.753719554","192.168.15.4","192.168.15.3","MQTT","97","Publish Message (id=2794) [Deviceb'Device - 2']"
"413973","2838.758160365","192.168.15.3","192.168.15.4","MQTT","70","Connect Ack"
"413975","2838.760709051","192.168.15.3","192.168.15.4","MQTT","70","Publish Ack (id=2794)"
"413977","2838.761444441","192.168.15.4","192.168.15.3","MQTT","68","Disconnect Req"
"413992","2839.765697608","192.168.15.4","192.168.15.3","MQTT","90","Connect Command"
"413994","2839.768582939","192.168.15.4","192.168.15.3","MQTT","97","Publish Message (id=2795) [Deviceb'Device - 2']"
"413995","2839.768976293","192.168.15.3","192.168.15.4","MQTT","70","Connect Ack"
"413998","2839.771360077","192.168.15.3","192.168.15.4","MQTT","70","Publish Ack (id=2795)"
"414000","2839.771989015","192.168.15.4","192.168.15.3","MQTT","68","Disconnect Req"
"414016","2840.776562308","192.168.15.4","192.168.15.3","MQTT","90","Connect Command"
"414018","2840.779386104","192.168.15.4","192.168.15.3","MQTT","97","Publish Message (id=2796) [Deviceb'Device - 2']"
"414019","2840.779764168","192.168.15.3","192.168.15.4","MQTT","70","Connect Ack"
"414022","2840.782334445","192.168.15.3","192.168.15.4","MQTT","70","Publish Ack (id=2796)"
"414024","2840.782741685","192.168.15.4","192.168.15.3","MQTT","68","Disconnect Req"
"414038","2841.787116573","192.168.15.4","192.168.15.3","MQTT","90","Connect Command"
"414040","2841.789858393","192.168.15.4","192.168.15.3","MQTT","97","Publish Message (id=2797) [Deviceb'Device - 2']"
"414041","2841.790252949","192.168.15.3","192.168.15.4","MQTT","70","Connect Ack"
"414044","2841.792812967","192.168.15.3","192.168.15.4","MQTT","70","Publish Ack (id=2797)"
"414046","2841.793211189","192.168.15.4","192.168.15.3","MQTT","68","Disconnect Req"
"414058","2842.797255383","192.168.15.4","192.168.15.3","MQTT","90","Connect Command"
"414060","2842.800741189","192.168.15.4","192.168.15.3","MQTT","97","Publish Message (id=2798) [Deviceb'Device - 2']"
"414061","2842.801583661","192.168.15.3","192.168.15.4","MQTT","70","Connect Ack"
"414064","2842.803674301","192.168.15.3","192.168.15.4","MQTT","70","Publish Ack (id=2798)"
"414066","2842.804004455","192.168.15.4","192.168.15.3","MQTT","68","Disconnect Req"
"414074","2843.808038622","192.168.15.4","192.168.15.3","MQTT","90","Connect Command"
"414076","2843.810945164","192.168.15.4","192.168.15.3","MQTT","97","Publish Message (id=2799) [Deviceb'Device - 2']"
"414078","2843.815389251","192.168.15.3","192.168.15.4","MQTT","70","Connect Ack"
"414080","2843.818020704","192.168.15.3","192.168.15.4","MQTT","70","Publish Ack (id=2799)"
"414082","2843.818683757","192.168.15.4","192.168.15.3","MQTT","68","Disconnect Req"
"414097","2844.823253294","192.168.15.4","192.168.15.3","MQTT","90","Connect Command"
"414099","2844.826190405","192.168.15.4","192.168.15.3","MQTT","97","Publish Message (id=2800) [Deviceb'Device - 2']"
"414100","2844.826524616","192.168.15.3","192.168.15.4","MQTT","70","Connect Ack"
"414103","2844.828616789","192.168.15.3","192.168.15.4","MQTT","70","Publish Ack (id=2800)"
"414105","2844.829262820","192.168.15.4","192.168.15.3","MQTT","68","Disconnect Req"
"414120","2845.833392769","192.168.15.4","192.168.15.3","MQTT","90","Connect Command"
"414122","2845.836136935","192.168.15.4","192.168.15.3","MQTT","97","Publish Message (id=2801) [Deviceb'Device - 2']"
"414123","2845.836557219","192.168.15.3","192.168.15.4","MQTT","70","Connect Ack"
"414126","2845.839183221","192.168.15.3","192.168.15.4","MQTT","70","Publish Ack (id=2801)"
"414128","2845.839948497","192.168.15.4","192.168.15.3","MQTT","68","Disconnect Req"
"414142","2846.844371431","192.168.15.4","192.168.15.3","MQTT","90","Connect Command"
"414144","2846.847245632","192.168.15.4","192.168.15.3","MQTT","97","Publish Message (id=2802) [Deviceb'Device - 2']"
"414145","2846.847670284","192.168.15.3","192.168.15.4","MQTT","70","Connect Ack"
"414148","2846.850231333","192.168.15.3","192.168.15.4","MQTT","70","Publish Ack (id=2802)"
"414150","2846.850973065","192.168.15.4","192.168.15.3","MQTT","68","Disconnect Req"
"414164","2847.854915089","192.168.15.4","192.168.15.3","MQTT","90","Connect Command"
"414166","2847.857812864","192.168.15.4","192.168.15.3","MQTT","97","Publish Message (id=2803) [Deviceb'Device - 2']"
"414167","2847.858311987","192.168.15.3","192.168.15.4","MQTT","70","Connect Ack"
"414170","2847.860622573","192.168.15.3","192.168.15.4","MQTT","70","Publish Ack (id=2803)"
"414172","2847.861236523","192.168.15.4","192.168.15.3","MQTT","68","Disconnect Req"
"414184","2848.865165875","192.168.15.4","192.168.15.3","MQTT","90","Connect Command"
"414186","2848.868110780","192.168.15.4","192.168.15.3","MQTT","97","Publish Message (id=2804) [Deviceb'Device - 2']"
"414188","2848.872410474","192.168.15.3","192.168.15.4","MQTT","70","Connect Ack"
"414190","2848.874881073","192.168.15.3","192.168.15.4","MQTT","70","Publish Ack (id=2804)"
"414192","2848.875531031","192.168.15.4","192.168.15.3","MQTT","68","Disconnect Req"
"414204","2849.879847185","192.168.15.4","192.168.15.3","MQTT","90","Connect Command"
"414206","2849.882715475","192.168.15.4","192.168.15.3","MQTT","97","Publish Message (id=2805) [Deviceb'Device - 2']"
"414207","2849.883116362","192.168.15.3","192.168.15.4","MQTT","70","Connect Ack"
"414210","2849.885521607","192.168.15.3","192.168.15.4","MQTT","70","Publish Ack (id=2805)"
"414212","2849.886251877","192.168.15.4","192.168.15.3","MQTT","68","Disconnect Req"
"414228","2850.891950063","192.168.15.4","192.168.15.3","MQTT","90","Connect Command"
"414230","2850.894812952","192.168.15.4","192.168.15.3","MQTT","97","Publish Message (id=2806) [Deviceb'Device - 2']"
"414231","2850.895241432","192.168.15.3","192.168.15.4","MQTT","70","Connect Ack"
"414234","2850.897807090","192.168.15.3","192.168.15.4","MQTT","70","Publish Ack (id=2806)"
"414236","2850.898385092","192.168.15.4","192.168.15.3","MQTT","68","Disconnect Req"
"414248","2851.902171095","192.168.15.4","192.168.15.3","MQTT","90","Connect Command"
"414250","2851.905058721","192.168.15.4","192.168.15.3","MQTT","97","Publish Message (id=2807) [Deviceb'Device - 2']"
"414251","2851.905450291","192.168.15.3","192.168.15.4","MQTT","70","Connect Ack"
"414254","2851.908080501","192.168.15.3","192.168.15.4","MQTT","70","Publish Ack (id=2807)"
"414256","2851.908400095","192.168.15.4","192.168.15.3","MQTT","68","Disconnect Req"
"414268","2852.913163725","192.168.15.4","192.168.15.3","MQTT","90","Connect Command"
"414270","2852.915787583","192.168.15.4","192.168.15.3","MQTT","97","Publish Message (id=2808) [Deviceb'Device - 2']"
"414271","2852.916156119","192.168.15.3","192.168.15.4","MQTT","70","Connect Ack"
"414274","2852.918830874","192.168.15.3","192.168.15.4","MQTT","70","Publish Ack (id=2808)"
"414276","2852.919112516","192.168.15.4","192.168.15.3","MQTT","68","Disconnect Req"
"414284","2853.923279619","192.168.15.4","192.168.15.3","MQTT","90","Connect Command"
"414286","2853.925812013","192.168.15.4","192.168.15.3","MQTT","97","Publish Message (id=2809) [Deviceb'Device - 2']"
"414288","2853.930172794","192.168.15.3","192.168.15.4","MQTT","70","Connect Ack"
"414290","2853.932746857","192.168.15.3","192.168.15.4","MQTT","70","Publish Ack (id=2809)"
"414292","2853.933137666","192.168.15.4","192.168.15.3","MQTT","68","Disconnect Req"
"414315","2854.937549992","192.168.15.4","192.168.15.3","MQTT","90","Connect Command"
"414317","2854.940418413","192.168.15.4","192.168.15.3","MQTT","97","Publish Message (id=2810) [Deviceb'Device - 2']"
"414318","2854.940844728","192.168.15.3","192.168.15.4","MQTT","70","Connect Ack"
"414321","2854.943455481","192.168.15.3","192.168.15.4","MQTT","70","Publish Ack (id=2810)"
"414323","2854.943885103","192.168.15.4","192.168.15.3","MQTT","68","Disconnect Req"
"414347","2855.948430151","192.168.15.4","192.168.15.3","MQTT","90","Connect Command"
"414350","2855.951272111","192.168.15.4","192.168.15.3","MQTT","97","Publish Message (id=2811) [Deviceb'Device - 2']"
"414351","2855.951750636","192.168.15.3","192.168.15.4","MQTT","70","Connect Ack"
"414354","2855.954242694","192.168.15.3","192.168.15.4","MQTT","70","Publish Ack (id=2811)"
"414356","2855.954712011","192.168.15.4","192.168.15.3","MQTT","68","Disconnect Req"
"414365","2856.959855229","192.168.15.4","192.168.15.3","MQTT","90","Connect Command"
"414367","2856.962692310","192.168.15.4","192.168.15.3","MQTT","97","Publish Message (id=2812) [Deviceb'Device - 2']"
"414368","2856.963130288","192.168.15.3","192.168.15.4","MQTT","70","Connect Ack"
"414371","2856.965721273","192.168.15.3","192.168.15.4","MQTT","70","Publish Ack (id=2812)"
"414373","2856.966200278","192.168.15.4","192.168.15.3","MQTT","68","Disconnect Req"
"414385","2857.970233932","192.168.15.4","192.168.15.3","MQTT","90","Connect Command"
"414387","2857.973116750","192.168.15.4","192.168.15.3","MQTT","97","Publish Message (id=2813) [Deviceb'Device - 2']"
"414388","2857.973508370","192.168.15.3","192.168.15.4","MQTT","70","Connect Ack"
"414391","2857.976176281","192.168.15.3","192.168.15.4","MQTT","70","Publish Ack (id=2813)"
"414393","2857.976654404","192.168.15.4","192.168.15.3","MQTT","68","Disconnect Req"
"414405","2858.981400327","192.168.15.4","192.168.15.3","MQTT","90","Connect Command"
"414407","2858.986070741","192.168.15.4","192.168.15.3","MQTT","97","Publish Message (id=2814) [Deviceb'Device - 2']"
"414409","2858.990518195","192.168.15.3","192.168.15.4","MQTT","70","Connect Ack"
"414411","2858.993052313","192.168.15.3","192.168.15.4","MQTT","70","Publish Ack (id=2814)"
"414413","2858.993330960","192.168.15.4","192.168.15.3","MQTT","68","Disconnect Req"
"414425","2859.997455928","192.168.15.4","192.168.15.3","MQTT","90","Connect Command"
"414427","2860.000410731","192.168.15.4","192.168.15.3","MQTT","97","Publish Message (id=2815) [Deviceb'Device - 2']"
"414428","2860.000816919","192.168.15.3","192.168.15.4","MQTT","70","Connect Ack"
"414431","2860.006012606","192.168.15.3","192.168.15.4","MQTT","70","Publish Ack (id=2815)"
"414433","2860.006531056","192.168.15.4","192.168.15.3","MQTT","68","Disconnect Req"
"414449","2861.011161840","192.168.15.4","192.168.15.3","MQTT","90","Connect Command"
"414451","2861.014160627","192.168.15.4","192.168.15.3","MQTT","97","Publish Message (id=2816) [Deviceb'Device - 2']"
"414452","2861.014621658","192.168.15.3","192.168.15.4","MQTT","70","Connect Ack"
"414455","2861.017245536","192.168.15.3","192.168.15.4","MQTT","70","Publish Ack (id=2816)"
"414457","2861.017569117","192.168.15.4","192.168.15.3","MQTT","68","Disconnect Req"
"414469","2862.021355427","192.168.15.4","192.168.15.3","MQTT","90","Connect Command"
"414471","2862.026335668","192.168.15.4","192.168.15.3","MQTT","97","Publish Message (id=2817) [Deviceb'Device - 2']"
"414472","2862.026662726","192.168.15.3","192.168.15.4","MQTT","70","Connect Ack"
"414475","2862.029150346","192.168.15.3","192.168.15.4","MQTT","70","Publish Ack (id=2817)"
"414477","2862.029408844","192.168.15.4","192.168.15.3","MQTT","68","Disconnect Req"
"414493","2863.033158386","192.168.15.4","192.168.15.3","MQTT","90","Connect Command"
"414495","2863.035981320","192.168.15.4","192.168.15.3","MQTT","97","Publish Message (id=2818) [Deviceb'Device - 2']"
"414496","2863.036405401","192.168.15.3","192.168.15.4","MQTT","70","Connect Ack"
"414499","2863.038821597","192.168.15.3","192.168.15.4","MQTT","70","Publish Ack (id=2818)"
"414501","2863.039216183","192.168.15.4","192.168.15.3","MQTT","68","Disconnect Req"
"414516","2864.043741940","192.168.15.4","192.168.15.3","MQTT","90","Connect Command"
"414518","2864.046662007","192.168.15.4","192.168.15.3","MQTT","97","Publish Message (id=2819) [Deviceb'Device - 2']"
"414520","2864.051003240","192.168.15.3","192.168.15.4","MQTT","70","Connect Ack"
"414522","2864.053475101","192.168.15.3","192.168.15.4","MQTT","70","Publish Ack (id=2819)"
"414524","2864.053832045","192.168.15.4","192.168.15.3","MQTT","68","Disconnect Req"
"414540","2865.058399663","192.168.15.4","192.168.15.3","MQTT","90","Connect Command"
"414542","2865.061149008","192.168.15.4","192.168.15.3","MQTT","97","Publish Message (id=2820) [Deviceb'Device - 2']"
"414543","2865.061599479","192.168.15.3","192.168.15.4","MQTT","70","Connect Ack"
"414546","2865.064238305","192.168.15.3","192.168.15.4","MQTT","70","Publish Ack (id=2820)"
"414548","2865.064947856","192.168.15.4","192.168.15.3","MQTT","68","Disconnect Req"
"414563","2866.068863363","192.168.15.4","192.168.15.3","MQTT","90","Connect Command"
"414565","2866.071723837","192.168.15.4","192.168.15.3","MQTT","97","Publish Message (id=2821) [Deviceb'Device - 2']"
"414566","2866.072128091","192.168.15.3","192.168.15.4","MQTT","70","Connect Ack"
"414569","2866.074608679","192.168.15.3","192.168.15.4","MQTT","70","Publish Ack (id=2821)"
"414571","2866.075438827","192.168.15.4","192.168.15.3","MQTT","68","Disconnect Req"
"414579","2867.080314868","192.168.15.4","192.168.15.3","MQTT","90","Connect Command"
"414581","2867.083231339","192.168.15.4","192.168.15.3","MQTT","97","Publish Message (id=2822) [Deviceb'Device - 2']"
"414582","2867.083631325","192.168.15.3","192.168.15.4","MQTT","70","Connect Ack"
"414585","2867.086119026","192.168.15.3","192.168.15.4","MQTT","70","Publish Ack (id=2822)"
"414587","2867.087050135","192.168.15.4","192.168.15.3","MQTT","68","Disconnect Req"
"414599","2868.091371779","192.168.15.4","192.168.15.3","MQTT","90","Connect Command"
"414601","2868.093969337","192.168.15.4","192.168.15.3","MQTT","97","Publish Message (id=2823) [Deviceb'Device - 2']"
"414602","2868.094379432","192.168.15.3","192.168.15.4","MQTT","70","Connect Ack"
"414605","2868.097007888","192.168.15.3","192.168.15.4","MQTT","70","Publish Ack (id=2823)"
"414607","2868.097472566","192.168.15.4","192.168.15.3","MQTT","68","Disconnect Req"
"414620","2869.101648575","192.168.15.4","192.168.15.3","MQTT","90","Connect Command"
"414622","2869.104528717","192.168.15.4","192.168.15.3","MQTT","97","Publish Message (id=2824) [Deviceb'Device - 2']"
"414624","2869.108968707","192.168.15.3","192.168.15.4","MQTT","70","Connect Ack"
"414626","2869.111522613","192.168.15.3","192.168.15.4","MQTT","70","Publish Ack (id=2824)"
"414628","2869.111786341","192.168.15.4","192.168.15.3","MQTT","68","Disconnect Req"
"414643","2870.116975726","192.168.15.4","192.168.15.3","MQTT","90","Connect Command"
"414645","2870.119955237","192.168.15.4","192.168.15.3","MQTT","97","Publish Message (id=2825) [Deviceb'Device - 2']"
"414646","2870.120367616","192.168.15.3","192.168.15.4","MQTT","70","Connect Ack"
"414649","2870.122786166","192.168.15.3","192.168.15.4","MQTT","70","Publish Ack (id=2825)"
"414651","2870.123485607","192.168.15.4","192.168.15.3","MQTT","68","Disconnect Req"
"414667","2871.127952358","192.168.15.4","192.168.15.3","MQTT","90","Connect Command"
"414669","2871.130862788","192.168.15.4","192.168.15.3","MQTT","97","Publish Message (id=2826) [Deviceb'Device - 2']"
"414670","2871.131264356","192.168.15.3","192.168.15.4","MQTT","70","Connect Ack"
"414673","2871.133880730","192.168.15.3","192.168.15.4","MQTT","70","Publish Ack (id=2826)"
"414675","2871.134641097","192.168.15.4","192.168.15.3","MQTT","68","Disconnect Req"
"414687","2872.139442101","192.168.15.4","192.168.15.3","MQTT","90","Connect Command"
"414689","2872.142273561","192.168.15.4","192.168.15.3","MQTT","97","Publish Message (id=2827) [Deviceb'Device - 2']"
"414690","2872.142750321","192.168.15.3","192.168.15.4","MQTT","70","Connect Ack"
"414693","2872.145080645","192.168.15.3","192.168.15.4","MQTT","70","Publish Ack (id=2827)"
"414695","2872.145453099","192.168.15.4","192.168.15.3","MQTT","68","Disconnect Req"
"414735","2873.149720094","192.168.15.4","192.168.15.3","MQTT","90","Connect Command"
"414737","2873.152538619","192.168.15.4","192.168.15.3","MQTT","97","Publish Message (id=2828) [Deviceb'Device - 2']"
"414738","2873.152932974","192.168.15.3","192.168.15.4","MQTT","70","Connect Ack"
"414741","2873.155664896","192.168.15.3","192.168.15.4","MQTT","70","Publish Ack (id=2828)"
"414743","2873.156542074","192.168.15.4","192.168.15.3","MQTT","68","Disconnect Req"
"414755","2874.160421857","192.168.15.4","192.168.15.3","MQTT","90","Connect Command"
"414757","2874.163151865","192.168.15.4","192.168.15.3","MQTT","97","Publish Message (id=2829) [Deviceb'Device - 2']"
"414758","2874.163766036","192.168.15.3","192.168.15.4","MQTT","70","Connect Ack"
"414761","2874.166006860","192.168.15.3","192.168.15.4","MQTT","70","Publish Ack (id=2829)"
"414763","2874.166853489","192.168.15.4","192.168.15.3","MQTT","68","Disconnect Req"
"414775","2875.171138879","192.168.15.4","192.168.15.3","MQTT","90","Connect Command"
"414777","2875.174037917","192.168.15.4","192.168.15.3","MQTT","97","Publish Message (id=2830) [Deviceb'Device - 2']"
"414778","2875.174405772","192.168.15.3","192.168.15.4","MQTT","70","Connect Ack"
"414781","2875.176913771","192.168.15.3","192.168.15.4","MQTT","70","Publish Ack (id=2830)"
"414783","2875.177742197","192.168.15.4","192.168.15.3","MQTT","68","Disconnect Req"
"414798","2876.184084875","192.168.15.4","192.168.15.3","MQTT","90","Connect Command"
"414800","2876.186932035","192.168.15.4","192.168.15.3","MQTT","97","Publish Message (id=2831) [Deviceb'Device - 2']"
"414801","2876.187347299","192.168.15.3","192.168.15.4","MQTT","70","Connect Ack"
"414804","2876.190323664","192.168.15.3","192.168.15.4","MQTT","70","Publish Ack (id=2831)"
"414806","2876.191190732","192.168.15.4","192.168.15.3","MQTT","68","Disconnect Req"
"414814","2877.195437841","192.168.15.4","192.168.15.3","MQTT","90","Connect Command"
"414817","2877.198799914","192.168.15.4","192.168.15.3","MQTT","97","Publish Message (id=2832) [Deviceb'Device - 2']"
"414818","2877.198816285","192.168.15.3","192.168.15.4","MQTT","70","Connect Ack"
"414821","2877.201844397","192.168.15.3","192.168.15.4","MQTT","70","Publish Ack (id=2832)"
"414823","2877.202764806","192.168.15.4","192.168.15.3","MQTT","68","Disconnect Req"
"414837","2878.206909903","192.168.15.4","192.168.15.3","MQTT","90","Connect Command"
"414839","2878.210274420","192.168.15.4","192.168.15.3","MQTT","97","Publish Message (id=2833) [Deviceb'Device - 2']"
"414840","2878.210568746","192.168.15.3","192.168.15.4","MQTT","70","Connect Ack"
"414843","2878.214042119","192.168.15.3","192.168.15.4","MQTT","70","Publish Ack (id=2833)"
"414845","2878.214983528","192.168.15.4","192.168.15.3","MQTT","68","Disconnect Req"
"414857","2879.221063884","192.168.15.4","192.168.15.3","MQTT","90","Connect Command"
"414859","2879.223918107","192.168.15.4","192.168.15.3","MQTT","97","Publish Message (id=2834) [Deviceb'Device - 2']"
"414861","2879.228299716","192.168.15.3","192.168.15.4","MQTT","70","Connect Ack"
"414863","2879.230831300","192.168.15.3","192.168.15.4","MQTT","70","Publish Ack (id=2834)"
"414865","2879.231523518","192.168.15.4","192.168.15.3","MQTT","68","Disconnect Req"
"414880","2880.235840230","192.168.15.4","192.168.15.3","MQTT","90","Connect Command"
"414882","2880.238747774","192.168.15.4","192.168.15.3","MQTT","97","Publish Message (id=2835) [Deviceb'Device - 2']"
"414883","2880.239607468","192.168.15.3","192.168.15.4","MQTT","70","Connect Ack"
"414886","2880.241756329","192.168.15.3","192.168.15.4","MQTT","70","Publish Ack (id=2835)"
"414888","2880.242635680","192.168.15.4","192.168.15.3","MQTT","68","Disconnect Req"
"414901","2881.247073453","192.168.15.4","192.168.15.3","MQTT","90","Connect Command"
"414903","2881.250017887","192.168.15.4","192.168.15.3","MQTT","97","Publish Message (id=2836) [Deviceb'Device - 2']"
"414904","2881.250369661","192.168.15.3","192.168.15.4","MQTT","70","Connect Ack"
"414907","2881.253019558","192.168.15.3","192.168.15.4","MQTT","70","Publish Ack (id=2836)"
"414909","2881.254126350","192.168.15.4","192.168.15.3","MQTT","68","Disconnect Req"
"414921","2882.259863007","192.168.15.4","192.168.15.3","MQTT","90","Connect Command"
"414923","2882.262719183","192.168.15.4","192.168.15.3","MQTT","97","Publish Message (id=2837) [Deviceb'Device - 2']"
"414924","2882.263129078","192.168.15.3","192.168.15.4","MQTT","70","Connect Ack"
"414927","2882.265674107","192.168.15.3","192.168.15.4","MQTT","70","Publish Ack (id=2837)"
"414929","2882.266432039","192.168.15.4","192.168.15.3","MQTT","68","Disconnect Req"
"414943","2883.270760835","192.168.15.4","192.168.15.3","MQTT","90","Connect Command"
"414945","2883.273658721","192.168.15.4","192.168.15.3","MQTT","97","Publish Message (id=2838) [Deviceb'Device - 2']"
"414946","2883.274059007","192.168.15.3","192.168.15.4","MQTT","70","Connect Ack"
"414949","2883.276503827","192.168.15.3","192.168.15.4","MQTT","70","Publish Ack (id=2838)"
"414951","2883.277335959","192.168.15.4","192.168.15.3","MQTT","68","Disconnect Req"
"414964","2884.282190320","192.168.15.4","192.168.15.3","MQTT","90","Connect Command"
"414966","2884.286816601","192.168.15.4","192.168.15.3","MQTT","97","Publish Message (id=2839) [Deviceb'Device - 2']"
"414968","2884.291184515","192.168.15.3","192.168.15.4","MQTT","70","Connect Ack"
"414970","2884.293715327","192.168.15.3","192.168.15.4","MQTT","70","Publish Ack (id=2839)"
"414972","2884.294358081","192.168.15.4","192.168.15.3","MQTT","68","Disconnect Req"
"414987","2885.298998188","192.168.15.4","192.168.15.3","MQTT","90","Connect Command"
"414989","2885.301828907","192.168.15.4","192.168.15.3","MQTT","97","Publish Message (id=2840) [Deviceb'Device - 2']"
"414990","2885.302212512","192.168.15.3","192.168.15.4","MQTT","70","Connect Ack"
"414993","2885.305194547","192.168.15.3","192.168.15.4","MQTT","70","Publish Ack (id=2840)"
"414995","2885.306032490","192.168.15.4","192.168.15.3","MQTT","68","Disconnect Req"
"415008","2886.310631490","192.168.15.4","192.168.15.3","MQTT","90","Connect Command"
"415010","2886.313481946","192.168.15.4","192.168.15.3","MQTT","97","Publish Message (id=2841) [Deviceb'Device - 2']"
"415011","2886.313822389","192.168.15.3","192.168.15.4","MQTT","70","Connect Ack"
"415014","2886.316527140","192.168.15.3","192.168.15.4","MQTT","70","Publish Ack (id=2841)"
"415016","2886.317189191","192.168.15.4","192.168.15.3","MQTT","68","Disconnect Req"
"415028","2887.322016212","192.168.15.4","192.168.15.3","MQTT","90","Connect Command"
"415030","2887.324964744","192.168.15.4","192.168.15.3","MQTT","97","Publish Message (id=2842) [Deviceb'Device - 2']"
"415031","2887.325320957","192.168.15.3","192.168.15.4","MQTT","70","Connect Ack"
"415034","2887.327834837","192.168.15.3","192.168.15.4","MQTT","70","Publish Ack (id=2842)"
"415036","2887.328593010","192.168.15.4","192.168.15.3","MQTT","68","Disconnect Req"
"415050","2888.332422346","192.168.15.4","192.168.15.3","MQTT","90","Connect Command"
"415052","2888.335380916","192.168.15.4","192.168.15.3","MQTT","97","Publish Message (id=2843) [Deviceb'Device - 2']"
"415053","2888.335824484","192.168.15.3","192.168.15.4","MQTT","70","Connect Ack"
"415056","2888.338360977","192.168.15.3","192.168.15.4","MQTT","70","Publish Ack (id=2843)"
"415058","2888.338976450","192.168.15.4","192.168.15.3","MQTT","68","Disconnect Req"
"415072","2889.343209641","192.168.15.4","192.168.15.3","MQTT","90","Connect Command"
"415074","2889.346046251","192.168.15.4","192.168.15.3","MQTT","97","Publish Message (id=2844) [Deviceb'Device - 2']"
"415076","2889.350419674","192.168.15.3","192.168.15.4","MQTT","70","Connect Ack"
"415078","2889.353017293","192.168.15.3","192.168.15.4","MQTT","70","Publish Ack (id=2844)"
"415080","2889.353520374","192.168.15.4","192.168.15.3","MQTT","68","Disconnect Req"
"415091","2890.357592971","192.168.15.4","192.168.15.3","MQTT","90","Connect Command"
"415093","2890.360484856","192.168.15.4","192.168.15.3","MQTT","97","Publish Message (id=2845) [Deviceb'Device - 2']"
"415094","2890.360900411","192.168.15.3","192.168.15.4","MQTT","70","Connect Ack"
"415097","2890.363567600","192.168.15.3","192.168.15.4","MQTT","70","Publish Ack (id=2845)"
"415099","2890.364159910","192.168.15.4","192.168.15.3","MQTT","68","Disconnect Req"
"415112","2891.367970121","192.168.15.4","192.168.15.3","MQTT","90","Connect Command"
"415114","2891.371179094","192.168.15.4","192.168.15.3","MQTT","97","Publish Message (id=2846) [Deviceb'Device - 2']"
"415115","2891.371628423","192.168.15.3","192.168.15.4","MQTT","70","Connect Ack"
"415118","2891.374182019","192.168.15.3","192.168.15.4","MQTT","70","Publish Ack (id=2846)"
"415120","2891.374915224","192.168.15.4","192.168.15.3","MQTT","68","Disconnect Req"
"415135","2892.379107227","192.168.15.4","192.168.15.3","MQTT","90","Connect Command"
"415137","2892.381921385","192.168.15.4","192.168.15.3","MQTT","97","Publish Message (id=2847) [Deviceb'Device - 2']"
"415138","2892.382322433","192.168.15.3","192.168.15.4","MQTT","70","Connect Ack"
"415141","2892.384812688","192.168.15.3","192.168.15.4","MQTT","70","Publish Ack (id=2847)"
"415143","2892.385404847","192.168.15.4","192.168.15.3","MQTT","68","Disconnect Req"
"415155","2893.389462508","192.168.15.4","192.168.15.3","MQTT","90","Connect Command"
"415157","2893.392390851","192.168.15.4","192.168.15.3","MQTT","97","Publish Message (id=2848) [Deviceb'Device - 2']"
"415158","2893.392849368","192.168.15.3","192.168.15.4","MQTT","70","Connect Ack"
"415161","2893.395246036","192.168.15.3","192.168.15.4","MQTT","70","Publish Ack (id=2848)"
"415163","2893.395715734","192.168.15.4","192.168.15.3","MQTT","68","Disconnect Req"
"415179","2894.399756944","192.168.15.4","192.168.15.3","MQTT","90","Connect Command"
"415181","2894.402431268","192.168.15.4","192.168.15.3","MQTT","97","Publish Message (id=2849) [Deviceb'Device - 2']"
"415183","2894.406808479","192.168.15.3","192.168.15.4","MQTT","70","Connect Ack"
"415185","2894.409232810","192.168.15.3","192.168.15.4","MQTT","70","Publish Ack (id=2849)"
"415187","2894.409508691","192.168.15.4","192.168.15.3","MQTT","68","Disconnect Req"
"415202","2895.413420306","192.168.15.4","192.168.15.3","MQTT","90","Connect Command"
"415204","2895.416283156","192.168.15.4","192.168.15.3","MQTT","97","Publish Message (id=2850) [Deviceb'Device - 2']"
"415205","2895.417269560","192.168.15.3","192.168.15.4","MQTT","70","Connect Ack"
"415208","2895.419146025","192.168.15.3","192.168.15.4","MQTT","70","Publish Ack (id=2850)"
"415210","2895.419860646","192.168.15.4","192.168.15.3","MQTT","68","Disconnect Req"
"415223","2896.424840139","192.168.15.4","192.168.15.3","MQTT","90","Connect Command"
"415225","2896.427550991","192.168.15.4","192.168.15.3","MQTT","97","Publish Message (id=2851) [Deviceb'Device - 2']"
"415226","2896.427924026","192.168.15.3","192.168.15.4","MQTT","70","Connect Ack"
"415229","2896.430363496","192.168.15.3","192.168.15.4","MQTT","70","Publish Ack (id=2851)"
"415231","2896.430946427","192.168.15.4","192.168.15.3","MQTT","68","Disconnect Req"
"415243","2897.435343170","192.168.15.4","192.168.15.3","MQTT","90","Connect Command"
"415245","2897.438259070","192.168.15.4","192.168.15.3","MQTT","97","Publish Message (id=2852) [Deviceb'Device - 2']"
"415246","2897.438688722","192.168.15.3","192.168.15.4","MQTT","70","Connect Ack"
"415249","2897.441285138","192.168.15.3","192.168.15.4","MQTT","70","Publish Ack (id=2852)"
"415251","2897.441830729","192.168.15.4","192.168.15.3","MQTT","68","Disconnect Req"
"415263","2898.446297695","192.168.15.4","192.168.15.3","MQTT","90","Connect Command"
"415265","2898.449058482","192.168.15.4","192.168.15.3","MQTT","97","Publish Message (id=2853) [Deviceb'Device - 2']"
"415266","2898.449449501","192.168.15.3","192.168.15.4","MQTT","70","Connect Ack"
"415269","2898.451998277","192.168.15.3","192.168.15.4","MQTT","70","Publish Ack (id=2853)"
"415271","2898.452675727","192.168.15.4","192.168.15.3","MQTT","68","Disconnect Req"
"415283","2899.457304479","192.168.15.4","192.168.15.3","MQTT","90","Connect Command"
"415285","2899.460143493","192.168.15.4","192.168.15.3","MQTT","97","Publish Message (id=2854) [Deviceb'Device - 2']"
"415287","2899.464501598","192.168.15.3","192.168.15.4","MQTT","70","Connect Ack"
"415289","2899.466953621","192.168.15.3","192.168.15.4","MQTT","70","Publish Ack (id=2854)"
"415291","2899.467338258","192.168.15.4","192.168.15.3","MQTT","68","Disconnect Req"
"415306","2900.471863936","192.168.15.4","192.168.15.3","MQTT","90","Connect Command"
"415308","2900.474623150","192.168.15.4","192.168.15.3","MQTT","97","Publish Message (id=2855) [Deviceb'Device - 2']"
"415309","2900.475067450","192.168.15.3","192.168.15.4","MQTT","70","Connect Ack"
"415312","2900.477705264","192.168.15.3","192.168.15.4","MQTT","70","Publish Ack (id=2855)"
"415314","2900.478317210","192.168.15.4","192.168.15.3","MQTT","68","Disconnect Req"
"415323","2901.483468674","192.168.15.4","192.168.15.3","MQTT","90","Connect Command"
"415325","2901.488159087","192.168.15.4","192.168.15.3","MQTT","97","Publish Message (id=2856) [Deviceb'Device - 2']"
"415326","2901.488585984","192.168.15.3","192.168.15.4","MQTT","70","Connect Ack"
"415329","2901.491040792","192.168.15.3","192.168.15.4","MQTT","70","Publish Ack (id=2856)"
"415331","2901.491930924","192.168.15.4","192.168.15.3","MQTT","68","Disconnect Req"
"415343","2902.496434492","192.168.15.4","192.168.15.3","MQTT","90","Connect Command"
"415345","2902.499368807","192.168.15.4","192.168.15.3","MQTT","97","Publish Message (id=2857) [Deviceb'Device - 2']"
"415346","2902.499729308","192.168.15.3","192.168.15.4","MQTT","70","Connect Ack"
"415349","2902.502329662","192.168.15.3","192.168.15.4","MQTT","70","Publish Ack (id=2857)"
"415351","2902.503018704","192.168.15.4","192.168.15.3","MQTT","68","Disconnect Req"
"415363","2903.508017999","192.168.15.4","192.168.15.3","MQTT","90","Connect Command"
"415365","2903.510769609","192.168.15.4","192.168.15.3","MQTT","97","Publish Message (id=2858) [Deviceb'Device - 2']"
"415366","2903.511152061","192.168.15.3","192.168.15.4","MQTT","70","Connect Ack"
"415369","2903.513750181","192.168.15.3","192.168.15.4","MQTT","70","Publish Ack (id=2858)"
"415371","2903.514488536","192.168.15.4","192.168.15.3","MQTT","68","Disconnect Req"
"415383","2904.519112272","192.168.15.4","192.168.15.3","MQTT","90","Connect Command"
"415385","2904.522022412","192.168.15.4","192.168.15.3","MQTT","97","Publish Message (id=2859) [Deviceb'Device - 2']"
"415387","2904.526377712","192.168.15.3","192.168.15.4","MQTT","70","Connect Ack"
"415389","2904.528978786","192.168.15.3","192.168.15.4","MQTT","70","Publish Ack (id=2859)"
"415391","2904.529744804","192.168.15.4","192.168.15.3","MQTT","68","Disconnect Req"
"415406","2905.534741866","192.168.15.4","192.168.15.3","MQTT","90","Connect Command"
"415408","2905.537496892","192.168.15.4","192.168.15.3","MQTT","97","Publish Message (id=2860) [Deviceb'Device - 2']"
"415409","2905.537880357","192.168.15.3","192.168.15.4","MQTT","70","Connect Ack"
"415412","2905.540468507","192.168.15.3","192.168.15.4","MQTT","70","Publish Ack (id=2860)"
"415414","2905.541037492","192.168.15.4","192.168.15.3","MQTT","68","Disconnect Req"
"415432","2906.547630222","192.168.15.4","192.168.15.3","MQTT","90","Connect Command"
"415434","2906.550565668","192.168.15.4","192.168.15.3","MQTT","97","Publish Message (id=2861) [Deviceb'Device - 2']"
"415435","2906.550996242","192.168.15.3","192.168.15.4","MQTT","70","Connect Ack"
"415438","2906.553605252","192.168.15.3","192.168.15.4","MQTT","70","Publish Ack (id=2861)"
"415440","2906.554237015","192.168.15.4","192.168.15.3","MQTT","68","Disconnect Req"
"415452","2907.558285677","192.168.15.4","192.168.15.3","MQTT","90","Connect Command"
"415454","2907.561126875","192.168.15.4","192.168.15.3","MQTT","97","Publish Message (id=2862) [Deviceb'Device - 2']"
"415455","2907.561531790","192.168.15.3","192.168.15.4","MQTT","70","Connect Ack"
"415458","2907.564036303","192.168.15.3","192.168.15.4","MQTT","70","Publish Ack (id=2862)"
"415460","2907.564670862","192.168.15.4","192.168.15.3","MQTT","68","Disconnect Req"
"415472","2908.569578808","192.168.15.4","192.168.15.3","MQTT","90","Connect Command"
"415474","2908.572969675","192.168.15.4","192.168.15.3","MQTT","97","Publish Message (id=2863) [Deviceb'Device - 2']"
"415475","2908.573223124","192.168.15.3","192.168.15.4","MQTT","70","Connect Ack"
"415478","2908.575829670","192.168.15.3","192.168.15.4","MQTT","70","Publish Ack (id=2863)"
"415480","2908.576498433","192.168.15.4","192.168.15.3","MQTT","68","Disconnect Req"
"415492","2909.580621967","192.168.15.4","192.168.15.3","MQTT","90","Connect Command"
"415494","2909.582973752","192.168.15.4","192.168.15.3","MQTT","97","Publish Message (id=2864) [Deviceb'Device - 2']"
"415496","2909.587375519","192.168.15.3","192.168.15.4","MQTT","70","Connect Ack"
"415498","2909.589848151","192.168.15.3","192.168.15.4","MQTT","70","Publish Ack (id=2864)"
"415500","2909.590640118","192.168.15.4","192.168.15.3","MQTT","68","Disconnect Req"
"415515","2910.594832854","192.168.15.4","192.168.15.3","MQTT","90","Connect Command"
"415517","2910.597681707","192.168.15.4","192.168.15.3","MQTT","97","Publish Message (id=2865) [Deviceb'Device - 2']"
"415518","2910.598095048","192.168.15.3","192.168.15.4","MQTT","70","Connect Ack"
"415521","2910.600608998","192.168.15.3","192.168.15.4","MQTT","70","Publish Ack (id=2865)"
"415523","2910.601505622","192.168.15.4","192.168.15.3","MQTT","68","Disconnect Req"
"415532","2911.605677968","192.168.15.4","192.168.15.3","MQTT","90","Connect Command"
"415534","2911.608560976","192.168.15.4","192.168.15.3","MQTT","97","Publish Message (id=2866) [Deviceb'Device - 2']"
"415535","2911.608960140","192.168.15.3","192.168.15.4","MQTT","70","Connect Ack"
"415538","2911.611363902","192.168.15.3","192.168.15.4","MQTT","70","Publish Ack (id=2866)"
"415540","2911.612087650","192.168.15.4","192.168.15.3","MQTT","68","Disconnect Req"
"415565","2912.616409630","192.168.15.4","192.168.15.3","MQTT","90","Connect Command"
"415567","2912.619278551","192.168.15.4","192.168.15.3","MQTT","97","Publish Message (id=2867) [Deviceb'Device - 2']"
"415568","2912.619659621","192.168.15.3","192.168.15.4","MQTT","70","Connect Ack"
"415571","2912.622284211","192.168.15.3","192.168.15.4","MQTT","70","Publish Ack (id=2867)"
"415573","2912.623214368","192.168.15.4","192.168.15.3","MQTT","68","Disconnect Req"
"415581","2913.628311204","192.168.15.4","192.168.15.3","MQTT","90","Connect Command"
"415583","2913.631136202","192.168.15.4","192.168.15.3","MQTT","97","Publish Message (id=2868) [Deviceb'Device - 2']"
"415584","2913.631502494","192.168.15.3","192.168.15.4","MQTT","70","Connect Ack"
"415587","2913.634170245","192.168.15.3","192.168.15.4","MQTT","70","Publish Ack (id=2868)"
"415589","2913.634944789","192.168.15.4","192.168.15.3","MQTT","68","Disconnect Req"
"415613","2914.639481477","192.168.15.4","192.168.15.3","MQTT","90","Connect Command"
"415615","2914.642405052","192.168.15.4","192.168.15.3","MQTT","97","Publish Message (id=2869) [Deviceb'Device - 2']"
"415617","2914.646799274","192.168.15.3","192.168.15.4","MQTT","70","Connect Ack"
"415619","2914.649244114","192.168.15.3","192.168.15.4","MQTT","70","Publish Ack (id=2869)"
"415621","2914.649719012","192.168.15.4","192.168.15.3","MQTT","68","Disconnect Req"
"415649","2915.654457481","192.168.15.4","192.168.15.3","MQTT","90","Connect Command"
"415651","2915.657168453","192.168.15.4","192.168.15.3","MQTT","97","Publish Message (id=2870) [Deviceb'Device - 2']"
"415652","2915.657587605","192.168.15.3","192.168.15.4","MQTT","70","Connect Ack"
"415655","2915.660018348","192.168.15.3","192.168.15.4","MQTT","70","Publish Ack (id=2870)"
"415657","2915.660757164","192.168.15.4","192.168.15.3","MQTT","68","Disconnect Req"
"415669","2916.665546301","192.168.15.4","192.168.15.3","MQTT","90","Connect Command"
"415671","2916.668473142","192.168.15.4","192.168.15.3","MQTT","97","Publish Message (id=2871) [Deviceb'Device - 2']"
"415672","2916.668836338","192.168.15.3","192.168.15.4","MQTT","70","Connect Ack"
"415675","2916.671497356","192.168.15.3","192.168.15.4","MQTT","70","Publish Ack (id=2871)"
"415677","2916.672395343","192.168.15.4","192.168.15.3","MQTT","68","Disconnect Req"
"415691","2917.677206171","192.168.15.4","192.168.15.3","MQTT","90","Connect Command"
"415693","2917.680109918","192.168.15.4","192.168.15.3","MQTT","97","Publish Message (id=2872) [Deviceb'Device - 2']"
"415694","2917.680514082","192.168.15.3","192.168.15.4","MQTT","70","Connect Ack"
"415697","2917.683215036","192.168.15.3","192.168.15.4","MQTT","70","Publish Ack (id=2872)"
"415699","2917.683923374","192.168.15.4","192.168.15.3","MQTT","68","Disconnect Req"
"415716","2918.688199822","192.168.15.4","192.168.15.3","MQTT","90","Connect Command"
"415718","2918.691084563","192.168.15.4","192.168.15.3","MQTT","97","Publish Message (id=2873) [Deviceb'Device - 2']"
"415719","2918.691450134","192.168.15.3","192.168.15.4","MQTT","70","Connect Ack"
"415722","2918.693956761","192.168.15.3","192.168.15.4","MQTT","70","Publish Ack (id=2873)"
"415725","2918.694824250","192.168.15.4","192.168.15.3","MQTT","68","Disconnect Req"
"415737","2919.698863259","192.168.15.4","192.168.15.3","MQTT","90","Connect Command"
"415739","2919.701579532","192.168.15.4","192.168.15.3","MQTT","97","Publish Message (id=2874) [Deviceb'Device - 2']"
"415740","2919.702225352","192.168.15.3","192.168.15.4","MQTT","70","Connect Ack"
"415743","2919.705272470","192.168.15.3","192.168.15.4","MQTT","70","Publish Ack (id=2874)"
"415745","2919.705915285","192.168.15.4","192.168.15.3","MQTT","68","Disconnect Req"
"415783","2920.710573074","192.168.15.4","192.168.15.3","MQTT","90","Connect Command"
"415785","2920.713526064","192.168.15.4","192.168.15.3","MQTT","97","Publish Message (id=2875) [Deviceb'Device - 2']"
"415786","2920.713925619","192.168.15.3","192.168.15.4","MQTT","70","Connect Ack"
"415789","2920.716579173","192.168.15.3","192.168.15.4","MQTT","70","Publish Ack (id=2875)"
"415791","2920.717003725","192.168.15.4","192.168.15.3","MQTT","68","Disconnect Req"
"415816","2921.720865741","192.168.15.4","192.168.15.3","MQTT","90","Connect Command"
"415818","2921.723701779","192.168.15.4","192.168.15.3","MQTT","97","Publish Message (id=2876) [Deviceb'Device - 2']"
"415819","2921.724080204","192.168.15.3","192.168.15.4","MQTT","70","Connect Ack"
"415822","2921.726549250","192.168.15.3","192.168.15.4","MQTT","70","Publish Ack (id=2876)"
"415824","2921.727318023","192.168.15.4","192.168.15.3","MQTT","68","Disconnect Req"
"415837","2922.731267016","192.168.15.4","192.168.15.3","MQTT","90","Connect Command"
"415839","2922.734164541","192.168.15.4","192.168.15.3","MQTT","97","Publish Message (id=2877) [Deviceb'Device - 2']"
"415840","2922.734571139","192.168.15.3","192.168.15.4","MQTT","70","Connect Ack"
"415843","2922.736970753","192.168.15.3","192.168.15.4","MQTT","70","Publish Ack (id=2877)"
"415845","2922.737511846","192.168.15.4","192.168.15.3","MQTT","68","Disconnect Req"
"415857","2923.742030695","192.168.15.4","192.168.15.3","MQTT","90","Connect Command"
"415859","2923.744856545","192.168.15.4","192.168.15.3","MQTT","97","Publish Message (id=2878) [Deviceb'Device - 2']"
"415860","2923.745338435","192.168.15.3","192.168.15.4","MQTT","70","Connect Ack"
"415863","2923.747849420","192.168.15.3","192.168.15.4","MQTT","70","Publish Ack (id=2878)"
"415865","2923.748442541","192.168.15.4","192.168.15.3","MQTT","68","Disconnect Req"
"415876","2924.752142305","192.168.15.4","192.168.15.3","MQTT","90","Connect Command"
"415878","2924.755103861","192.168.15.4","192.168.15.3","MQTT","97","Publish Message (id=2879) [Deviceb'Device - 2']"
"415881","2924.759529954","192.168.15.3","192.168.15.4","MQTT","70","Connect Ack"
"415883","2924.762040458","192.168.15.3","192.168.15.4","MQTT","70","Publish Ack (id=2879)"
"415885","2924.762536966","192.168.15.4","192.168.15.3","MQTT","68","Disconnect Req"
"415898","2925.767272826","192.168.15.4","192.168.15.3","MQTT","90","Connect Command"
"415900","2925.770095169","192.168.15.4","192.168.15.3","MQTT","97","Publish Message (id=2880) [Deviceb'Device - 2']"
"415901","2925.770490336","192.168.15.3","192.168.15.4","MQTT","70","Connect Ack"
"415904","2925.773013494","192.168.15.3","192.168.15.4","MQTT","70","Publish Ack (id=2880)"
"415906","2925.773585966","192.168.15.4","192.168.15.3","MQTT","68","Disconnect Req"
"415918","2926.778124513","192.168.15.4","192.168.15.3","MQTT","90","Connect Command"
"415920","2926.780641750","192.168.15.4","192.168.15.3","MQTT","97","Publish Message (id=2881) [Deviceb'Device - 2']"
"415921","2926.781066943","192.168.15.3","192.168.15.4","MQTT","70","Connect Ack"
"415924","2926.783681754","192.168.15.3","192.168.15.4","MQTT","70","Publish Ack (id=2881)"
"415926","2926.784340228","192.168.15.4","192.168.15.3","MQTT","68","Disconnect Req"
"415940","2927.789470594","192.168.15.4","192.168.15.3","MQTT","90","Connect Command"
"415942","2927.794449472","192.168.15.4","192.168.15.3","MQTT","97","Publish Message (id=2882) [Deviceb'Device - 2']"
"415943","2927.794699174","192.168.15.3","192.168.15.4","MQTT","70","Connect Ack"
"415946","2927.797478145","192.168.15.3","192.168.15.4","MQTT","70","Publish Ack (id=2882)"
"415948","2927.798255023","192.168.15.4","192.168.15.3","MQTT","68","Disconnect Req"
"415960","2928.802631855","192.168.15.4","192.168.15.3","MQTT","90","Connect Command"
"415962","2928.805460840","192.168.15.4","192.168.15.3","MQTT","97","Publish Message (id=2883) [Deviceb'Device - 2']"
"415963","2928.805855726","192.168.15.3","192.168.15.4","MQTT","70","Connect Ack"
"415966","2928.808317879","192.168.15.3","192.168.15.4","MQTT","70","Publish Ack (id=2883)"
"415968","2928.808914246","192.168.15.4","192.168.15.3","MQTT","68","Disconnect Req"
"415980","2929.813648595","192.168.15.4","192.168.15.3","MQTT","90","Connect Command"
"415982","2929.816719217","192.168.15.4","192.168.15.3","MQTT","97","Publish Message (id=2884) [Deviceb'Device - 2']"
"415984","2929.820957987","192.168.15.3","192.168.15.4","MQTT","70","Connect Ack"
"415986","2929.824062313","192.168.15.3","192.168.15.4","MQTT","70","Publish Ack (id=2884)"
"415988","2929.824782273","192.168.15.4","192.168.15.3","MQTT","68","Disconnect Req"
"416004","2930.828978076","192.168.15.4","192.168.15.3","MQTT","90","Connect Command"
"416006","2930.831843219","192.168.15.4","192.168.15.3","MQTT","97","Publish Message (id=2885) [Deviceb'Device - 2']"
"416007","2930.832249888","192.168.15.3","192.168.15.4","MQTT","70","Connect Ack"
"416010","2930.834519116","192.168.15.3","192.168.15.4","MQTT","70","Publish Ack (id=2885)"
"416012","2930.835438002","192.168.15.4","192.168.15.3","MQTT","68","Disconnect Req"
"416024","2931.839819176","192.168.15.4","192.168.15.3","MQTT","90","Connect Command"
"416026","2931.842669121","192.168.15.4","192.168.15.3","MQTT","97","Publish Message (id=2886) [Deviceb'Device - 2']"
"416027","2931.843011348","192.168.15.3","192.168.15.4","MQTT","70","Connect Ack"
"416030","2931.845661956","192.168.15.3","192.168.15.4","MQTT","70","Publish Ack (id=2886)"
"416032","2931.846253224","192.168.15.4","192.168.15.3","MQTT","68","Disconnect Req"
"416046","2932.850957967","192.168.15.4","192.168.15.3","MQTT","90","Connect Command"
"416048","2932.853672917","192.168.15.4","192.168.15.3","MQTT","97","Publish Message (id=2887) [Deviceb'Device - 2']"
"416049","2932.854044359","192.168.15.3","192.168.15.4","MQTT","70","Connect Ack"
"416052","2932.856751674","192.168.15.3","192.168.15.4","MQTT","70","Publish Ack (id=2887)"
"416054","2932.857294831","192.168.15.4","192.168.15.3","MQTT","68","Disconnect Req"
"416068","2933.861591826","192.168.15.4","192.168.15.3","MQTT","90","Connect Command"
"416070","2933.864327896","192.168.15.4","192.168.15.3","MQTT","97","Publish Message (id=2888) [Deviceb'Device - 2']"
"416071","2933.864744744","192.168.15.3","192.168.15.4","MQTT","70","Connect Ack"
"416074","2933.867267791","192.168.15.3","192.168.15.4","MQTT","70","Publish Ack (id=2888)"
"416076","2933.867837217","192.168.15.4","192.168.15.3","MQTT","68","Disconnect Req"
"416088","2934.872262928","192.168.15.4","192.168.15.3","MQTT","90","Connect Command"
"416090","2934.875103836","192.168.15.4","192.168.15.3","MQTT","97","Publish Message (id=2889) [Deviceb'Device - 2']"
"416092","2934.879347886","192.168.15.3","192.168.15.4","MQTT","70","Connect Ack"
"416094","2934.881875262","192.168.15.3","192.168.15.4","MQTT","70","Publish Ack (id=2889)"
"416096","2934.882315153","192.168.15.4","192.168.15.3","MQTT","68","Disconnect Req"
"416107","2935.887203145","192.168.15.4","192.168.15.3","MQTT","90","Connect Command"
"416109","2935.890103737","192.168.15.4","192.168.15.3","MQTT","97","Publish Message (id=2890) [Deviceb'Device - 2']"
"416110","2935.890530824","192.168.15.3","192.168.15.4","MQTT","70","Connect Ack"
"416113","2935.893191040","192.168.15.3","192.168.15.4","MQTT","70","Publish Ack (id=2890)"
"416115","2935.893854875","192.168.15.4","192.168.15.3","MQTT","68","Disconnect Req"
"416132","2936.898750362","192.168.15.4","192.168.15.3","MQTT","90","Connect Command"
"416134","2936.901597913","192.168.15.4","192.168.15.3","MQTT","97","Publish Message (id=2891) [Deviceb'Device - 2']"
"416135","2936.901990044","192.168.15.3","192.168.15.4","MQTT","70","Connect Ack"
"416138","2936.904224075","192.168.15.3","192.168.15.4","MQTT","70","Publish Ack (id=2891)"
"416140","2936.905069442","192.168.15.4","192.168.15.3","MQTT","68","Disconnect Req"
"416153","2937.909512675","192.168.15.4","192.168.15.3","MQTT","90","Connect Command"
"416155","2937.912261379","192.168.15.4","192.168.15.3","MQTT","97","Publish Message (id=2892) [Deviceb'Device - 2']"
"416156","2937.912620648","192.168.15.3","192.168.15.4","MQTT","70","Connect Ack"
"416159","2937.915282398","192.168.15.3","192.168.15.4","MQTT","70","Publish Ack (id=2892)"
"416161","2937.915972441","192.168.15.4","192.168.15.3","MQTT","68","Disconnect Req"
"416174","2938.920608072","192.168.15.4","192.168.15.3","MQTT","90","Connect Command"
"416176","2938.923486892","192.168.15.4","192.168.15.3","MQTT","97","Publish Message (id=2893) [Deviceb'Device - 2']"
"416177","2938.923909370","192.168.15.3","192.168.15.4","MQTT","70","Connect Ack"
"416180","2938.926177255","192.168.15.3","192.168.15.4","MQTT","70","Publish Ack (id=2893)"
"416182","2938.926848003","192.168.15.4","192.168.15.3","MQTT","68","Disconnect Req"
"416195","2939.930474605","192.168.15.4","192.168.15.3","MQTT","90","Connect Command"
"416197","2939.933470516","192.168.15.4","192.168.15.3","MQTT","97","Publish Message (id=2894) [Deviceb'Device - 2']"
"416199","2939.937761845","192.168.15.3","192.168.15.4","MQTT","70","Connect Ack"
"416201","2939.940259585","192.168.15.3","192.168.15.4","MQTT","70","Publish Ack (id=2894)"
"416203","2939.940612662","192.168.15.4","192.168.15.3","MQTT","68","Disconnect Req"
"416219","2940.944489356","192.168.15.4","192.168.15.3","MQTT","90","Connect Command"
"416221","2940.949248970","192.168.15.4","192.168.15.3","MQTT","97","Publish Message (id=2895) [Deviceb'Device - 2']"
"416222","2940.949625892","192.168.15.3","192.168.15.4","MQTT","70","Connect Ack"
"416225","2940.951850325","192.168.15.3","192.168.15.4","MQTT","70","Publish Ack (id=2895)"
"416227","2940.952595564","192.168.15.4","192.168.15.3","MQTT","68","Disconnect Req"
"416239","2941.956777507","192.168.15.4","192.168.15.3","MQTT","90","Connect Command"
"416241","2941.959621791","192.168.15.4","192.168.15.3","MQTT","97","Publish Message (id=2896) [Deviceb'Device - 2']"
"416242","2941.960032227","192.168.15.3","192.168.15.4","MQTT","70","Connect Ack"
"416245","2941.962713974","192.168.15.3","192.168.15.4","MQTT","70","Publish Ack (id=2896)"
"416247","2941.963264655","192.168.15.4","192.168.15.3","MQTT","68","Disconnect Req"
"416259","2942.967561767","192.168.15.4","192.168.15.3","MQTT","90","Connect Command"
"416261","2942.970417674","192.168.15.4","192.168.15.3","MQTT","97","Publish Message (id=2897) [Deviceb'Device - 2']"
"416262","2942.970846313","192.168.15.3","192.168.15.4","MQTT","70","Connect Ack"
"416265","2942.973320448","192.168.15.3","192.168.15.4","MQTT","70","Publish Ack (id=2897)"
"416267","2942.973937304","192.168.15.4","192.168.15.3","MQTT","68","Disconnect Req"
"416279","2943.978858784","192.168.15.4","192.168.15.3","MQTT","90","Connect Command"
"416281","2943.982044303","192.168.15.4","192.168.15.3","MQTT","97","Publish Message (id=2898) [Deviceb'Device - 2']"
"416282","2943.982373996","192.168.15.3","192.168.15.4","MQTT","70","Connect Ack"
"416285","2943.984939955","192.168.15.3","192.168.15.4","MQTT","70","Publish Ack (id=2898)"
"416287","2943.985849002","192.168.15.4","192.168.15.3","MQTT","68","Disconnect Req"
"416299","2944.990462529","192.168.15.4","192.168.15.3","MQTT","90","Connect Command"
"416301","2944.993134508","192.168.15.4","192.168.15.3","MQTT","97","Publish Message (id=2899) [Deviceb'Device - 2']"
"416303","2944.997350295","192.168.15.3","192.168.15.4","MQTT","70","Connect Ack"
"416305","2944.999956079","192.168.15.3","192.168.15.4","MQTT","70","Publish Ack (id=2899)"
"416307","2945.000601168","192.168.15.4","192.168.15.3","MQTT","68","Disconnect Req"
"416327","2946.004582583","192.168.15.4","192.168.15.3","MQTT","90","Connect Command"
"416329","2946.008147669","192.168.15.4","192.168.15.3","MQTT","97","Publish Message (id=2900) [Deviceb'Device - 2']"
"416330","2946.008464278","192.168.15.3","192.168.15.4","MQTT","70","Connect Ack"
"416333","2946.010707657","192.168.15.3","192.168.15.4","MQTT","70","Publish Ack (id=2900)"
"416335","2946.011212090","192.168.15.4","192.168.15.3","MQTT","68","Disconnect Req"
"416343","2947.015839596","192.168.15.4","192.168.15.3","MQTT","90","Connect Command"
"416345","2947.019473643","192.168.15.4","192.168.15.3","MQTT","97","Publish Message (id=2901) [Deviceb'Device - 2']"
"416346","2947.019490505","192.168.15.3","192.168.15.4","MQTT","70","Connect Ack"
"416349","2947.022159208","192.168.15.3","192.168.15.4","MQTT","70","Publish Ack (id=2901)"
"416351","2947.023077884","192.168.15.4","192.168.15.3","MQTT","68","Disconnect Req"
"416363","2948.027671337","192.168.15.4","192.168.15.3","MQTT","90","Connect Command"
"416365","2948.030614458","192.168.15.4","192.168.15.3","MQTT","97","Publish Message (id=2902) [Deviceb'Device - 2']"
"416366","2948.030999466","192.168.15.3","192.168.15.4","MQTT","70","Connect Ack"
"416369","2948.033586695","192.168.15.3","192.168.15.4","MQTT","70","Publish Ack (id=2902)"
"416371","2948.034129621","192.168.15.4","192.168.15.3","MQTT","68","Disconnect Req"
"416383","2949.038970337","192.168.15.4","192.168.15.3","MQTT","90","Connect Command"
"416385","2949.041804632","192.168.15.4","192.168.15.3","MQTT","97","Publish Message (id=2903) [Deviceb'Device - 2']"
"416386","2949.042220518","192.168.15.3","192.168.15.4","MQTT","70","Connect Ack"
"416389","2949.044869313","192.168.15.3","192.168.15.4","MQTT","70","Publish Ack (id=2903)"
"416391","2949.045447646","192.168.15.4","192.168.15.3","MQTT","68","Disconnect Req"
"416403","2950.049855267","192.168.15.4","192.168.15.3","MQTT","90","Connect Command"
"416405","2950.052831141","192.168.15.4","192.168.15.3","MQTT","97","Publish Message (id=2904) [Deviceb'Device - 2']"
"416407","2950.057066914","192.168.15.3","192.168.15.4","MQTT","70","Connect Ack"
"416409","2950.059599039","192.168.15.3","192.168.15.4","MQTT","70","Publish Ack (id=2904)"
"416411","2950.060108943","192.168.15.4","192.168.15.3","MQTT","68","Disconnect Req"
"416427","2951.063756640","192.168.15.4","192.168.15.3","MQTT","90","Connect Command"
"416429","2951.066721753","192.168.15.4","192.168.15.3","MQTT","97","Publish Message (id=2905) [Deviceb'Device - 2']"
"416430","2951.067058560","192.168.15.3","192.168.15.4","MQTT","70","Connect Ack"
"416433","2951.069718816","192.168.15.3","192.168.15.4","MQTT","70","Publish Ack (id=2905)"
"416435","2951.070307819","192.168.15.4","192.168.15.3","MQTT","68","Disconnect Req"
"416447","2952.074620412","192.168.15.4","192.168.15.3","MQTT","90","Connect Command"
"416449","2952.077515643","192.168.15.4","192.168.15.3","MQTT","97","Publish Message (id=2906) [Deviceb'Device - 2']"
"416450","2952.077873669","192.168.15.3","192.168.15.4","MQTT","70","Connect Ack"
"416453","2952.080373333","192.168.15.3","192.168.15.4","MQTT","70","Publish Ack (id=2906)"
"416455","2952.080933120","192.168.15.4","192.168.15.3","MQTT","68","Disconnect Req"
"416467","2953.085598329","192.168.15.4","192.168.15.3","MQTT","90","Connect Command"
"416469","2953.088407668","192.168.15.4","192.168.15.3","MQTT","97","Publish Message (id=2907) [Deviceb'Device - 2']"
"416470","2953.088776515","192.168.15.3","192.168.15.4","MQTT","70","Connect Ack"
"416473","2953.091090317","192.168.15.3","192.168.15.4","MQTT","70","Publish Ack (id=2907)"
"416475","2953.091693888","192.168.15.4","192.168.15.3","MQTT","68","Disconnect Req"
"416494","2954.096473638","192.168.15.4","192.168.15.3","MQTT","90","Connect Command"
"416496","2954.099274931","192.168.15.4","192.168.15.3","MQTT","97","Publish Message (id=2908) [Deviceb'Device - 2']"
"416497","2954.099624391","192.168.15.3","192.168.15.4","MQTT","70","Connect Ack"
"416500","2954.102312601","192.168.15.3","192.168.15.4","MQTT","70","Publish Ack (id=2908)"
"416502","2954.102825660","192.168.15.4","192.168.15.3","MQTT","68","Disconnect Req"
"416514","2955.107170284","192.168.15.4","192.168.15.3","MQTT","90","Connect Command"
"416516","2955.112317099","192.168.15.4","192.168.15.3","MQTT","97","Publish Message (id=2909) [Deviceb'Device - 2']"
"416518","2955.118545840","192.168.15.3","192.168.15.4","MQTT","70","Connect Ack"
"416520","2955.121089897","192.168.15.3","192.168.15.4","MQTT","70","Publish Ack (id=2909)"
"416522","2955.121441081","192.168.15.4","192.168.15.3","MQTT","68","Disconnect Req"
"416538","2956.125231242","192.168.15.4","192.168.15.3","MQTT","90","Connect Command"
"416540","2956.128168061","192.168.15.4","192.168.15.3","MQTT","97","Publish Message (id=2910) [Deviceb'Device - 2']"
"416541","2956.128584838","192.168.15.3","192.168.15.4","MQTT","70","Connect Ack"
"416544","2956.130864947","192.168.15.3","192.168.15.4","MQTT","70","Publish Ack (id=2910)"
"416546","2956.131466634","192.168.15.4","192.168.15.3","MQTT","68","Disconnect Req"
"416558","2957.135279317","192.168.15.4","192.168.15.3","MQTT","90","Connect Command"
"416560","2957.138169649","192.168.15.4","192.168.15.3","MQTT","97","Publish Message (id=2911) [Deviceb'Device - 2']"
"416561","2957.138602166","192.168.15.3","192.168.15.4","MQTT","70","Connect Ack"
"416564","2957.140701594","192.168.15.3","192.168.15.4","MQTT","70","Publish Ack (id=2911)"
"416566","2957.141291819","192.168.15.4","192.168.15.3","MQTT","68","Disconnect Req"
"416574","2958.145290475","192.168.15.4","192.168.15.3","MQTT","90","Connect Command"
"416576","2958.148306193","192.168.15.4","192.168.15.3","MQTT","97","Publish Message (id=2912) [Deviceb'Device - 2']"
"416577","2958.148767004","192.168.15.3","192.168.15.4","MQTT","70","Connect Ack"
"416580","2958.151260345","192.168.15.3","192.168.15.4","MQTT","70","Publish Ack (id=2912)"
"416582","2958.151688504","192.168.15.4","192.168.15.3","MQTT","68","Disconnect Req"
"416594","2959.156660377","192.168.15.4","192.168.15.3","MQTT","90","Connect Command"
"416596","2959.161445018","192.168.15.4","192.168.15.3","MQTT","97","Publish Message (id=2913) [Deviceb'Device - 2']"
"416597","2959.161859080","192.168.15.3","192.168.15.4","MQTT","70","Connect Ack"
"416600","2959.164393950","192.168.15.3","192.168.15.4","MQTT","70","Publish Ack (id=2913)"
"416602","2959.165192238","192.168.15.4","192.168.15.3","MQTT","68","Disconnect Req"
"416623","2960.169149600","192.168.15.4","192.168.15.3","MQTT","90","Connect Command"
"416625","2960.172751045","192.168.15.4","192.168.15.3","MQTT","97","Publish Message (id=2914) [Deviceb'Device - 2']"
"416627","2960.176316332","192.168.15.3","192.168.15.4","MQTT","70","Connect Ack"
"416629","2960.178725354","192.168.15.3","192.168.15.4","MQTT","70","Publish Ack (id=2914)"
"416631","2960.179447679","192.168.15.4","192.168.15.3","MQTT","68","Disconnect Req"
"416647","2961.183776840","192.168.15.4","192.168.15.3","MQTT","90","Connect Command"
"416649","2961.186610134","192.168.15.4","192.168.15.3","MQTT","97","Publish Message (id=2915) [Deviceb'Device - 2']"
"416650","2961.186972418","192.168.15.3","192.168.15.4","MQTT","70","Connect Ack"
"416653","2961.189718628","192.168.15.3","192.168.15.4","MQTT","70","Publish Ack (id=2915)"
"416655","2961.190560679","192.168.15.4","192.168.15.3","MQTT","68","Disconnect Req"
"416668","2962.195043922","192.168.15.4","192.168.15.3","MQTT","90","Connect Command"
"416671","2962.197865604","192.168.15.4","192.168.15.3","MQTT","97","Publish Message (id=2916) [Deviceb'Device - 2']"
"416672","2962.198637292","192.168.15.3","192.168.15.4","MQTT","70","Connect Ack"
"416675","2962.201367822","192.168.15.3","192.168.15.4","MQTT","70","Publish Ack (id=2916)"
"416677","2962.202285125","192.168.15.4","192.168.15.3","MQTT","68","Disconnect Req"
"416687","2963.207160099","192.168.15.4","192.168.15.3","MQTT","90","Connect Command"
"416689","2963.212004182","192.168.15.4","192.168.15.3","MQTT","97","Publish Message (id=2917) [Deviceb'Device - 2']"
"416690","2963.212375353","192.168.15.3","192.168.15.4","MQTT","70","Connect Ack"
"416693","2963.215000083","192.168.15.3","192.168.15.4","MQTT","70","Publish Ack (id=2917)"
"416695","2963.215677263","192.168.15.4","192.168.15.3","MQTT","68","Disconnect Req"
"416707","2964.219877896","192.168.15.4","192.168.15.3","MQTT","90","Connect Command"
"416709","2964.222820556","192.168.15.4","192.168.15.3","MQTT","97","Publish Message (id=2918) [Deviceb'Device - 2']"
"416710","2964.223230060","192.168.15.3","192.168.15.4","MQTT","70","Connect Ack"
"416713","2964.225851374","192.168.15.3","192.168.15.4","MQTT","70","Publish Ack (id=2918)"
"416715","2964.226838238","192.168.15.4","192.168.15.3","MQTT","68","Disconnect Req"
"416727","2965.231804987","192.168.15.4","192.168.15.3","MQTT","90","Connect Command"
"416729","2965.236729231","192.168.15.4","192.168.15.3","MQTT","97","Publish Message (id=2919) [Deviceb'Device - 2']"
"416731","2965.241072609","192.168.15.3","192.168.15.4","MQTT","70","Connect Ack"
"416733","2965.243608801","192.168.15.3","192.168.15.4","MQTT","70","Publish Ack (id=2919)"
"416735","2965.243956528","192.168.15.4","192.168.15.3","MQTT","68","Disconnect Req"
"416750","2966.247893298","192.168.15.4","192.168.15.3","MQTT","90","Connect Command"
"416752","2966.251318160","192.168.15.4","192.168.15.3","MQTT","97","Publish Message (id=2920) [Deviceb'Device - 2']"
"416753","2966.251607827","192.168.15.3","192.168.15.4","MQTT","70","Connect Ack"
"416756","2966.254277151","192.168.15.3","192.168.15.4","MQTT","70","Publish Ack (id=2920)"
"416758","2966.254836277","192.168.15.4","192.168.15.3","MQTT","68","Disconnect Req"
"416770","2967.259077104","192.168.15.4","192.168.15.3","MQTT","90","Connect Command"
"416772","2967.261934253","192.168.15.4","192.168.15.3","MQTT","97","Publish Message (id=2921) [Deviceb'Device - 2']"
"416773","2967.262380246","192.168.15.3","192.168.15.4","MQTT","70","Connect Ack"
"416776","2967.264905778","192.168.15.3","192.168.15.4","MQTT","70","Publish Ack (id=2921)"
"416778","2967.265846486","192.168.15.4","192.168.15.3","MQTT","68","Disconnect Req"
"416790","2968.270494180","192.168.15.4","192.168.15.3","MQTT","90","Connect Command"
"416792","2968.273424877","192.168.15.4","192.168.15.3","MQTT","97","Publish Message (id=2922) [Deviceb'Device - 2']"
"416793","2968.273741366","192.168.15.3","192.168.15.4","MQTT","70","Connect Ack"
"416796","2968.276468759","192.168.15.3","192.168.15.4","MQTT","70","Publish Ack (id=2922)"
"416798","2968.277260836","192.168.15.4","192.168.15.3","MQTT","68","Disconnect Req"
"416814","2969.281660162","192.168.15.4","192.168.15.3","MQTT","90","Connect Command"
"416816","2969.284558208","192.168.15.4","192.168.15.3","MQTT","97","Publish Message (id=2923) [Deviceb'Device - 2']"
"416817","2969.284967120","192.168.15.3","192.168.15.4","MQTT","70","Connect Ack"
"416820","2969.287522980","192.168.15.3","192.168.15.4","MQTT","70","Publish Ack (id=2923)"
"416822","2969.288471993","192.168.15.4","192.168.15.3","MQTT","68","Disconnect Req"
"416833","2970.292806877","192.168.15.4","192.168.15.3","MQTT","90","Connect Command"
"416835","2970.295659888","192.168.15.4","192.168.15.3","MQTT","97","Publish Message (id=2924) [Deviceb'Device - 2']"
"416837","2970.300012883","192.168.15.3","192.168.15.4","MQTT","70","Connect Ack"
"416839","2970.302457292","192.168.15.3","192.168.15.4","MQTT","70","Publish Ack (id=2924)"
"416841","2970.302846247","192.168.15.4","192.168.15.3","MQTT","68","Disconnect Req"
"416854","2971.306977910","192.168.15.4","192.168.15.3","MQTT","90","Connect Command"
"416856","2971.309884042","192.168.15.4","192.168.15.3","MQTT","97","Publish Message (id=2925) [Deviceb'Device - 2']"
"416857","2971.310261335","192.168.15.3","192.168.15.4","MQTT","70","Connect Ack"
"416860","2971.315679994","192.168.15.3","192.168.15.4","MQTT","70","Publish Ack (id=2925)"
"416862","2971.316588671","192.168.15.4","192.168.15.3","MQTT","68","Disconnect Req"
"416874","2972.321333820","192.168.15.4","192.168.15.3","MQTT","90","Connect Command"
"416876","2972.324266281","192.168.15.4","192.168.15.3","MQTT","97","Publish Message (id=2926) [Deviceb'Device - 2']"
"416877","2972.324691124","192.168.15.3","192.168.15.4","MQTT","70","Connect Ack"
"416880","2972.327268555","192.168.15.3","192.168.15.4","MQTT","70","Publish Ack (id=2926)"
"416882","2972.328203922","192.168.15.4","192.168.15.3","MQTT","68","Disconnect Req"
"416896","2973.333320968","192.168.15.4","192.168.15.3","MQTT","90","Connect Command"
"416898","2973.336603170","192.168.15.4","192.168.15.3","MQTT","97","Publish Message (id=2927) [Deviceb'Device - 2']"
"416899","2973.336623869","192.168.15.3","192.168.15.4","MQTT","70","Connect Ack"
"416902","2973.339532035","192.168.15.3","192.168.15.4","MQTT","70","Publish Ack (id=2927)"
"416904","2973.340303102","192.168.15.4","192.168.15.3","MQTT","68","Disconnect Req"
"416917","2974.345229929","192.168.15.4","192.168.15.3","MQTT","90","Connect Command"
"416919","2974.348139457","192.168.15.4","192.168.15.3","MQTT","97","Publish Message (id=2928) [Deviceb'Device - 2']"
"416920","2974.348502043","192.168.15.3","192.168.15.4","MQTT","70","Connect Ack"
"416923","2974.351214588","192.168.15.3","192.168.15.4","MQTT","70","Publish Ack (id=2928)"
"416925","2974.352147401","192.168.15.4","192.168.15.3","MQTT","68","Disconnect Req"
"416962","2975.355877997","192.168.15.4","192.168.15.3","MQTT","90","Connect Command"
"416964","2975.358653782","192.168.15.4","192.168.15.3","MQTT","97","Publish Message (id=2929) [Deviceb'Device - 2']"
"416966","2975.363122095","192.168.15.3","192.168.15.4","MQTT","70","Connect Ack"
"416968","2975.365659640","192.168.15.3","192.168.15.4","MQTT","70","Publish Ack (id=2929)"
"416970","2975.366520266","192.168.15.4","192.168.15.3","MQTT","68","Disconnect Req"
"416982","2976.371099046","192.168.15.4","192.168.15.3","MQTT","90","Connect Command"
"416984","2976.374003775","192.168.15.4","192.168.15.3","MQTT","97","Publish Message (id=2930) [Deviceb'Device - 2']"
"416985","2976.374415974","192.168.15.3","192.168.15.4","MQTT","70","Connect Ack"
"416988","2976.376848280","192.168.15.3","192.168.15.4","MQTT","70","Publish Ack (id=2930)"
"416990","2976.377343906","192.168.15.4","192.168.15.3","MQTT","68","Disconnect Req"
"417002","2977.381093028","192.168.15.4","192.168.15.3","MQTT","90","Connect Command"
"417004","2977.384037682","192.168.15.4","192.168.15.3","MQTT","97","Publish Message (id=2931) [Deviceb'Device - 2']"
"417005","2977.384433280","192.168.15.3","192.168.15.4","MQTT","70","Connect Ack"
"417008","2977.386885594","192.168.15.3","192.168.15.4","MQTT","70","Publish Ack (id=2931)"
"417010","2977.387390267","192.168.15.4","192.168.15.3","MQTT","68","Disconnect Req"
"417026","2978.391498026","192.168.15.4","192.168.15.3","MQTT","90","Connect Command"
"417028","2978.394318024","192.168.15.4","192.168.15.3","MQTT","97","Publish Message (id=2932) [Deviceb'Device - 2']"
"417029","2978.394764648","192.168.15.3","192.168.15.4","MQTT","70","Connect Ack"
"417032","2978.397500838","192.168.15.3","192.168.15.4","MQTT","70","Publish Ack (id=2932)"
"417034","2978.398043384","192.168.15.4","192.168.15.3","MQTT","68","Disconnect Req"
"417046","2979.402085550","192.168.15.4","192.168.15.3","MQTT","90","Connect Command"
"417048","2979.404918713","192.168.15.4","192.168.15.3","MQTT","97","Publish Message (id=2933) [Deviceb'Device - 2']"
"417049","2979.405312077","192.168.15.3","192.168.15.4","MQTT","70","Connect Ack"
"417052","2979.407825526","192.168.15.3","192.168.15.4","MQTT","70","Publish Ack (id=2933)"
"417054","2979.408702544","192.168.15.4","192.168.15.3","MQTT","68","Disconnect Req"
"417071","2980.413000464","192.168.15.4","192.168.15.3","MQTT","90","Connect Command"
"417073","2980.416161628","192.168.15.4","192.168.15.3","MQTT","97","Publish Message (id=2934) [Deviceb'Device - 2']"
"417075","2980.420127512","192.168.15.3","192.168.15.4","MQTT","70","Connect Ack"
"417077","2980.422877198","192.168.15.3","192.168.15.4","MQTT","70","Publish Ack (id=2934)"
"417079","2980.423570388","192.168.15.4","192.168.15.3","MQTT","68","Disconnect Req"
"417092","2981.427260259","192.168.15.4","192.168.15.3","MQTT","90","Connect Command"
"417094","2981.430276959","192.168.15.4","192.168.15.3","MQTT","97","Publish Message (id=2935) [Deviceb'Device - 2']"
"417095","2981.430675221","192.168.15.3","192.168.15.4","MQTT","70","Connect Ack"
"417098","2981.433580541","192.168.15.3","192.168.15.4","MQTT","70","Publish Ack (id=2935)"
"417100","2981.434450525","192.168.15.4","192.168.15.3","MQTT","68","Disconnect Req"
"417112","2982.438860381","192.168.15.4","192.168.15.3","MQTT","90","Connect Command"
"417114","2982.441775900","192.168.15.4","192.168.15.3","MQTT","97","Publish Message (id=2936) [Deviceb'Device - 2']"
"417115","2982.442249294","192.168.15.3","192.168.15.4","MQTT","70","Connect Ack"
"417118","2982.444723009","192.168.15.3","192.168.15.4","MQTT","70","Publish Ack (id=2936)"
"417120","2982.445597351","192.168.15.4","192.168.15.3","MQTT","68","Disconnect Req"
"417132","2983.449496429","192.168.15.4","192.168.15.3","MQTT","90","Connect Command"
"417134","2983.452399515","192.168.15.4","192.168.15.3","MQTT","97","Publish Message (id=2937) [Deviceb'Device - 2']"
"417135","2983.452774063","192.168.15.3","192.168.15.4","MQTT","70","Connect Ack"
"417138","2983.455485536","192.168.15.3","192.168.15.4","MQTT","70","Publish Ack (id=2937)"
"417140","2983.456500995","192.168.15.4","192.168.15.3","MQTT","68","Disconnect Req"
"417152","2984.460958920","192.168.15.4","192.168.15.3","MQTT","90","Connect Command"
"417154","2984.463836538","192.168.15.4","192.168.15.3","MQTT","97","Publish Message (id=2938) [Deviceb'Device - 2']"
"417155","2984.464254327","192.168.15.3","192.168.15.4","MQTT","70","Connect Ack"
"417158","2984.466738221","192.168.15.3","192.168.15.4","MQTT","70","Publish Ack (id=2938)"
"417160","2984.467436080","192.168.15.4","192.168.15.3","MQTT","68","Disconnect Req"
"417177","2985.471829411","192.168.15.4","192.168.15.3","MQTT","90","Connect Command"
"417179","2985.474699355","192.168.15.4","192.168.15.3","MQTT","97","Publish Message (id=2939) [Deviceb'Device - 2']"
"417181","2985.479077959","192.168.15.3","192.168.15.4","MQTT","70","Connect Ack"
"417183","2985.481581870","192.168.15.3","192.168.15.4","MQTT","70","Publish Ack (id=2939)"
"417185","2985.482213704","192.168.15.4","192.168.15.3","MQTT","68","Disconnect Req"
"417194","2986.486847368","192.168.15.4","192.168.15.3","MQTT","90","Connect Command"
"417196","2986.489755413","192.168.15.4","192.168.15.3","MQTT","97","Publish Message (id=2940) [Deviceb'Device - 2']"
"417197","2986.490139569","192.168.15.3","192.168.15.4","MQTT","70","Connect Ack"
"417200","2986.493370795","192.168.15.3","192.168.15.4","MQTT","70","Publish Ack (id=2940)"
"417202","2986.494227153","192.168.15.4","192.168.15.3","MQTT","68","Disconnect Req"
"417210","2987.498860671","192.168.15.4","192.168.15.3","MQTT","90","Connect Command"
"417212","2987.501771221","192.168.15.4","192.168.15.3","MQTT","97","Publish Message (id=2941) [Deviceb'Device - 2']"
"417213","2987.502225089","192.168.15.3","192.168.15.4","MQTT","70","Connect Ack"
"417216","2987.504614504","192.168.15.3","192.168.15.4","MQTT","70","Publish Ack (id=2941)"
"417218","2987.505277417","192.168.15.4","192.168.15.3","MQTT","68","Disconnect Req"
"417231","2988.509345646","192.168.15.4","192.168.15.3","MQTT","90","Connect Command"
"417233","2988.512263750","192.168.15.4","192.168.15.3","MQTT","97","Publish Message (id=2942) [Deviceb'Device - 2']"
"417234","2988.512662453","192.168.15.3","192.168.15.4","MQTT","70","Connect Ack"
"417237","2988.515231458","192.168.15.3","192.168.15.4","MQTT","70","Publish Ack (id=2942)"
"417239","2988.515875395","192.168.15.4","192.168.15.3","MQTT","68","Disconnect Req"
"417251","2989.519809642","192.168.15.4","192.168.15.3","MQTT","90","Connect Command"
"417253","2989.524513941","192.168.15.4","192.168.15.3","MQTT","97","Publish Message (id=2943) [Deviceb'Device - 2']"
"417254","2989.524829737","192.168.15.3","192.168.15.4","MQTT","70","Connect Ack"
"417257","2989.527467752","192.168.15.3","192.168.15.4","MQTT","70","Publish Ack (id=2943)"
"417259","2989.528120516","192.168.15.4","192.168.15.3","MQTT","68","Disconnect Req"
"417274","2990.533375630","192.168.15.4","192.168.15.3","MQTT","90","Connect Command"
"417276","2990.538037319","192.168.15.4","192.168.15.3","MQTT","97","Publish Message (id=2944) [Deviceb'Device - 2']"
"417278","2990.542397398","192.168.15.3","192.168.15.4","MQTT","70","Connect Ack"
"417280","2990.544884608","192.168.15.3","192.168.15.4","MQTT","70","Publish Ack (id=2944)"
"417282","2990.545427514","192.168.15.4","192.168.15.3","MQTT","68","Disconnect Req"
"417295","2991.549817683","192.168.15.4","192.168.15.3","MQTT","90","Connect Command"
"417297","2991.552618455","192.168.15.4","192.168.15.3","MQTT","97","Publish Message (id=2945) [Deviceb'Device - 2']"
"417298","2991.553004434","192.168.15.3","192.168.15.4","MQTT","70","Connect Ack"
"417301","2991.555654101","192.168.15.3","192.168.15.4","MQTT","70","Publish Ack (id=2945)"
"417303","2991.556424958","192.168.15.4","192.168.15.3","MQTT","68","Disconnect Req"
"417311","2992.561328146","192.168.15.4","192.168.15.3","MQTT","90","Connect Command"
"417313","2992.564122065","192.168.15.4","192.168.15.3","MQTT","97","Publish Message (id=2946) [Deviceb'Device - 2']"
"417314","2992.564563409","192.168.15.3","192.168.15.4","MQTT","70","Connect Ack"
"417317","2992.567146420","192.168.15.3","192.168.15.4","MQTT","70","Publish Ack (id=2946)"
"417319","2992.567742106","192.168.15.4","192.168.15.3","MQTT","68","Disconnect Req"
"417331","2993.572498348","192.168.15.4","192.168.15.3","MQTT","90","Connect Command"
"417333","2993.575267290","192.168.15.4","192.168.15.3","MQTT","97","Publish Message (id=2947) [Deviceb'Device - 2']"
"417334","2993.575861974","192.168.15.3","192.168.15.4","MQTT","70","Connect Ack"
"417337","2993.578435447","192.168.15.3","192.168.15.4","MQTT","70","Publish Ack (id=2947)"
"417339","2993.579195834","192.168.15.4","192.168.15.3","MQTT","68","Disconnect Req"
"417358","2994.583698567","192.168.15.4","192.168.15.3","MQTT","90","Connect Command"
"417360","2994.586561847","192.168.15.4","192.168.15.3","MQTT","97","Publish Message (id=2948) [Deviceb'Device - 2']"
"417361","2994.586977082","192.168.15.3","192.168.15.4","MQTT","70","Connect Ack"
"417364","2994.589395311","192.168.15.3","192.168.15.4","MQTT","70","Publish Ack (id=2948)"
"417366","2994.590242462","192.168.15.4","192.168.15.3","MQTT","68","Disconnect Req"
"417381","2995.594764393","192.168.15.4","192.168.15.3","MQTT","90","Connect Command"
"417383","2995.597669883","192.168.15.4","192.168.15.3","MQTT","97","Publish Message (id=2949) [Deviceb'Device - 2']"
"417385","2995.601897271","192.168.15.3","192.168.15.4","MQTT","70","Connect Ack"
"417387","2995.604660973","192.168.15.3","192.168.15.4","MQTT","70","Publish Ack (id=2949)"
"417389","2995.605411471","192.168.15.4","192.168.15.3","MQTT","68","Disconnect Req"
"417401","2996.610498007","192.168.15.4","192.168.15.3","MQTT","90","Connect Command"
"417403","2996.615194251","192.168.15.4","192.168.15.3","MQTT","97","Publish Message (id=2950) [Deviceb'Device - 2']"
"417404","2996.615994554","192.168.15.3","192.168.15.4","MQTT","70","Connect Ack"
"417407","2996.618161388","192.168.15.3","192.168.15.4","MQTT","70","Publish Ack (id=2950)"
"417409","2996.618953555","192.168.15.4","192.168.15.3","MQTT","68","Disconnect Req"
"417421","2997.623400377","192.168.15.4","192.168.15.3","MQTT","90","Connect Command"
"417423","2997.626359398","192.168.15.4","192.168.15.3","MQTT","97","Publish Message (id=2951) [Deviceb'Device - 2']"
"417424","2997.626751609","192.168.15.3","192.168.15.4","MQTT","70","Connect Ack"
"417427","2997.632727421","192.168.15.3","192.168.15.4","MQTT","70","Publish Ack (id=2951)"
"417429","2997.633284484","192.168.15.4","192.168.15.3","MQTT","68","Disconnect Req"
"417447","2998.638806606","192.168.15.4","192.168.15.3","MQTT","90","Connect Command"
"417449","2998.641723448","192.168.15.4","192.168.15.3","MQTT","97","Publish Message (id=2952) [Deviceb'Device - 2']"
"417450","2998.642406629","192.168.15.3","192.168.15.4","MQTT","70","Connect Ack"
"417453","2998.645610373","192.168.15.3","192.168.15.4","MQTT","70","Publish Ack (id=2952)"
"417455","2998.646249751","192.168.15.4","192.168.15.3","MQTT","68","Disconnect Req"
"417471","2999.651160486","192.168.15.4","192.168.15.3","MQTT","90","Connect Command"
"417473","2999.654021633","192.168.15.4","192.168.15.3","MQTT","97","Publish Message (id=2953) [Deviceb'Device - 2']"
"417474","2999.654445594","192.168.15.3","192.168.15.4","MQTT","70","Connect Ack"
"417477","2999.656783913","192.168.15.3","192.168.15.4","MQTT","70","Publish Ack (id=2953)"
"417479","2999.657501519","192.168.15.4","192.168.15.3","MQTT","68","Disconnect Req"
"417496","3000.663284405","192.168.15.4","192.168.15.3","MQTT","90","Connect Command"
"417498","3000.666072183","192.168.15.4","192.168.15.3","MQTT","97","Publish Message (id=2954) [Deviceb'Device - 2']"
"417499","3000.670315781","192.168.15.3","192.168.15.4","MQTT","70","Connect Ack"
"417502","3000.673351057","192.168.15.3","192.168.15.4","MQTT","70","Publish Ack (id=2954)"
"417504","3000.673971089","192.168.15.4","192.168.15.3","MQTT","68","Disconnect Req"
"417524","3001.679176404","192.168.15.4","192.168.15.3","MQTT","90","Connect Command"
"417526","3001.684223772","192.168.15.4","192.168.15.3","MQTT","97","Publish Message (id=2955) [Deviceb'Device - 2']"
"417527","3001.684410916","192.168.15.3","192.168.15.4","MQTT","70","Connect Ack"
"417530","3001.687154661","192.168.15.3","192.168.15.4","MQTT","70","Publish Ack (id=2955)"
"417532","3001.687729928","192.168.15.4","192.168.15.3","MQTT","68","Disconnect Req"
"417547","3002.691704828","192.168.15.4","192.168.15.3","MQTT","90","Connect Command"
"417549","3002.694539233","192.168.15.4","192.168.15.3","MQTT","97","Publish Message (id=2956) [Deviceb'Device - 2']"
"417550","3002.694942716","192.168.15.3","192.168.15.4","MQTT","70","Connect Ack"
"417553","3002.697437891","192.168.15.3","192.168.15.4","MQTT","70","Publish Ack (id=2956)"
"417555","3002.698058894","192.168.15.4","192.168.15.3","MQTT","68","Disconnect Req"
"417566","3003.701659218","192.168.15.4","192.168.15.3","MQTT","90","Connect Command"
"417568","3003.704671279","192.168.15.4","192.168.15.3","MQTT","97","Publish Message (id=2957) [Deviceb'Device - 2']"
"417569","3003.705031049","192.168.15.3","192.168.15.4","MQTT","70","Connect Ack"
"417572","3003.707733475","192.168.15.3","192.168.15.4","MQTT","70","Publish Ack (id=2957)"
"417574","3003.708033152","192.168.15.4","192.168.15.3","MQTT","68","Disconnect Req"
"417594","3004.712222589","192.168.15.4","192.168.15.3","MQTT","90","Connect Command"
"417596","3004.715104765","192.168.15.4","192.168.15.3","MQTT","97","Publish Message (id=2958) [Deviceb'Device - 2']"
"417597","3004.715527884","192.168.15.3","192.168.15.4","MQTT","70","Connect Ack"
"417600","3004.717997571","192.168.15.3","192.168.15.4","MQTT","70","Publish Ack (id=2958)"
"417602","3004.718587055","192.168.15.4","192.168.15.3","MQTT","68","Disconnect Req"
"417624","3005.723350687","192.168.15.4","192.168.15.3","MQTT","90","Connect Command"
"417626","3005.726250897","192.168.15.4","192.168.15.3","MQTT","97","Publish Message (id=2959) [Deviceb'Device - 2']"
"417628","3005.730580960","192.168.15.3","192.168.15.4","MQTT","70","Connect Ack"
"417630","3005.733630823","192.168.15.3","192.168.15.4","MQTT","70","Publish Ack (id=2959)"
"417632","3005.734213844","192.168.15.4","192.168.15.3","MQTT","68","Disconnect Req"
"417646","3006.741547363","192.168.15.4","192.168.15.3","MQTT","90","Connect Command"
"417648","3006.745415132","192.168.15.4","192.168.15.3","MQTT","97","Publish Message (id=2960) [Deviceb'Device - 2']"
"417649","3006.745735457","192.168.15.3","192.168.15.4","MQTT","70","Connect Ack"
"417652","3006.748380015","192.168.15.3","192.168.15.4","MQTT","70","Publish Ack (id=2960)"
"417654","3006.748934552","192.168.15.4","192.168.15.3","MQTT","68","Disconnect Req"
"417681","3007.754992882","192.168.15.4","192.168.15.3","MQTT","90","Connect Command"
"417683","3007.757871972","192.168.15.4","192.168.15.3","MQTT","97","Publish Message (id=2961) [Deviceb'Device - 2']"
"417684","3007.758259575","192.168.15.3","192.168.15.4","MQTT","70","Connect Ack"
"417687","3007.760943717","192.168.15.3","192.168.15.4","MQTT","70","Publish Ack (id=2961)"
"417689","3007.761491422","192.168.15.4","192.168.15.3","MQTT","68","Disconnect Req"
"417764","3008.766043866","192.168.15.4","192.168.15.3","MQTT","90","Connect Command"
"417766","3008.768985555","192.168.15.4","192.168.15.3","MQTT","97","Publish Message (id=2962) [Deviceb'Device - 2']"
"417767","3008.769410558","192.168.15.3","192.168.15.4","MQTT","70","Connect Ack"
"417770","3008.772578635","192.168.15.3","192.168.15.4","MQTT","70","Publish Ack (id=2962)"
"417772","3008.773286422","192.168.15.4","192.168.15.3","MQTT","68","Disconnect Req"
"417784","3009.777184770","192.168.15.4","192.168.15.3","MQTT","90","Connect Command"
"417786","3009.779915280","192.168.15.4","192.168.15.3","MQTT","97","Publish Message (id=2963) [Deviceb'Device - 2']"
"417787","3009.780324744","192.168.15.3","192.168.15.4","MQTT","70","Connect Ack"
"417790","3009.782785273","192.168.15.3","192.168.15.4","MQTT","70","Publish Ack (id=2963)"
"417792","3009.783504923","192.168.15.4","192.168.15.3","MQTT","68","Disconnect Req"
"417807","3010.787918426","192.168.15.4","192.168.15.3","MQTT","90","Connect Command"
"417809","3010.790800462","192.168.15.4","192.168.15.3","MQTT","97","Publish Message (id=2964) [Deviceb'Device - 2']"
"417811","3010.795054430","192.168.15.3","192.168.15.4","MQTT","70","Connect Ack"
"417813","3010.797635297","192.168.15.3","192.168.15.4","MQTT","70","Publish Ack (id=2964)"
"417815","3010.798448744","192.168.15.4","192.168.15.3","MQTT","68","Disconnect Req"
"417828","3011.803721701","192.168.15.4","192.168.15.3","MQTT","90","Connect Command"
"417830","3011.808361068","192.168.15.4","192.168.15.3","MQTT","97","Publish Message (id=2965) [Deviceb'Device - 2']"
"417831","3011.808774389","192.168.15.3","192.168.15.4","MQTT","70","Connect Ack"
"417834","3011.811331581","192.168.15.3","192.168.15.4","MQTT","70","Publish Ack (id=2965)"
"417836","3011.812012618","192.168.15.4","192.168.15.3","MQTT","68","Disconnect Req"
"417848","3012.816247934","192.168.15.4","192.168.15.3","MQTT","90","Connect Command"
"417850","3012.819135651","192.168.15.4","192.168.15.3","MQTT","97","Publish Message (id=2966) [Deviceb'Device - 2']"
"417851","3012.819530357","192.168.15.3","192.168.15.4","MQTT","70","Connect Ack"
"417854","3012.821954758","192.168.15.3","192.168.15.4","MQTT","70","Publish Ack (id=2966)"
"417856","3012.822779196","192.168.15.4","192.168.15.3","MQTT","68","Disconnect Req"
"417868","3013.827574430","192.168.15.4","192.168.15.3","MQTT","90","Connect Command"
"417870","3013.830411201","192.168.15.4","192.168.15.3","MQTT","97","Publish Message (id=2967) [Deviceb'Device - 2']"
"417871","3013.830817939","192.168.15.3","192.168.15.4","MQTT","70","Connect Ack"
"417874","3013.833463248","192.168.15.3","192.168.15.4","MQTT","70","Publish Ack (id=2967)"
"417876","3013.834114328","192.168.15.4","192.168.15.3","MQTT","68","Disconnect Req"
"417886","3014.838621600","192.168.15.4","192.168.15.3","MQTT","90","Connect Command"
"417888","3014.841456367","192.168.15.4","192.168.15.3","MQTT","97","Publish Message (id=2968) [Deviceb'Device - 2']"
"417889","3014.841830363","192.168.15.3","192.168.15.4","MQTT","70","Connect Ack"
"417892","3014.844541035","192.168.15.3","192.168.15.4","MQTT","70","Publish Ack (id=2968)"
"417894","3014.845323173","192.168.15.4","192.168.15.3","MQTT","68","Disconnect Req"
"417910","3015.849545008","192.168.15.4","192.168.15.3","MQTT","90","Connect Command"
"417912","3015.852456420","192.168.15.4","192.168.15.3","MQTT","97","Publish Message (id=2969) [Deviceb'Device - 2']"
"417914","3015.856710728","192.168.15.3","192.168.15.4","MQTT","70","Connect Ack"
"417916","3015.860857033","192.168.15.3","192.168.15.4","MQTT","70","Publish Ack (id=2969)"
"417918","3015.861528342","192.168.15.4","192.168.15.3","MQTT","68","Disconnect Req"
"417930","3016.865726290","192.168.15.4","192.168.15.3","MQTT","90","Connect Command"
"417932","3016.868614598","192.168.15.4","192.168.15.3","MQTT","97","Publish Message (id=2970) [Deviceb'Device - 2']"
"417933","3016.869100056","192.168.15.3","192.168.15.4","MQTT","70","Connect Ack"
"417936","3016.871594940","192.168.15.3","192.168.15.4","MQTT","70","Publish Ack (id=2970)"
"417938","3016.872297227","192.168.15.4","192.168.15.3","MQTT","68","Disconnect Req"
"417950","3017.876320535","192.168.15.4","192.168.15.3","MQTT","90","Connect Command"
"417952","3017.879233439","192.168.15.4","192.168.15.3","MQTT","97","Publish Message (id=2971) [Deviceb'Device - 2']"
"417953","3017.879659264","192.168.15.3","192.168.15.4","MQTT","70","Connect Ack"
"417956","3017.882331714","192.168.15.3","192.168.15.4","MQTT","70","Publish Ack (id=2971)"
"417958","3017.883002792","192.168.15.4","192.168.15.3","MQTT","68","Disconnect Req"
"417970","3018.887536535","192.168.15.4","192.168.15.3","MQTT","90","Connect Command"
"417972","3018.890430423","192.168.15.4","192.168.15.3","MQTT","97","Publish Message (id=2972) [Deviceb'Device - 2']"
"417973","3018.890866197","192.168.15.3","192.168.15.4","MQTT","70","Connect Ack"
"417976","3018.893301499","192.168.15.3","192.168.15.4","MQTT","70","Publish Ack (id=2972)"
"417978","3018.894057928","192.168.15.4","192.168.15.3","MQTT","68","Disconnect Req"
"417990","3019.899018678","192.168.15.4","192.168.15.3","MQTT","90","Connect Command"
"417992","3019.902440414","192.168.15.4","192.168.15.3","MQTT","97","Publish Message (id=2973) [Deviceb'Device - 2']"
"417993","3019.902719231","192.168.15.3","192.168.15.4","MQTT","70","Connect Ack"
"417996","3019.905332059","192.168.15.3","192.168.15.4","MQTT","70","Publish Ack (id=2973)"
"417998","3019.905992186","192.168.15.4","192.168.15.3","MQTT","68","Disconnect Req"
"418013","3020.912697836","192.168.15.4","192.168.15.3","MQTT","90","Connect Command"
"418015","3020.915593087","192.168.15.4","192.168.15.3","MQTT","97","Publish Message (id=2974) [Deviceb'Device - 2']"
"418017","3020.919889726","192.168.15.3","192.168.15.4","MQTT","70","Connect Ack"
"418019","3020.922388187","192.168.15.3","192.168.15.4","MQTT","70","Publish Ack (id=2974)"
"418021","3020.923226210","192.168.15.4","192.168.15.3","MQTT","68","Disconnect Req"
"418048","3021.927506556","192.168.15.4","192.168.15.3","MQTT","90","Connect Command"
"418050","3021.932303751","192.168.15.4","192.168.15.3","MQTT","97","Publish Message (id=2975) [Deviceb'Device - 2']"
"418051","3021.932698798","192.168.15.3","192.168.15.4","MQTT","70","Connect Ack"
"418054","3021.935322886","192.168.15.3","192.168.15.4","MQTT","70","Publish Ack (id=2975)"
"418056","3021.936142905","192.168.15.4","192.168.15.3","MQTT","68","Disconnect Req"
"418066","3022.940763916","192.168.15.4","192.168.15.3","MQTT","90","Connect Command"
"418068","3022.943644770","192.168.15.4","192.168.15.3","MQTT","97","Publish Message (id=2976) [Deviceb'Device - 2']"
"418069","3022.944041299","192.168.15.3","192.168.15.4","MQTT","70","Connect Ack"
"418072","3022.946553075","192.168.15.3","192.168.15.4","MQTT","70","Publish Ack (id=2976)"
"418074","3022.947318100","192.168.15.4","192.168.15.3","MQTT","68","Disconnect Req"
"418084","3023.952182991","192.168.15.4","192.168.15.3","MQTT","90","Connect Command"
"418086","3023.955087921","192.168.15.4","192.168.15.3","MQTT","97","Publish Message (id=2977) [Deviceb'Device - 2']"
"418087","3023.955496192","192.168.15.3","192.168.15.4","MQTT","70","Connect Ack"
"418090","3023.957968223","192.168.15.3","192.168.15.4","MQTT","70","Publish Ack (id=2977)"
"418092","3023.958633841","192.168.15.4","192.168.15.3","MQTT","68","Disconnect Req"
"418108","3024.963473204","192.168.15.4","192.168.15.3","MQTT","90","Connect Command"
"418110","3024.966368775","192.168.15.4","192.168.15.3","MQTT","97","Publish Message (id=2978) [Deviceb'Device - 2']"
"418111","3024.966705842","192.168.15.3","192.168.15.4","MQTT","70","Connect Ack"
"418114","3024.969190687","192.168.15.3","192.168.15.4","MQTT","70","Publish Ack (id=2978)"
"418116","3024.970089997","192.168.15.4","192.168.15.3","MQTT","68","Disconnect Req"
"418132","3025.974905817","192.168.15.4","192.168.15.3","MQTT","90","Connect Command"
"418134","3025.979313165","192.168.15.4","192.168.15.3","MQTT","97","Publish Message (id=2979) [Deviceb'Device - 2']"
"418135","3025.982116833","192.168.15.3","192.168.15.4","MQTT","70","Connect Ack"
"418139","3025.984634470","192.168.15.3","192.168.15.4","MQTT","70","Publish Ack (id=2979)"
"418141","3025.985238261","192.168.15.4","192.168.15.3","MQTT","68","Disconnect Req"
"418149","3026.989625401","192.168.15.4","192.168.15.3","MQTT","90","Connect Command"
"418151","3026.992522055","192.168.15.4","192.168.15.3","MQTT","97","Publish Message (id=2980) [Deviceb'Device - 2']"
"418152","3026.992898215","192.168.15.3","192.168.15.4","MQTT","70","Connect Ack"
"418155","3026.995870252","192.168.15.3","192.168.15.4","MQTT","70","Publish Ack (id=2980)"
"418157","3026.996520600","192.168.15.4","192.168.15.3","MQTT","68","Disconnect Req"
"418169","3028.000940643","192.168.15.4","192.168.15.3","MQTT","90","Connect Command"
"418171","3028.003776441","192.168.15.4","192.168.15.3","MQTT","97","Publish Message (id=2981) [Deviceb'Device - 2']"
"418172","3028.004173892","192.168.15.3","192.168.15.4","MQTT","70","Connect Ack"
"418175","3028.006824401","192.168.15.3","192.168.15.4","MQTT","70","Publish Ack (id=2981)"
"418177","3028.007360604","192.168.15.4","192.168.15.3","MQTT","68","Disconnect Req"
"418192","3029.011736034","192.168.15.4","192.168.15.3","MQTT","90","Connect Command"
"418194","3029.014636135","192.168.15.4","192.168.15.3","MQTT","97","Publish Message (id=2982) [Deviceb'Device - 2']"
"418195","3029.014998079","192.168.15.3","192.168.15.4","MQTT","70","Connect Ack"
"418198","3029.017601608","192.168.15.3","192.168.15.4","MQTT","70","Publish Ack (id=2982)"
"418200","3029.018240776","192.168.15.4","192.168.15.3","MQTT","68","Disconnect Req"
"418212","3030.022964534","192.168.15.4","192.168.15.3","MQTT","90","Connect Command"
"418214","3030.025702127","192.168.15.4","192.168.15.3","MQTT","97","Publish Message (id=2983) [Deviceb'Device - 2']"
"418215","3030.026070744","192.168.15.3","192.168.15.4","MQTT","70","Connect Ack"
"418218","3030.028724839","192.168.15.3","192.168.15.4","MQTT","70","Publish Ack (id=2983)"
"418220","3030.029330774","192.168.15.4","192.168.15.3","MQTT","68","Disconnect Req"
"418235","3031.033357965","192.168.15.4","192.168.15.3","MQTT","90","Connect Command"
"418237","3031.036295426","192.168.15.4","192.168.15.3","MQTT","97","Publish Message (id=2984) [Deviceb'Device - 2']"
"418239","3031.040656076","192.168.15.3","192.168.15.4","MQTT","70","Connect Ack"
"418241","3031.043110524","192.168.15.3","192.168.15.4","MQTT","70","Publish Ack (id=2984)"
"418243","3031.043831877","192.168.15.4","192.168.15.3","MQTT","68","Disconnect Req"
"418256","3032.047862836","192.168.15.4","192.168.15.3","MQTT","90","Connect Command"
"418258","3032.050742187","192.168.15.4","192.168.15.3","MQTT","97","Publish Message (id=2985) [Deviceb'Device - 2']"
"418259","3032.051151831","192.168.15.3","192.168.15.4","MQTT","70","Connect Ack"
"418262","3032.053860760","192.168.15.3","192.168.15.4","MQTT","70","Publish Ack (id=2985)"
"418264","3032.054526137","192.168.15.4","192.168.15.3","MQTT","68","Disconnect Req"
"418276","3033.059059707","192.168.15.4","192.168.15.3","MQTT","90","Connect Command"
"418278","3033.062622429","192.168.15.4","192.168.15.3","MQTT","97","Publish Message (id=2986) [Deviceb'Device - 2']"
"418279","3033.062910734","192.168.15.3","192.168.15.4","MQTT","70","Connect Ack"
"418282","3033.065739900","192.168.15.3","192.168.15.4","MQTT","70","Publish Ack (id=2986)"
"418284","3033.066509334","192.168.15.4","192.168.15.3","MQTT","68","Disconnect Req"
"418298","3034.070779898","192.168.15.4","192.168.15.3","MQTT","90","Connect Command"
"418300","3034.073622680","192.168.15.4","192.168.15.3","MQTT","97","Publish Message (id=2987) [Deviceb'Device - 2']"
"418301","3034.074006685","192.168.15.3","192.168.15.4","MQTT","70","Connect Ack"
"418304","3034.076441827","192.168.15.3","192.168.15.4","MQTT","70","Publish Ack (id=2987)"
"418306","3034.077327801","192.168.15.4","192.168.15.3","MQTT","68","Disconnect Req"
"418340","3035.081978663","192.168.15.4","192.168.15.3","MQTT","90","Connect Command"
"418342","3035.085015211","192.168.15.4","192.168.15.3","MQTT","97","Publish Message (id=2988) [Deviceb'Device - 2']"
"418343","3035.085337781","192.168.15.3","192.168.15.4","MQTT","70","Connect Ack"
"418346","3035.088051890","192.168.15.3","192.168.15.4","MQTT","70","Publish Ack (id=2988)"
"418348","3035.089136970","192.168.15.4","192.168.15.3","MQTT","68","Disconnect Req"
"418363","3036.093466826","192.168.15.4","192.168.15.3","MQTT","90","Connect Command"
"418365","3036.096372748","192.168.15.4","192.168.15.3","MQTT","97","Publish Message (id=2989) [Deviceb'Device - 2']"
"418367","3036.100719231","192.168.15.3","192.168.15.4","MQTT","70","Connect Ack"
"418369","3036.103262637","192.168.15.3","192.168.15.4","MQTT","70","Publish Ack (id=2989)"
"418371","3036.104091904","192.168.15.4","192.168.15.3","MQTT","68","Disconnect Req"
"418383","3037.108755591","192.168.15.4","192.168.15.3","MQTT","90","Connect Command"
"418385","3037.111617499","192.168.15.4","192.168.15.3","MQTT","97","Publish Message (id=2990) [Deviceb'Device - 2']"
"418386","3037.112010461","192.168.15.3","192.168.15.4","MQTT","70","Connect Ack"
"418389","3037.114607299","192.168.15.3","192.168.15.4","MQTT","70","Publish Ack (id=2990)"
"418391","3037.115597880","192.168.15.4","192.168.15.3","MQTT","68","Disconnect Req"
"418399","3038.120231171","192.168.15.4","192.168.15.3","MQTT","90","Connect Command"
"418401","3038.123112385","192.168.15.4","192.168.15.3","MQTT","97","Publish Message (id=2991) [Deviceb'Device - 2']"
"418402","3038.123514365","192.168.15.3","192.168.15.4","MQTT","70","Connect Ack"
"418405","3038.126176866","192.168.15.3","192.168.15.4","MQTT","70","Publish Ack (id=2991)"
"418407","3038.126881989","192.168.15.4","192.168.15.3","MQTT","68","Disconnect Req"
"418419","3039.131232765","192.168.15.4","192.168.15.3","MQTT","90","Connect Command"
"418421","3039.134098650","192.168.15.4","192.168.15.3","MQTT","97","Publish Message (id=2992) [Deviceb'Device - 2']"
"418422","3039.134501411","192.168.15.3","192.168.15.4","MQTT","70","Connect Ack"
"418425","3039.136957823","192.168.15.3","192.168.15.4","MQTT","70","Publish Ack (id=2992)"
"418427","3039.137636536","192.168.15.4","192.168.15.3","MQTT","68","Disconnect Req"
"418439","3040.142506304","192.168.15.4","192.168.15.3","MQTT","90","Connect Command"
"418441","3040.145364034","192.168.15.4","192.168.15.3","MQTT","97","Publish Message (id=2993) [Deviceb'Device - 2']"
"418442","3040.145855222","192.168.15.3","192.168.15.4","MQTT","70","Connect Ack"
"418445","3040.148274884","192.168.15.3","192.168.15.4","MQTT","70","Publish Ack (id=2993)"
"418447","3040.148917689","192.168.15.4","192.168.15.3","MQTT","68","Disconnect Req"
"418464","3041.153718277","192.168.15.4","192.168.15.3","MQTT","90","Connect Command"
"418466","3041.156597218","192.168.15.4","192.168.15.3","MQTT","97","Publish Message (id=2994) [Deviceb'Device - 2']"
"418468","3041.161027600","192.168.15.3","192.168.15.4","MQTT","70","Connect Ack"
"418470","3041.163777917","192.168.15.3","192.168.15.4","MQTT","70","Publish Ack (id=2994)"
"418472","3041.164508086","192.168.15.4","192.168.15.3","MQTT","68","Disconnect Req"
"418485","3042.168790375","192.168.15.4","192.168.15.3","MQTT","90","Connect Command"
"418487","3042.171692619","192.168.15.4","192.168.15.3","MQTT","97","Publish Message (id=2995) [Deviceb'Device - 2']"
"418488","3042.172127781","192.168.15.3","192.168.15.4","MQTT","70","Connect Ack"
"418491","3042.174777689","192.168.15.3","192.168.15.4","MQTT","70","Publish Ack (id=2995)"
"418493","3042.175572571","192.168.15.4","192.168.15.3","MQTT","68","Disconnect Req"
"418776","3043.180893221","192.168.15.4","192.168.15.3","MQTT","90","Connect Command"
"418778","3043.185645041","192.168.15.4","192.168.15.3","MQTT","97","Publish Message (id=2996) [Deviceb'Device - 2']"
"418779","3043.186062089","192.168.15.3","192.168.15.4","MQTT","70","Connect Ack"
"418782","3043.188594053","192.168.15.3","192.168.15.4","MQTT","70","Publish Ack (id=2996)"
"418784","3043.189235706","192.168.15.4","192.168.15.3","MQTT","68","Disconnect Req"
"418796","3044.193836968","192.168.15.4","192.168.15.3","MQTT","90","Connect Command"
"418798","3044.196709596","192.168.15.4","192.168.15.3","MQTT","97","Publish Message (id=2997) [Deviceb'Device - 2']"
"418799","3044.197143737","192.168.15.3","192.168.15.4","MQTT","70","Connect Ack"
"418802","3044.199691892","192.168.15.3","192.168.15.4","MQTT","70","Publish Ack (id=2997)"
"418804","3044.200464732","192.168.15.4","192.168.15.3","MQTT","68","Disconnect Req"
"418816","3045.204299165","192.168.15.4","192.168.15.3","MQTT","90","Connect Command"
"418818","3045.207201440","192.168.15.4","192.168.15.3","MQTT","97","Publish Message (id=2998) [Deviceb'Device - 2']"
"418819","3045.207585796","192.168.15.3","192.168.15.4","MQTT","70","Connect Ack"
"418822","3045.210085570","192.168.15.3","192.168.15.4","MQTT","70","Publish Ack (id=2998)"
"418824","3045.210731480","192.168.15.4","192.168.15.3","MQTT","68","Disconnect Req"
"418836","3046.214576163","192.168.15.4","192.168.15.3","MQTT","90","Connect Command"
"418838","3046.217454852","192.168.15.4","192.168.15.3","MQTT","97","Publish Message (id=2999) [Deviceb'Device - 2']"
"418840","3046.221784434","192.168.15.3","192.168.15.4","MQTT","70","Connect Ack"
"418842","3046.224457054","192.168.15.3","192.168.15.4","MQTT","70","Publish Ack (id=2999)"
"418844","3046.225221068","192.168.15.4","192.168.15.3","MQTT","68","Disconnect Req"
"418858","3047.230379703","192.168.15.4","192.168.15.3","MQTT","90","Connect Command"
"418860","3047.235052944","192.168.15.4","192.168.15.3","MQTT","97","Publish Message (id=3000) [Deviceb'Device - 2']"
"418861","3047.235394971","192.168.15.3","192.168.15.4","MQTT","70","Connect Ack"
"418864","3047.238499768","192.168.15.3","192.168.15.4","MQTT","70","Publish Ack (id=3000)"
"418866","3047.239148574","192.168.15.4","192.168.15.3","MQTT","68","Disconnect Req"
"418885","3048.243503551","192.168.15.4","192.168.15.3","MQTT","90","Connect Command"
"418887","3048.246441072","192.168.15.4","192.168.15.3","MQTT","97","Publish Message (id=3001) [Deviceb'Device - 2']"
"418888","3048.246766748","192.168.15.3","192.168.15.4","MQTT","70","Connect Ack"
"418891","3048.249755716","192.168.15.3","192.168.15.4","MQTT","70","Publish Ack (id=3001)"
"418893","3048.250429599","192.168.15.4","192.168.15.3","MQTT","68","Disconnect Req"
"418907","3049.254901090","192.168.15.4","192.168.15.3","MQTT","90","Connect Command"
"418909","3049.257795900","192.168.15.4","192.168.15.3","MQTT","97","Publish Message (id=3002) [Deviceb'Device - 2']"
"418910","3049.258162062","192.168.15.3","192.168.15.4","MQTT","70","Connect Ack"
"418913","3049.260719344","192.168.15.3","192.168.15.4","MQTT","70","Publish Ack (id=3002)"
"418915","3049.261258253","192.168.15.4","192.168.15.3","MQTT","68","Disconnect Req"
"418923","3050.265401943","192.168.15.4","192.168.15.3","MQTT","90","Connect Command"
"418925","3050.268294188","192.168.15.4","192.168.15.3","MQTT","97","Publish Message (id=3003) [Deviceb'Device - 2']"
"418926","3050.268688303","192.168.15.3","192.168.15.4","MQTT","70","Connect Ack"
"418929","3050.271189840","192.168.15.3","192.168.15.4","MQTT","70","Publish Ack (id=3003)"
"418931","3050.272066947","192.168.15.4","192.168.15.3","MQTT","68","Disconnect Req"
"418947","3051.276776577","192.168.15.4","192.168.15.3","MQTT","90","Connect Command"
"418949","3051.279685384","192.168.15.4","192.168.15.3","MQTT","97","Publish Message (id=3004) [Deviceb'Device - 2']"
"418951","3051.284070110","192.168.15.3","192.168.15.4","MQTT","70","Connect Ack"
"418953","3051.286510140","192.168.15.3","192.168.15.4","MQTT","70","Publish Ack (id=3004)"
"418955","3051.287209812","192.168.15.4","192.168.15.3","MQTT","68","Disconnect Req"
"418969","3052.291121504","192.168.15.4","192.168.15.3","MQTT","90","Connect Command"
"418971","3052.294033677","192.168.15.4","192.168.15.3","MQTT","97","Publish Message (id=3005) [Deviceb'Device - 2']"
"418972","3052.294452128","192.168.15.3","192.168.15.4","MQTT","70","Connect Ack"
"418975","3052.297043365","192.168.15.3","192.168.15.4","MQTT","70","Publish Ack (id=3005)"
"418977","3052.297849398","192.168.15.4","192.168.15.3","MQTT","68","Disconnect Req"
"418993","3053.301583065","192.168.15.4","192.168.15.3","MQTT","90","Connect Command"
"418995","3053.304479779","192.168.15.4","192.168.15.3","MQTT","97","Publish Message (id=3006) [Deviceb'Device - 2']"
"418996","3053.304876668","192.168.15.3","192.168.15.4","MQTT","70","Connect Ack"
"418999","3053.307382323","192.168.15.3","192.168.15.4","MQTT","70","Publish Ack (id=3006)"
"419001","3053.307978380","192.168.15.4","192.168.15.3","MQTT","68","Disconnect Req"
"419013","3054.311806426","192.168.15.4","192.168.15.3","MQTT","90","Connect Command"
"419015","3054.314708951","192.168.15.4","192.168.15.3","MQTT","97","Publish Message (id=3007) [Deviceb'Device - 2']"
"419016","3054.315119597","192.168.15.3","192.168.15.4","MQTT","70","Connect Ack"
"419019","3054.317551622","192.168.15.3","192.168.15.4","MQTT","70","Publish Ack (id=3007)"
"419021","3054.318133712","192.168.15.4","192.168.15.3","MQTT","68","Disconnect Req"
"419033","3055.323051437","192.168.15.4","192.168.15.3","MQTT","90","Connect Command"
"419035","3055.325775885","192.168.15.4","192.168.15.3","MQTT","97","Publish Message (id=3008) [Deviceb'Device - 2']"
"419036","3055.326216067","192.168.15.3","192.168.15.4","MQTT","70","Connect Ack"
"419039","3055.328572870","192.168.15.3","192.168.15.4","MQTT","70","Publish Ack (id=3008)"
"419041","3055.329231445","192.168.15.4","192.168.15.3","MQTT","68","Disconnect Req"
"419056","3056.333452664","192.168.15.4","192.168.15.3","MQTT","90","Connect Command"
"419058","3056.336426754","192.168.15.4","192.168.15.3","MQTT","97","Publish Message (id=3009) [Deviceb'Device - 2']"
"419060","3056.340793245","192.168.15.3","192.168.15.4","MQTT","70","Connect Ack"
"419062","3056.343267331","192.168.15.3","192.168.15.4","MQTT","70","Publish Ack (id=3009)"
"419064","3056.343951123","192.168.15.4","192.168.15.3","MQTT","68","Disconnect Req"
"419077","3057.348013803","192.168.15.4","192.168.15.3","MQTT","90","Connect Command"
"419079","3057.350877264","192.168.15.4","192.168.15.3","MQTT","97","Publish Message (id=3010) [Deviceb'Device - 2']"
"419080","3057.351308509","192.168.15.3","192.168.15.4","MQTT","70","Connect Ack"
"419083","3057.353534686","192.168.15.3","192.168.15.4","MQTT","70","Publish Ack (id=3010)"
"419085","3057.354353934","192.168.15.4","192.168.15.3","MQTT","68","Disconnect Req"
"419098","3058.358456710","192.168.15.4","192.168.15.3","MQTT","90","Connect Command"
"419100","3058.361346020","192.168.15.4","192.168.15.3","MQTT","97","Publish Message (id=3011) [Deviceb'Device - 2']"
"419101","3058.361738451","192.168.15.3","192.168.15.4","MQTT","70","Connect Ack"
"419104","3058.364448131","192.168.15.3","192.168.15.4","MQTT","70","Publish Ack (id=3011)"
"419106","3058.365091497","192.168.15.4","192.168.15.3","MQTT","68","Disconnect Req"
"419119","3059.369328007","192.168.15.4","192.168.15.3","MQTT","90","Connect Command"
"419121","3059.372207127","192.168.15.4","192.168.15.3","MQTT","97","Publish Message (id=3012) [Deviceb'Device - 2']"
"419122","3059.372654543","192.168.15.3","192.168.15.4","MQTT","70","Connect Ack"
"419125","3059.375239878","192.168.15.3","192.168.15.4","MQTT","70","Publish Ack (id=3012)"
"419127","3059.376105013","192.168.15.4","192.168.15.3","MQTT","68","Disconnect Req"
"419140","3060.380310756","192.168.15.4","192.168.15.3","MQTT","90","Connect Command"
"419142","3060.383194836","192.168.15.4","192.168.15.3","MQTT","97","Publish Message (id=3013) [Deviceb'Device - 2']"
"419143","3060.383607605","192.168.15.3","192.168.15.4","MQTT","70","Connect Ack"
"419146","3060.386571436","192.168.15.3","192.168.15.4","MQTT","70","Publish Ack (id=3013)"
"419148","3060.387255889","192.168.15.4","192.168.15.3","MQTT","68","Disconnect Req"
"419157","3061.391509983","192.168.15.4","192.168.15.3","MQTT","90","Connect Command"
"419159","3061.394387921","192.168.15.4","192.168.15.3","MQTT","97","Publish Message (id=3014) [Deviceb'Device - 2']"
"419161","3061.398731208","192.168.15.3","192.168.15.4","MQTT","70","Connect Ack"
"419163","3061.401778897","192.168.15.3","192.168.15.4","MQTT","70","Publish Ack (id=3014)"
"419165","3061.402493728","192.168.15.4","192.168.15.3","MQTT","68","Disconnect Req"
"419177","3062.406328279","192.168.15.4","192.168.15.3","MQTT","90","Connect Command"
"419179","3062.409230823","192.168.15.4","192.168.15.3","MQTT","97","Publish Message (id=3015) [Deviceb'Device - 2']"
"419180","3062.409582398","192.168.15.3","192.168.15.4","MQTT","70","Connect Ack"
"419183","3062.412197239","192.168.15.3","192.168.15.4","MQTT","70","Publish Ack (id=3015)"
"419185","3062.412898033","192.168.15.4","192.168.15.3","MQTT","68","Disconnect Req"
"419201","3063.417093837","192.168.15.4","192.168.15.3","MQTT","90","Connect Command"
"419204","3063.419982466","192.168.15.4","192.168.15.3","MQTT","97","Publish Message (id=3016) [Deviceb'Device - 2']"
"419205","3063.420461712","192.168.15.3","192.168.15.4","MQTT","70","Connect Ack"
"419208","3063.422887505","192.168.15.3","192.168.15.4","MQTT","70","Publish Ack (id=3016)"
"419210","3063.423579393","192.168.15.4","192.168.15.3","MQTT","68","Disconnect Req"
"419222","3064.427835982","192.168.15.4","192.168.15.3","MQTT","90","Connect Command"
"419224","3064.430865607","192.168.15.4","192.168.15.3","MQTT","97","Publish Message (id=3017) [Deviceb'Device - 2']"
"419225","3064.431294477","192.168.15.3","192.168.15.4","MQTT","70","Connect Ack"
"419228","3064.433645550","192.168.15.3","192.168.15.4","MQTT","70","Publish Ack (id=3017)"
"419230","3064.433975143","192.168.15.4","192.168.15.3","MQTT","68","Disconnect Req"
"419253","3065.437910365","192.168.15.4","192.168.15.3","MQTT","90","Connect Command"
"419255","3065.440895125","192.168.15.4","192.168.15.3","MQTT","97","Publish Message (id=3018) [Deviceb'Device - 2']"
"419256","3065.441264242","192.168.15.3","192.168.15.4","MQTT","70","Connect Ack"
"419259","3065.443817447","192.168.15.3","192.168.15.4","MQTT","70","Publish Ack (id=3018)"
"419261","3065.444164302","192.168.15.4","192.168.15.3","MQTT","68","Disconnect Req"
"419288","3066.448798957","192.168.15.4","192.168.15.3","MQTT","90","Connect Command"
"419290","3066.451772136","192.168.15.4","192.168.15.3","MQTT","97","Publish Message (id=3019) [Deviceb'Device - 2']"
"419292","3066.456132676","192.168.15.3","192.168.15.4","MQTT","70","Connect Ack"
"419294","3066.458540455","192.168.15.3","192.168.15.4","MQTT","70","Publish Ack (id=3019)"
"419296","3066.458939820","192.168.15.4","192.168.15.3","MQTT","68","Disconnect Req"
"419308","3067.463681707","192.168.15.4","192.168.15.3","MQTT","90","Connect Command"
"419310","3067.469553703","192.168.15.4","192.168.15.3","MQTT","97","Publish Message (id=3020) [Deviceb'Device - 2']"
"419311","3067.469857597","192.168.15.3","192.168.15.4","MQTT","70","Connect Ack"
"419314","3067.472431992","192.168.15.3","192.168.15.4","MQTT","70","Publish Ack (id=3020)"
"419316","3067.472815496","192.168.15.4","192.168.15.3","MQTT","68","Disconnect Req"
"419328","3068.477304337","192.168.15.4","192.168.15.3","MQTT","90","Connect Command"
"419330","3068.480097435","192.168.15.4","192.168.15.3","MQTT","97","Publish Message (id=3021) [Deviceb'Device - 2']"
"419331","3068.480454260","192.168.15.3","192.168.15.4","MQTT","70","Connect Ack"
"419334","3068.483131318","192.168.15.3","192.168.15.4","MQTT","70","Publish Ack (id=3021)"
"419336","3068.483499053","192.168.15.4","192.168.15.3","MQTT","68","Disconnect Req"
"419348","3069.487268996","192.168.15.4","192.168.15.3","MQTT","90","Connect Command"
"419350","3069.490125974","192.168.15.4","192.168.15.3","MQTT","97","Publish Message (id=3022) [Deviceb'Device - 2']"
"419351","3069.490529086","192.168.15.3","192.168.15.4","MQTT","70","Connect Ack"
"419354","3069.492925094","192.168.15.3","192.168.15.4","MQTT","70","Publish Ack (id=3022)"
"419356","3069.493278892","192.168.15.4","192.168.15.3","MQTT","68","Disconnect Req"
"419371","3070.497916594","192.168.15.4","192.168.15.3","MQTT","90","Connect Command"
"419373","3070.500807457","192.168.15.4","192.168.15.3","MQTT","97","Publish Message (id=3023) [Deviceb'Device - 2']"
"419374","3070.501181023","192.168.15.3","192.168.15.4","MQTT","70","Connect Ack"
"419377","3070.503825660","192.168.15.3","192.168.15.4","MQTT","70","Publish Ack (id=3023)"
"419379","3070.504521024","192.168.15.4","192.168.15.3","MQTT","68","Disconnect Req"
"419392","3071.508771084","192.168.15.4","192.168.15.3","MQTT","90","Connect Command"
"419394","3071.511629064","192.168.15.4","192.168.15.3","MQTT","97","Publish Message (id=3024) [Deviceb'Device - 2']"
"419396","3071.516105623","192.168.15.3","192.168.15.4","MQTT","70","Connect Ack"
"419398","3071.518605698","192.168.15.3","192.168.15.4","MQTT","70","Publish Ack (id=3024)"
"419400","3071.518949066","192.168.15.4","192.168.15.3","MQTT","68","Disconnect Req"
"419410","3072.523534128","192.168.15.4","192.168.15.3","MQTT","90","Connect Command"
"419412","3072.528343506","192.168.15.4","192.168.15.3","MQTT","97","Publish Message (id=3025) [Deviceb'Device - 2']"
"419413","3072.528735607","192.168.15.3","192.168.15.4","MQTT","70","Connect Ack"
"419416","3072.531390083","192.168.15.3","192.168.15.4","MQTT","70","Publish Ack (id=3025)"
"419418","3072.532189755","192.168.15.4","192.168.15.3","MQTT","68","Disconnect Req"
"419430","3073.536619286","192.168.15.4","192.168.15.3","MQTT","90","Connect Command"
"419432","3073.539106566","192.168.15.4","192.168.15.3","MQTT","97","Publish Message (id=3026) [Deviceb'Device - 2']"
"419433","3073.539571234","192.168.15.3","192.168.15.4","MQTT","70","Connect Ack"
"419436","3073.541655974","192.168.15.3","192.168.15.4","MQTT","70","Publish Ack (id=3026)"
"419438","3073.542355305","192.168.15.4","192.168.15.3","MQTT","68","Disconnect Req"
"419450","3074.546568656","192.168.15.4","192.168.15.3","MQTT","90","Connect Command"
"419452","3074.549428390","192.168.15.4","192.168.15.3","MQTT","97","Publish Message (id=3027) [Deviceb'Device - 2']"
"419453","3074.549807978","192.168.15.3","192.168.15.4","MQTT","70","Connect Ack"
"419456","3074.552480407","192.168.15.3","192.168.15.4","MQTT","70","Publish Ack (id=3027)"
"419458","3074.553236136","192.168.15.4","192.168.15.3","MQTT","68","Disconnect Req"
"419473","3075.557733002","192.168.15.4","192.168.15.3","MQTT","90","Connect Command"
"419475","3075.560615109","192.168.15.4","192.168.15.3","MQTT","97","Publish Message (id=3028) [Deviceb'Device - 2']"
"419476","3075.560981701","192.168.15.3","192.168.15.4","MQTT","70","Connect Ack"
"419479","3075.563555375","192.168.15.3","192.168.15.4","MQTT","70","Publish Ack (id=3028)"
"419481","3075.564215222","192.168.15.4","192.168.15.3","MQTT","68","Disconnect Req"
"419494","3076.568672817","192.168.15.4","192.168.15.3","MQTT","90","Connect Command"
"419496","3076.573393687","192.168.15.4","192.168.15.3","MQTT","97","Publish Message (id=3029) [Deviceb'Device - 2']"
"419498","3076.577732206","192.168.15.3","192.168.15.4","MQTT","70","Connect Ack"
"419500","3076.580282084","192.168.15.3","192.168.15.4","MQTT","70","Publish Ack (id=3029)"
"419502","3076.581101192","192.168.15.4","192.168.15.3","MQTT","68","Disconnect Req"
"419514","3077.585294247","192.168.15.4","192.168.15.3","MQTT","90","Connect Command"
"419516","3077.590643605","192.168.15.4","192.168.15.3","MQTT","97","Publish Message (id=3030) [Deviceb'Device - 2']"
"419517","3077.590965764","192.168.15.3","192.168.15.4","MQTT","70","Connect Ack"
"419520","3077.593583922","192.168.15.3","192.168.15.4","MQTT","70","Publish Ack (id=3030)"
"419522","3077.594379104","192.168.15.4","192.168.15.3","MQTT","68","Disconnect Req"
"419534","3078.598366259","192.168.15.4","192.168.15.3","MQTT","90","Connect Command"
"419536","3078.601201246","192.168.15.4","192.168.15.3","MQTT","97","Publish Message (id=3031) [Deviceb'Device - 2']"
"419537","3078.601605550","192.168.15.3","192.168.15.4","MQTT","70","Connect Ack"
"419540","3078.604038488","192.168.15.3","192.168.15.4","MQTT","70","Publish Ack (id=3031)"
"419542","3078.604329628","192.168.15.4","192.168.15.3","MQTT","68","Disconnect Req"
"419550","3079.607855093","192.168.15.4","192.168.15.3","MQTT","90","Connect Command"
"419552","3079.610948849","192.168.15.4","192.168.15.3","MQTT","97","Publish Message (id=3032) [Deviceb'Device - 2']"
"419553","3079.611254066","192.168.15.3","192.168.15.4","MQTT","70","Connect Ack"
"419556","3079.613883876","192.168.15.3","192.168.15.4","MQTT","70","Publish Ack (id=3032)"
"419558","3079.614180757","192.168.15.4","192.168.15.3","MQTT","68","Disconnect Req"
"419575","3080.617969739","192.168.15.4","192.168.15.3","MQTT","90","Connect Command"
"419577","3080.620926927","192.168.15.4","192.168.15.3","MQTT","97","Publish Message (id=3033) [Deviceb'Device - 2']"
"419578","3080.621340959","192.168.15.3","192.168.15.4","MQTT","70","Connect Ack"
"419581","3080.623981589","192.168.15.3","192.168.15.4","MQTT","70","Publish Ack (id=3033)"
"419583","3080.624658548","192.168.15.4","192.168.15.3","MQTT","68","Disconnect Req"
"419600","3081.629341941","192.168.15.4","192.168.15.3","MQTT","90","Connect Command"
"419602","3081.632227614","192.168.15.4","192.168.15.3","MQTT","97","Publish Message (id=3034) [Deviceb'Device - 2']"
"419604","3081.636374831","192.168.15.3","192.168.15.4","MQTT","70","Connect Ack"
"419606","3081.638981677","192.168.15.3","192.168.15.4","MQTT","70","Publish Ack (id=3034)"
"419608","3081.639393184","192.168.15.4","192.168.15.3","MQTT","68","Disconnect Req"
"419620","3082.644165175","192.168.15.4","192.168.15.3","MQTT","90","Connect Command"
"419622","3082.647012706","192.168.15.4","192.168.15.3","MQTT","97","Publish Message (id=3035) [Deviceb'Device - 2']"
"419623","3082.647389668","192.168.15.3","192.168.15.4","MQTT","70","Connect Ack"
"419626","3082.649996063","192.168.15.3","192.168.15.4","MQTT","70","Publish Ack (id=3035)"
"419628","3082.650388284","192.168.15.4","192.168.15.3","MQTT","68","Disconnect Req"
"419640","3083.654611809","192.168.15.4","192.168.15.3","MQTT","90","Connect Command"
"419642","3083.657485229","192.168.15.4","192.168.15.3","MQTT","97","Publish Message (id=3036) [Deviceb'Device - 2']"
"419643","3083.657878412","192.168.15.3","192.168.15.4","MQTT","70","Connect Ack"
"419646","3083.660529782","192.168.15.3","192.168.15.4","MQTT","70","Publish Ack (id=3036)"
"419648","3083.660911694","192.168.15.4","192.168.15.3","MQTT","68","Disconnect Req"
"419656","3084.665000785","192.168.15.4","192.168.15.3","MQTT","90","Connect Command"
"419658","3084.667864386","192.168.15.4","192.168.15.3","MQTT","97","Publish Message (id=3037) [Deviceb'Device - 2']"
"419659","3084.668302955","192.168.15.3","192.168.15.4","MQTT","70","Connect Ack"
"419662","3084.670807167","192.168.15.3","192.168.15.4","MQTT","70","Publish Ack (id=3037)"
"419664","3084.671168199","192.168.15.4","192.168.15.3","MQTT","68","Disconnect Req"
"419679","3085.674747648","192.168.15.4","192.168.15.3","MQTT","90","Connect Command"
"419681","3085.679104661","192.168.15.4","192.168.15.3","MQTT","97","Publish Message (id=3038) [Deviceb'Device - 2']"
"419682","3085.679376124","192.168.15.3","192.168.15.4","MQTT","70","Connect Ack"
"419685","3085.682022515","192.168.15.3","192.168.15.4","MQTT","70","Publish Ack (id=3038)"
"419687","3085.682405369","192.168.15.4","192.168.15.3","MQTT","68","Disconnect Req"
"419699","3086.687131474","192.168.15.4","192.168.15.3","MQTT","90","Connect Command"
"419701","3086.689686793","192.168.15.4","192.168.15.3","MQTT","97","Publish Message (id=3039) [Deviceb'Device - 2']"
"419703","3086.694861491","192.168.15.3","192.168.15.4","MQTT","70","Connect Ack"
"419705","3086.697429504","192.168.15.3","192.168.15.4","MQTT","70","Publish Ack (id=3039)"
"419707","3086.698218364","192.168.15.4","192.168.15.3","MQTT","68","Disconnect Req"
"419719","3087.703229740","192.168.15.4","192.168.15.3","MQTT","90","Connect Command"
"419721","3087.706079525","192.168.15.4","192.168.15.3","MQTT","97","Publish Message (id=3040) [Deviceb'Device - 2']"
"419722","3087.706499418","192.168.15.3","192.168.15.4","MQTT","70","Connect Ack"
"419725","3087.709393547","192.168.15.3","192.168.15.4","MQTT","70","Publish Ack (id=3040)"
"419727","3087.710309037","192.168.15.4","192.168.15.3","MQTT","68","Disconnect Req"
"419739","3088.715660254","192.168.15.4","192.168.15.3","MQTT","90","Connect Command"
"419741","3088.718593407","192.168.15.4","192.168.15.3","MQTT","97","Publish Message (id=3041) [Deviceb'Device - 2']"
"419742","3088.718996379","192.168.15.3","192.168.15.4","MQTT","70","Connect Ack"
"419745","3088.721532701","192.168.15.3","192.168.15.4","MQTT","70","Publish Ack (id=3041)"
"419747","3088.722244687","192.168.15.4","192.168.15.3","MQTT","68","Disconnect Req"
"419759","3089.726909378","192.168.15.4","192.168.15.3","MQTT","90","Connect Command"
"419761","3089.729862969","192.168.15.4","192.168.15.3","MQTT","97","Publish Message (id=3042) [Deviceb'Device - 2']"
"419762","3089.730229972","192.168.15.3","192.168.15.4","MQTT","70","Connect Ack"
"419765","3089.732919945","192.168.15.3","192.168.15.4","MQTT","70","Publish Ack (id=3042)"
"419767","3089.733527984","192.168.15.4","192.168.15.3","MQTT","68","Disconnect Req"
"419782","3090.737769897","192.168.15.4","192.168.15.3","MQTT","90","Connect Command"
"419784","3090.740656722","192.168.15.4","192.168.15.3","MQTT","97","Publish Message (id=3043) [Deviceb'Device - 2']"
"419785","3090.741073289","192.168.15.3","192.168.15.4","MQTT","70","Connect Ack"
"419788","3090.743478133","192.168.15.3","192.168.15.4","MQTT","70","Publish Ack (id=3043)"
"419790","3090.744284187","192.168.15.4","192.168.15.3","MQTT","68","Disconnect Req"
"419803","3091.748008041","192.168.15.4","192.168.15.3","MQTT","90","Connect Command"
"419805","3091.750949800","192.168.15.4","192.168.15.3","MQTT","97","Publish Message (id=3044) [Deviceb'Device - 2']"
"419807","3091.755198218","192.168.15.3","192.168.15.4","MQTT","70","Connect Ack"
"419809","3091.757646344","192.168.15.3","192.168.15.4","MQTT","70","Publish Ack (id=3044)"
"419811","3091.758188098","192.168.15.4","192.168.15.3","MQTT","68","Disconnect Req"
"419823","3092.763451671","192.168.15.4","192.168.15.3","MQTT","90","Connect Command"
"419825","3092.768103482","192.168.15.4","192.168.15.3","MQTT","97","Publish Message (id=3045) [Deviceb'Device - 2']"
"419826","3092.768400533","192.168.15.3","192.168.15.4","MQTT","70","Connect Ack"
"419829","3092.771349055","192.168.15.3","192.168.15.4","MQTT","70","Publish Ack (id=3045)"
"419831","3092.771826687","192.168.15.4","192.168.15.3","MQTT","68","Disconnect Req"
"419843","3093.776433560","192.168.15.4","192.168.15.3","MQTT","90","Connect Command"
"419845","3093.779259701","192.168.15.4","192.168.15.3","MQTT","97","Publish Message (id=3046) [Deviceb'Device - 2']"
"419846","3093.779699692","192.168.15.3","192.168.15.4","MQTT","70","Connect Ack"
"419849","3093.782268006","192.168.15.3","192.168.15.4","MQTT","70","Publish Ack (id=3046)"
"419851","3093.783168197","192.168.15.4","192.168.15.3","MQTT","68","Disconnect Req"
"419877","3094.787599298","192.168.15.4","192.168.15.3","MQTT","90","Connect Command"
"419879","3094.790491994","192.168.15.4","192.168.15.3","MQTT","97","Publish Message (id=3047) [Deviceb'Device - 2']"
"419880","3094.790868125","192.168.15.3","192.168.15.4","MQTT","70","Connect Ack"
"419883","3094.793619223","192.168.15.3","192.168.15.4","MQTT","70","Publish Ack (id=3047)"
"419885","3094.794082719","192.168.15.4","192.168.15.3","MQTT","68","Disconnect Req"
"419907","3095.798069071","192.168.15.4","192.168.15.3","MQTT","90","Connect Command"
"419910","3095.800966856","192.168.15.4","192.168.15.3","MQTT","97","Publish Message (id=3048) [Deviceb'Device - 2']"
"419911","3095.801362975","192.168.15.3","192.168.15.4","MQTT","70","Connect Ack"
"419914","3095.803961335","192.168.15.3","192.168.15.4","MQTT","70","Publish Ack (id=3048)"
"419916","3095.804571137","192.168.15.4","192.168.15.3","MQTT","68","Disconnect Req"
"419932","3096.809046204","192.168.15.4","192.168.15.3","MQTT","90","Connect Command"
"419934","3096.812005085","192.168.15.4","192.168.15.3","MQTT","97","Publish Message (id=3049) [Deviceb'Device - 2']"
"419936","3096.816369873","192.168.15.3","192.168.15.4","MQTT","70","Connect Ack"
"419938","3096.819011485","192.168.15.3","192.168.15.4","MQTT","70","Publish Ack (id=3049)"
"419940","3096.819306402","192.168.15.4","192.168.15.3","MQTT","68","Disconnect Req"
"419952","3097.823367193","192.168.15.4","192.168.15.3","MQTT","90","Connect Command"
"419954","3097.826387621","192.168.15.4","192.168.15.3","MQTT","97","Publish Message (id=3050) [Deviceb'Device - 2']"
"419955","3097.826774722","192.168.15.3","192.168.15.4","MQTT","70","Connect Ack"
"419958","3097.829384594","192.168.15.3","192.168.15.4","MQTT","70","Publish Ack (id=3050)"
"419960","3097.829933451","192.168.15.4","192.168.15.3","MQTT","68","Disconnect Req"
"419974","3098.833667698","192.168.15.4","192.168.15.3","MQTT","90","Connect Command"
"419976","3098.836689708","192.168.15.4","192.168.15.3","MQTT","97","Publish Message (id=3051) [Deviceb'Device - 2']"
"419977","3098.837096076","192.168.15.3","192.168.15.4","MQTT","70","Connect Ack"
"419980","3098.839776631","192.168.15.3","192.168.15.4","MQTT","70","Publish Ack (id=3051)"
"419982","3098.840471324","192.168.15.4","192.168.15.3","MQTT","68","Disconnect Req"
"420000","3099.844410809","192.168.15.4","192.168.15.3","MQTT","90","Connect Command"
"420002","3099.847336207","192.168.15.4","192.168.15.3","MQTT","97","Publish Message (id=3052) [Deviceb'Device - 2']"
"420003","3099.847726494","192.168.15.3","192.168.15.4","MQTT","70","Connect Ack"
"420006","3099.850152909","192.168.15.3","192.168.15.4","MQTT","70","Publish Ack (id=3052)"
"420008","3099.850803860","192.168.15.4","192.168.15.3","MQTT","68","Disconnect Req"
"420024","3100.854849475","192.168.15.4","192.168.15.3","MQTT","90","Connect Command"
"420026","3100.857816592","192.168.15.4","192.168.15.3","MQTT","97","Publish Message (id=3053) [Deviceb'Device - 2']"
"420027","3100.858443486","192.168.15.3","192.168.15.4","MQTT","70","Connect Ack"
"420030","3100.861239921","192.168.15.3","192.168.15.4","MQTT","70","Publish Ack (id=3053)"
"420032","3100.861630779","192.168.15.4","192.168.15.3","MQTT","68","Disconnect Req"
"420045","3101.865013342","192.168.15.4","192.168.15.3","MQTT","90","Connect Command"
"420047","3101.868011117","192.168.15.4","192.168.15.3","MQTT","97","Publish Message (id=3054) [Deviceb'Device - 2']"
"420049","3101.872356298","192.168.15.3","192.168.15.4","MQTT","70","Connect Ack"
"420051","3101.876116183","192.168.15.3","192.168.15.4","MQTT","70","Publish Ack (id=3054)"
"420053","3101.876618201","192.168.15.4","192.168.15.3","MQTT","68","Disconnect Req"
"420065","3102.880178891","192.168.15.4","192.168.15.3","MQTT","90","Connect Command"
"420067","3102.885510837","192.168.15.4","192.168.15.3","MQTT","97","Publish Message (id=3055) [Deviceb'Device - 2']"
"420068","3102.885874564","192.168.15.3","192.168.15.4","MQTT","70","Connect Ack"
"420071","3102.888519352","192.168.15.3","192.168.15.4","MQTT","70","Publish Ack (id=3055)"
"420073","3102.888862871","192.168.15.4","192.168.15.3","MQTT","68","Disconnect Req"
"420089","3103.892466332","192.168.15.4","192.168.15.3","MQTT","90","Connect Command"
"420091","3103.895339110","192.168.15.4","192.168.15.3","MQTT","97","Publish Message (id=3056) [Deviceb'Device - 2']"
"420092","3103.895727985","192.168.15.3","192.168.15.4","MQTT","70","Connect Ack"
"420095","3103.898305856","192.168.15.3","192.168.15.4","MQTT","70","Publish Ack (id=3056)"
"420097","3103.898877887","192.168.15.4","192.168.15.3","MQTT","68","Disconnect Req"
"420109","3104.903799108","192.168.15.4","192.168.15.3","MQTT","90","Connect Command"
"420111","3104.913634043","192.168.15.4","192.168.15.3","MQTT","97","Publish Message (id=3057) [Deviceb'Device - 2']"
"420112","3104.914023870","192.168.15.3","192.168.15.4","MQTT","70","Connect Ack"
"420115","3104.916724453","192.168.15.3","192.168.15.4","MQTT","70","Publish Ack (id=3057)"
"420117","3104.917122315","192.168.15.4","192.168.15.3","MQTT","68","Disconnect Req"
"420128","3105.920945250","192.168.15.4","192.168.15.3","MQTT","90","Connect Command"
"420130","3105.923827577","192.168.15.4","192.168.15.3","MQTT","97","Publish Message (id=3058) [Deviceb'Device - 2']"
"420131","3105.924310830","192.168.15.3","192.168.15.4","MQTT","70","Connect Ack"
"420134","3105.926759768","192.168.15.3","192.168.15.4","MQTT","70","Publish Ack (id=3058)"
"420136","3105.927300389","192.168.15.4","192.168.15.3","MQTT","68","Disconnect Req"
"420148","3106.931166438","192.168.15.4","192.168.15.3","MQTT","90","Connect Command"
"420150","3106.934128977","192.168.15.4","192.168.15.3","MQTT","97","Publish Message (id=3059) [Deviceb'Device - 2']"
"420152","3106.938502020","192.168.15.3","192.168.15.4","MQTT","70","Connect Ack"
"420154","3106.941141037","192.168.15.3","192.168.15.4","MQTT","70","Publish Ack (id=3059)"
"420156","3106.941525373","192.168.15.4","192.168.15.3","MQTT","68","Disconnect Req"
"420187","3107.944980025","192.168.15.4","192.168.15.3","MQTT","90","Connect Command"
"420189","3107.947978621","192.168.15.4","192.168.15.3","MQTT","97","Publish Message (id=3060) [Deviceb'Device - 2']"
"420190","3107.948403584","192.168.15.3","192.168.15.4","MQTT","70","Connect Ack"
"420193","3107.950962019","192.168.15.3","192.168.15.4","MQTT","70","Publish Ack (id=3060)"
"420195","3107.951382984","192.168.15.4","192.168.15.3","MQTT","68","Disconnect Req"
"420211","3108.956654058","192.168.15.4","192.168.15.3","MQTT","90","Connect Command"
"420213","3108.961308994","192.168.15.4","192.168.15.3","MQTT","97","Publish Message (id=3061) [Deviceb'Device - 2']"
"420214","3108.961720903","192.168.15.3","192.168.15.4","MQTT","70","Connect Ack"
"420217","3108.964242367","192.168.15.3","192.168.15.4","MQTT","70","Publish Ack (id=3061)"
"420219","3108.964601005","192.168.15.4","192.168.15.3","MQTT","68","Disconnect Req"
"420237","3109.968990243","192.168.15.4","192.168.15.3","MQTT","90","Connect Command"
"420239","3109.971826823","192.168.15.4","192.168.15.3","MQTT","97","Publish Message (id=3062) [Deviceb'Device - 2']"
"420240","3109.972210829","192.168.15.3","192.168.15.4","MQTT","70","Connect Ack"
"420243","3109.974730971","192.168.15.3","192.168.15.4","MQTT","70","Publish Ack (id=3062)"
"420245","3109.975086944","192.168.15.4","192.168.15.3","MQTT","68","Disconnect Req"
"420260","3110.979732787","192.168.15.4","192.168.15.3","MQTT","90","Connect Command"
"420262","3110.982415596","192.168.15.4","192.168.15.3","MQTT","97","Publish Message (id=3063) [Deviceb'Device - 2']"
"420263","3110.982928025","192.168.15.3","192.168.15.4","MQTT","70","Connect Ack"
"420266","3110.985354430","192.168.15.3","192.168.15.4","MQTT","70","Publish Ack (id=3063)"
"420268","3110.985715943","192.168.15.4","192.168.15.3","MQTT","68","Disconnect Req"
"420281","3111.990299008","192.168.15.4","192.168.15.3","MQTT","90","Connect Command"
"420283","3111.993178409","192.168.15.4","192.168.15.3","MQTT","97","Publish Message (id=3064) [Deviceb'Device - 2']"
"420285","3111.997546964","192.168.15.3","192.168.15.4","MQTT","70","Connect Ack"
"420287","3111.999969742","192.168.15.3","192.168.15.4","MQTT","70","Publish Ack (id=3064)"
"420289","3112.000325124","192.168.15.4","192.168.15.3","MQTT","68","Disconnect Req"
"420301","3113.005003109","192.168.15.4","192.168.15.3","MQTT","90","Connect Command"
"420303","3113.007893481","192.168.15.4","192.168.15.3","MQTT","97","Publish Message (id=3065) [Deviceb'Device - 2']"
"420304","3113.008284209","192.168.15.3","192.168.15.4","MQTT","70","Connect Ack"
"420307","3113.010854486","192.168.15.3","192.168.15.4","MQTT","70","Publish Ack (id=3065)"
"420309","3113.011211761","192.168.15.4","192.168.15.3","MQTT","68","Disconnect Req"
"420323","3114.015806077","192.168.15.4","192.168.15.3","MQTT","90","Connect Command"
"420325","3114.018675920","192.168.15.4","192.168.15.3","MQTT","97","Publish Message (id=3066) [Deviceb'Device - 2']"
"420326","3114.019073181","192.168.15.3","192.168.15.4","MQTT","70","Connect Ack"
"420329","3114.021508483","192.168.15.3","192.168.15.4","MQTT","70","Publish Ack (id=3066)"
"420331","3114.021876839","192.168.15.4","192.168.15.3","MQTT","68","Disconnect Req"
"420343","3115.026500352","192.168.15.4","192.168.15.3","MQTT","90","Connect Command"
"420345","3115.029367600","192.168.15.4","192.168.15.3","MQTT","97","Publish Message (id=3067) [Deviceb'Device - 2']"
"420346","3115.029793755","192.168.15.3","192.168.15.4","MQTT","70","Connect Ack"
"420349","3115.032254064","192.168.15.3","192.168.15.4","MQTT","70","Publish Ack (id=3067)"
"420351","3115.032591392","192.168.15.4","192.168.15.3","MQTT","68","Disconnect Req"
"420366","3116.036251064","192.168.15.4","192.168.15.3","MQTT","90","Connect Command"
"420368","3116.039144692","192.168.15.4","192.168.15.3","MQTT","97","Publish Message (id=3068) [Deviceb'Device - 2']"
"420369","3116.039640158","192.168.15.3","192.168.15.4","MQTT","70","Connect Ack"
"420372","3116.041988516","192.168.15.3","192.168.15.4","MQTT","70","Publish Ack (id=3068)"
"420374","3116.042279265","192.168.15.4","192.168.15.3","MQTT","68","Disconnect Req"
"420386","3117.046608232","192.168.15.4","192.168.15.3","MQTT","90","Connect Command"
"420388","3117.049466623","192.168.15.4","192.168.15.3","MQTT","97","Publish Message (id=3069) [Deviceb'Device - 2']"
"420390","3117.053775165","192.168.15.3","192.168.15.4","MQTT","70","Connect Ack"
"420392","3117.056252787","192.168.15.3","192.168.15.4","MQTT","70","Publish Ack (id=3069)"
"420394","3117.056607066","192.168.15.4","192.168.15.3","MQTT","68","Disconnect Req"
"420406","3118.060624343","192.168.15.4","192.168.15.3","MQTT","90","Connect Command"
"420408","3118.063465733","192.168.15.4","192.168.15.3","MQTT","97","Publish Message (id=3070) [Deviceb'Device - 2']"
"420409","3118.063862933","192.168.15.3","192.168.15.4","MQTT","70","Connect Ack"
"420412","3118.066348480","192.168.15.3","192.168.15.4","MQTT","70","Publish Ack (id=3070)"
"420414","3118.066628269","192.168.15.4","192.168.15.3","MQTT","68","Disconnect Req"
"420424","3119.071209333","192.168.15.4","192.168.15.3","MQTT","90","Connect Command"
"420426","3119.073942217","192.168.15.4","192.168.15.3","MQTT","97","Publish Message (id=3071) [Deviceb'Device - 2']"
"420427","3119.074358754","192.168.15.3","192.168.15.4","MQTT","70","Connect Ack"
"420430","3119.076849821","192.168.15.3","192.168.15.4","MQTT","70","Publish Ack (id=3071)"
"420432","3119.077163955","192.168.15.4","192.168.15.3","MQTT","68","Disconnect Req"
"420444","3120.081285791","192.168.15.4","192.168.15.3","MQTT","90","Connect Command"
"420446","3120.085803759","192.168.15.4","192.168.15.3","MQTT","97","Publish Message (id=3072) [Deviceb'Device - 2']"
"420447","3120.086156916","192.168.15.3","192.168.15.4","MQTT","70","Connect Ack"
"420450","3120.088823034","192.168.15.3","192.168.15.4","MQTT","70","Publish Ack (id=3072)"
"420452","3120.089163718","192.168.15.4","192.168.15.3","MQTT","68","Disconnect Req"
"420467","3121.092648601","192.168.15.4","192.168.15.3","MQTT","90","Connect Command"
"420469","3121.095943858","192.168.15.4","192.168.15.3","MQTT","97","Publish Message (id=3073) [Deviceb'Device - 2']"
"420470","3121.096324377","192.168.15.3","192.168.15.4","MQTT","70","Connect Ack"
"420473","3121.098897700","192.168.15.3","192.168.15.4","MQTT","70","Publish Ack (id=3073)"
"420475","3121.099603043","192.168.15.4","192.168.15.3","MQTT","68","Disconnect Req"
"420488","3122.103048522","192.168.15.4","192.168.15.3","MQTT","90","Connect Command"
"420490","3122.105957018","192.168.15.4","192.168.15.3","MQTT","97","Publish Message (id=3074) [Deviceb'Device - 2']"
"420491","3122.106616855","192.168.15.3","192.168.15.4","MQTT","70","Connect Ack"
"420494","3122.109024204","192.168.15.3","192.168.15.4","MQTT","70","Publish Ack (id=3074)"
"420496","3122.109333188","192.168.15.4","192.168.15.3","MQTT","68","Disconnect Req"
"420512","3123.114055370","192.168.15.4","192.168.15.3","MQTT","90","Connect Command"
"420514","3123.116865200","192.168.15.4","192.168.15.3","MQTT","97","Publish Message (id=3075) [Deviceb'Device - 2']"
"420515","3123.117289992","192.168.15.3","192.168.15.4","MQTT","70","Connect Ack"
"420518","3123.119907379","192.168.15.3","192.168.15.4","MQTT","70","Publish Ack (id=3075)"
"420520","3123.120577565","192.168.15.4","192.168.15.3","MQTT","68","Disconnect Req"
"420532","3124.125674108","192.168.15.4","192.168.15.3","MQTT","90","Connect Command"
"420534","3124.130277516","192.168.15.4","192.168.15.3","MQTT","97","Publish Message (id=3076) [Deviceb'Device - 2']"
"420535","3124.130685357","192.168.15.3","192.168.15.4","MQTT","70","Connect Ack"
"420538","3124.133298445","192.168.15.3","192.168.15.4","MQTT","70","Publish Ack (id=3076)"
"420540","3124.133956809","192.168.15.4","192.168.15.3","MQTT","68","Disconnect Req"
"420552","3125.137949521","192.168.15.4","192.168.15.3","MQTT","90","Connect Command"
"420554","3125.142573400","192.168.15.4","192.168.15.3","MQTT","97","Publish Message (id=3077) [Deviceb'Device - 2']"
"420555","3125.143070449","192.168.15.3","192.168.15.4","MQTT","70","Connect Ack"
"420558","3125.145488348","192.168.15.3","192.168.15.4","MQTT","70","Publish Ack (id=3077)"
"420560","3125.146102529","192.168.15.4","192.168.15.3","MQTT","68","Disconnect Req"
"420575","3126.150053805","192.168.15.4","192.168.15.3","MQTT","90","Connect Command"
"420577","3126.153002978","192.168.15.4","192.168.15.3","MQTT","97","Publish Message (id=3078) [Deviceb'Device - 2']"
"420578","3126.153347870","192.168.15.3","192.168.15.4","MQTT","70","Connect Ack"
"420581","3126.156008277","192.168.15.3","192.168.15.4","MQTT","70","Publish Ack (id=3078)"
"420583","3126.156653737","192.168.15.4","192.168.15.3","MQTT","68","Disconnect Req"
"420591","3127.161135456","192.168.15.4","192.168.15.3","MQTT","90","Connect Command"
"420593","3127.163944574","192.168.15.4","192.168.15.3","MQTT","97","Publish Message (id=3079) [Deviceb'Device - 2']"
"420595","3127.168325673","192.168.15.3","192.168.15.4","MQTT","70","Connect Ack"
"420597","3127.170762047","192.168.15.3","192.168.15.4","MQTT","70","Publish Ack (id=3079)"
"420599","3127.171553352","192.168.15.4","192.168.15.3","MQTT","68","Disconnect Req"
"420611","3128.176369805","192.168.15.4","192.168.15.3","MQTT","90","Connect Command"
"420613","3128.179277710","192.168.15.4","192.168.15.3","MQTT","97","Publish Message (id=3080) [Deviceb'Device - 2']"
"420614","3128.179797482","192.168.15.3","192.168.15.4","MQTT","70","Connect Ack"
"420617","3128.182252932","192.168.15.3","192.168.15.4","MQTT","70","Publish Ack (id=3080)"
"420619","3128.182585501","192.168.15.4","192.168.15.3","MQTT","68","Disconnect Req"
"420631","3129.186156409","192.168.15.4","192.168.15.3","MQTT","90","Connect Command"
"420633","3129.189003810","192.168.15.4","192.168.15.3","MQTT","97","Publish Message (id=3081) [Deviceb'Device - 2']"
"420634","3129.189400359","192.168.15.3","192.168.15.4","MQTT","70","Connect Ack"
"420637","3129.192443089","192.168.15.3","192.168.15.4","MQTT","70","Publish Ack (id=3081)"
"420639","3129.193052310","192.168.15.4","192.168.15.3","MQTT","68","Disconnect Req"
"420651","3130.196764075","192.168.15.4","192.168.15.3","MQTT","90","Connect Command"
"420653","3130.199775164","192.168.15.4","192.168.15.3","MQTT","97","Publish Message (id=3082) [Deviceb'Device - 2']"
"420654","3130.200198815","192.168.15.3","192.168.15.4","MQTT","70","Connect Ack"
"420657","3130.202721983","192.168.15.3","192.168.15.4","MQTT","70","Publish Ack (id=3082)"
"420659","3130.203107762","192.168.15.4","192.168.15.3","MQTT","68","Disconnect Req"
"420670","3131.207131446","192.168.15.4","192.168.15.3","MQTT","90","Connect Command"
"420672","3131.209990549","192.168.15.4","192.168.15.3","MQTT","97","Publish Message (id=3083) [Deviceb'Device - 2']"
"420673","3131.210374615","192.168.15.3","192.168.15.4","MQTT","70","Connect Ack"
"420676","3131.212925075","192.168.15.3","192.168.15.4","MQTT","70","Publish Ack (id=3083)"
"420678","3131.213436601","192.168.15.4","192.168.15.3","MQTT","68","Disconnect Req"
"420691","3132.218332084","192.168.15.4","192.168.15.3","MQTT","90","Connect Command"
"420693","3132.221300093","192.168.15.4","192.168.15.3","MQTT","97","Publish Message (id=3084) [Deviceb'Device - 2']"
"420695","3132.225680069","192.168.15.3","192.168.15.4","MQTT","70","Connect Ack"
"420697","3132.228256518","192.168.15.3","192.168.15.4","MQTT","70","Publish Ack (id=3084)"
"420699","3132.228946361","192.168.15.4","192.168.15.3","MQTT","68","Disconnect Req"
"420711","3133.233436288","192.168.15.4","192.168.15.3","MQTT","90","Connect Command"
"420713","3133.245438528","192.168.15.4","192.168.15.3","MQTT","97","Publish Message (id=3085) [Deviceb'Device - 2']"
"420714","3133.245816252","192.168.15.3","192.168.15.4","MQTT","70","Connect Ack"
"420717","3133.248581568","192.168.15.3","192.168.15.4","MQTT","70","Publish Ack (id=3085)"
"420719","3133.249176903","192.168.15.4","192.168.15.3","MQTT","68","Disconnect Req"
"420731","3134.252766368","192.168.15.4","192.168.15.3","MQTT","90","Connect Command"
"420733","3134.255779792","192.168.15.4","192.168.15.3","MQTT","97","Publish Message (id=3086) [Deviceb'Device - 2']"
"420734","3134.256212270","192.168.15.3","192.168.15.4","MQTT","70","Connect Ack"
"420737","3134.258878107","192.168.15.3","192.168.15.4","MQTT","70","Publish Ack (id=3086)"
"420739","3134.259121728","192.168.15.4","192.168.15.3","MQTT","68","Disconnect Req"
"420751","3135.263502879","192.168.15.4","192.168.15.3","MQTT","90","Connect Command"
"420753","3135.266495335","192.168.15.4","192.168.15.3","MQTT","97","Publish Message (id=3087) [Deviceb'Device - 2']"
"420754","3135.266902244","192.168.15.3","192.168.15.4","MQTT","70","Connect Ack"
"420757","3135.269379755","192.168.15.3","192.168.15.4","MQTT","70","Publish Ack (id=3087)"
"420759","3135.269807183","192.168.15.4","192.168.15.3","MQTT","68","Disconnect Req"
"420772","3136.273668373","192.168.15.4","192.168.15.3","MQTT","90","Connect Command"
"420774","3136.276645518","192.168.15.4","192.168.15.3","MQTT","97","Publish Message (id=3088) [Deviceb'Device - 2']"
"420775","3136.277079509","192.168.15.3","192.168.15.4","MQTT","70","Connect Ack"
"420778","3136.279463143","192.168.15.3","192.168.15.4","MQTT","70","Publish Ack (id=3088)"
"420780","3136.279802644","192.168.15.4","192.168.15.3","MQTT","68","Disconnect Req"
"420788","3137.283607899","192.168.15.4","192.168.15.3","MQTT","90","Connect Command"
"420790","3137.288184497","192.168.15.4","192.168.15.3","MQTT","97","Publish Message (id=3089) [Deviceb'Device - 2']"
"420792","3137.292611273","192.168.15.3","192.168.15.4","MQTT","70","Connect Ack"
"420794","3137.295108101","192.168.15.3","192.168.15.4","MQTT","70","Publish Ack (id=3089)"
"420796","3137.295598819","192.168.15.4","192.168.15.3","MQTT","68","Disconnect Req"
"420809","3138.299607738","192.168.15.4","192.168.15.3","MQTT","90","Connect Command"
"420811","3138.302534508","192.168.15.4","192.168.15.3","MQTT","97","Publish Message (id=3090) [Deviceb'Device - 2']"
"420812","3138.303012441","192.168.15.3","192.168.15.4","MQTT","70","Connect Ack"
"420815","3138.305340621","192.168.15.3","192.168.15.4","MQTT","70","Publish Ack (id=3090)"
"420817","3138.306016558","192.168.15.4","192.168.15.3","MQTT","68","Disconnect Req"
"420833","3139.310441875","192.168.15.4","192.168.15.3","MQTT","90","Connect Command"
"420835","3139.313423239","192.168.15.4","192.168.15.3","MQTT","97","Publish Message (id=3091) [Deviceb'Device - 2']"
"420836","3139.313809479","192.168.15.3","192.168.15.4","MQTT","70","Connect Ack"
"420839","3139.316245983","192.168.15.3","192.168.15.4","MQTT","70","Publish Ack (id=3091)"
"420841","3139.317067395","192.168.15.4","192.168.15.3","MQTT","68","Disconnect Req"
"420853","3140.321786978","192.168.15.4","192.168.15.3","MQTT","90","Connect Command"
"420855","3140.324688301","192.168.15.4","192.168.15.3","MQTT","97","Publish Message (id=3092) [Deviceb'Device - 2']"
"420856","3140.325298895","192.168.15.3","192.168.15.4","MQTT","70","Connect Ack"
"420859","3140.327738645","192.168.15.3","192.168.15.4","MQTT","70","Publish Ack (id=3092)"
"420861","3140.328292462","192.168.15.4","192.168.15.3","MQTT","68","Disconnect Req"
"420876","3141.332802810","192.168.15.4","192.168.15.3","MQTT","90","Connect Command"
"420878","3141.335673004","192.168.15.4","192.168.15.3","MQTT","97","Publish Message (id=3093) [Deviceb'Device - 2']"
"420879","3141.336094791","192.168.15.3","192.168.15.4","MQTT","70","Connect Ack"
"420882","3141.338631825","192.168.15.3","192.168.15.4","MQTT","70","Publish Ack (id=3093)"
"420884","3141.339303875","192.168.15.4","192.168.15.3","MQTT","68","Disconnect Req"
"420893","3142.343559151","192.168.15.4","192.168.15.3","MQTT","90","Connect Command"
"420895","3142.346539553","192.168.15.4","192.168.15.3","MQTT","97","Publish Message (id=3094) [Deviceb'Device - 2']"
"420897","3142.350881248","192.168.15.3","192.168.15.4","MQTT","70","Connect Ack"
"420899","3142.353394837","192.168.15.3","192.168.15.4","MQTT","70","Publish Ack (id=3094)"
"420901","3142.353795655","192.168.15.4","192.168.15.3","MQTT","68","Disconnect Req"
"420913","3143.358277711","192.168.15.4","192.168.15.3","MQTT","90","Connect Command"
"420915","3143.362910646","192.168.15.4","192.168.15.3","MQTT","97","Publish Message (id=3095) [Deviceb'Device - 2']"
"420916","3143.363311984","192.168.15.3","192.168.15.4","MQTT","70","Connect Ack"
"420919","3143.365878895","192.168.15.3","192.168.15.4","MQTT","70","Publish Ack (id=3095)"
"420921","3143.366784807","192.168.15.4","192.168.15.3","MQTT","68","Disconnect Req"
"420937","3144.371370689","192.168.15.4","192.168.15.3","MQTT","90","Connect Command"
"420939","3144.374221836","192.168.15.4","192.168.15.3","MQTT","97","Publish Message (id=3096) [Deviceb'Device - 2']"
"420940","3144.374649454","192.168.15.3","192.168.15.4","MQTT","70","Connect Ack"
"420943","3144.377111757","192.168.15.3","192.168.15.4","MQTT","70","Publish Ack (id=3096)"
"420945","3144.377517755","192.168.15.4","192.168.15.3","MQTT","68","Disconnect Req"
"420960","3145.381121802","192.168.15.4","192.168.15.3","MQTT","90","Connect Command"
"420962","3145.384086144","192.168.15.4","192.168.15.3","MQTT","97","Publish Message (id=3097) [Deviceb'Device - 2']"
"420963","3145.384503813","192.168.15.3","192.168.15.4","MQTT","70","Connect Ack"
"420966","3145.387095010","192.168.15.3","192.168.15.4","MQTT","70","Publish Ack (id=3097)"
"420968","3145.387753284","192.168.15.4","192.168.15.3","MQTT","68","Disconnect Req"
"420983","3146.391549205","192.168.15.4","192.168.15.3","MQTT","90","Connect Command"
"420985","3146.394856815","192.168.15.4","192.168.15.3","MQTT","97","Publish Message (id=3098) [Deviceb'Device - 2']"
"420986","3146.394875530","192.168.15.3","192.168.15.4","MQTT","70","Connect Ack"
"420989","3146.397753068","192.168.15.3","192.168.15.4","MQTT","70","Publish Ack (id=3098)"
"420991","3146.398587084","192.168.15.4","192.168.15.3","MQTT","68","Disconnect Req"
"421003","3147.403432306","192.168.15.4","192.168.15.3","MQTT","90","Connect Command"
"421005","3147.406317609","192.168.15.4","192.168.15.3","MQTT","97","Publish Message (id=3099) [Deviceb'Device - 2']"
"421007","3147.410578099","192.168.15.3","192.168.15.4","MQTT","70","Connect Ack"
"421009","3147.413047636","192.168.15.3","192.168.15.4","MQTT","70","Publish Ack (id=3099)"
"421011","3147.413783406","192.168.15.4","192.168.15.3","MQTT","68","Disconnect Req"
"421023","3148.417805835","192.168.15.4","192.168.15.3","MQTT","90","Connect Command"
"421025","3148.420669837","192.168.15.4","192.168.15.3","MQTT","97","Publish Message (id=3100) [Deviceb'Device - 2']"
"421026","3148.421139405","192.168.15.3","192.168.15.4","MQTT","70","Connect Ack"
"421029","3148.423618379","192.168.15.3","192.168.15.4","MQTT","70","Publish Ack (id=3100)"
"421031","3148.424384968","192.168.15.4","192.168.15.3","MQTT","68","Disconnect Req"
"421046","3149.428398129","192.168.15.4","192.168.15.3","MQTT","90","Connect Command"
"421048","3149.431318007","192.168.15.4","192.168.15.3","MQTT","97","Publish Message (id=3101) [Deviceb'Device - 2']"
"421049","3149.431728041","192.168.15.3","192.168.15.4","MQTT","70","Connect Ack"
"421052","3149.434217566","192.168.15.3","192.168.15.4","MQTT","70","Publish Ack (id=3101)"
"421054","3149.435062763","192.168.15.4","192.168.15.3","MQTT","68","Disconnect Req"
"421069","3150.438974204","192.168.15.4","192.168.15.3","MQTT","90","Connect Command"
"421071","3150.443718238","192.168.15.4","192.168.15.3","MQTT","97","Publish Message (id=3102) [Deviceb'Device - 2']"
"421072","3150.444147269","192.168.15.3","192.168.15.4","MQTT","70","Connect Ack"
"421075","3150.446645259","192.168.15.3","192.168.15.4","MQTT","70","Publish Ack (id=3102)"
"421077","3150.447044173","192.168.15.4","192.168.15.3","MQTT","68","Disconnect Req"
"421089","3151.451067687","192.168.15.4","192.168.15.3","MQTT","90","Connect Command"
"421091","3151.454014556","192.168.15.4","192.168.15.3","MQTT","97","Publish Message (id=3103) [Deviceb'Device - 2']"
"421092","3151.454406216","192.168.15.3","192.168.15.4","MQTT","70","Connect Ack"
"421095","3151.456943470","192.168.15.3","192.168.15.4","MQTT","70","Publish Ack (id=3103)"
"421097","3151.457643443","192.168.15.4","192.168.15.3","MQTT","68","Disconnect Req"
"421117","3152.461357289","192.168.15.4","192.168.15.3","MQTT","90","Connect Command"
"421119","3152.464317974","192.168.15.4","192.168.15.3","MQTT","97","Publish Message (id=3104) [Deviceb'Device - 2']"
"421121","3152.468740331","192.168.15.3","192.168.15.4","MQTT","70","Connect Ack"
"421123","3152.471360442","192.168.15.3","192.168.15.4","MQTT","70","Publish Ack (id=3104)"
"421125","3152.471742284","192.168.15.4","192.168.15.3","MQTT","68","Disconnect Req"
"421190","3153.476228271","192.168.15.4","192.168.15.3","MQTT","90","Connect Command"
"421192","3153.478945005","192.168.15.4","192.168.15.3","MQTT","97","Publish Message (id=3105) [Deviceb'Device - 2']"
"421193","3153.479362404","192.168.15.3","192.168.15.4","MQTT","70","Connect Ack"
"421196","3153.481856647","192.168.15.3","192.168.15.4","MQTT","70","Publish Ack (id=3105)"
"421198","3153.482135033","192.168.15.4","192.168.15.3","MQTT","68","Disconnect Req"
"421306","3154.485960532","192.168.15.4","192.168.15.3","MQTT","90","Connect Command"
"421308","3154.488817170","192.168.15.4","192.168.15.3","MQTT","97","Publish Message (id=3106) [Deviceb'Device - 2']"
"421309","3154.489179444","192.168.15.3","192.168.15.4","MQTT","70","Connect Ack"
"421312","3154.492756955","192.168.15.3","192.168.15.4","MQTT","70","Publish Ack (id=3106)"
"421314","3154.493524435","192.168.15.4","192.168.15.3","MQTT","68","Disconnect Req"
"421351","3155.498531248","192.168.15.4","192.168.15.3","MQTT","90","Connect Command"
"421353","3155.501258452","192.168.15.4","192.168.15.3","MQTT","97","Publish Message (id=3107) [Deviceb'Device - 2']"
"421354","3155.501660030","192.168.15.3","192.168.15.4","MQTT","70","Connect Ack"
"421357","3155.504128144","192.168.15.3","192.168.15.4","MQTT","70","Publish Ack (id=3107)"
"421359","3155.504809251","192.168.15.4","192.168.15.3","MQTT","68","Disconnect Req"
"421369","3156.509037171","192.168.15.4","192.168.15.3","MQTT","90","Connect Command"
"421371","3156.514226717","192.168.15.4","192.168.15.3","MQTT","97","Publish Message (id=3108) [Deviceb'Device - 2']"
"421372","3156.514597348","192.168.15.3","192.168.15.4","MQTT","70","Connect Ack"
"421375","3156.517233219","192.168.15.3","192.168.15.4","MQTT","70","Publish Ack (id=3108)"
"421377","3156.517688789","192.168.15.4","192.168.15.3","MQTT","68","Disconnect Req"
"421391","3157.522710361","192.168.15.4","192.168.15.3","MQTT","90","Connect Command"
"421393","3157.525452232","192.168.15.4","192.168.15.3","MQTT","97","Publish Message (id=3109) [Deviceb'Device - 2']"
"421395","3157.529867716","192.168.15.3","192.168.15.4","MQTT","70","Connect Ack"
"421397","3157.532426691","192.168.15.3","192.168.15.4","MQTT","70","Publish Ack (id=3109)"
"421399","3157.533106336","192.168.15.4","192.168.15.3","MQTT","68","Disconnect Req"
"421411","3158.537626466","192.168.15.4","192.168.15.3","MQTT","90","Connect Command"
"421413","3158.540496259","192.168.15.4","192.168.15.3","MQTT","97","Publish Message (id=3110) [Deviceb'Device - 2']"
"421414","3158.540904230","192.168.15.3","192.168.15.4","MQTT","70","Connect Ack"
"421417","3158.543586459","192.168.15.3","192.168.15.4","MQTT","70","Publish Ack (id=3110)"
"421419","3158.544259771","192.168.15.4","192.168.15.3","MQTT","68","Disconnect Req"
"421433","3159.548713068","192.168.15.4","192.168.15.3","MQTT","90","Connect Command"
"421435","3159.551558444","192.168.15.4","192.168.15.3","MQTT","97","Publish Message (id=3111) [Deviceb'Device - 2']"
"421436","3159.551980181","192.168.15.3","192.168.15.4","MQTT","70","Connect Ack"
"421439","3159.554540860","192.168.15.3","192.168.15.4","MQTT","70","Publish Ack (id=3111)"
"421441","3159.555151384","192.168.15.4","192.168.15.3","MQTT","68","Disconnect Req"
"421456","3160.559342316","192.168.15.4","192.168.15.3","MQTT","90","Connect Command"
"421458","3160.564030445","192.168.15.4","192.168.15.3","MQTT","97","Publish Message (id=3112) [Deviceb'Device - 2']"
"421459","3160.564442974","192.168.15.3","192.168.15.4","MQTT","70","Connect Ack"
"421462","3160.566970450","192.168.15.3","192.168.15.4","MQTT","70","Publish Ack (id=3112)"
"421464","3160.567465726","192.168.15.4","192.168.15.3","MQTT","68","Disconnect Req"
"421479","3161.571740055","192.168.15.4","192.168.15.3","MQTT","90","Connect Command"
"421481","3161.575754131","192.168.15.4","192.168.15.3","MQTT","97","Publish Message (id=3113) [Deviceb'Device - 2']"
"421482","3161.576020724","192.168.15.3","192.168.15.4","MQTT","70","Connect Ack"
"421485","3161.578612773","192.168.15.3","192.168.15.4","MQTT","70","Publish Ack (id=3113)"
"421487","3161.579339706","192.168.15.4","192.168.15.3","MQTT","68","Disconnect Req"
"421499","3162.583951153","192.168.15.4","192.168.15.3","MQTT","90","Connect Command"
"421501","3162.586813863","192.168.15.4","192.168.15.3","MQTT","97","Publish Message (id=3114) [Deviceb'Device - 2']"
"421503","3162.591152271","192.168.15.3","192.168.15.4","MQTT","70","Connect Ack"
"421505","3162.593673736","192.168.15.3","192.168.15.4","MQTT","70","Publish Ack (id=3114)"
"421507","3162.594357608","192.168.15.4","192.168.15.3","MQTT","68","Disconnect Req"
"421519","3163.599461936","192.168.15.4","192.168.15.3","MQTT","90","Connect Command"
"421521","3163.602141610","192.168.15.4","192.168.15.3","MQTT","97","Publish Message (id=3115) [Deviceb'Device - 2']"
"421522","3163.602493245","192.168.15.3","192.168.15.4","MQTT","70","Connect Ack"
"421525","3163.606743577","192.168.15.3","192.168.15.4","MQTT","70","Publish Ack (id=3115)"
"421527","3163.607411839","192.168.15.4","192.168.15.3","MQTT","68","Disconnect Req"
"421543","3164.611688104","192.168.15.4","192.168.15.3","MQTT","90","Connect Command"
"421545","3164.614588945","192.168.15.4","192.168.15.3","MQTT","97","Publish Message (id=3116) [Deviceb'Device - 2']"
"421546","3164.614978191","192.168.15.3","192.168.15.4","MQTT","70","Connect Ack"
"421549","3164.617616246","192.168.15.3","192.168.15.4","MQTT","70","Publish Ack (id=3116)"
"421551","3164.618391411","192.168.15.4","192.168.15.3","MQTT","68","Disconnect Req"
"421563","3165.622332210","192.168.15.4","192.168.15.3","MQTT","90","Connect Command"
"421565","3165.625192676","192.168.15.4","192.168.15.3","MQTT","97","Publish Message (id=3117) [Deviceb'Device - 2']"
"421566","3165.625579407","192.168.15.3","192.168.15.4","MQTT","70","Connect Ack"
"421569","3165.628054184","192.168.15.3","192.168.15.4","MQTT","70","Publish Ack (id=3117)"
"421571","3165.628878872","192.168.15.4","192.168.15.3","MQTT","68","Disconnect Req"
"421586","3166.633249113","192.168.15.4","192.168.15.3","MQTT","90","Connect Command"
"421588","3166.636103587","192.168.15.4","192.168.15.3","MQTT","97","Publish Message (id=3118) [Deviceb'Device - 2']"
"421589","3166.636583464","192.168.15.3","192.168.15.4","MQTT","70","Connect Ack"
"421592","3166.639122331","192.168.15.3","192.168.15.4","MQTT","70","Publish Ack (id=3118)"
"421594","3166.640009307","192.168.15.4","192.168.15.3","MQTT","68","Disconnect Req"
"421606","3167.644643368","192.168.15.4","192.168.15.3","MQTT","90","Connect Command"
"421608","3167.647493665","192.168.15.4","192.168.15.3","MQTT","97","Publish Message (id=3119) [Deviceb'Device - 2']"
"421609","3167.648084361","192.168.15.3","192.168.15.4","MQTT","70","Connect Ack"
"421612","3167.650303584","192.168.15.3","192.168.15.4","MQTT","70","Publish Ack (id=3119)"
"421614","3167.650872549","192.168.15.4","192.168.15.3","MQTT","68","Disconnect Req"
"421627","3168.654871311","192.168.15.4","192.168.15.3","MQTT","90","Connect Command"
"421629","3168.657789365","192.168.15.4","192.168.15.3","MQTT","97","Publish Message (id=3120) [Deviceb'Device - 2']"
"421630","3168.658195302","192.168.15.3","192.168.15.4","MQTT","70","Connect Ack"
"421633","3168.660834479","192.168.15.3","192.168.15.4","MQTT","70","Publish Ack (id=3120)"
"421635","3168.661509355","192.168.15.4","192.168.15.3","MQTT","68","Disconnect Req"
"421647","3169.668068715","192.168.15.4","192.168.15.3","MQTT","90","Connect Command"
"421649","3169.670962112","192.168.15.4","192.168.15.3","MQTT","97","Publish Message (id=3121) [Deviceb'Device - 2']"
"421650","3169.671425378","192.168.15.3","192.168.15.4","MQTT","70","Connect Ack"
"421653","3169.673877832","192.168.15.3","192.168.15.4","MQTT","70","Publish Ack (id=3121)"
"421655","3169.674658207","192.168.15.4","192.168.15.3","MQTT","68","Disconnect Req"
"421670","3170.679209632","192.168.15.4","192.168.15.3","MQTT","90","Connect Command"
"421672","3170.682068565","192.168.15.4","192.168.15.3","MQTT","97","Publish Message (id=3122) [Deviceb'Device - 2']"
"421673","3170.682466427","192.168.15.3","192.168.15.4","MQTT","70","Connect Ack"
"421676","3170.684892431","192.168.15.3","192.168.15.4","MQTT","70","Publish Ack (id=3122)"
"421678","3170.685541358","192.168.15.4","192.168.15.3","MQTT","68","Disconnect Req"
"421691","3171.689258737","192.168.15.4","192.168.15.3","MQTT","90","Connect Command"
"421693","3171.692134562","192.168.15.4","192.168.15.3","MQTT","97","Publish Message (id=3123) [Deviceb'Device - 2']"
"421694","3171.692540890","192.168.15.3","192.168.15.4","MQTT","70","Connect Ack"
"421697","3171.695990599","192.168.15.3","192.168.15.4","MQTT","70","Publish Ack (id=3123)"
"421699","3171.696649935","192.168.15.4","192.168.15.3","MQTT","68","Disconnect Req"
"421712","3172.700367906","192.168.15.4","192.168.15.3","MQTT","90","Connect Command"
"421714","3172.703361714","192.168.15.4","192.168.15.3","MQTT","97","Publish Message (id=3124) [Deviceb'Device - 2']"
"421716","3172.707739516","192.168.15.3","192.168.15.4","MQTT","70","Connect Ack"
"421718","3172.710180880","192.168.15.3","192.168.15.4","MQTT","70","Publish Ack (id=3124)"
"421720","3172.710506976","192.168.15.4","192.168.15.3","MQTT","68","Disconnect Req"
"421732","3173.713759839","192.168.15.4","192.168.15.3","MQTT","90","Connect Command"
"421734","3173.716758906","192.168.15.4","192.168.15.3","MQTT","97","Publish Message (id=3125) [Deviceb'Device - 2']"
"421735","3173.717127162","192.168.15.3","192.168.15.4","MQTT","70","Connect Ack"
"421738","3173.719726123","192.168.15.3","192.168.15.4","MQTT","70","Publish Ack (id=3125)"
"421740","3173.720094359","192.168.15.4","192.168.15.3","MQTT","68","Disconnect Req"
"421755","3174.724418146","192.168.15.4","192.168.15.3","MQTT","90","Connect Command"
"421757","3174.727302196","192.168.15.4","192.168.15.3","MQTT","97","Publish Message (id=3126) [Deviceb'Device - 2']"
"421758","3174.727702532","192.168.15.3","192.168.15.4","MQTT","70","Connect Ack"
"421761","3174.730351949","192.168.15.3","192.168.15.4","MQTT","70","Publish Ack (id=3126)"
"421763","3174.730960048","192.168.15.4","192.168.15.3","MQTT","68","Disconnect Req"
"421777","3175.735318321","192.168.15.4","192.168.15.3","MQTT","90","Connect Command"
"421779","3175.738165501","192.168.15.4","192.168.15.3","MQTT","97","Publish Message (id=3127) [Deviceb'Device - 2']"
"421781","3175.738551591","192.168.15.3","192.168.15.4","MQTT","70","Connect Ack"
"421784","3175.741362302","192.168.15.3","192.168.15.4","MQTT","70","Publish Ack (id=3127)"
"421786","3175.741983716","192.168.15.4","192.168.15.3","MQTT","68","Disconnect Req"
"421797","3176.746310209","192.168.15.4","192.168.15.3","MQTT","90","Connect Command"
"421799","3176.749296612","192.168.15.4","192.168.15.3","MQTT","97","Publish Message (id=3128) [Deviceb'Device - 2']"
"421800","3176.749687701","192.168.15.3","192.168.15.4","MQTT","70","Connect Ack"
"421803","3176.752186203","192.168.15.3","192.168.15.4","MQTT","70","Publish Ack (id=3128)"
"421805","3176.753016612","192.168.15.4","192.168.15.3","MQTT","68","Disconnect Req"
"421818","3177.757595492","192.168.15.4","192.168.15.3","MQTT","90","Connect Command"
"421820","3177.760545025","192.168.15.4","192.168.15.3","MQTT","97","Publish Message (id=3129) [Deviceb'Device - 2']"
"421822","3177.764889706","192.168.15.3","192.168.15.4","MQTT","70","Connect Ack"
"421824","3177.767415719","192.168.15.3","192.168.15.4","MQTT","70","Publish Ack (id=3129)"
"421826","3177.768146640","192.168.15.4","192.168.15.3","MQTT","68","Disconnect Req"
"421836","3178.773006723","192.168.15.4","192.168.15.3","MQTT","90","Connect Command"
"421838","3178.775680586","192.168.15.4","192.168.15.3","MQTT","97","Publish Message (id=3130) [Deviceb'Device - 2']"
"421839","3178.776091302","192.168.15.3","192.168.15.4","MQTT","70","Connect Ack"
"421842","3178.779944193","192.168.15.3","192.168.15.4","MQTT","70","Publish Ack (id=3130)"
"421845","3178.780590464","192.168.15.4","192.168.15.3","MQTT","68","Disconnect Req"
"421857","3179.786074987","192.168.15.4","192.168.15.3","MQTT","90","Connect Command"
"421859","3179.788941444","192.168.15.4","192.168.15.3","MQTT","97","Publish Message (id=3131) [Deviceb'Device - 2']"
"421860","3179.789353673","192.168.15.3","192.168.15.4","MQTT","70","Connect Ack"
"421863","3179.792527610","192.168.15.3","192.168.15.4","MQTT","70","Publish Ack (id=3131)"
"421865","3179.792954517","192.168.15.4","192.168.15.3","MQTT","68","Disconnect Req"
"421881","3180.797408832","192.168.15.4","192.168.15.3","MQTT","90","Connect Command"
"421883","3180.800235193","192.168.15.4","192.168.15.3","MQTT","97","Publish Message (id=3132) [Deviceb'Device - 2']"
"421884","3180.800659595","192.168.15.3","192.168.15.4","MQTT","70","Connect Ack"
"421887","3180.803247295","192.168.15.3","192.168.15.4","MQTT","70","Publish Ack (id=3132)"
"421889","3180.803955093","192.168.15.4","192.168.15.3","MQTT","68","Disconnect Req"
"421903","3181.807773416","192.168.15.4","192.168.15.3","MQTT","90","Connect Command"
"421905","3181.810656735","192.168.15.4","192.168.15.3","MQTT","97","Publish Message (id=3133) [Deviceb'Device - 2']"
"421906","3181.811083161","192.168.15.3","192.168.15.4","MQTT","70","Connect Ack"
"421909","3181.813564330","192.168.15.3","192.168.15.4","MQTT","70","Publish Ack (id=3133)"
"421911","3181.814185123","192.168.15.4","192.168.15.3","MQTT","68","Disconnect Req"
"421924","3182.818191732","192.168.15.4","192.168.15.3","MQTT","90","Connect Command"
"421926","3182.821269127","192.168.15.4","192.168.15.3","MQTT","97","Publish Message (id=3134) [Deviceb'Device - 2']"
"421928","3182.825465547","192.168.15.3","192.168.15.4","MQTT","70","Connect Ack"
"421930","3182.827895519","192.168.15.3","192.168.15.4","MQTT","70","Publish Ack (id=3134)"
"421932","3182.828244058","192.168.15.4","192.168.15.3","MQTT","68","Disconnect Req"
"421944","3183.832469823","192.168.15.4","192.168.15.3","MQTT","90","Connect Command"
"421946","3183.835373259","192.168.15.4","192.168.15.3","MQTT","97","Publish Message (id=3135) [Deviceb'Device - 2']"
"421947","3183.835772393","192.168.15.3","192.168.15.4","MQTT","70","Connect Ack"
"421950","3183.838252440","192.168.15.3","192.168.15.4","MQTT","70","Publish Ack (id=3135)"
"421952","3183.838628701","192.168.15.4","192.168.15.3","MQTT","68","Disconnect Req"
"422000","3184.843144835","192.168.15.4","192.168.15.3","MQTT","90","Connect Command"
"422002","3184.846025799","192.168.15.4","192.168.15.3","MQTT","97","Publish Message (id=3136) [Deviceb'Device - 2']"
"422003","3184.846411278","192.168.15.3","192.168.15.4","MQTT","70","Connect Ack"
"422006","3184.849360621","192.168.15.3","192.168.15.4","MQTT","70","Publish Ack (id=3136)"
"422008","3184.849771357","192.168.15.4","192.168.15.3","MQTT","68","Disconnect Req"
"422029","3185.855240712","192.168.15.4","192.168.15.3","MQTT","90","Connect Command"
"422031","3185.859985859","192.168.15.4","192.168.15.3","MQTT","97","Publish Message (id=3137) [Deviceb'Device - 2']"
"422032","3185.860399721","192.168.15.3","192.168.15.4","MQTT","70","Connect Ack"
"422035","3185.862928850","192.168.15.3","192.168.15.4","MQTT","70","Publish Ack (id=3137)"
"422037","3185.863294110","192.168.15.4","192.168.15.3","MQTT","68","Disconnect Req"
"422049","3186.868420187","192.168.15.4","192.168.15.3","MQTT","90","Connect Command"
"422051","3186.871258540","192.168.15.4","192.168.15.3","MQTT","97","Publish Message (id=3138) [Deviceb'Device - 2']"
"422052","3186.871640402","192.168.15.3","192.168.15.4","MQTT","70","Connect Ack"
"422055","3186.874136799","192.168.15.3","192.168.15.4","MQTT","70","Publish Ack (id=3138)"
"422057","3186.874653015","192.168.15.4","192.168.15.3","MQTT","68","Disconnect Req"
"422069","3187.879106341","192.168.15.4","192.168.15.3","MQTT","90","Connect Command"
"422071","3187.882336775","192.168.15.4","192.168.15.3","MQTT","97","Publish Message (id=3139) [Deviceb'Device - 2']"
"422073","3187.886385385","192.168.15.3","192.168.15.4","MQTT","70","Connect Ack"
"422075","3187.889380606","192.168.15.3","192.168.15.4","MQTT","70","Publish Ack (id=3139)"
"422077","3187.890070820","192.168.15.4","192.168.15.3","MQTT","68","Disconnect Req"
"422085","3188.894093383","192.168.15.4","192.168.15.3","MQTT","90","Connect Command"
"422087","3188.896856124","192.168.15.4","192.168.15.3","MQTT","97","Publish Message (id=3140) [Deviceb'Device - 2']"
"422088","3188.897262532","192.168.15.3","192.168.15.4","MQTT","70","Connect Ack"
"422091","3188.899489209","192.168.15.3","192.168.15.4","MQTT","70","Publish Ack (id=3140)"
"422093","3188.899832248","192.168.15.4","192.168.15.3","MQTT","68","Disconnect Req"
"422105","3189.903517112","192.168.15.4","192.168.15.3","MQTT","90","Connect Command"
"422107","3189.906489440","192.168.15.4","192.168.15.3","MQTT","97","Publish Message (id=3141) [Deviceb'Device - 2']"
"422108","3189.906913220","192.168.15.3","192.168.15.4","MQTT","70","Connect Ack"
"422111","3189.909400010","192.168.15.3","192.168.15.4","MQTT","70","Publish Ack (id=3141)"
"422113","3189.909782202","192.168.15.4","192.168.15.3","MQTT","68","Disconnect Req"
"422128","3190.913735463","192.168.15.4","192.168.15.3","MQTT","90","Connect Command"
"422130","3190.916578165","192.168.15.4","192.168.15.3","MQTT","97","Publish Message (id=3142) [Deviceb'Device - 2']"
"422131","3190.917038034","192.168.15.3","192.168.15.4","MQTT","70","Connect Ack"
"422134","3190.919546635","192.168.15.3","192.168.15.4","MQTT","70","Publish Ack (id=3142)"
"422136","3190.920195330","192.168.15.4","192.168.15.3","MQTT","68","Disconnect Req"
"422149","3191.924562275","192.168.15.4","192.168.15.3","MQTT","90","Connect Command"
"422151","3191.927433751","192.168.15.4","192.168.15.3","MQTT","97","Publish Message (id=3143) [Deviceb'Device - 2']"
"422152","3191.927824700","192.168.15.3","192.168.15.4","MQTT","70","Connect Ack"
"422155","3191.930416708","192.168.15.3","192.168.15.4","MQTT","70","Publish Ack (id=3143)"
"422157","3191.930814610","192.168.15.4","192.168.15.3","MQTT","68","Disconnect Req"
"422169","3192.934625662","192.168.15.4","192.168.15.3","MQTT","90","Connect Command"
"422171","3192.937666378","192.168.15.4","192.168.15.3","MQTT","97","Publish Message (id=3144) [Deviceb'Device - 2']"
"422173","3192.942012020","192.168.15.3","192.168.15.4","MQTT","70","Connect Ack"
"422175","3192.944469103","192.168.15.3","192.168.15.4","MQTT","70","Publish Ack (id=3144)"
"422177","3192.945123229","192.168.15.4","192.168.15.3","MQTT","68","Disconnect Req"
"422193","3193.948790062","192.168.15.4","192.168.15.3","MQTT","90","Connect Command"
"422195","3193.951758641","192.168.15.4","192.168.15.3","MQTT","97","Publish Message (id=3145) [Deviceb'Device - 2']"
"422196","3193.952161953","192.168.15.3","192.168.15.4","MQTT","70","Connect Ack"
"422199","3193.954788707","192.168.15.3","192.168.15.4","MQTT","70","Publish Ack (id=3145)"
"422201","3193.955528836","192.168.15.4","192.168.15.3","MQTT","68","Disconnect Req"
"422224","3194.959196921","192.168.15.4","192.168.15.3","MQTT","90","Connect Command"
"422226","3194.962168416","192.168.15.4","192.168.15.3","MQTT","97","Publish Message (id=3146) [Deviceb'Device - 2']"
"422227","3194.962582288","192.168.15.3","192.168.15.4","MQTT","70","Connect Ack"
"422230","3194.965186679","192.168.15.3","192.168.15.4","MQTT","70","Publish Ack (id=3146)"
"422232","3194.965606432","192.168.15.4","192.168.15.3","MQTT","68","Disconnect Req"
"422254","3195.969925491","192.168.15.4","192.168.15.3","MQTT","90","Connect Command"
"422256","3195.974733547","192.168.15.4","192.168.15.3","MQTT","97","Publish Message (id=3147) [Deviceb'Device - 2']"
"422257","3195.975102985","192.168.15.3","192.168.15.4","MQTT","70","Connect Ack"
"422260","3195.977669655","192.168.15.3","192.168.15.4","MQTT","70","Publish Ack (id=3147)"
"422262","3195.977991063","192.168.15.4","192.168.15.3","MQTT","68","Disconnect Req"
"422279","3196.982045220","192.168.15.4","192.168.15.3","MQTT","90","Connect Command"
"422281","3196.985032144","192.168.15.4","192.168.15.3","MQTT","97","Publish Message (id=3148) [Deviceb'Device - 2']"
"422282","3196.985440897","192.168.15.3","192.168.15.4","MQTT","70","Connect Ack"
"422285","3196.987979794","192.168.15.3","192.168.15.4","MQTT","70","Publish Ack (id=3148)"
"422287","3196.988271375","192.168.15.4","192.168.15.3","MQTT","68","Disconnect Req"
"422310","3197.992271576","192.168.15.4","192.168.15.3","MQTT","90","Connect Command"
"422312","3197.995280913","192.168.15.4","192.168.15.3","MQTT","97","Publish Message (id=3149) [Deviceb'Device - 2']"
"422314","3197.999614181","192.168.15.3","192.168.15.4","MQTT","70","Connect Ack"
"422316","3198.002139043","192.168.15.3","192.168.15.4","MQTT","70","Publish Ack (id=3149)"
"422318","3198.002440823","192.168.15.4","192.168.15.3","MQTT","68","Disconnect Req"
"422329","3199.006364452","192.168.15.4","192.168.15.3","MQTT","90","Connect Command"
"422331","3199.009237752","192.168.15.4","192.168.15.3","MQTT","97","Publish Message (id=3150) [Deviceb'Device - 2']"
"422332","3199.009654239","192.168.15.3","192.168.15.4","MQTT","70","Connect Ack"
"422335","3199.012312702","192.168.15.3","192.168.15.4","MQTT","70","Publish Ack (id=3150)"
"422337","3199.013161236","192.168.15.4","192.168.15.3","MQTT","68","Disconnect Req"
"422353","3200.017426774","192.168.15.4","192.168.15.3","MQTT","90","Connect Command"
"422355","3200.020454986","192.168.15.4","192.168.15.3","MQTT","97","Publish Message (id=3151) [Deviceb'Device - 2']"
"422356","3200.020885059","192.168.15.3","192.168.15.4","MQTT","70","Connect Ack"
"422359","3200.023333706","192.168.15.3","192.168.15.4","MQTT","70","Publish Ack (id=3151)"
"422361","3200.023630948","192.168.15.4","192.168.15.3","MQTT","68","Disconnect Req"
"422381","3201.027355982","192.168.15.4","192.168.15.3","MQTT","90","Connect Command"
"422383","3201.030285938","192.168.15.4","192.168.15.3","MQTT","97","Publish Message (id=3152) [Deviceb'Device - 2']"
"422384","3201.030662971","192.168.15.3","192.168.15.4","MQTT","70","Connect Ack"
"422387","3201.033192571","192.168.15.3","192.168.15.4","MQTT","70","Publish Ack (id=3152)"
"422389","3201.034022279","192.168.15.4","192.168.15.3","MQTT","68","Disconnect Req"
"422398","3202.039031315","192.168.15.4","192.168.15.3","MQTT","90","Connect Command"
"422401","3202.041797823","192.168.15.4","192.168.15.3","MQTT","97","Publish Message (id=3153) [Deviceb'Device - 2']"
"422402","3202.042199972","192.168.15.3","192.168.15.4","MQTT","70","Connect Ack"
"422405","3202.044760711","192.168.15.3","192.168.15.4","MQTT","70","Publish Ack (id=3153)"
"422407","3202.045531778","192.168.15.4","192.168.15.3","MQTT","68","Disconnect Req"
"422420","3203.050262286","192.168.15.4","192.168.15.3","MQTT","90","Connect Command"
"422422","3203.053165862","192.168.15.4","192.168.15.3","MQTT","97","Publish Message (id=3154) [Deviceb'Device - 2']"
"422424","3203.057628024","192.168.15.3","192.168.15.4","MQTT","70","Connect Ack"
"422426","3203.060197250","192.168.15.3","192.168.15.4","MQTT","70","Publish Ack (id=3154)"
"422428","3203.060797654","192.168.15.4","192.168.15.3","MQTT","68","Disconnect Req"
"422442","3204.065157679","192.168.15.4","192.168.15.3","MQTT","90","Connect Command"
"422444","3204.068067538","192.168.15.4","192.168.15.3","MQTT","97","Publish Message (id=3155) [Deviceb'Device - 2']"
"422445","3204.068466302","192.168.15.3","192.168.15.4","MQTT","70","Connect Ack"
"422448","3204.071119014","192.168.15.3","192.168.15.4","MQTT","70","Publish Ack (id=3155)"
"422450","3204.071721232","192.168.15.4","192.168.15.3","MQTT","68","Disconnect Req"
"422462","3205.076459082","192.168.15.4","192.168.15.3","MQTT","90","Connect Command"
"422464","3205.079419035","192.168.15.4","192.168.15.3","MQTT","97","Publish Message (id=3156) [Deviceb'Device - 2']"
"422465","3205.079827246","192.168.15.3","192.168.15.4","MQTT","70","Connect Ack"
"422468","3205.082357458","192.168.15.3","192.168.15.4","MQTT","70","Publish Ack (id=3156)"
"422470","3205.082854818","192.168.15.4","192.168.15.3","MQTT","68","Disconnect Req"
"422487","3206.086897353","192.168.15.4","192.168.15.3","MQTT","90","Connect Command"
"422489","3206.089796171","192.168.15.4","192.168.15.3","MQTT","97","Publish Message (id=3157) [Deviceb'Device - 2']"
"422490","3206.090340831","192.168.15.3","192.168.15.4","MQTT","70","Connect Ack"
"422493","3206.092828482","192.168.15.3","192.168.15.4","MQTT","70","Publish Ack (id=3157)"
"422495","3206.093447742","192.168.15.4","192.168.15.3","MQTT","68","Disconnect Req"
"422507","3207.097311503","192.168.15.4","192.168.15.3","MQTT","90","Connect Command"
"422509","3207.100190152","192.168.15.4","192.168.15.3","MQTT","97","Publish Message (id=3158) [Deviceb'Device - 2']"
"422510","3207.100572755","192.168.15.3","192.168.15.4","MQTT","70","Connect Ack"
"422513","3207.103118376","192.168.15.3","192.168.15.4","MQTT","70","Publish Ack (id=3158)"
"422515","3207.103803741","192.168.15.4","192.168.15.3","MQTT","68","Disconnect Req"
"422527","3208.107901725","192.168.15.4","192.168.15.3","MQTT","90","Connect Command"
"422529","3208.110706204","192.168.15.4","192.168.15.3","MQTT","97","Publish Message (id=3159) [Deviceb'Device - 2']"
"422531","3208.115015588","192.168.15.3","192.168.15.4","MQTT","70","Connect Ack"
"422533","3208.117447273","192.168.15.3","192.168.15.4","MQTT","70","Publish Ack (id=3159)"
"422535","3208.118053358","192.168.15.4","192.168.15.3","MQTT","68","Disconnect Req"
"422547","3209.122372989","192.168.15.4","192.168.15.3","MQTT","90","Connect Command"
"422549","3209.125309388","192.168.15.4","192.168.15.3","MQTT","97","Publish Message (id=3160) [Deviceb'Device - 2']"
"422550","3209.125883503","192.168.15.3","192.168.15.4","MQTT","70","Connect Ack"
"422553","3209.128368198","192.168.15.3","192.168.15.4","MQTT","70","Publish Ack (id=3160)"
"422555","3209.129118546","192.168.15.4","192.168.15.3","MQTT","68","Disconnect Req"
"422570","3210.133399444","192.168.15.4","192.168.15.3","MQTT","90","Connect Command"
"422572","3210.136391549","192.168.15.4","192.168.15.3","MQTT","97","Publish Message (id=3161) [Deviceb'Device - 2']"
"422573","3210.136860856","192.168.15.3","192.168.15.4","MQTT","70","Connect Ack"
"422576","3210.139477771","192.168.15.3","192.168.15.4","MQTT","70","Publish Ack (id=3161)"
"422578","3210.139965863","192.168.15.4","192.168.15.3","MQTT","68","Disconnect Req"
"422592","3211.144257761","192.168.15.4","192.168.15.3","MQTT","90","Connect Command"
"422594","3211.147158353","192.168.15.4","192.168.15.3","MQTT","97","Publish Message (id=3162) [Deviceb'Device - 2']"
"422595","3211.147576142","192.168.15.3","192.168.15.4","MQTT","70","Connect Ack"
"422598","3211.150076787","192.168.15.3","192.168.15.4","MQTT","70","Publish Ack (id=3162)"
"422600","3211.150718350","192.168.15.4","192.168.15.3","MQTT","68","Disconnect Req"
"422616","3212.155385208","192.168.15.4","192.168.15.3","MQTT","90","Connect Command"
"422618","3212.158224262","192.168.15.4","192.168.15.3","MQTT","97","Publish Message (id=3163) [Deviceb'Device - 2']"
"422619","3212.158679523","192.168.15.3","192.168.15.4","MQTT","70","Connect Ack"
"422622","3212.162213761","192.168.15.3","192.168.15.4","MQTT","70","Publish Ack (id=3163)"
"422624","3212.162911089","192.168.15.4","192.168.15.3","MQTT","68","Disconnect Req"
"422650","3213.166770644","192.168.15.4","192.168.15.3","MQTT","90","Connect Command"
"422652","3213.169150251","192.168.15.4","192.168.15.3","MQTT","97","Publish Message (id=3164) [Deviceb'Device - 2']"
"422654","3213.173969557","192.168.15.3","192.168.15.4","MQTT","70","Connect Ack"
"422656","3213.176654952","192.168.15.3","192.168.15.4","MQTT","70","Publish Ack (id=3164)"
"422658","3213.177349785","192.168.15.4","192.168.15.3","MQTT","68","Disconnect Req"
"422671","3214.181727016","192.168.15.4","192.168.15.3","MQTT","90","Connect Command"
"422673","3214.184614042","192.168.15.4","192.168.15.3","MQTT","97","Publish Message (id=3165) [Deviceb'Device - 2']"
"422674","3214.185030699","192.168.15.3","192.168.15.4","MQTT","70","Connect Ack"
"422677","3214.187596889","192.168.15.3","192.168.15.4","MQTT","70","Publish Ack (id=3165)"
"422679","3214.188386621","192.168.15.4","192.168.15.3","MQTT","68","Disconnect Req"
"422713","3215.192120689","192.168.15.4","192.168.15.3","MQTT","90","Connect Command"
"422715","3215.195075703","192.168.15.4","192.168.15.3","MQTT","97","Publish Message (id=3166) [Deviceb'Device - 2']"
"422716","3215.195512137","192.168.15.3","192.168.15.4","MQTT","70","Connect Ack"
"422719","3215.198039633","192.168.15.3","192.168.15.4","MQTT","70","Publish Ack (id=3166)"
"422721","3215.198616183","192.168.15.4","192.168.15.3","MQTT","68","Disconnect Req"
"422738","3216.202876784","192.168.15.4","192.168.15.3","MQTT","90","Connect Command"
"422740","3216.205724024","192.168.15.4","192.168.15.3","MQTT","97","Publish Message (id=3167) [Deviceb'Device - 2']"
"422741","3216.206127837","192.168.15.3","192.168.15.4","MQTT","70","Connect Ack"
"422744","3216.208733992","192.168.15.3","192.168.15.4","MQTT","70","Publish Ack (id=3167)"
"422746","3216.209561045","192.168.15.4","192.168.15.3","MQTT","68","Disconnect Req"
"422758","3217.213146250","192.168.15.4","192.168.15.3","MQTT","90","Connect Command"
"422760","3217.216127754","192.168.15.4","192.168.15.3","MQTT","97","Publish Message (id=3168) [Deviceb'Device - 2']"
"422761","3217.216523732","192.168.15.3","192.168.15.4","MQTT","70","Connect Ack"
"422764","3217.219045868","192.168.15.3","192.168.15.4","MQTT","70","Publish Ack (id=3168)"
"422766","3217.219418071","192.168.15.4","192.168.15.3","MQTT","68","Disconnect Req"
"422778","3218.223181474","192.168.15.4","192.168.15.3","MQTT","90","Connect Command"
"422780","3218.226012413","192.168.15.4","192.168.15.3","MQTT","97","Publish Message (id=3169) [Deviceb'Device - 2']"
"422782","3218.230387441","192.168.15.3","192.168.15.4","MQTT","70","Connect Ack"
"422784","3218.232819617","192.168.15.3","192.168.15.4","MQTT","70","Publish Ack (id=3169)"
"422786","3218.233593439","192.168.15.4","192.168.15.3","MQTT","68","Disconnect Req"
"422798","3219.237840475","192.168.15.4","192.168.15.3","MQTT","90","Connect Command"
"422800","3219.240871893","192.168.15.4","192.168.15.3","MQTT","97","Publish Message (id=3170) [Deviceb'Device - 2']"
"422801","3219.241270006","192.168.15.3","192.168.15.4","MQTT","70","Connect Ack"
"422804","3219.243926867","192.168.15.3","192.168.15.4","MQTT","70","Publish Ack (id=3170)"
"422806","3219.244289402","192.168.15.4","192.168.15.3","MQTT","68","Disconnect Req"
"422818","3220.247682076","192.168.15.4","192.168.15.3","MQTT","90","Connect Command"
"422820","3220.251525298","192.168.15.4","192.168.15.3","MQTT","97","Publish Message (id=3171) [Deviceb'Device - 2']"
"422821","3220.251827479","192.168.15.3","192.168.15.4","MQTT","70","Connect Ack"
"422824","3220.254548842","192.168.15.3","192.168.15.4","MQTT","70","Publish Ack (id=3171)"
"422826","3220.254811488","192.168.15.4","192.168.15.3","MQTT","68","Disconnect Req"
"422841","3221.258783286","192.168.15.4","192.168.15.3","MQTT","90","Connect Command"
"422843","3221.261906949","192.168.15.4","192.168.15.3","MQTT","97","Publish Message (id=3172) [Deviceb'Device - 2']"
"422844","3221.262273622","192.168.15.3","192.168.15.4","MQTT","70","Connect Ack"
"422847","3221.265681081","192.168.15.3","192.168.15.4","MQTT","70","Publish Ack (id=3172)"
"422849","3221.266060508","192.168.15.4","192.168.15.3","MQTT","68","Disconnect Req"
"422858","3222.270369032","192.168.15.4","192.168.15.3","MQTT","90","Connect Command"
"422860","3222.274547097","192.168.15.4","192.168.15.3","MQTT","97","Publish Message (id=3173) [Deviceb'Device - 2']"
"422861","3222.274933056","192.168.15.3","192.168.15.4","MQTT","70","Connect Ack"
"422864","3222.277405589","192.168.15.3","192.168.15.4","MQTT","70","Publish Ack (id=3173)"
"422866","3222.278012065","192.168.15.4","192.168.15.3","MQTT","68","Disconnect Req"
"422878","3223.282010885","192.168.15.4","192.168.15.3","MQTT","90","Connect Command"
"422880","3223.284863425","192.168.15.4","192.168.15.3","MQTT","97","Publish Message (id=3174) [Deviceb'Device - 2']"
"422882","3223.289233523","192.168.15.3","192.168.15.4","MQTT","70","Connect Ack"
"422884","3223.291718239","192.168.15.3","192.168.15.4","MQTT","70","Publish Ack (id=3174)"
"422886","3223.292326208","192.168.15.4","192.168.15.3","MQTT","68","Disconnect Req"
"422898","3224.296607560","192.168.15.4","192.168.15.3","MQTT","90","Connect Command"
"422900","3224.299511118","192.168.15.4","192.168.15.3","MQTT","97","Publish Message (id=3175) [Deviceb'Device - 2']"
"422901","3224.299970776","192.168.15.3","192.168.15.4","MQTT","70","Connect Ack"
"422904","3224.302343189","192.168.15.3","192.168.15.4","MQTT","70","Publish Ack (id=3175)"
"422906","3224.302602920","192.168.15.4","192.168.15.3","MQTT","68","Disconnect Req"
"422921","3225.306796127","192.168.15.4","192.168.15.3","MQTT","90","Connect Command"
"422923","3225.309781217","192.168.15.4","192.168.15.3","MQTT","97","Publish Message (id=3176) [Deviceb'Device - 2']"
"422924","3225.310271394","192.168.15.3","192.168.15.4","MQTT","70","Connect Ack"
"422927","3225.312683832","192.168.15.3","192.168.15.4","MQTT","70","Publish Ack (id=3176)"
"422929","3225.313277244","192.168.15.4","192.168.15.3","MQTT","68","Disconnect Req"
"422944","3226.317181073","192.168.15.4","192.168.15.3","MQTT","90","Connect Command"
"422946","3226.320075152","192.168.15.4","192.168.15.3","MQTT","97","Publish Message (id=3177) [Deviceb'Device - 2']"
"422947","3226.320517949","192.168.15.3","192.168.15.4","MQTT","70","Connect Ack"
"422950","3226.323069731","192.168.15.3","192.168.15.4","MQTT","70","Publish Ack (id=3177)"
"422952","3226.323724118","192.168.15.4","192.168.15.3","MQTT","68","Disconnect Req"
"422968","3227.327862863","192.168.15.4","192.168.15.3","MQTT","90","Connect Command"
"422970","3227.332546364","192.168.15.4","192.168.15.3","MQTT","97","Publish Message (id=3178) [Deviceb'Device - 2']"
"422971","3227.332977508","192.168.15.3","192.168.15.4","MQTT","70","Connect Ack"
"422974","3227.335559808","192.168.15.3","192.168.15.4","MQTT","70","Publish Ack (id=3178)"
"422976","3227.335879502","192.168.15.4","192.168.15.3","MQTT","68","Disconnect Req"
"422984","3228.340310870","192.168.15.4","192.168.15.3","MQTT","90","Connect Command"
"422986","3228.343169121","192.168.15.4","192.168.15.3","MQTT","97","Publish Message (id=3179) [Deviceb'Device - 2']"
"422987","3228.343813729","192.168.15.3","192.168.15.4","MQTT","70","Connect Ack"
"422990","3228.346184149","192.168.15.3","192.168.15.4","MQTT","70","Publish Ack (id=3179)"
"422992","3228.346840459","192.168.15.4","192.168.15.3","MQTT","68","Disconnect Req"
"423005","3229.351309929","192.168.15.4","192.168.15.3","MQTT","90","Connect Command"
"423007","3229.354697720","192.168.15.4","192.168.15.3","MQTT","97","Publish Message (id=3180) [Deviceb'Device - 2']"
"423008","3229.354964254","192.168.15.3","192.168.15.4","MQTT","70","Connect Ack"
"423011","3229.357678393","192.168.15.3","192.168.15.4","MQTT","70","Publish Ack (id=3180)"
"423013","3229.358315988","192.168.15.4","192.168.15.3","MQTT","68","Disconnect Req"
"423025","3230.362932927","192.168.15.4","192.168.15.3","MQTT","90","Connect Command"
"423027","3230.365793222","192.168.15.4","192.168.15.3","MQTT","97","Publish Message (id=3181) [Deviceb'Device - 2']"
"423028","3230.366167910","192.168.15.3","192.168.15.4","MQTT","70","Connect Ack"
"423031","3230.368751472","192.168.15.3","192.168.15.4","MQTT","70","Publish Ack (id=3181)"
"423033","3230.369129136","192.168.15.4","192.168.15.3","MQTT","68","Disconnect Req"
"423052","3231.373776471","192.168.15.4","192.168.15.3","MQTT","90","Connect Command"
"423054","3231.376270834","192.168.15.4","192.168.15.3","MQTT","97","Publish Message (id=3182) [Deviceb'Device - 2']"
"423055","3231.376738919","192.168.15.3","192.168.15.4","MQTT","70","Connect Ack"
"423058","3231.379157098","192.168.15.3","192.168.15.4","MQTT","70","Publish Ack (id=3182)"
"423060","3231.379984091","192.168.15.4","192.168.15.3","MQTT","68","Disconnect Req"
"423073","3232.384077591","192.168.15.4","192.168.15.3","MQTT","90","Connect Command"
"423075","3232.386977521","192.168.15.4","192.168.15.3","MQTT","97","Publish Message (id=3183) [Deviceb'Device - 2']"
"423076","3232.387369332","192.168.15.3","192.168.15.4","MQTT","70","Connect Ack"
"423079","3232.390042673","192.168.15.3","192.168.15.4","MQTT","70","Publish Ack (id=3183)"
"423081","3232.390643098","192.168.15.4","192.168.15.3","MQTT","68","Disconnect Req"
"423104","3233.395097141","192.168.15.4","192.168.15.3","MQTT","90","Connect Command"
"423106","3233.398042436","192.168.15.4","192.168.15.3","MQTT","97","Publish Message (id=3184) [Deviceb'Device - 2']"
"423107","3233.398729825","192.168.15.3","192.168.15.4","MQTT","70","Connect Ack"
"423110","3233.401101056","192.168.15.3","192.168.15.4","MQTT","70","Publish Ack (id=3184)"
"423112","3233.401583177","192.168.15.4","192.168.15.3","MQTT","68","Disconnect Req"
"423125","3234.406020267","192.168.15.4","192.168.15.3","MQTT","90","Connect Command"
"423127","3234.408988667","192.168.15.4","192.168.15.3","MQTT","97","Publish Message (id=3185) [Deviceb'Device - 2']"
"423128","3234.409392219","192.168.15.3","192.168.15.4","MQTT","70","Connect Ack"
"423131","3234.411922010","192.168.15.3","192.168.15.4","MQTT","70","Publish Ack (id=3185)"
"423133","3234.412337224","192.168.15.4","192.168.15.3","MQTT","68","Disconnect Req"
"423141","3235.416470210","192.168.15.4","192.168.15.3","MQTT","90","Connect Command"
"423143","3235.419301700","192.168.15.4","192.168.15.3","MQTT","97","Publish Message (id=3186) [Deviceb'Device - 2']"
"423144","3235.419741461","192.168.15.3","192.168.15.4","MQTT","70","Connect Ack"
"423147","3235.422225135","192.168.15.3","192.168.15.4","MQTT","70","Publish Ack (id=3186)"
"423149","3235.422864604","192.168.15.4","192.168.15.3","MQTT","68","Disconnect Req"
"423164","3236.427459072","192.168.15.4","192.168.15.3","MQTT","90","Connect Command"
"423166","3236.430692462","192.168.15.4","192.168.15.3","MQTT","97","Publish Message (id=3187) [Deviceb'Device - 2']"
"423167","3236.431535866","192.168.15.3","192.168.15.4","MQTT","70","Connect Ack"
"423170","3236.433596230","192.168.15.3","192.168.15.4","MQTT","70","Publish Ack (id=3187)"
"423172","3236.434117124","192.168.15.4","192.168.15.3","MQTT","68","Disconnect Req"
"423184","3237.440030513","192.168.15.4","192.168.15.3","MQTT","90","Connect Command"
"423186","3237.444730364","192.168.15.4","192.168.15.3","MQTT","97","Publish Message (id=3188) [Deviceb'Device - 2']"
"423187","3237.445118468","192.168.15.3","192.168.15.4","MQTT","70","Connect Ack"
"423190","3237.447726115","192.168.15.3","192.168.15.4","MQTT","70","Publish Ack (id=3188)"
"423192","3237.448388146","192.168.15.4","192.168.15.3","MQTT","68","Disconnect Req"
"423204","3238.452260379","192.168.15.4","192.168.15.3","MQTT","90","Connect Command"
"423206","3238.455106657","192.168.15.4","192.168.15.3","MQTT","97","Publish Message (id=3189) [Deviceb'Device - 2']"
"423208","3238.459453461","192.168.15.3","192.168.15.4","MQTT","70","Connect Ack"
"423210","3238.462123176","192.168.15.3","192.168.15.4","MQTT","70","Publish Ack (id=3189)"
"423212","3238.462711759","192.168.15.4","192.168.15.3","MQTT","68","Disconnect Req"
"423224","3239.466888838","192.168.15.4","192.168.15.3","MQTT","90","Connect Command"
"423226","3239.469797605","192.168.15.4","192.168.15.3","MQTT","97","Publish Message (id=3190) [Deviceb'Device - 2']"
"423227","3239.470274837","192.168.15.3","192.168.15.4","MQTT","70","Connect Ack"
"423230","3239.472779911","192.168.15.3","192.168.15.4","MQTT","70","Publish Ack (id=3190)"
"423232","3239.473113271","192.168.15.4","192.168.15.3","MQTT","68","Disconnect Req"
"423246","3240.477204769","192.168.15.4","192.168.15.3","MQTT","90","Connect Command"
"423248","3240.480295420","192.168.15.4","192.168.15.3","MQTT","97","Publish Message (id=3191) [Deviceb'Device - 2']"
"423249","3240.480624171","192.168.15.3","192.168.15.4","MQTT","70","Connect Ack"
"423252","3240.483237509","192.168.15.3","192.168.15.4","MQTT","70","Publish Ack (id=3191)"
"423254","3240.483903608","192.168.15.4","192.168.15.3","MQTT","68","Disconnect Req"
"423269","3241.488379272","192.168.15.4","192.168.15.3","MQTT","90","Connect Command"
"423271","3241.491225611","192.168.15.4","192.168.15.3","MQTT","97","Publish Message (id=3192) [Deviceb'Device - 2']"
"423272","3241.491607142","192.168.15.3","192.168.15.4","MQTT","70","Connect Ack"
"423275","3241.494058855","192.168.15.3","192.168.15.4","MQTT","70","Publish Ack (id=3192)"
"423277","3241.494624373","192.168.15.4","192.168.15.3","MQTT","68","Disconnect Req"
"423290","3242.498398593","192.168.15.4","192.168.15.3","MQTT","90","Connect Command"
"423292","3242.501265832","192.168.15.4","192.168.15.3","MQTT","97","Publish Message (id=3193) [Deviceb'Device - 2']"
"423293","3242.501680615","192.168.15.3","192.168.15.4","MQTT","70","Connect Ack"
"423296","3242.504392189","192.168.15.3","192.168.15.4","MQTT","70","Publish Ack (id=3193)"
"423298","3242.505113192","192.168.15.4","192.168.15.3","MQTT","68","Disconnect Req"
"423310","3243.509266376","192.168.15.4","192.168.15.3","MQTT","90","Connect Command"
"423312","3243.512623620","192.168.15.4","192.168.15.3","MQTT","97","Publish Message (id=3194) [Deviceb'Device - 2']"
"423314","3243.516446965","192.168.15.3","192.168.15.4","MQTT","70","Connect Ack"
"423316","3243.518874803","192.168.15.3","192.168.15.4","MQTT","70","Publish Ack (id=3194)"
"423318","3243.519717055","192.168.15.4","192.168.15.3","MQTT","68","Disconnect Req"
"423330","3244.523782996","192.168.15.4","192.168.15.3","MQTT","90","Connect Command"
"423332","3244.526583638","192.168.15.4","192.168.15.3","MQTT","97","Publish Message (id=3195) [Deviceb'Device - 2']"
"423333","3244.527046913","192.168.15.3","192.168.15.4","MQTT","70","Connect Ack"
"423336","3244.529426680","192.168.15.3","192.168.15.4","MQTT","70","Publish Ack (id=3195)"
"423338","3244.530132434","192.168.15.4","192.168.15.3","MQTT","68","Disconnect Req"
"423353","3245.534457456","192.168.15.4","192.168.15.3","MQTT","90","Connect Command"
"423355","3245.537339873","192.168.15.4","192.168.15.3","MQTT","97","Publish Message (id=3196) [Deviceb'Device - 2']"
"423356","3245.537716845","192.168.15.3","192.168.15.4","MQTT","70","Connect Ack"
"423359","3245.540308763","192.168.15.3","192.168.15.4","MQTT","70","Publish Ack (id=3196)"
"423361","3245.540906272","192.168.15.4","192.168.15.3","MQTT","68","Disconnect Req"
"423371","3246.544601074","192.168.15.4","192.168.15.3","MQTT","90","Connect Command"
"423373","3246.547548033","192.168.15.4","192.168.15.3","MQTT","97","Publish Message (id=3197) [Deviceb'Device - 2']"
"423374","3246.547952107","192.168.15.3","192.168.15.4","MQTT","70","Connect Ack"
"423377","3246.551475515","192.168.15.3","192.168.15.4","MQTT","70","Publish Ack (id=3197)"
"423379","3246.552280125","192.168.15.4","192.168.15.3","MQTT","68","Disconnect Req"
"423391","3247.557045349","192.168.15.4","192.168.15.3","MQTT","90","Connect Command"
"423393","3247.559839940","192.168.15.4","192.168.15.3","MQTT","97","Publish Message (id=3198) [Deviceb'Device - 2']"
"423394","3247.560346227","192.168.15.3","192.168.15.4","MQTT","70","Connect Ack"
"423397","3247.562828117","192.168.15.3","192.168.15.4","MQTT","70","Publish Ack (id=3198)"
"423399","3247.563490288","192.168.15.4","192.168.15.3","MQTT","68","Disconnect Req"
"423411","3248.567895042","192.168.15.4","192.168.15.3","MQTT","90","Connect Command"
"423413","3248.570830900","192.168.15.4","192.168.15.3","MQTT","97","Publish Message (id=3199) [Deviceb'Device - 2']"
"423415","3248.575187011","192.168.15.3","192.168.15.4","MQTT","70","Connect Ack"
"423417","3248.577790912","192.168.15.3","192.168.15.4","MQTT","70","Publish Ack (id=3199)"
"423419","3248.578279044","192.168.15.4","192.168.15.3","MQTT","68","Disconnect Req"
"423435","3249.582510171","192.168.15.4","192.168.15.3","MQTT","90","Connect Command"
"423437","3249.585357271","192.168.15.4","192.168.15.3","MQTT","97","Publish Message (id=3200) [Deviceb'Device - 2']"
"423438","3249.585782294","192.168.15.3","192.168.15.4","MQTT","70","Connect Ack"
"423441","3249.588353222","192.168.15.3","192.168.15.4","MQTT","70","Publish Ack (id=3200)"
"423443","3249.588923119","192.168.15.4","192.168.15.3","MQTT","68","Disconnect Req"
"423458","3250.593859328","192.168.15.4","192.168.15.3","MQTT","90","Connect Command"
"423460","3250.596634943","192.168.15.4","192.168.15.3","MQTT","97","Publish Message (id=3201) [Deviceb'Device - 2']"
"423461","3250.597046010","192.168.15.3","192.168.15.4","MQTT","70","Connect Ack"
"423464","3250.599712468","192.168.15.3","192.168.15.4","MQTT","70","Publish Ack (id=3201)"
"423466","3250.600322882","192.168.15.4","192.168.15.3","MQTT","68","Disconnect Req"
"423480","3251.604874382","192.168.15.4","192.168.15.3","MQTT","90","Connect Command"
"423482","3251.607630360","192.168.15.4","192.168.15.3","MQTT","97","Publish Message (id=3202) [Deviceb'Device - 2']"
"423483","3251.608010458","192.168.15.3","192.168.15.4","MQTT","70","Connect Ack"
"423486","3251.610661739","192.168.15.3","192.168.15.4","MQTT","70","Publish Ack (id=3202)"
"423488","3251.611269868","192.168.15.4","192.168.15.3","MQTT","68","Disconnect Req"
"423501","3252.615794991","192.168.15.4","192.168.15.3","MQTT","90","Connect Command"
"423503","3252.618632013","192.168.15.4","192.168.15.3","MQTT","97","Publish Message (id=3203) [Deviceb'Device - 2']"
"423504","3252.619016279","192.168.15.3","192.168.15.4","MQTT","70","Connect Ack"
"423507","3252.621457341","192.168.15.3","192.168.15.4","MQTT","70","Publish Ack (id=3203)"
"423509","3252.622060922","192.168.15.4","192.168.15.3","MQTT","68","Disconnect Req"
"423520","3253.625974098","192.168.15.4","192.168.15.3","MQTT","90","Connect Command"
"423522","3253.628864960","192.168.15.4","192.168.15.3","MQTT","97","Publish Message (id=3204) [Deviceb'Device - 2']"
"423525","3253.635472336","192.168.15.3","192.168.15.4","MQTT","70","Connect Ack"
"423527","3253.637902719","192.168.15.3","192.168.15.4","MQTT","70","Publish Ack (id=3204)"
"423529","3253.638449763","192.168.15.4","192.168.15.3","MQTT","68","Disconnect Req"
"423537","3254.642606519","192.168.15.4","192.168.15.3","MQTT","90","Connect Command"
"423539","3254.645495399","192.168.15.4","192.168.15.3","MQTT","97","Publish Message (id=3205) [Deviceb'Device - 2']"
"423540","3254.645933898","192.168.15.3","192.168.15.4","MQTT","70","Connect Ack"
"423543","3254.648814782","192.168.15.3","192.168.15.4","MQTT","70","Publish Ack (id=3205)"
"423545","3254.649509304","192.168.15.4","192.168.15.3","MQTT","68","Disconnect Req"
"423560","3255.652946089","192.168.15.4","192.168.15.3","MQTT","90","Connect Command"
"423562","3255.655943684","192.168.15.4","192.168.15.3","MQTT","97","Publish Message (id=3206) [Deviceb'Device - 2']"
"423563","3255.657196582","192.168.15.3","192.168.15.4","MQTT","70","Connect Ack"
"423566","3255.658897636","192.168.15.3","192.168.15.4","MQTT","70","Publish Ack (id=3206)"
"423568","3255.659642414","192.168.15.4","192.168.15.3","MQTT","68","Disconnect Req"
"423583","3256.663853904","192.168.15.4","192.168.15.3","MQTT","90","Connect Command"
"423585","3256.666748724","192.168.15.4","192.168.15.3","MQTT","97","Publish Message (id=3207) [Deviceb'Device - 2']"
"423586","3256.667204455","192.168.15.3","192.168.15.4","MQTT","70","Connect Ack"
"423589","3256.669732683","192.168.15.3","192.168.15.4","MQTT","70","Publish Ack (id=3207)"
"423591","3256.670361291","192.168.15.4","192.168.15.3","MQTT","68","Disconnect Req"
"423603","3257.674361412","192.168.15.4","192.168.15.3","MQTT","90","Connect Command"
"423605","3257.677334810","192.168.15.4","192.168.15.3","MQTT","97","Publish Message (id=3208) [Deviceb'Device - 2']"
"423606","3257.677716912","192.168.15.3","192.168.15.4","MQTT","70","Connect Ack"
"423609","3257.680507095","192.168.15.3","192.168.15.4","MQTT","70","Publish Ack (id=3208)"
"423611","3257.680730337","192.168.15.4","192.168.15.3","MQTT","68","Disconnect Req"
"423619","3258.684400474","192.168.15.4","192.168.15.3","MQTT","90","Connect Command"
"423621","3258.687336633","192.168.15.4","192.168.15.3","MQTT","97","Publish Message (id=3209) [Deviceb'Device - 2']"
"423623","3258.691656566","192.168.15.3","192.168.15.4","MQTT","70","Connect Ack"
"423625","3258.694126053","192.168.15.3","192.168.15.4","MQTT","70","Publish Ack (id=3209)"
"423627","3258.694690991","192.168.15.4","192.168.15.3","MQTT","68","Disconnect Req"
"423639","3259.699363893","192.168.15.4","192.168.15.3","MQTT","90","Connect Command"
"423641","3259.703289040","192.168.15.4","192.168.15.3","MQTT","97","Publish Message (id=3210) [Deviceb'Device - 2']"
"423642","3259.703667465","192.168.15.3","192.168.15.4","MQTT","70","Connect Ack"
"423645","3259.706236270","192.168.15.3","192.168.15.4","MQTT","70","Publish Ack (id=3210)"
"423647","3259.706745652","192.168.15.4","192.168.15.3","MQTT","68","Disconnect Req"
"423662","3260.710325581","192.168.15.4","192.168.15.3","MQTT","90","Connect Command"
"423664","3260.713296144","192.168.15.4","192.168.15.3","MQTT","97","Publish Message (id=3211) [Deviceb'Device - 2']"
"423665","3260.713791690","192.168.15.3","192.168.15.4","MQTT","70","Connect Ack"
"423668","3260.716502613","192.168.15.3","192.168.15.4","MQTT","70","Publish Ack (id=3211)"
"423670","3260.717212845","192.168.15.4","192.168.15.3","MQTT","68","Disconnect Req"
"423682","3261.721319469","192.168.15.4","192.168.15.3","MQTT","90","Connect Command"
"423684","3261.724321082","192.168.15.4","192.168.15.3","MQTT","97","Publish Message (id=3212) [Deviceb'Device - 2']"
"423685","3261.724722510","192.168.15.3","192.168.15.4","MQTT","70","Connect Ack"
"423688","3261.727381384","192.168.15.3","192.168.15.4","MQTT","70","Publish Ack (id=3212)"
"423690","3261.727691971","192.168.15.4","192.168.15.3","MQTT","68","Disconnect Req"
"423703","3262.731675243","192.168.15.4","192.168.15.3","MQTT","90","Connect Command"
"423705","3262.734554384","192.168.15.4","192.168.15.3","MQTT","97","Publish Message (id=3213) [Deviceb'Device - 2']"
"423706","3262.734935825","192.168.15.3","192.168.15.4","MQTT","70","Connect Ack"
"423709","3262.737437402","192.168.15.3","192.168.15.4","MQTT","70","Publish Ack (id=3213)"
"423711","3262.738181669","192.168.15.4","192.168.15.3","MQTT","68","Disconnect Req"
"423740","3263.741903985","192.168.15.4","192.168.15.3","MQTT","90","Connect Command"
"423742","3263.744746076","192.168.15.4","192.168.15.3","MQTT","97","Publish Message (id=3214) [Deviceb'Device - 2']"
"423744","3263.749086388","192.168.15.3","192.168.15.4","MQTT","70","Connect Ack"
"423746","3263.751601982","192.168.15.3","192.168.15.4","MQTT","70","Publish Ack (id=3214)"
"423748","3263.752129158","192.168.15.4","192.168.15.3","MQTT","68","Disconnect Req"
"423773","3264.756116788","192.168.15.4","192.168.15.3","MQTT","90","Connect Command"
"423775","3264.759032428","192.168.15.4","192.168.15.3","MQTT","97","Publish Message (id=3215) [Deviceb'Device - 2']"
"423776","3264.759461438","192.168.15.3","192.168.15.4","MQTT","70","Connect Ack"
"423779","3264.761908482","192.168.15.3","192.168.15.4","MQTT","70","Publish Ack (id=3215)"
"423781","3264.762493929","192.168.15.4","192.168.15.3","MQTT","68","Disconnect Req"
"423801","3265.766495605","192.168.15.4","192.168.15.3","MQTT","90","Connect Command"
"423803","3265.769189476","192.168.15.4","192.168.15.3","MQTT","97","Publish Message (id=3216) [Deviceb'Device - 2']"
"423804","3265.769630950","192.168.15.3","192.168.15.4","MQTT","70","Connect Ack"
"423807","3265.772133679","192.168.15.3","192.168.15.4","MQTT","70","Publish Ack (id=3216)"
"423809","3265.772868117","192.168.15.4","192.168.15.3","MQTT","68","Disconnect Req"
"423821","3266.777510444","192.168.15.4","192.168.15.3","MQTT","90","Connect Command"
"423823","3266.780373575","192.168.15.4","192.168.15.3","MQTT","97","Publish Message (id=3217) [Deviceb'Device - 2']"
"423824","3266.780775695","192.168.15.3","192.168.15.4","MQTT","70","Connect Ack"
"423827","3266.783448636","192.168.15.3","192.168.15.4","MQTT","70","Publish Ack (id=3217)"
"423829","3266.784247966","192.168.15.4","192.168.15.3","MQTT","68","Disconnect Req"
"423841","3267.788992327","192.168.15.4","192.168.15.3","MQTT","90","Connect Command"
"423843","3267.791841250","192.168.15.4","192.168.15.3","MQTT","97","Publish Message (id=3218) [Deviceb'Device - 2']"
"423844","3267.792212923","192.168.15.3","192.168.15.4","MQTT","70","Connect Ack"
"423847","3267.794851499","192.168.15.3","192.168.15.4","MQTT","70","Publish Ack (id=3218)"
"423849","3267.795634288","192.168.15.4","192.168.15.3","MQTT","68","Disconnect Req"
"423863","3268.800013860","192.168.15.4","192.168.15.3","MQTT","90","Connect Command"
"423865","3268.804741074","192.168.15.4","192.168.15.3","MQTT","97","Publish Message (id=3219) [Deviceb'Device - 2']"
"423867","3268.809169943","192.168.15.3","192.168.15.4","MQTT","70","Connect Ack"
"423869","3268.811666050","192.168.15.3","192.168.15.4","MQTT","70","Publish Ack (id=3219)"
"423871","3268.812466172","192.168.15.4","192.168.15.3","MQTT","68","Disconnect Req"
"423879","3269.816887394","192.168.15.4","192.168.15.3","MQTT","90","Connect Command"
"423881","3269.819742249","192.168.15.4","192.168.15.3","MQTT","97","Publish Message (id=3220) [Deviceb'Device - 2']"
"423882","3269.820199212","192.168.15.3","192.168.15.4","MQTT","70","Connect Ack"
"423885","3269.822583959","192.168.15.3","192.168.15.4","MQTT","70","Publish Ack (id=3220)"
"423887","3269.823314219","192.168.15.4","192.168.15.3","MQTT","68","Disconnect Req"
"423902","3270.827706575","192.168.15.4","192.168.15.3","MQTT","90","Connect Command"
"423904","3270.831531823","192.168.15.4","192.168.15.3","MQTT","97","Publish Message (id=3221) [Deviceb'Device - 2']"
"423905","3270.831880242","192.168.15.3","192.168.15.4","MQTT","70","Connect Ack"
"423908","3270.834460938","192.168.15.3","192.168.15.4","MQTT","70","Publish Ack (id=3221)"
"423910","3270.835138789","192.168.15.4","192.168.15.3","MQTT","68","Disconnect Req"
"423922","3271.840021413","192.168.15.4","192.168.15.3","MQTT","90","Connect Command"
"423924","3271.843279340","192.168.15.4","192.168.15.3","MQTT","97","Publish Message (id=3222) [Deviceb'Device - 2']"
"423925","3271.843613872","192.168.15.3","192.168.15.4","MQTT","70","Connect Ack"
"423928","3271.846111983","192.168.15.3","192.168.15.4","MQTT","70","Publish Ack (id=3222)"
"423930","3271.846920240","192.168.15.4","192.168.15.3","MQTT","68","Disconnect Req"
"423947","3272.851686993","192.168.15.4","192.168.15.3","MQTT","90","Connect Command"
"423949","3272.854536909","192.168.15.4","192.168.15.3","MQTT","97","Publish Message (id=3223) [Deviceb'Device - 2']"
"423950","3272.854935842","192.168.15.3","192.168.15.4","MQTT","70","Connect Ack"
"423953","3272.857638750","192.168.15.3","192.168.15.4","MQTT","70","Publish Ack (id=3223)"
"423955","3272.858410248","192.168.15.4","192.168.15.3","MQTT","68","Disconnect Req"
"423979","3273.863351363","192.168.15.4","192.168.15.3","MQTT","90","Connect Command"
"423981","3273.866244470","192.168.15.4","192.168.15.3","MQTT","97","Publish Message (id=3224) [Deviceb'Device - 2']"
"423987","3273.870572799","192.168.15.3","192.168.15.4","MQTT","70","Connect Ack"
"423989","3273.873149098","192.168.15.3","192.168.15.4","MQTT","70","Publish Ack (id=3224)"
"423993","3273.873881121","192.168.15.4","192.168.15.3","MQTT","68","Disconnect Req"
"424033","3274.877695245","192.168.15.4","192.168.15.3","MQTT","90","Connect Command"
"424035","3274.880567833","192.168.15.4","192.168.15.3","MQTT","97","Publish Message (id=3225) [Deviceb'Device - 2']"
"424036","3274.881003276","192.168.15.3","192.168.15.4","MQTT","70","Connect Ack"
"424039","3274.883195488","192.168.15.3","192.168.15.4","MQTT","70","Publish Ack (id=3225)"
"424041","3274.883870003","192.168.15.4","192.168.15.3","MQTT","68","Disconnect Req"
"424056","3275.888662497","192.168.15.4","192.168.15.3","MQTT","90","Connect Command"
"424058","3275.891502684","192.168.15.4","192.168.15.3","MQTT","97","Publish Message (id=3226) [Deviceb'Device - 2']"
"424059","3275.891937956","192.168.15.3","192.168.15.4","MQTT","70","Connect Ack"
"424062","3275.894481593","192.168.15.3","192.168.15.4","MQTT","70","Publish Ack (id=3226)"
"424064","3275.895154354","192.168.15.4","192.168.15.3","MQTT","68","Disconnect Req"
"424084","3276.899647643","192.168.15.4","192.168.15.3","MQTT","90","Connect Command"
"424086","3276.902498800","192.168.15.4","192.168.15.3","MQTT","97","Publish Message (id=3227) [Deviceb'Device - 2']"
"424087","3276.903449627","192.168.15.3","192.168.15.4","MQTT","70","Connect Ack"
"424090","3276.905427525","192.168.15.3","192.168.15.4","MQTT","70","Publish Ack (id=3227)"
"424092","3276.906081701","192.168.15.4","192.168.15.3","MQTT","68","Disconnect Req"
"424106","3277.910265955","192.168.15.4","192.168.15.3","MQTT","90","Connect Command"
"424108","3277.913147231","192.168.15.4","192.168.15.3","MQTT","97","Publish Message (id=3228) [Deviceb'Device - 2']"
"424109","3277.913587092","192.168.15.3","192.168.15.4","MQTT","70","Connect Ack"
"424112","3277.916392864","192.168.15.3","192.168.15.4","MQTT","70","Publish Ack (id=3228)"
"424114","3277.916982748","192.168.15.4","192.168.15.3","MQTT","68","Disconnect Req"
"424126","3278.922123489","192.168.15.4","192.168.15.3","MQTT","90","Connect Command"
"424128","3278.924983043","192.168.15.4","192.168.15.3","MQTT","97","Publish Message (id=3229) [Deviceb'Device - 2']"
"424130","3278.929344685","192.168.15.3","192.168.15.4","MQTT","70","Connect Ack"
"424132","3278.931823740","192.168.15.3","192.168.15.4","MQTT","70","Publish Ack (id=3229)"
"424134","3278.932620325","192.168.15.4","192.168.15.3","MQTT","68","Disconnect Req"
"424170","3279.936726443","192.168.15.4","192.168.15.3","MQTT","90","Connect Command"
"424172","3279.939685574","192.168.15.4","192.168.15.3","MQTT","97","Publish Message (id=3230) [Deviceb'Device - 2']"
"424173","3279.940061705","192.168.15.3","192.168.15.4","MQTT","70","Connect Ack"
"424176","3279.942694561","192.168.15.3","192.168.15.4","MQTT","70","Publish Ack (id=3230)"
"424178","3279.943528216","192.168.15.4","192.168.15.3","MQTT","68","Disconnect Req"
"424769","3280.948036984","192.168.15.4","192.168.15.3","MQTT","90","Connect Command"
"424771","3280.953305841","192.168.15.4","192.168.15.3","MQTT","97","Publish Message (id=3231) [Deviceb'Device - 2']"
"424772","3280.953766131","192.168.15.3","192.168.15.4","MQTT","70","Connect Ack"
"424775","3280.957053984","192.168.15.3","192.168.15.4","MQTT","70","Publish Ack (id=3231)"
"424777","3280.957800004","192.168.15.4","192.168.15.3","MQTT","68","Disconnect Req"
"424796","3281.961864352","192.168.15.4","192.168.15.3","MQTT","90","Connect Command"
"424798","3281.964746068","192.168.15.4","192.168.15.3","MQTT","97","Publish Message (id=3232) [Deviceb'Device - 2']"
"424799","3281.965136686","192.168.15.3","192.168.15.4","MQTT","70","Connect Ack"
"424802","3281.967668751","192.168.15.3","192.168.15.4","MQTT","70","Publish Ack (id=3232)"
"424804","3281.968273303","192.168.15.4","192.168.15.3","MQTT","68","Disconnect Req"
"424820","3282.972953915","192.168.15.4","192.168.15.3","MQTT","90","Connect Command"
"424822","3282.975829329","192.168.15.4","192.168.15.3","MQTT","97","Publish Message (id=3233) [Deviceb'Device - 2']"
"424823","3282.976228193","192.168.15.3","192.168.15.4","MQTT","70","Connect Ack"
"424826","3282.979175252","192.168.15.3","192.168.15.4","MQTT","70","Publish Ack (id=3233)"
"424828","3282.979734319","192.168.15.4","192.168.15.3","MQTT","68","Disconnect Req"
"424840","3283.984102834","192.168.15.4","192.168.15.3","MQTT","90","Connect Command"
"424842","3283.986993115","192.168.15.4","192.168.15.3","MQTT","97","Publish Message (id=3234) [Deviceb'Device - 2']"
"424844","3283.991402437","192.168.15.3","192.168.15.4","MQTT","70","Connect Ack"
"424846","3283.993898574","192.168.15.3","192.168.15.4","MQTT","70","Publish Ack (id=3234)"
"424848","3283.994521321","192.168.15.4","192.168.15.3","MQTT","68","Disconnect Req"
"425778","3284.998473919","192.168.15.4","192.168.15.3","MQTT","90","Connect Command"
"425780","3285.001348942","192.168.15.4","192.168.15.3","MQTT","97","Publish Message (id=3235) [Deviceb'Device - 2']"
"425781","3285.001743027","192.168.15.3","192.168.15.4","MQTT","70","Connect Ack"
"425784","3285.004333522","192.168.15.3","192.168.15.4","MQTT","70","Publish Ack (id=3235)"
"425786","3285.004796617","192.168.15.4","192.168.15.3","MQTT","68","Disconnect Req"
"425870","3286.009202091","192.168.15.4","192.168.15.3","MQTT","90","Connect Command"
"425872","3286.012011200","192.168.15.4","192.168.15.3","MQTT","97","Publish Message (id=3236) [Deviceb'Device - 2']"
"425873","3286.012398732","192.168.15.3","192.168.15.4","MQTT","70","Connect Ack"
"425876","3286.015090860","192.168.15.3","192.168.15.4","MQTT","70","Publish Ack (id=3236)"
"425878","3286.015590554","192.168.15.4","192.168.15.3","MQTT","68","Disconnect Req"
"425917","3287.019938450","192.168.15.4","192.168.15.3","MQTT","90","Connect Command"
"425919","3287.023404630","192.168.15.4","192.168.15.3","MQTT","97","Publish Message (id=3237) [Deviceb'Device - 2']"
"425920","3287.024279803","192.168.15.3","192.168.15.4","MQTT","70","Connect Ack"
"425923","3287.026247361","192.168.15.3","192.168.15.4","MQTT","70","Publish Ack (id=3237)"
"425925","3287.026789396","192.168.15.4","192.168.15.3","MQTT","68","Disconnect Req"
"425933","3288.030972500","192.168.15.4","192.168.15.3","MQTT","90","Connect Command"
"425935","3288.033901175","192.168.15.4","192.168.15.3","MQTT","97","Publish Message (id=3238) [Deviceb'Device - 2']"
"425936","3288.034316249","192.168.15.3","192.168.15.4","MQTT","70","Connect Ack"
"425939","3288.036991324","192.168.15.3","192.168.15.4","MQTT","70","Publish Ack (id=3238)"
"425941","3288.037539800","192.168.15.4","192.168.15.3","MQTT","68","Disconnect Req"
"425954","3289.042232609","192.168.15.4","192.168.15.3","MQTT","90","Connect Command"
"425956","3289.046846898","192.168.15.4","192.168.15.3","MQTT","97","Publish Message (id=3239) [Deviceb'Device - 2']"
"425957","3289.048014935","192.168.15.3","192.168.15.4","MQTT","70","Connect Ack"
"425960","3289.049613326","192.168.15.3","192.168.15.4","MQTT","70","Publish Ack (id=3239)"
"425962","3289.050231714","192.168.15.4","192.168.15.3","MQTT","68","Disconnect Req"
"425985","3290.054327587","192.168.15.4","192.168.15.3","MQTT","90","Connect Command"
"425987","3290.057197110","192.168.15.4","192.168.15.3","MQTT","97","Publish Message (id=3240) [Deviceb'Device - 2']"
"425988","3290.057623055","192.168.15.3","192.168.15.4","MQTT","70","Connect Ack"
"425991","3290.060050272","192.168.15.3","192.168.15.4","MQTT","70","Publish Ack (id=3240)"
"425993","3290.060565495","192.168.15.4","192.168.15.3","MQTT","68","Disconnect Req"
"426008","3291.064849261","192.168.15.4","192.168.15.3","MQTT","90","Connect Command"
"426010","3291.067940192","192.168.15.4","192.168.15.3","MQTT","97","Publish Message (id=3241) [Deviceb'Device - 2']"
"426011","3291.068253414","192.168.15.3","192.168.15.4","MQTT","70","Connect Ack"
"426014","3291.071456266","192.168.15.3","192.168.15.4","MQTT","70","Publish Ack (id=3241)"
"426016","3291.072275744","192.168.15.4","192.168.15.3","MQTT","68","Disconnect Req"
"426029","3292.076874556","192.168.15.4","192.168.15.3","MQTT","90","Connect Command"
"426031","3292.082648227","192.168.15.4","192.168.15.3","MQTT","97","Publish Message (id=3242) [Deviceb'Device - 2']"
"426032","3292.083447948","192.168.15.3","192.168.15.4","MQTT","70","Connect Ack"
"426035","3292.086111161","192.168.15.3","192.168.15.4","MQTT","70","Publish Ack (id=3242)"
"426037","3292.086760618","192.168.15.4","192.168.15.3","MQTT","68","Disconnect Req"
"426053","3293.091076565","192.168.15.4","192.168.15.3","MQTT","90","Connect Command"
"426055","3293.094495887","192.168.15.4","192.168.15.3","MQTT","97","Publish Message (id=3243) [Deviceb'Device - 2']"
"426056","3293.094819729","192.168.15.3","192.168.15.4","MQTT","70","Connect Ack"
"426059","3293.097456431","192.168.15.3","192.168.15.4","MQTT","70","Publish Ack (id=3243)"
"426061","3293.097969300","192.168.15.4","192.168.15.3","MQTT","68","Disconnect Req"
"426073","3294.102153701","192.168.15.4","192.168.15.3","MQTT","90","Connect Command"
"426075","3294.105066876","192.168.15.4","192.168.15.3","MQTT","97","Publish Message (id=3244) [Deviceb'Device - 2']"
"426077","3294.109421935","192.168.15.3","192.168.15.4","MQTT","70","Connect Ack"
"426079","3294.112055823","192.168.15.3","192.168.15.4","MQTT","70","Publish Ack (id=3244)"
"426081","3294.112595232","192.168.15.4","192.168.15.3","MQTT","68","Disconnect Req"
"426928","3295.117242708","192.168.15.4","192.168.15.3","MQTT","90","Connect Command"
"426930","3295.120143480","192.168.15.4","192.168.15.3","MQTT","97","Publish Message (id=3245) [Deviceb'Device - 2']"
"426931","3295.120618948","192.168.15.3","192.168.15.4","MQTT","70","Connect Ack"
"426934","3295.123141795","192.168.15.3","192.168.15.4","MQTT","70","Publish Ack (id=3245)"
"426936","3295.123715049","192.168.15.4","192.168.15.3","MQTT","68","Disconnect Req"
"426978","3296.128005839","192.168.15.4","192.168.15.3","MQTT","90","Connect Command"
"426980","3296.130928762","192.168.15.4","192.168.15.3","MQTT","97","Publish Message (id=3246) [Deviceb'Device - 2']"
"426981","3296.131319801","192.168.15.3","192.168.15.4","MQTT","70","Connect Ack"
"426984","3296.133741849","192.168.15.3","192.168.15.4","MQTT","70","Publish Ack (id=3246)"
"426986","3296.134247765","192.168.15.4","192.168.15.3","MQTT","68","Disconnect Req"
"427001","3297.138573021","192.168.15.4","192.168.15.3","MQTT","90","Connect Command"
"427003","3297.141410353","192.168.15.4","192.168.15.3","MQTT","97","Publish Message (id=3247) [Deviceb'Device - 2']"
"427004","3297.141853570","192.168.15.3","192.168.15.4","MQTT","70","Connect Ack"
"427007","3297.144447732","192.168.15.3","192.168.15.4","MQTT","70","Publish Ack (id=3247)"
"427009","3297.145018701","192.168.15.4","192.168.15.3","MQTT","68","Disconnect Req"
"427022","3298.149114275","192.168.15.4","192.168.15.3","MQTT","90","Connect Command"
"427024","3298.151997994","192.168.15.4","192.168.15.3","MQTT","97","Publish Message (id=3248) [Deviceb'Device - 2']"
"427025","3298.152393601","192.168.15.3","192.168.15.4","MQTT","70","Connect Ack"
"427028","3298.154639215","192.168.15.3","192.168.15.4","MQTT","70","Publish Ack (id=3248)"
"427030","3298.155430530","192.168.15.4","192.168.15.3","MQTT","68","Disconnect Req"
"427229","3299.159576347","192.168.15.4","192.168.15.3","MQTT","90","Connect Command"
"427231","3299.162469084","192.168.15.4","192.168.15.3","MQTT","97","Publish Message (id=3249) [Deviceb'Device - 2']"
"427232","3299.163129111","192.168.15.3","192.168.15.4","MQTT","70","Connect Ack"
"427235","3299.165249648","192.168.15.3","192.168.15.4","MQTT","70","Publish Ack (id=3249)"
"427237","3299.165776514","192.168.15.4","192.168.15.3","MQTT","68","Disconnect Req"
"427525","3300.170893718","192.168.15.4","192.168.15.3","MQTT","90","Connect Command"
"427555","3300.175633534","192.168.15.4","192.168.15.3","MQTT","97","Publish Message (id=3250) [Deviceb'Device - 2']"
"427557","3300.176017490","192.168.15.3","192.168.15.4","MQTT","70","Connect Ack"
"427560","3300.179140823","192.168.15.3","192.168.15.4","MQTT","70","Publish Ack (id=3250)"
"427563","3300.179885690","192.168.15.4","192.168.15.3","MQTT","68","Disconnect Req"
"429752","3301.184352074","192.168.15.4","192.168.15.3","MQTT","90","Connect Command"
"429754","3301.187403280","192.168.15.4","192.168.15.3","MQTT","97","Publish Message (id=3251) [Deviceb'Device - 2']"
"429755","3301.187816390","192.168.15.3","192.168.15.4","MQTT","70","Connect Ack"
"429758","3301.190260188","192.168.15.3","192.168.15.4","MQTT","70","Publish Ack (id=3251)"
"429760","3301.190775662","192.168.15.4","192.168.15.3","MQTT","68","Disconnect Req"
"429775","3302.194219734","192.168.15.4","192.168.15.3","MQTT","90","Connect Command"
"429777","3302.197260120","192.168.15.4","192.168.15.3","MQTT","97","Publish Message (id=3252) [Deviceb'Device - 2']"
"429778","3302.197671627","192.168.15.3","192.168.15.4","MQTT","70","Connect Ack"
"429781","3302.200217779","192.168.15.3","192.168.15.4","MQTT","70","Publish Ack (id=3252)"
"429783","3302.200521914","192.168.15.4","192.168.15.3","MQTT","68","Disconnect Req"
"431774","3303.204307772","192.168.15.4","192.168.15.3","MQTT","90","Connect Command"
"431776","3303.207273967","192.168.15.4","192.168.15.3","MQTT","97","Publish Message (id=3253) [Deviceb'Device - 2']"
"431777","3303.207686266","192.168.15.3","192.168.15.4","MQTT","70","Connect Ack"
"431780","3303.210131738","192.168.15.3","192.168.15.4","MQTT","70","Publish Ack (id=3253)"
"431782","3303.210934795","192.168.15.4","192.168.15.3","MQTT","68","Disconnect Req"
"431802","3304.215208666","192.168.15.4","192.168.15.3","MQTT","90","Connect Command"
"431804","3304.218140035","192.168.15.4","192.168.15.3","MQTT","97","Publish Message (id=3254) [Deviceb'Device - 2']"
"431806","3304.222501186","192.168.15.3","192.168.15.4","MQTT","70","Connect Ack"
"431808","3304.224914317","192.168.15.3","192.168.15.4","MQTT","70","Publish Ack (id=3254)"
"431810","3304.225310505","192.168.15.4","192.168.15.3","MQTT","68","Disconnect Req"
"431825","3305.228735632","192.168.15.4","192.168.15.3","MQTT","90","Connect Command"
"431827","3305.231789443","192.168.15.4","192.168.15.3","MQTT","97","Publish Message (id=3255) [Deviceb'Device - 2']"
"431828","3305.232218644","192.168.15.3","192.168.15.4","MQTT","70","Connect Ack"
"431831","3305.234620893","192.168.15.3","192.168.15.4","MQTT","70","Publish Ack (id=3255)"
"431833","3305.234938113","192.168.15.4","192.168.15.3","MQTT","68","Disconnect Req"
"431859","3306.238598585","192.168.15.4","192.168.15.3","MQTT","90","Connect Command"
"431861","3306.241486051","192.168.15.4","192.168.15.3","MQTT","97","Publish Message (id=3256) [Deviceb'Device - 2']"
"431862","3306.241878984","192.168.15.3","192.168.15.4","MQTT","70","Connect Ack"
"431865","3306.244497482","192.168.15.3","192.168.15.4","MQTT","70","Publish Ack (id=3256)"
"431867","3306.244876839","192.168.15.4","192.168.15.3","MQTT","68","Disconnect Req"
"431884","3307.248895989","192.168.15.4","192.168.15.3","MQTT","90","Connect Command"
"431886","3307.251755613","192.168.15.4","192.168.15.3","MQTT","97","Publish Message (id=3257) [Deviceb'Device - 2']"
"431887","3307.252164325","192.168.15.3","192.168.15.4","MQTT","70","Connect Ack"
"431890","3307.254824853","192.168.15.3","192.168.15.4","MQTT","70","Publish Ack (id=3257)"
"431892","3307.255410279","192.168.15.4","192.168.15.3","MQTT","68","Disconnect Req"
"431914","3308.259198974","192.168.15.4","192.168.15.3","MQTT","90","Connect Command"
"431916","3308.261912882","192.168.15.4","192.168.15.3","MQTT","97","Publish Message (id=3258) [Deviceb'Device - 2']"
"431917","3308.262337425","192.168.15.3","192.168.15.4","MQTT","70","Connect Ack"
"431920","3308.264848870","192.168.15.3","192.168.15.4","MQTT","70","Publish Ack (id=3258)"
"431922","3308.265183262","192.168.15.4","192.168.15.3","MQTT","68","Disconnect Req"
"431942","3309.269466151","192.168.15.4","192.168.15.3","MQTT","90","Connect Command"
"431944","3309.272487431","192.168.15.4","192.168.15.3","MQTT","97","Publish Message (id=3259) [Deviceb'Device - 2']"
"431946","3309.276861647","192.168.15.3","192.168.15.4","MQTT","70","Connect Ack"
"431948","3309.279379124","192.168.15.3","192.168.15.4","MQTT","70","Publish Ack (id=3259)"
"431950","3309.279697025","192.168.15.4","192.168.15.3","MQTT","68","Disconnect Req"
"431986","3310.283438311","192.168.15.4","192.168.15.3","MQTT","90","Connect Command"
"431988","3310.286423553","192.168.15.4","192.168.15.3","MQTT","97","Publish Message (id=3260) [Deviceb'Device - 2']"
"431989","3310.286854938","192.168.15.3","192.168.15.4","MQTT","70","Connect Ack"
"431992","3310.289299337","192.168.15.3","192.168.15.4","MQTT","70","Publish Ack (id=3260)"
"431994","3310.289657443","192.168.15.4","192.168.15.3","MQTT","68","Disconnect Req"
"432011","3311.293286698","192.168.15.4","192.168.15.3","MQTT","90","Connect Command"
"432013","3311.296396765","192.168.15.4","192.168.15.3","MQTT","97","Publish Message (id=3261) [Deviceb'Device - 2']"
"432014","3311.296801049","192.168.15.3","192.168.15.4","MQTT","70","Connect Ack"
"432017","3311.299358321","192.168.15.3","192.168.15.4","MQTT","70","Publish Ack (id=3261)"
"432019","3311.299737358","192.168.15.4","192.168.15.3","MQTT","68","Disconnect Req"
"432033","3312.303616384","192.168.15.4","192.168.15.3","MQTT","90","Connect Command"
"432035","3312.306542264","192.168.15.4","192.168.15.3","MQTT","97","Publish Message (id=3262) [Deviceb'Device - 2']"
"432036","3312.306927562","192.168.15.3","192.168.15.4","MQTT","70","Connect Ack"
"432039","3312.310342465","192.168.15.3","192.168.15.4","MQTT","70","Publish Ack (id=3262)"
"432041","3312.310972575","192.168.15.4","192.168.15.3","MQTT","68","Disconnect Req"
"432053","3313.314669308","192.168.15.4","192.168.15.3","MQTT","90","Connect Command"
"432055","3313.318781178","192.168.15.3","192.168.15.4","MQTT","70","Connect Ack"
"432056","3313.318815954","192.168.15.4","192.168.15.3","MQTT","97","Publish Message (id=3263) [Deviceb'Device - 2']"
"432059","3313.321611466","192.168.15.3","192.168.15.4","MQTT","70","Publish Ack (id=3263)"
"432061","3313.322093517","192.168.15.4","192.168.15.3","MQTT","68","Disconnect Req"
"434037","3314.326059488","192.168.15.4","192.168.15.3","MQTT","90","Connect Command"
"434039","3314.329091969","192.168.15.4","192.168.15.3","MQTT","97","Publish Message (id=3264) [Deviceb'Device - 2']"
"434041","3314.333454302","192.168.15.3","192.168.15.4","MQTT","70","Connect Ack"
"434043","3314.335885166","192.168.15.3","192.168.15.4","MQTT","70","Publish Ack (id=3264)"
"434045","3314.336351287","192.168.15.4","192.168.15.3","MQTT","68","Disconnect Req"
"434071","3315.340012362","192.168.15.4","192.168.15.3","MQTT","90","Connect Command"
"434073","3315.342986333","192.168.15.4","192.168.15.3","MQTT","97","Publish Message (id=3265) [Deviceb'Device - 2']"
"434074","3315.343442775","192.168.15.3","192.168.15.4","MQTT","70","Connect Ack"
"434077","3315.346054741","192.168.15.3","192.168.15.4","MQTT","70","Publish Ack (id=3265)"
"434079","3315.346468853","192.168.15.4","192.168.15.3","MQTT","68","Disconnect Req"
"434118","3316.350685139","192.168.15.4","192.168.15.3","MQTT","90","Connect Command"
"434120","3316.353518262","192.168.15.4","192.168.15.3","MQTT","97","Publish Message (id=3266) [Deviceb'Device - 2']"
"434121","3316.353949387","192.168.15.3","192.168.15.4","MQTT","70","Connect Ack"
"434124","3316.356470581","192.168.15.3","192.168.15.4","MQTT","70","Publish Ack (id=3266)"
"434126","3316.357148382","192.168.15.4","192.168.15.3","MQTT","68","Disconnect Req"
"434138","3317.361256483","192.168.15.4","192.168.15.3","MQTT","90","Connect Command"
"434140","3317.364089547","192.168.15.4","192.168.15.3","MQTT","97","Publish Message (id=3267) [Deviceb'Device - 2']"
"434141","3317.364508679","192.168.15.3","192.168.15.4","MQTT","70","Connect Ack"
"434144","3317.367110936","192.168.15.3","192.168.15.4","MQTT","70","Publish Ack (id=3267)"
"434146","3317.367441150","192.168.15.4","192.168.15.3","MQTT","68","Disconnect Req"
"434158","3318.371341208","192.168.15.4","192.168.15.3","MQTT","90","Connect Command"
"434160","3318.374329485","192.168.15.4","192.168.15.3","MQTT","97","Publish Message (id=3268) [Deviceb'Device - 2']"
"434161","3318.374802840","192.168.15.3","192.168.15.4","MQTT","70","Connect Ack"
"434164","3318.377337349","192.168.15.3","192.168.15.4","MQTT","70","Publish Ack (id=3268)"
"434166","3318.377610696","192.168.15.4","192.168.15.3","MQTT","68","Disconnect Req"
"434186","3319.381725770","192.168.15.4","192.168.15.3","MQTT","90","Connect Command"
"434188","3319.384741809","192.168.15.4","192.168.15.3","MQTT","97","Publish Message (id=3269) [Deviceb'Device - 2']"
"434190","3319.389114432","192.168.15.3","192.168.15.4","MQTT","70","Connect Ack"
"434192","3319.391559793","192.168.15.3","192.168.15.4","MQTT","70","Publish Ack (id=3269)"
"434194","3319.392259485","192.168.15.4","192.168.15.3","MQTT","68","Disconnect Req"
"434215","3320.396077208","192.168.15.4","192.168.15.3","MQTT","90","Connect Command"
"434217","3320.399793080","192.168.15.4","192.168.15.3","MQTT","97","Publish Message (id=3270) [Deviceb'Device - 2']"
"434218","3320.400569497","192.168.15.3","192.168.15.4","MQTT","70","Connect Ack"
"434221","3320.402725501","192.168.15.3","192.168.15.4","MQTT","70","Publish Ack (id=3270)"
"434223","3320.403067398","192.168.15.4","192.168.15.3","MQTT","68","Disconnect Req"
"434250","3321.406957267","192.168.15.4","192.168.15.3","MQTT","90","Connect Command"
"434252","3321.409864170","192.168.15.4","192.168.15.3","MQTT","97","Publish Message (id=3271) [Deviceb'Device - 2']"
"434253","3321.410274075","192.168.15.3","192.168.15.4","MQTT","70","Connect Ack"
"434256","3321.413480885","192.168.15.3","192.168.15.4","MQTT","70","Publish Ack (id=3271)"
"434258","3321.413862737","192.168.15.4","192.168.15.3","MQTT","68","Disconnect Req"
"434280","3322.417275735","192.168.15.4","192.168.15.3","MQTT","90","Connect Command"
"434282","3322.422631676","192.168.15.3","192.168.15.4","MQTT","70","Connect Ack"
"434283","3322.422680799","192.168.15.4","192.168.15.3","MQTT","97","Publish Message (id=3272) [Deviceb'Device - 2']"
"434286","3322.425570119","192.168.15.3","192.168.15.4","MQTT","70","Publish Ack (id=3272)"
"434288","3322.426192786","192.168.15.4","192.168.15.3","MQTT","68","Disconnect Req"
"436493","3323.430020608","192.168.15.4","192.168.15.3","MQTT","90","Connect Command"
"436495","3323.432938211","192.168.15.4","192.168.15.3","MQTT","97","Publish Message (id=3273) [Deviceb'Device - 2']"
"436496","3323.433344710","192.168.15.3","192.168.15.4","MQTT","70","Connect Ack"
"436499","3323.435824807","192.168.15.3","192.168.15.4","MQTT","70","Publish Ack (id=3273)"
"436501","3323.436309813","192.168.15.4","192.168.15.3","MQTT","68","Disconnect Req"
"436513","3324.440189143","192.168.15.4","192.168.15.3","MQTT","90","Connect Command"
"436515","3324.443180546","192.168.15.4","192.168.15.3","MQTT","97","Publish Message (id=3274) [Deviceb'Device - 2']"
"436517","3324.447529204","192.168.15.3","192.168.15.4","MQTT","70","Connect Ack"
"436519","3324.449998500","192.168.15.3","192.168.15.4","MQTT","70","Publish Ack (id=3274)"
"436521","3324.450280313","192.168.15.4","192.168.15.3","MQTT","68","Disconnect Req"
"436536","3325.454323693","192.168.15.4","192.168.15.3","MQTT","90","Connect Command"
"436538","3325.457085201","192.168.15.4","192.168.15.3","MQTT","97","Publish Message (id=3275) [Deviceb'Device - 2']"
"436539","3325.457570007","192.168.15.3","192.168.15.4","MQTT","70","Connect Ack"
"436542","3325.459941428","192.168.15.3","192.168.15.4","MQTT","70","Publish Ack (id=3275)"
"436544","3325.460234532","192.168.15.4","192.168.15.3","MQTT","68","Disconnect Req"
"436564","3326.464311748","192.168.15.4","192.168.15.3","MQTT","90","Connect Command"
"436566","3326.467200897","192.168.15.4","192.168.15.3","MQTT","97","Publish Message (id=3276) [Deviceb'Device - 2']"
"436567","3326.467592177","192.168.15.3","192.168.15.4","MQTT","70","Connect Ack"
"436570","3326.470187361","192.168.15.3","192.168.15.4","MQTT","70","Publish Ack (id=3276)"
"436572","3326.470902352","192.168.15.4","192.168.15.3","MQTT","68","Disconnect Req"
"436580","3327.474587155","192.168.15.4","192.168.15.3","MQTT","90","Connect Command"
"436582","3327.477542219","192.168.15.4","192.168.15.3","MQTT","97","Publish Message (id=3277) [Deviceb'Device - 2']"
"436583","3327.477953727","192.168.15.3","192.168.15.4","MQTT","70","Connect Ack"
"436586","3327.480519916","192.168.15.3","192.168.15.4","MQTT","70","Publish Ack (id=3277)"
"436588","3327.480876130","192.168.15.4","192.168.15.3","MQTT","68","Disconnect Req"
"436600","3328.484941111","192.168.15.4","192.168.15.3","MQTT","90","Connect Command"
"436602","3328.487880004","192.168.15.4","192.168.15.3","MQTT","97","Publish Message (id=3278) [Deviceb'Device - 2']"
"436603","3328.488788361","192.168.15.3","192.168.15.4","MQTT","70","Connect Ack"
"436606","3328.490867420","192.168.15.3","192.168.15.4","MQTT","70","Publish Ack (id=3278)"
"436608","3328.491566501","192.168.15.4","192.168.15.3","MQTT","68","Disconnect Req"
"436652","3329.496751589","192.168.15.4","192.168.15.3","MQTT","90","Connect Command"
"436654","3329.499626282","192.168.15.4","192.168.15.3","MQTT","97","Publish Message (id=3279) [Deviceb'Device - 2']"
"436656","3329.504127508","192.168.15.3","192.168.15.4","MQTT","70","Connect Ack"
"436658","3329.506710620","192.168.15.3","192.168.15.4","MQTT","70","Publish Ack (id=3279)"
"436660","3329.507489532","192.168.15.4","192.168.15.3","MQTT","68","Disconnect Req"
"436695","3330.511722171","192.168.15.4","192.168.15.3","MQTT","90","Connect Command"
"436697","3330.514576164","192.168.15.4","192.168.15.3","MQTT","97","Publish Message (id=3280) [Deviceb'Device - 2']"
"436698","3330.514978203","192.168.15.3","192.168.15.4","MQTT","70","Connect Ack"
"436701","3330.517635014","192.168.15.3","192.168.15.4","MQTT","70","Publish Ack (id=3280)"
"436703","3330.517935282","192.168.15.4","192.168.15.3","MQTT","68","Disconnect Req"
"436718","3331.521209820","192.168.15.4","192.168.15.3","MQTT","90","Connect Command"
"436720","3331.524167119","192.168.15.4","192.168.15.3","MQTT","97","Publish Message (id=3281) [Deviceb'Device - 2']"
"436721","3331.524585971","192.168.15.3","192.168.15.4","MQTT","70","Connect Ack"
"436724","3331.527138614","192.168.15.3","192.168.15.4","MQTT","70","Publish Ack (id=3281)"
"436726","3331.527375482","192.168.15.4","192.168.15.3","MQTT","68","Disconnect Req"
"436739","3332.530816896","192.168.15.4","192.168.15.3","MQTT","90","Connect Command"
"436741","3332.533797699","192.168.15.4","192.168.15.3","MQTT","97","Publish Message (id=3282) [Deviceb'Device - 2']"
"436742","3332.534289178","192.168.15.3","192.168.15.4","MQTT","70","Connect Ack"
"436745","3332.536684444","192.168.15.3","192.168.15.4","MQTT","70","Publish Ack (id=3282)"
"436747","3332.536949666","192.168.15.4","192.168.15.3","MQTT","68","Disconnect Req"
"436813","3333.540848745","192.168.15.4","192.168.15.3","MQTT","90","Connect Command"
"436815","3333.543874072","192.168.15.4","192.168.15.3","MQTT","97","Publish Message (id=3283) [Deviceb'Device - 2']"
"436816","3333.544349491","192.168.15.3","192.168.15.4","MQTT","70","Connect Ack"
"436819","3333.546673562","192.168.15.3","192.168.15.4","MQTT","70","Publish Ack (id=3283)"
"436821","3333.546917533","192.168.15.4","192.168.15.3","MQTT","68","Disconnect Req"
"436844","3334.550827714","192.168.15.4","192.168.15.3","MQTT","90","Connect Command"
"436846","3334.555064160","192.168.15.4","192.168.15.3","MQTT","97","Publish Message (id=3284) [Deviceb'Device - 2']"
"436848","3334.558287481","192.168.15.3","192.168.15.4","MQTT","70","Connect Ack"
"436850","3334.560741599","192.168.15.3","192.168.15.4","MQTT","70","Publish Ack (id=3284)"
"436852","3334.561015196","192.168.15.4","192.168.15.3","MQTT","68","Disconnect Req"
"436992","3335.564800581","192.168.15.4","192.168.15.3","MQTT","90","Connect Command"
"436994","3335.567816029","192.168.15.4","192.168.15.3","MQTT","97","Publish Message (id=3285) [Deviceb'Device - 2']"
"436995","3335.568264787","192.168.15.3","192.168.15.4","MQTT","70","Connect Ack"
"436998","3335.570674441","192.168.15.3","192.168.15.4","MQTT","70","Publish Ack (id=3285)"
"437000","3335.570950963","192.168.15.4","192.168.15.3","MQTT","68","Disconnect Req"
"438889","3336.575450488","192.168.15.4","192.168.15.3","MQTT","90","Connect Command"
"438891","3336.578826157","192.168.15.4","192.168.15.3","MQTT","97","Publish Message (id=3286) [Deviceb'Device - 2']"
"438892","3336.579721670","192.168.15.3","192.168.15.4","MQTT","70","Connect Ack"
"438895","3336.581669470","192.168.15.3","192.168.15.4","MQTT","70","Publish Ack (id=3286)"
"438897","3336.582095425","192.168.15.4","192.168.15.3","MQTT","68","Disconnect Req"
"438909","3337.586658290","192.168.15.4","192.168.15.3","MQTT","90","Connect Command"
"438911","3337.589568219","192.168.15.4","192.168.15.3","MQTT","97","Publish Message (id=3287) [Deviceb'Device - 2']"
"438912","3337.589978054","192.168.15.3","192.168.15.4","MQTT","70","Connect Ack"
"438915","3337.592571605","192.168.15.3","192.168.15.4","MQTT","70","Publish Ack (id=3287)"
"438917","3337.593093902","192.168.15.4","192.168.15.3","MQTT","68","Disconnect Req"
"439293","3338.597415521","192.168.15.4","192.168.15.3","MQTT","90","Connect Command"
"439295","3338.600410631","192.168.15.4","192.168.15.3","MQTT","97","Publish Message (id=3288) [Deviceb'Device - 2']"
"439296","3338.600864349","192.168.15.3","192.168.15.4","MQTT","70","Connect Ack"
"439299","3338.603504228","192.168.15.3","192.168.15.4","MQTT","70","Publish Ack (id=3288)"
"439301","3338.603994184","192.168.15.4","192.168.15.3","MQTT","68","Disconnect Req"
"439309","3339.608359064","192.168.15.4","192.168.15.3","MQTT","90","Connect Command"
"439311","3339.611317806","192.168.15.4","192.168.15.3","MQTT","97","Publish Message (id=3289) [Deviceb'Device - 2']"
"439313","3339.615730795","192.168.15.3","192.168.15.4","MQTT","70","Connect Ack"
"439315","3339.618166658","192.168.15.3","192.168.15.4","MQTT","70","Publish Ack (id=3289)"
"439317","3339.619071027","192.168.15.4","192.168.15.3","MQTT","68","Disconnect Req"
"439340","3340.623617843","192.168.15.4","192.168.15.3","MQTT","90","Connect Command"
"439342","3340.626358211","192.168.15.4","192.168.15.3","MQTT","97","Publish Message (id=3290) [Deviceb'Device - 2']"
"439343","3340.626757586","192.168.15.3","192.168.15.4","MQTT","70","Connect Ack"
"439346","3340.629176537","192.168.15.3","192.168.15.4","MQTT","70","Publish Ack (id=3290)"
"439348","3340.629833899","192.168.15.4","192.168.15.3","MQTT","68","Disconnect Req"
"439360","3341.634364154","192.168.15.4","192.168.15.3","MQTT","90","Connect Command"
"439362","3341.637289802","192.168.15.4","192.168.15.3","MQTT","97","Publish Message (id=3291) [Deviceb'Device - 2']"
"439363","3341.637712982","192.168.15.3","192.168.15.4","MQTT","70","Connect Ack"
"439366","3341.640518844","192.168.15.3","192.168.15.4","MQTT","70","Publish Ack (id=3291)"
"439368","3341.640917688","192.168.15.4","192.168.15.3","MQTT","68","Disconnect Req"
"439381","3342.644913604","192.168.15.4","192.168.15.3","MQTT","90","Connect Command"
"439383","3342.647846165","192.168.15.4","192.168.15.3","MQTT","97","Publish Message (id=3292) [Deviceb'Device - 2']"
"439384","3342.648250439","192.168.15.3","192.168.15.4","MQTT","70","Connect Ack"
"439387","3342.650921006","192.168.15.3","192.168.15.4","MQTT","70","Publish Ack (id=3292)"
"439389","3342.651334176","192.168.15.4","192.168.15.3","MQTT","68","Disconnect Req"
"439401","3343.654939854","192.168.15.4","192.168.15.3","MQTT","90","Connect Command"
"439403","3343.657823574","192.168.15.4","192.168.15.3","MQTT","97","Publish Message (id=3293) [Deviceb'Device - 2']"
"439404","3343.658269326","192.168.15.3","192.168.15.4","MQTT","70","Connect Ack"
"439407","3343.660639315","192.168.15.3","192.168.15.4","MQTT","70","Publish Ack (id=3293)"
"439409","3343.660990468","192.168.15.4","192.168.15.3","MQTT","68","Disconnect Req"
"439421","3344.664586007","192.168.15.4","192.168.15.3","MQTT","90","Connect Command"
"439423","3344.667525933","192.168.15.4","192.168.15.3","MQTT","97","Publish Message (id=3294) [Deviceb'Device - 2']"
"439425","3344.671824836","192.168.15.3","192.168.15.4","MQTT","70","Connect Ack"
"439427","3344.674258595","192.168.15.3","192.168.15.4","MQTT","70","Publish Ack (id=3294)"
"439429","3344.675048969","192.168.15.4","192.168.15.3","MQTT","68","Disconnect Req"
"439467","3345.679239883","192.168.15.4","192.168.15.3","MQTT","90","Connect Command"
"439469","3345.682127299","192.168.15.4","192.168.15.3","MQTT","97","Publish Message (id=3295) [Deviceb'Device - 2']"
"439470","3345.682527696","192.168.15.3","192.168.15.4","MQTT","70","Connect Ack"
"439473","3345.685070551","192.168.15.3","192.168.15.4","MQTT","70","Publish Ack (id=3295)"
"439475","3345.685696544","192.168.15.4","192.168.15.3","MQTT","68","Disconnect Req"
"441358","3346.689467755","192.168.15.4","192.168.15.3","MQTT","90","Connect Command"
"441360","3346.694819708","192.168.15.4","192.168.15.3","MQTT","97","Publish Message (id=3296) [Deviceb'Device - 2']"
"441361","3346.695270891","192.168.15.3","192.168.15.4","MQTT","70","Connect Ack"
"441364","3346.698848011","192.168.15.3","192.168.15.4","MQTT","70","Publish Ack (id=3296)"
"441366","3346.699350510","192.168.15.4","192.168.15.3","MQTT","68","Disconnect Req"
"441378","3347.703418132","192.168.15.4","192.168.15.3","MQTT","90","Connect Command"
"441380","3347.706336717","192.168.15.4","192.168.15.3","MQTT","97","Publish Message (id=3297) [Deviceb'Device - 2']"
"441381","3347.706723248","192.168.15.3","192.168.15.4","MQTT","70","Connect Ack"
"441384","3347.709246155","192.168.15.3","192.168.15.4","MQTT","70","Publish Ack (id=3297)"
"441386","3347.710069331","192.168.15.4","192.168.15.3","MQTT","68","Disconnect Req"
"441400","3348.714409637","192.168.15.4","192.168.15.3","MQTT","90","Connect Command"
"441402","3348.717352919","192.168.15.4","192.168.15.3","MQTT","97","Publish Message (id=3298) [Deviceb'Device - 2']"
"441403","3348.717729260","192.168.15.3","192.168.15.4","MQTT","70","Connect Ack"
"441406","3348.720448269","192.168.15.3","192.168.15.4","MQTT","70","Publish Ack (id=3298)"
"441408","3348.721118996","192.168.15.4","192.168.15.3","MQTT","68","Disconnect Req"
"441420","3349.725678918","192.168.15.4","192.168.15.3","MQTT","90","Connect Command"
"441422","3349.728581403","192.168.15.4","192.168.15.3","MQTT","97","Publish Message (id=3299) [Deviceb'Device - 2']"
"441424","3349.733026713","192.168.15.3","192.168.15.4","MQTT","70","Connect Ack"
"441426","3349.735538200","192.168.15.3","192.168.15.4","MQTT","70","Publish Ack (id=3299)"
"441429","3349.736345716","192.168.15.4","192.168.15.3","MQTT","68","Disconnect Req"
"441445","3350.743127998","192.168.15.4","192.168.15.3","MQTT","90","Connect Command"
"441447","3350.746026024","192.168.15.4","192.168.15.3","MQTT","97","Publish Message (id=3300) [Deviceb'Device - 2']"
"441448","3350.746426521","192.168.15.3","192.168.15.4","MQTT","70","Connect Ack"
"441451","3350.748854219","192.168.15.3","192.168.15.4","MQTT","70","Publish Ack (id=3300)"
"441453","3350.749535967","192.168.15.4","192.168.15.3","MQTT","68","Disconnect Req"
"441463","3351.753073448","192.168.15.4","192.168.15.3","MQTT","90","Connect Command"
"441465","3351.756091391","192.168.15.4","192.168.15.3","MQTT","97","Publish Message (id=3301) [Deviceb'Device - 2']"
"441466","3351.756512767","192.168.15.3","192.168.15.4","MQTT","70","Connect Ack"
"441469","3351.759189556","192.168.15.3","192.168.15.4","MQTT","70","Publish Ack (id=3301)"
"441471","3351.759518087","192.168.15.4","192.168.15.3","MQTT","68","Disconnect Req"
"441482","3352.762908580","192.168.15.4","192.168.15.3","MQTT","90","Connect Command"
"441484","3352.765976337","192.168.15.4","192.168.15.3","MQTT","97","Publish Message (id=3302) [Deviceb'Device - 2']"
"441485","3352.766407391","192.168.15.3","192.168.15.4","MQTT","70","Connect Ack"
"441488","3352.769057730","192.168.15.3","192.168.15.4","MQTT","70","Publish Ack (id=3302)"
"441490","3352.769477874","192.168.15.4","192.168.15.3","MQTT","68","Disconnect Req"
"441867","3353.773158696","192.168.15.4","192.168.15.3","MQTT","90","Connect Command"
"441869","3353.776181107","192.168.15.4","192.168.15.3","MQTT","97","Publish Message (id=3303) [Deviceb'Device - 2']"
"441870","3353.776568169","192.168.15.3","192.168.15.4","MQTT","70","Connect Ack"
"441873","3353.779192428","192.168.15.3","192.168.15.4","MQTT","70","Publish Ack (id=3303)"
"441875","3353.779554232","192.168.15.4","192.168.15.3","MQTT","68","Disconnect Req"
"441887","3354.784119395","192.168.15.4","192.168.15.3","MQTT","90","Connect Command"
"441889","3354.787027351","192.168.15.4","192.168.15.3","MQTT","97","Publish Message (id=3304) [Deviceb'Device - 2']"
"441891","3354.791405344","192.168.15.3","192.168.15.4","MQTT","70","Connect Ack"
"441893","3354.793849473","192.168.15.3","192.168.15.4","MQTT","70","Publish Ack (id=3304)"
"441895","3354.794443796","192.168.15.4","192.168.15.3","MQTT","68","Disconnect Req"
"443627","3355.799183449","192.168.15.4","192.168.15.3","MQTT","90","Connect Command"
"443629","3355.802069543","192.168.15.4","192.168.15.3","MQTT","97","Publish Message (id=3305) [Deviceb'Device - 2']"
"443630","3355.802439442","192.168.15.3","192.168.15.4","MQTT","70","Connect Ack"
"443633","3355.805522307","192.168.15.3","192.168.15.4","MQTT","70","Publish Ack (id=3305)"
"443635","3355.806376481","192.168.15.4","192.168.15.3","MQTT","68","Disconnect Req"
"443655","3356.810857356","192.168.15.4","192.168.15.3","MQTT","90","Connect Command"
"443657","3356.813737339","192.168.15.4","192.168.15.3","MQTT","97","Publish Message (id=3306) [Deviceb'Device - 2']"
"443658","3356.814244327","192.168.15.3","192.168.15.4","MQTT","70","Connect Ack"
"443661","3356.816589989","192.168.15.3","192.168.15.4","MQTT","70","Publish Ack (id=3306)"
"443663","3356.817351739","192.168.15.4","192.168.15.3","MQTT","68","Disconnect Req"
"443675","3357.821681798","192.168.15.4","192.168.15.3","MQTT","90","Connect Command"
"443677","3357.824521735","192.168.15.4","192.168.15.3","MQTT","97","Publish Message (id=3307) [Deviceb'Device - 2']"
"443678","3357.824944744","192.168.15.3","192.168.15.4","MQTT","70","Connect Ack"
"443681","3357.827529088","192.168.15.3","192.168.15.4","MQTT","70","Publish Ack (id=3307)"
"443683","3357.827874321","192.168.15.4","192.168.15.3","MQTT","68","Disconnect Req"
"443695","3358.831596301","192.168.15.4","192.168.15.3","MQTT","90","Connect Command"
"443697","3358.834613483","192.168.15.4","192.168.15.3","MQTT","97","Publish Message (id=3308) [Deviceb'Device - 2']"
"443698","3358.835041993","192.168.15.3","192.168.15.4","MQTT","70","Connect Ack"
"443701","3358.837572805","192.168.15.3","192.168.15.4","MQTT","70","Publish Ack (id=3308)"
"443703","3358.837804944","192.168.15.4","192.168.15.3","MQTT","68","Disconnect Req"
"443715","3359.841493482","192.168.15.4","192.168.15.3","MQTT","90","Connect Command"
"443717","3359.844534729","192.168.15.4","192.168.15.3","MQTT","97","Publish Message (id=3309) [Deviceb'Device - 2']"
"443719","3359.849015987","192.168.15.3","192.168.15.4","MQTT","70","Connect Ack"
"443721","3359.851534186","192.168.15.3","192.168.15.4","MQTT","70","Publish Ack (id=3309)"
"443723","3359.851800509","192.168.15.4","192.168.15.3","MQTT","68","Disconnect Req"
"443738","3360.855757315","192.168.15.4","192.168.15.3","MQTT","90","Connect Command"
"443740","3360.858730122","192.168.15.4","192.168.15.3","MQTT","97","Publish Message (id=3310) [Deviceb'Device - 2']"
"443741","3360.859212764","192.168.15.3","192.168.15.4","MQTT","70","Connect Ack"
"443744","3360.861650471","192.168.15.3","192.168.15.4","MQTT","70","Publish Ack (id=3310)"
"443746","3360.861865267","192.168.15.4","192.168.15.3","MQTT","68","Disconnect Req"
"443758","3361.865449608","192.168.15.4","192.168.15.3","MQTT","90","Connect Command"
"443760","3361.868368304","192.168.15.4","192.168.15.3","MQTT","97","Publish Message (id=3311) [Deviceb'Device - 2']"
"443761","3361.868772728","192.168.15.3","192.168.15.4","MQTT","70","Connect Ack"
"443769","3361.871344849","192.168.15.3","192.168.15.4","MQTT","70","Publish Ack (id=3311)"
"443771","3361.871689490","192.168.15.4","192.168.15.3","MQTT","68","Disconnect Req"
"443782","3362.875590951","192.168.15.4","192.168.15.3","MQTT","90","Connect Command"
"443784","3362.878499007","192.168.15.4","192.168.15.3","MQTT","97","Publish Message (id=3312) [Deviceb'Device - 2']"
"443785","3362.879228696","192.168.15.3","192.168.15.4","MQTT","70","Connect Ack"
"443788","3362.881472215","192.168.15.3","192.168.15.4","MQTT","70","Publish Ack (id=3312)"
"443790","3362.881784165","192.168.15.4","192.168.15.3","MQTT","68","Disconnect Req"
"443798","3363.885892828","192.168.15.4","192.168.15.3","MQTT","90","Connect Command"
"443800","3363.888780945","192.168.15.4","192.168.15.3","MQTT","97","Publish Message (id=3313) [Deviceb'Device - 2']"
"443801","3363.889178256","192.168.15.3","192.168.15.4","MQTT","70","Connect Ack"
"443804","3363.891846398","192.168.15.3","192.168.15.4","MQTT","70","Publish Ack (id=3313)"
"443806","3363.892189426","192.168.15.4","192.168.15.3","MQTT","68","Disconnect Req"
"443831","3364.895895438","192.168.15.4","192.168.15.3","MQTT","90","Connect Command"
"443833","3364.898765011","192.168.15.4","192.168.15.3","MQTT","97","Publish Message (id=3314) [Deviceb'Device - 2']"
"443835","3364.903216423","192.168.15.3","192.168.15.4","MQTT","70","Connect Ack"
"443837","3364.905772984","192.168.15.3","192.168.15.4","MQTT","70","Publish Ack (id=3314)"
"443839","3364.906111714","192.168.15.4","192.168.15.3","MQTT","68","Disconnect Req"
"445519","3365.909859085","192.168.15.4","192.168.15.3","MQTT","90","Connect Command"
"445521","3365.912968150","192.168.15.4","192.168.15.3","MQTT","97","Publish Message (id=3315) [Deviceb'Device - 2']"
"445522","3365.913282384","192.168.15.3","192.168.15.4","MQTT","70","Connect Ack"
"445525","3365.915873330","192.168.15.3","192.168.15.4","MQTT","70","Publish Ack (id=3315)"
"445527","3365.916168188","192.168.15.4","192.168.15.3","MQTT","68","Disconnect Req"
"445539","3366.920230593","192.168.15.4","192.168.15.3","MQTT","90","Connect Command"
"445541","3366.925253706","192.168.15.4","192.168.15.3","MQTT","97","Publish Message (id=3316) [Deviceb'Device - 2']"
"445542","3366.925662959","192.168.15.3","192.168.15.4","MQTT","70","Connect Ack"
"445545","3366.928116365","192.168.15.3","192.168.15.4","MQTT","70","Publish Ack (id=3316)"
"445547","3366.928666946","192.168.15.4","192.168.15.3","MQTT","68","Disconnect Req"
"445565","3367.932032475","192.168.15.4","192.168.15.3","MQTT","90","Connect Command"
"445567","3367.935083010","192.168.15.4","192.168.15.3","MQTT","97","Publish Message (id=3317) [Deviceb'Device - 2']"
"445568","3367.935472646","192.168.15.3","192.168.15.4","MQTT","70","Connect Ack"
"445571","3367.937972060","192.168.15.3","192.168.15.4","MQTT","70","Publish Ack (id=3317)"
"445573","3367.938585990","192.168.15.4","192.168.15.3","MQTT","68","Disconnect Req"
"445599","3368.942140316","192.168.15.4","192.168.15.3","MQTT","90","Connect Command"
"445601","3368.945161545","192.168.15.4","192.168.15.3","MQTT","97","Publish Message (id=3318) [Deviceb'Device - 2']"
"445602","3368.945589494","192.168.15.3","192.168.15.4","MQTT","70","Connect Ack"
"445605","3368.948044303","192.168.15.3","192.168.15.4","MQTT","70","Publish Ack (id=3318)"
"445607","3368.948609521","192.168.15.4","192.168.15.3","MQTT","68","Disconnect Req"
"445632","3369.952642793","192.168.15.4","192.168.15.3","MQTT","90","Connect Command"
"445635","3369.955576817","192.168.15.4","192.168.15.3","MQTT","97","Publish Message (id=3319) [Deviceb'Device - 2']"
"445637","3369.959987723","192.168.15.3","192.168.15.4","MQTT","70","Connect Ack"
"445639","3369.962408267","192.168.15.3","192.168.15.4","MQTT","70","Publish Ack (id=3319)"
"445641","3369.962628784","192.168.15.4","192.168.15.3","MQTT","68","Disconnect Req"
"446040","3370.966118589","192.168.15.4","192.168.15.3","MQTT","90","Connect Command"
"446042","3370.969114420","192.168.15.4","192.168.15.3","MQTT","97","Publish Message (id=3320) [Deviceb'Device - 2']"
"446043","3370.969591512","192.168.15.3","192.168.15.4","MQTT","70","Connect Ack"
"446046","3370.972099892","192.168.15.3","192.168.15.4","MQTT","70","Publish Ack (id=3320)"
"446048","3370.972696800","192.168.15.4","192.168.15.3","MQTT","68","Disconnect Req"
"446056","3371.977161187","192.168.15.4","192.168.15.3","MQTT","90","Connect Command"
"446058","3371.980070465","192.168.15.4","192.168.15.3","MQTT","97","Publish Message (id=3321) [Deviceb'Device - 2']"
"446059","3371.980502581","192.168.15.3","192.168.15.4","MQTT","70","Connect Ack"
"446063","3371.982951068","192.168.15.3","192.168.15.4","MQTT","70","Publish Ack (id=3321)"
"446065","3371.983267606","192.168.15.4","192.168.15.3","MQTT","68","Disconnect Req"
"446077","3372.987285519","192.168.15.4","192.168.15.3","MQTT","90","Connect Command"
"446079","3372.990170521","192.168.15.4","192.168.15.3","MQTT","97","Publish Message (id=3322) [Deviceb'Device - 2']"
"446080","3372.990583782","192.168.15.3","192.168.15.4","MQTT","70","Connect Ack"
"446083","3372.993075561","192.168.15.3","192.168.15.4","MQTT","70","Publish Ack (id=3322)"
"446085","3372.993637302","192.168.15.4","192.168.15.3","MQTT","68","Disconnect Req"
"447904","3373.997351572","192.168.15.4","192.168.15.3","MQTT","90","Connect Command"
"447906","3374.000240822","192.168.15.4","192.168.15.3","MQTT","97","Publish Message (id=3323) [Deviceb'Device - 2']"
"447907","3374.000660786","192.168.15.3","192.168.15.4","MQTT","70","Connect Ack"
"447910","3374.003173094","192.168.15.3","192.168.15.4","MQTT","70","Publish Ack (id=3323)"
"447912","3374.003550266","192.168.15.4","192.168.15.3","MQTT","68","Disconnect Req"
"447923","3375.007320592","192.168.15.4","192.168.15.3","MQTT","90","Connect Command"
"447925","3375.010303719","192.168.15.4","192.168.15.3","MQTT","97","Publish Message (id=3324) [Deviceb'Device - 2']"
"447927","3375.014684928","192.168.15.3","192.168.15.4","MQTT","70","Connect Ack"
"447929","3375.017076538","192.168.15.3","192.168.15.4","MQTT","70","Publish Ack (id=3324)"
"447931","3375.017349293","192.168.15.4","192.168.15.3","MQTT","68","Disconnect Req"
"447949","3376.021000184","192.168.15.4","192.168.15.3","MQTT","90","Connect Command"
"447951","3376.024023517","192.168.15.4","192.168.15.3","MQTT","97","Publish Message (id=3325) [Deviceb'Device - 2']"
"447952","3376.024489428","192.168.15.3","192.168.15.4","MQTT","70","Connect Ack"
"447955","3376.027079672","192.168.15.3","192.168.15.4","MQTT","70","Publish Ack (id=3325)"
"447957","3376.027413713","192.168.15.4","192.168.15.3","MQTT","68","Disconnect Req"
"447969","3377.031900925","192.168.15.4","192.168.15.3","MQTT","90","Connect Command"
"447971","3377.034813619","192.168.15.4","192.168.15.3","MQTT","97","Publish Message (id=3326) [Deviceb'Device - 2']"
"447972","3377.035209747","192.168.15.3","192.168.15.4","MQTT","70","Connect Ack"
"447975","3377.037688321","192.168.15.3","192.168.15.4","MQTT","70","Publish Ack (id=3326)"
"447977","3377.038168478","192.168.15.4","192.168.15.3","MQTT","68","Disconnect Req"
"447989","3378.042296211","192.168.15.4","192.168.15.3","MQTT","90","Connect Command"
"447991","3378.045190670","192.168.15.4","192.168.15.3","MQTT","97","Publish Message (id=3327) [Deviceb'Device - 2']"
"447992","3378.045590466","192.168.15.3","192.168.15.4","MQTT","70","Connect Ack"
"447995","3378.048146316","192.168.15.3","192.168.15.4","MQTT","70","Publish Ack (id=3327)"
"447997","3378.048521345","192.168.15.4","192.168.15.3","MQTT","68","Disconnect Req"
"448009","3379.052447486","192.168.15.4","192.168.15.3","MQTT","90","Connect Command"
"448011","3379.055316207","192.168.15.4","192.168.15.3","MQTT","97","Publish Message (id=3328) [Deviceb'Device - 2']"
"448012","3379.055709330","192.168.15.3","192.168.15.4","MQTT","70","Connect Ack"
"448015","3379.058752250","192.168.15.3","192.168.15.4","MQTT","70","Publish Ack (id=3328)"
"448017","3379.059218401","192.168.15.4","192.168.15.3","MQTT","68","Disconnect Req"
"448031","3380.063259550","192.168.15.4","192.168.15.3","MQTT","90","Connect Command"
"448033","3380.066382882","192.168.15.4","192.168.15.3","MQTT","97","Publish Message (id=3329) [Deviceb'Device - 2']"
"448035","3380.070526032","192.168.15.3","192.168.15.4","MQTT","70","Connect Ack"
"448037","3380.072944602","192.168.15.3","192.168.15.4","MQTT","70","Publish Ack (id=3329)"
"448039","3380.073381678","192.168.15.4","192.168.15.3","MQTT","68","Disconnect Req"
"448056","3381.077609320","192.168.15.4","192.168.15.3","MQTT","90","Connect Command"
"448058","3381.080615961","192.168.15.4","192.168.15.3","MQTT","97","Publish Message (id=3330) [Deviceb'Device - 2']"
"448059","3381.081076422","192.168.15.3","192.168.15.4","MQTT","70","Connect Ack"
"448062","3381.083407076","192.168.15.3","192.168.15.4","MQTT","70","Publish Ack (id=3330)"
"448064","3381.084127898","192.168.15.4","192.168.15.3","MQTT","68","Disconnect Req"
"448076","3382.088063429","192.168.15.4","192.168.15.3","MQTT","90","Connect Command"
"448078","3382.091089948","192.168.15.4","192.168.15.3","MQTT","97","Publish Message (id=3331) [Deviceb'Device - 2']"
"448079","3382.091575526","192.168.15.3","192.168.15.4","MQTT","70","Connect Ack"
"448082","3382.094381799","192.168.15.3","192.168.15.4","MQTT","70","Publish Ack (id=3331)"
"448084","3382.094701754","192.168.15.4","192.168.15.3","MQTT","68","Disconnect Req"
"449867","3383.098623136","192.168.15.4","192.168.15.3","MQTT","90","Connect Command"
"449869","3383.101576738","192.168.15.4","192.168.15.3","MQTT","97","Publish Message (id=3332) [Deviceb'Device - 2']"
"449870","3383.101974710","192.168.15.3","192.168.15.4","MQTT","70","Connect Ack"
"449873","3383.104604590","192.168.15.3","192.168.15.4","MQTT","70","Publish Ack (id=3332)"
"449875","3383.105036426","192.168.15.4","192.168.15.3","MQTT","68","Disconnect Req"
"450487","3384.109004898","192.168.15.4","192.168.15.3","MQTT","90","Connect Command"
"450489","3384.111975492","192.168.15.4","192.168.15.3","MQTT","97","Publish Message (id=3333) [Deviceb'Device - 2']"
"450490","3384.112383022","192.168.15.3","192.168.15.4","MQTT","70","Connect Ack"
"450493","3384.114939213","192.168.15.3","192.168.15.4","MQTT","70","Publish Ack (id=3333)"
"450495","3384.115357513","192.168.15.4","192.168.15.3","MQTT","68","Disconnect Req"
"450510","3385.119609942","192.168.15.4","192.168.15.3","MQTT","90","Connect Command"
"450512","3385.122473354","192.168.15.4","192.168.15.3","MQTT","97","Publish Message (id=3334) [Deviceb'Device - 2']"
"450514","3385.126855043","192.168.15.3","192.168.15.4","MQTT","70","Connect Ack"
"450516","3385.129438105","192.168.15.3","192.168.15.4","MQTT","70","Publish Ack (id=3334)"
"450518","3385.129767397","192.168.15.4","192.168.15.3","MQTT","68","Disconnect Req"
"450529","3386.133226357","192.168.15.4","192.168.15.3","MQTT","90","Connect Command"
"450531","3386.136252515","192.168.15.4","192.168.15.3","MQTT","97","Publish Message (id=3335) [Deviceb'Device - 2']"
"450532","3386.136661648","192.168.15.3","192.168.15.4","MQTT","70","Connect Ack"
"450535","3386.139107140","192.168.15.3","192.168.15.4","MQTT","70","Publish Ack (id=3335)"
"450537","3386.139445009","192.168.15.4","192.168.15.3","MQTT","68","Disconnect Req"
"450549","3387.143166094","192.168.15.4","192.168.15.3","MQTT","90","Connect Command"
"450551","3387.146151846","192.168.15.4","192.168.15.3","MQTT","97","Publish Message (id=3336) [Deviceb'Device - 2']"
"450552","3387.146590876","192.168.15.3","192.168.15.4","MQTT","70","Connect Ack"
"450555","3387.149446873","192.168.15.3","192.168.15.4","MQTT","70","Publish Ack (id=3336)"
"450557","3387.150072796","192.168.15.4","192.168.15.3","MQTT","68","Disconnect Req"
"450571","3388.154569737","192.168.15.4","192.168.15.3","MQTT","90","Connect Command"
"450573","3388.157517528","192.168.15.4","192.168.15.3","MQTT","97","Publish Message (id=3337) [Deviceb'Device - 2']"
"450574","3388.158502810","192.168.15.3","192.168.15.4","MQTT","70","Connect Ack"
"450577","3388.160368946","192.168.15.3","192.168.15.4","MQTT","70","Publish Ack (id=3337)"
"450579","3388.160976524","192.168.15.4","192.168.15.3","MQTT","68","Disconnect Req"
"450595","3389.165318534","192.168.15.4","192.168.15.3","MQTT","90","Connect Command"
"450597","3389.168301341","192.168.15.4","192.168.15.3","MQTT","97","Publish Message (id=3338) [Deviceb'Device - 2']"
"450598","3389.168690055","192.168.15.3","192.168.15.4","MQTT","70","Connect Ack"
"450601","3389.171318973","192.168.15.3","192.168.15.4","MQTT","70","Publish Ack (id=3338)"
"450603","3389.171838275","192.168.15.4","192.168.15.3","MQTT","68","Disconnect Req"
"450615","3390.176277969","192.168.15.4","192.168.15.3","MQTT","90","Connect Command"
"450617","3390.179199711","192.168.15.4","192.168.15.3","MQTT","97","Publish Message (id=3339) [Deviceb'Device - 2']"
"450619","3390.183575049","192.168.15.3","192.168.15.4","MQTT","70","Connect Ack"
"450621","3390.186081055","192.168.15.3","192.168.15.4","MQTT","70","Publish Ack (id=3339)"
"450623","3390.186758445","192.168.15.4","192.168.15.3","MQTT","68","Disconnect Req"
"450638","3391.191015905","192.168.15.4","192.168.15.3","MQTT","90","Connect Command"
"450640","3391.193926074","192.168.15.4","192.168.15.3","MQTT","97","Publish Message (id=3340) [Deviceb'Device - 2']"
"450641","3391.194440296","192.168.15.3","192.168.15.4","MQTT","70","Connect Ack"
"450644","3391.196808581","192.168.15.3","192.168.15.4","MQTT","70","Publish Ack (id=3340)"
"450646","3391.197335757","192.168.15.4","192.168.15.3","MQTT","68","Disconnect Req"
"450670","3392.201419659","192.168.15.4","192.168.15.3","MQTT","90","Connect Command"
"450672","3392.204409329","192.168.15.4","192.168.15.3","MQTT","97","Publish Message (id=3341) [Deviceb'Device - 2']"
"450673","3392.204788095","192.168.15.3","192.168.15.4","MQTT","70","Connect Ack"
"450676","3392.206984185","192.168.15.3","192.168.15.4","MQTT","70","Publish Ack (id=3341)"
"450678","3392.207212176","192.168.15.4","192.168.15.3","MQTT","68","Disconnect Req"
"452598","3393.210808818","192.168.15.4","192.168.15.3","MQTT","90","Connect Command"
"452600","3393.213802635","192.168.15.4","192.168.15.3","MQTT","97","Publish Message (id=3342) [Deviceb'Device - 2']"
"452601","3393.214272112","192.168.15.3","192.168.15.4","MQTT","70","Connect Ack"
"452604","3393.216769341","192.168.15.3","192.168.15.4","MQTT","70","Publish Ack (id=3342)"
"452606","3393.217059770","192.168.15.4","192.168.15.3","MQTT","68","Disconnect Req"
"452625","3394.221471643","192.168.15.4","192.168.15.3","MQTT","90","Connect Command"
"452627","3394.224481651","192.168.15.4","192.168.15.3","MQTT","97","Publish Message (id=3343) [Deviceb'Device - 2']"
"452628","3394.224878631","192.168.15.3","192.168.15.4","MQTT","70","Connect Ack"
"452631","3394.227350412","192.168.15.3","192.168.15.4","MQTT","70","Publish Ack (id=3343)"
"452633","3394.227708729","192.168.15.4","192.168.15.3","MQTT","68","Disconnect Req"
"452674","3395.231826575","192.168.15.4","192.168.15.3","MQTT","90","Connect Command"
"452676","3395.234776109","192.168.15.4","192.168.15.3","MQTT","97","Publish Message (id=3344) [Deviceb'Device - 2']"
"452678","3395.239559008","192.168.15.3","192.168.15.4","MQTT","70","Connect Ack"
"452680","3395.241974673","192.168.15.3","192.168.15.4","MQTT","70","Publish Ack (id=3344)"
"452682","3395.242385850","192.168.15.4","192.168.15.3","MQTT","68","Disconnect Req"
"452747","3396.246663929","192.168.15.4","192.168.15.3","MQTT","90","Connect Command"
"452750","3396.249686722","192.168.15.4","192.168.15.3","MQTT","97","Publish Message (id=3345) [Deviceb'Device - 2']"
"452751","3396.250116184","192.168.15.3","192.168.15.4","MQTT","70","Connect Ack"
"452754","3396.252672424","192.168.15.3","192.168.15.4","MQTT","70","Publish Ack (id=3345)"
"452756","3396.253196384","192.168.15.4","192.168.15.3","MQTT","68","Disconnect Req"
"452765","3397.257557772","192.168.15.4","192.168.15.3","MQTT","90","Connect Command"
"452767","3397.260485465","192.168.15.4","192.168.15.3","MQTT","97","Publish Message (id=3346) [Deviceb'Device - 2']"
"452768","3397.261365007","192.168.15.3","192.168.15.4","MQTT","70","Connect Ack"
"452771","3397.263295505","192.168.15.3","192.168.15.4","MQTT","70","Publish Ack (id=3346)"
"452773","3397.263612674","192.168.15.4","192.168.15.3","MQTT","68","Disconnect Req"
"452785","3398.267272076","192.168.15.4","192.168.15.3","MQTT","90","Connect Command"
"452787","3398.270152439","192.168.15.4","192.168.15.3","MQTT","97","Publish Message (id=3347) [Deviceb'Device - 2']"
"452788","3398.270559679","192.168.15.3","192.168.15.4","MQTT","70","Connect Ack"
"452791","3398.273210117","192.168.15.3","192.168.15.4","MQTT","70","Publish Ack (id=3347)"
"452793","3398.274081454","192.168.15.4","192.168.15.3","MQTT","68","Disconnect Req"
"453133","3399.277836827","192.168.15.4","192.168.15.3","MQTT","90","Connect Command"
"453135","3399.280889956","192.168.15.4","192.168.15.3","MQTT","97","Publish Message (id=3348) [Deviceb'Device - 2']"
"453136","3399.281314769","192.168.15.3","192.168.15.4","MQTT","70","Connect Ack"
"453139","3399.283890396","192.168.15.3","192.168.15.4","MQTT","70","Publish Ack (id=3348)"
"453141","3399.284196685","192.168.15.4","192.168.15.3","MQTT","68","Disconnect Req"
"453161","3400.288607637","192.168.15.4","192.168.15.3","MQTT","90","Connect Command"
"453163","3400.291607887","192.168.15.4","192.168.15.3","MQTT","97","Publish Message (id=3349) [Deviceb'Device - 2']"
"453165","3400.296053228","192.168.15.3","192.168.15.4","MQTT","70","Connect Ack"
"453167","3400.298588098","192.168.15.3","192.168.15.4","MQTT","70","Publish Ack (id=3349)"
"453169","3400.298926728","192.168.15.4","192.168.15.3","MQTT","68","Disconnect Req"
"453188","3401.303233794","192.168.15.4","192.168.15.3","MQTT","90","Connect Command"
"453190","3401.306041800","192.168.15.4","192.168.15.3","MQTT","97","Publish Message (id=3350) [Deviceb'Device - 2']"
"453191","3401.306930329","192.168.15.3","192.168.15.4","MQTT","70","Connect Ack"
"453194","3401.308970364","192.168.15.3","192.168.15.4","MQTT","70","Publish Ack (id=3350)"
"453196","3401.309459829","192.168.15.4","192.168.15.3","MQTT","68","Disconnect Req"
"453209","3402.313834563","192.168.15.4","192.168.15.3","MQTT","90","Connect Command"
"453211","3402.316801179","192.168.15.4","192.168.15.3","MQTT","97","Publish Message (id=3351) [Deviceb'Device - 2']"
"453212","3402.317133477","192.168.15.3","192.168.15.4","MQTT","70","Connect Ack"
"453215","3402.320950430","192.168.15.3","192.168.15.4","MQTT","70","Publish Ack (id=3351)"
"453217","3402.321701179","192.168.15.4","192.168.15.3","MQTT","68","Disconnect Req"
"455026","3403.326285599","192.168.15.4","192.168.15.3","MQTT","90","Connect Command"
"455028","3403.331121488","192.168.15.4","192.168.15.3","MQTT","97","Publish Message (id=3352) [Deviceb'Device - 2']"
"455029","3403.331779551","192.168.15.3","192.168.15.4","MQTT","70","Connect Ack"
"455032","3403.334027880","192.168.15.3","192.168.15.4","MQTT","70","Publish Ack (id=3352)"
"455034","3403.334451400","192.168.15.4","192.168.15.3","MQTT","68","Disconnect Req"
"455043","3404.338071639","192.168.15.4","192.168.15.3","MQTT","90","Connect Command"
"455045","3404.341128285","192.168.15.4","192.168.15.3","MQTT","97","Publish Message (id=3353) [Deviceb'Device - 2']"
"455046","3404.341507051","192.168.15.3","192.168.15.4","MQTT","70","Connect Ack"
"455049","3404.344656002","192.168.15.3","192.168.15.4","MQTT","70","Publish Ack (id=3353)"
"455051","3404.345072058","192.168.15.4","192.168.15.3","MQTT","68","Disconnect Req"
"455063","3405.348861125","192.168.15.4","192.168.15.3","MQTT","90","Connect Command"
"455065","3405.351747540","192.168.15.4","192.168.15.3","MQTT","97","Publish Message (id=3354) [Deviceb'Device - 2']"
"455067","3405.356106097","192.168.15.3","192.168.15.4","MQTT","70","Connect Ack"
"455069","3405.358972443","192.168.15.3","192.168.15.4","MQTT","70","Publish Ack (id=3354)"
"455071","3405.359446119","192.168.15.4","192.168.15.3","MQTT","68","Disconnect Req"
"455086","3406.363192005","192.168.15.4","192.168.15.3","MQTT","90","Connect Command"
"455088","3406.366172558","192.168.15.4","192.168.15.3","MQTT","97","Publish Message (id=3355) [Deviceb'Device - 2']"
"455089","3406.366562184","192.168.15.3","192.168.15.4","MQTT","70","Connect Ack"
"455092","3406.369264100","192.168.15.3","192.168.15.4","MQTT","70","Publish Ack (id=3355)"
"455094","3406.370019959","192.168.15.4","192.168.15.3","MQTT","68","Disconnect Req"
"455106","3407.375167594","192.168.15.4","192.168.15.3","MQTT","90","Connect Command"
"455108","3407.378225813","192.168.15.4","192.168.15.3","MQTT","97","Publish Message (id=3356) [Deviceb'Device - 2']"
"455109","3407.378566146","192.168.15.3","192.168.15.4","MQTT","70","Connect Ack"
"455112","3407.381194363","192.168.15.3","192.168.15.4","MQTT","70","Publish Ack (id=3356)"
"455114","3407.381826458","192.168.15.4","192.168.15.3","MQTT","68","Disconnect Req"
"455136","3408.386241278","192.168.15.4","192.168.15.3","MQTT","90","Connect Command"
"455138","3408.389109779","192.168.15.4","192.168.15.3","MQTT","97","Publish Message (id=3357) [Deviceb'Device - 2']"
"455139","3408.389494456","192.168.15.3","192.168.15.4","MQTT","70","Connect Ack"
"455142","3408.392199848","192.168.15.3","192.168.15.4","MQTT","70","Publish Ack (id=3357)"
"455144","3408.392962990","192.168.15.4","192.168.15.3","MQTT","68","Disconnect Req"
"455153","3409.396733172","192.168.15.4","192.168.15.3","MQTT","90","Connect Command"
"455155","3409.400287520","192.168.15.4","192.168.15.3","MQTT","97","Publish Message (id=3358) [Deviceb'Device - 2']"
"455156","3409.400524207","192.168.15.3","192.168.15.4","MQTT","70","Connect Ack"
"455159","3409.403165207","192.168.15.3","192.168.15.4","MQTT","70","Publish Ack (id=3358)"
"455162","3409.403524997","192.168.15.4","192.168.15.3","MQTT","68","Disconnect Req"
"455172","3410.407374711","192.168.15.4","192.168.15.3","MQTT","90","Connect Command"
"455174","3410.410373167","192.168.15.4","192.168.15.3","MQTT","97","Publish Message (id=3359) [Deviceb'Device - 2']"
"455176","3410.414687099","192.168.15.3","192.168.15.4","MQTT","70","Connect Ack"
"455178","3410.417144573","192.168.15.3","192.168.15.4","MQTT","70","Publish Ack (id=3359)"
"455180","3410.417886305","192.168.15.4","192.168.15.3","MQTT","68","Disconnect Req"
"455195","3411.422264025","192.168.15.4","192.168.15.3","MQTT","90","Connect Command"
"455197","3411.425170087","192.168.15.4","192.168.15.3","MQTT","97","Publish Message (id=3360) [Deviceb'Device - 2']"
"455198","3411.425588167","192.168.15.3","192.168.15.4","MQTT","70","Connect Ack"
"455201","3411.428163905","192.168.15.3","192.168.15.4","MQTT","70","Publish Ack (id=3360)"
"455203","3411.428737459","192.168.15.4","192.168.15.3","MQTT","68","Disconnect Req"
"455218","3412.432635433","192.168.15.4","192.168.15.3","MQTT","90","Connect Command"
"455220","3412.435490369","192.168.15.4","192.168.15.3","MQTT","97","Publish Message (id=3361) [Deviceb'Device - 2']"
"455221","3412.435901546","192.168.15.3","192.168.15.4","MQTT","70","Connect Ack"
"455224","3412.438306681","192.168.15.3","192.168.15.4","MQTT","70","Publish Ack (id=3361)"
"455226","3412.439063331","192.168.15.4","192.168.15.3","MQTT","68","Disconnect Req"
"455238","3413.443322779","192.168.15.4","192.168.15.3","MQTT","90","Connect Command"
"455240","3413.446326135","192.168.15.4","192.168.15.3","MQTT","97","Publish Message (id=3362) [Deviceb'Device - 2']"
"455241","3413.446735067","192.168.15.3","192.168.15.4","MQTT","70","Connect Ack"
"455244","3413.449203042","192.168.15.3","192.168.15.4","MQTT","70","Publish Ack (id=3362)"
"455246","3413.450015998","192.168.15.4","192.168.15.3","MQTT","68","Disconnect Req"
"455262","3414.454240330","192.168.15.4","192.168.15.3","MQTT","90","Connect Command"
"455264","3414.457183482","192.168.15.4","192.168.15.3","MQTT","97","Publish Message (id=3363) [Deviceb'Device - 2']"
"455265","3414.457599047","192.168.15.3","192.168.15.4","MQTT","70","Connect Ack"
"455268","3414.460230490","192.168.15.3","192.168.15.4","MQTT","70","Publish Ack (id=3363)"
"455270","3414.460903411","192.168.15.4","192.168.15.3","MQTT","68","Disconnect Req"
"455282","3415.465312062","192.168.15.4","192.168.15.3","MQTT","90","Connect Command"
"455284","3415.468216140","192.168.15.4","192.168.15.3","MQTT","97","Publish Message (id=3364) [Deviceb'Device - 2']"
"455286","3415.472562954","192.168.15.3","192.168.15.4","MQTT","70","Connect Ack"
"455288","3415.475215898","192.168.15.3","192.168.15.4","MQTT","70","Publish Ack (id=3364)"
"455290","3415.475887377","192.168.15.4","192.168.15.3","MQTT","68","Disconnect Req"
"455311","3416.479754544","192.168.15.4","192.168.15.3","MQTT","90","Connect Command"
"455313","3416.482696373","192.168.15.4","192.168.15.3","MQTT","97","Publish Message (id=3365) [Deviceb'Device - 2']"
"455314","3416.483075510","192.168.15.3","192.168.15.4","MQTT","70","Connect Ack"
"455317","3416.485488851","192.168.15.3","192.168.15.4","MQTT","70","Publish Ack (id=3365)"
"455319","3416.486057425","192.168.15.4","192.168.15.3","MQTT","68","Disconnect Req"
"455336","3417.489525809","192.168.15.4","192.168.15.3","MQTT","90","Connect Command"
"455338","3417.492534264","192.168.15.4","192.168.15.3","MQTT","97","Publish Message (id=3366) [Deviceb'Device - 2']"
"455339","3417.492963345","192.168.15.3","192.168.15.4","MQTT","70","Connect Ack"
"455342","3417.495360956","192.168.15.3","192.168.15.4","MQTT","70","Publish Ack (id=3366)"
"455344","3417.495648930","192.168.15.4","192.168.15.3","MQTT","68","Disconnect Req"
"455361","3418.499324677","192.168.15.4","192.168.15.3","MQTT","90","Connect Command"
"455363","3418.502237391","192.168.15.4","192.168.15.3","MQTT","97","Publish Message (id=3367) [Deviceb'Device - 2']"
"455364","3418.502636575","192.168.15.3","192.168.15.4","MQTT","70","Connect Ack"
"455367","3418.505290811","192.168.15.3","192.168.15.4","MQTT","70","Publish Ack (id=3367)"
"455369","3418.506067369","192.168.15.4","192.168.15.3","MQTT","68","Disconnect Req"
"455382","3419.509713579","192.168.15.4","192.168.15.3","MQTT","90","Connect Command"
"455384","3419.512617166","192.168.15.4","192.168.15.3","MQTT","97","Publish Message (id=3368) [Deviceb'Device - 2']"
"455385","3419.513445251","192.168.15.3","192.168.15.4","MQTT","70","Connect Ack"
"455388","3419.515587690","192.168.15.3","192.168.15.4","MQTT","70","Publish Ack (id=3368)"
"455390","3419.516521615","192.168.15.4","192.168.15.3","MQTT","68","Disconnect Req"
"455399","3420.520520083","192.168.15.4","192.168.15.3","MQTT","90","Connect Command"
"455401","3420.523540571","192.168.15.4","192.168.15.3","MQTT","97","Publish Message (id=3369) [Deviceb'Device - 2']"
"455403","3420.527925838","192.168.15.3","192.168.15.4","MQTT","70","Connect Ack"
"455405","3420.530441432","192.168.15.3","192.168.15.4","MQTT","70","Publish Ack (id=3369)"
"455407","3420.530721201","192.168.15.4","192.168.15.3","MQTT","68","Disconnect Req"
"455424","3421.534793138","192.168.15.4","192.168.15.3","MQTT","90","Connect Command"
"455426","3421.537901271","192.168.15.4","192.168.15.3","MQTT","97","Publish Message (id=3370) [Deviceb'Device - 2']"
"455427","3421.538267213","192.168.15.3","192.168.15.4","MQTT","70","Connect Ack"
"455430","3421.540764011","192.168.15.3","192.168.15.4","MQTT","70","Publish Ack (id=3370)"
"455432","3421.541053348","192.168.15.4","192.168.15.3","MQTT","68","Disconnect Req"
"455799","3422.544877005","192.168.15.4","192.168.15.3","MQTT","90","Connect Command"
"455801","3422.547871735","192.168.15.4","192.168.15.3","MQTT","97","Publish Message (id=3371) [Deviceb'Device - 2']"
"455802","3422.548296167","192.168.15.3","192.168.15.4","MQTT","70","Connect Ack"
"455805","3422.550832871","192.168.15.3","192.168.15.4","MQTT","70","Publish Ack (id=3371)"
"455807","3422.551568631","192.168.15.4","192.168.15.3","MQTT","68","Disconnect Req"
"455822","3423.555653121","192.168.15.4","192.168.15.3","MQTT","90","Connect Command"
"455824","3423.558367591","192.168.15.4","192.168.15.3","MQTT","97","Publish Message (id=3372) [Deviceb'Device - 2']"
"455825","3423.558793756","192.168.15.3","192.168.15.4","MQTT","70","Connect Ack"
"455828","3423.561316173","192.168.15.3","192.168.15.4","MQTT","70","Publish Ack (id=3372)"
"455830","3423.561634715","192.168.15.4","192.168.15.3","MQTT","68","Disconnect Req"
"457750","3424.565304261","192.168.15.4","192.168.15.3","MQTT","90","Connect Command"
"457752","3424.568299491","192.168.15.4","192.168.15.3","MQTT","97","Publish Message (id=3373) [Deviceb'Device - 2']"
"457753","3424.568764290","192.168.15.3","192.168.15.4","MQTT","70","Connect Ack"
"457756","3424.571222635","192.168.15.3","192.168.15.4","MQTT","70","Publish Ack (id=3373)"
"457758","3424.571514397","192.168.15.4","192.168.15.3","MQTT","68","Disconnect Req"
"457791","3425.575837228","192.168.15.4","192.168.15.3","MQTT","90","Connect Command"
"457793","3425.579211955","192.168.15.4","192.168.15.3","MQTT","97","Publish Message (id=3374) [Deviceb'Device - 2']"
"457795","3425.584304900","192.168.15.3","192.168.15.4","MQTT","70","Connect Ack"
"457797","3425.586808351","192.168.15.3","192.168.15.4","MQTT","70","Publish Ack (id=3374)"
"457799","3425.587345626","192.168.15.4","192.168.15.3","MQTT","68","Disconnect Req"
"457816","3426.591894894","192.168.15.4","192.168.15.3","MQTT","90","Connect Command"
"457818","3426.594832676","192.168.15.4","192.168.15.3","MQTT","97","Publish Message (id=3375) [Deviceb'Device - 2']"
"457819","3426.595210760","192.168.15.3","192.168.15.4","MQTT","70","Connect Ack"
"457822","3426.597553618","192.168.15.3","192.168.15.4","MQTT","70","Publish Ack (id=3375)"
"457824","3426.598154734","192.168.15.4","192.168.15.3","MQTT","68","Disconnect Req"
"457838","3427.602957292","192.168.15.4","192.168.15.3","MQTT","90","Connect Command"
"457840","3427.605876838","192.168.15.4","192.168.15.3","MQTT","97","Publish Message (id=3376) [Deviceb'Device - 2']"
"457841","3427.606289188","192.168.15.3","192.168.15.4","MQTT","70","Connect Ack"
"457844","3427.608675738","192.168.15.3","192.168.15.4","MQTT","70","Publish Ack (id=3376)"
"457846","3427.609190170","192.168.15.4","192.168.15.3","MQTT","68","Disconnect Req"
"457858","3428.613784383","192.168.15.4","192.168.15.3","MQTT","90","Connect Command"
"457860","3428.616793640","192.168.15.4","192.168.15.3","MQTT","97","Publish Message (id=3377) [Deviceb'Device - 2']"
"457861","3428.617176633","192.168.15.3","192.168.15.4","MQTT","70","Connect Ack"
"457865","3428.619845597","192.168.15.3","192.168.15.4","MQTT","70","Publish Ack (id=3377)"
"457867","3428.620326326","192.168.15.4","192.168.15.3","MQTT","68","Disconnect Req"
"457876","3429.624006836","192.168.15.4","192.168.15.3","MQTT","90","Connect Command"
"457878","3429.626995363","192.168.15.4","192.168.15.3","MQTT","97","Publish Message (id=3378) [Deviceb'Device - 2']"
"457879","3429.627437449","192.168.15.3","192.168.15.4","MQTT","70","Connect Ack"
"457882","3429.629774566","192.168.15.3","192.168.15.4","MQTT","70","Publish Ack (id=3378)"
"457884","3429.630036430","192.168.15.4","192.168.15.3","MQTT","68","Disconnect Req"
"457932","3430.633938024","192.168.15.4","192.168.15.3","MQTT","90","Connect Command"
"457934","3430.636901013","192.168.15.4","192.168.15.3","MQTT","97","Publish Message (id=3379) [Deviceb'Device - 2']"
"457936","3430.641292683","192.168.15.3","192.168.15.4","MQTT","70","Connect Ack"
"457938","3430.643826260","192.168.15.3","192.168.15.4","MQTT","70","Publish Ack (id=3379)"
"457940","3430.644076704","192.168.15.4","192.168.15.3","MQTT","68","Disconnect Req"
"457959","3431.647980365","192.168.15.4","192.168.15.3","MQTT","90","Connect Command"
"457961","3431.651308024","192.168.15.4","192.168.15.3","MQTT","97","Publish Message (id=3380) [Deviceb'Device - 2']"
"457962","3431.651652395","192.168.15.3","192.168.15.4","MQTT","70","Connect Ack"
"457965","3431.654195030","192.168.15.3","192.168.15.4","MQTT","70","Publish Ack (id=3380)"
"457967","3431.654959364","192.168.15.4","192.168.15.3","MQTT","68","Disconnect Req"
"457976","3432.659262229","192.168.15.4","192.168.15.3","MQTT","90","Connect Command"
"457978","3432.662134957","192.168.15.4","192.168.15.3","MQTT","97","Publish Message (id=3381) [Deviceb'Device - 2']"
"457979","3432.662562746","192.168.15.3","192.168.15.4","MQTT","70","Connect Ack"
"457982","3432.664954265","192.168.15.3","192.168.15.4","MQTT","70","Publish Ack (id=3381)"
"457984","3432.665337680","192.168.15.4","192.168.15.3","MQTT","68","Disconnect Req"
"457996","3433.669156941","192.168.15.4","192.168.15.3","MQTT","90","Connect Command"
"457998","3433.672154145","192.168.15.4","192.168.15.3","MQTT","97","Publish Message (id=3382) [Deviceb'Device - 2']"
"457999","3433.672577845","192.168.15.3","192.168.15.4","MQTT","70","Connect Ack"
"458002","3433.675014450","192.168.15.3","192.168.15.4","MQTT","70","Publish Ack (id=3382)"
"458004","3433.675247160","192.168.15.4","192.168.15.3","MQTT","68","Disconnect Req"
"458016","3434.679703525","192.168.15.4","192.168.15.3","MQTT","90","Connect Command"
"458018","3434.682693605","192.168.15.4","192.168.15.3","MQTT","97","Publish Message (id=3383) [Deviceb'Device - 2']"
"458019","3434.683045841","192.168.15.3","192.168.15.4","MQTT","70","Connect Ack"
"458022","3434.685677384","192.168.15.3","192.168.15.4","MQTT","70","Publish Ack (id=3383)"
"458024","3434.686032485","192.168.15.4","192.168.15.3","MQTT","68","Disconnect Req"
"458039","3435.689794708","192.168.15.4","192.168.15.3","MQTT","90","Connect Command"
"458041","3435.692720057","192.168.15.4","192.168.15.3","MQTT","97","Publish Message (id=3384) [Deviceb'Device - 2']"
"458043","3435.697019552","192.168.15.3","192.168.15.4","MQTT","70","Connect Ack"
"458045","3435.699491874","192.168.15.3","192.168.15.4","MQTT","70","Publish Ack (id=3384)"
"458047","3435.700417573","192.168.15.4","192.168.15.3","MQTT","68","Disconnect Req"
"458068","3436.704632221","192.168.15.4","192.168.15.3","MQTT","90","Connect Command"
"458070","3436.707564182","192.168.15.4","192.168.15.3","MQTT","97","Publish Message (id=3385) [Deviceb'Device - 2']"
"458071","3436.708602434","192.168.15.3","192.168.15.4","MQTT","70","Connect Ack"
"458074","3436.711032627","192.168.15.3","192.168.15.4","MQTT","70","Publish Ack (id=3385)"
"458076","3436.711687484","192.168.15.4","192.168.15.3","MQTT","68","Disconnect Req"
"458085","3437.715558964","192.168.15.4","192.168.15.3","MQTT","90","Connect Command"
"458087","3437.718406876","192.168.15.4","192.168.15.3","MQTT","97","Publish Message (id=3386) [Deviceb'Device - 2']"
"458088","3437.718803185","192.168.15.3","192.168.15.4","MQTT","70","Connect Ack"
"458091","3437.721319370","192.168.15.3","192.168.15.4","MQTT","70","Publish Ack (id=3386)"
"458093","3437.721882795","192.168.15.4","192.168.15.3","MQTT","68","Disconnect Req"
"458101","3438.725936148","192.168.15.4","192.168.15.3","MQTT","90","Connect Command"
"458103","3438.728842581","192.168.15.4","192.168.15.3","MQTT","97","Publish Message (id=3387) [Deviceb'Device - 2']"
"458104","3438.729245642","192.168.15.3","192.168.15.4","MQTT","70","Connect Ack"
"458107","3438.731724707","192.168.15.3","192.168.15.4","MQTT","70","Publish Ack (id=3387)"
"458109","3438.732054971","192.168.15.4","192.168.15.3","MQTT","68","Disconnect Req"
"458122","3439.736503712","192.168.15.4","192.168.15.3","MQTT","90","Connect Command"
"458124","3439.739467343","192.168.15.4","192.168.15.3","MQTT","97","Publish Message (id=3388) [Deviceb'Device - 2']"
"458125","3439.739897736","192.168.15.3","192.168.15.4","MQTT","70","Connect Ack"
"458128","3439.742304595","192.168.15.3","192.168.15.4","MQTT","70","Publish Ack (id=3388)"
"458130","3439.742698890","192.168.15.4","192.168.15.3","MQTT","68","Disconnect Req"
"458151","3440.746428422","192.168.15.4","192.168.15.3","MQTT","90","Connect Command"
"458153","3440.749460913","192.168.15.4","192.168.15.3","MQTT","97","Publish Message (id=3389) [Deviceb'Device - 2']"
"458155","3440.753810412","192.168.15.3","192.168.15.4","MQTT","70","Connect Ack"
"458157","3440.756355441","192.168.15.3","192.168.15.4","MQTT","70","Publish Ack (id=3389)"
"458159","3440.756625832","192.168.15.4","192.168.15.3","MQTT","68","Disconnect Req"
"458173","3441.759826156","192.168.15.4","192.168.15.3","MQTT","90","Connect Command"
"458175","3441.762836945","192.168.15.4","192.168.15.3","MQTT","97","Publish Message (id=3390) [Deviceb'Device - 2']"
"458176","3441.763251519","192.168.15.3","192.168.15.4","MQTT","70","Connect Ack"
"458179","3441.765854197","192.168.15.3","192.168.15.4","MQTT","70","Publish Ack (id=3390)"
"458181","3441.766308827","192.168.15.4","192.168.15.3","MQTT","68","Disconnect Req"
"458194","3442.770109854","192.168.15.4","192.168.15.3","MQTT","90","Connect Command"
"458196","3442.773092410","192.168.15.4","192.168.15.3","MQTT","97","Publish Message (id=3391) [Deviceb'Device - 2']"
"458197","3442.773508947","192.168.15.3","192.168.15.4","MQTT","70","Connect Ack"
"458200","3442.775956923","192.168.15.3","192.168.15.4","MQTT","70","Publish Ack (id=3391)"
"458202","3442.776330589","192.168.15.4","192.168.15.3","MQTT","68","Disconnect Req"
"458210","3443.780511936","192.168.15.4","192.168.15.3","MQTT","90","Connect Command"
"458212","3443.783543866","192.168.15.4","192.168.15.3","MQTT","97","Publish Message (id=3392) [Deviceb'Device - 2']"
"458213","3443.783945525","192.168.15.3","192.168.15.4","MQTT","70","Connect Ack"
"458216","3443.786593819","192.168.15.3","192.168.15.4","MQTT","70","Publish Ack (id=3392)"
"458218","3443.786931678","192.168.15.4","192.168.15.3","MQTT","68","Disconnect Req"
"458230","3444.790940980","192.168.15.4","192.168.15.3","MQTT","90","Connect Command"
"458232","3444.793838966","192.168.15.4","192.168.15.3","MQTT","97","Publish Message (id=3393) [Deviceb'Device - 2']"
"458233","3444.794251295","192.168.15.3","192.168.15.4","MQTT","70","Connect Ack"
"458236","3444.796824769","192.168.15.3","192.168.15.4","MQTT","70","Publish Ack (id=3393)"
"458238","3444.797165072","192.168.15.4","192.168.15.3","MQTT","68","Disconnect Req"
"458253","3445.801050551","192.168.15.4","192.168.15.3","MQTT","90","Connect Command"
"458255","3445.804007709","192.168.15.4","192.168.15.3","MQTT","97","Publish Message (id=3394) [Deviceb'Device - 2']"
"458257","3445.808405039","192.168.15.3","192.168.15.4","MQTT","70","Connect Ack"
"458259","3445.810862012","192.168.15.3","192.168.15.4","MQTT","70","Publish Ack (id=3394)"
"458261","3445.811163672","192.168.15.4","192.168.15.3","MQTT","68","Disconnect Req"
"458273","3446.815258656","192.168.15.4","192.168.15.3","MQTT","90","Connect Command"
"458275","3446.818067895","192.168.15.4","192.168.15.3","MQTT","97","Publish Message (id=3395) [Deviceb'Device - 2']"
"458276","3446.818483791","192.168.15.3","192.168.15.4","MQTT","70","Connect Ack"
"458279","3446.820898584","192.168.15.3","192.168.15.4","MQTT","70","Publish Ack (id=3395)"
"458281","3446.821317375","192.168.15.4","192.168.15.3","MQTT","68","Disconnect Req"
"458298","3447.825584706","192.168.15.4","192.168.15.3","MQTT","90","Connect Command"
"458300","3447.828550009","192.168.15.4","192.168.15.3","MQTT","97","Publish Message (id=3396) [Deviceb'Device - 2']"
"458301","3447.828952920","192.168.15.3","192.168.15.4","MQTT","70","Connect Ack"
"458304","3447.831292341","192.168.15.3","192.168.15.4","MQTT","70","Publish Ack (id=3396)"
"458306","3447.831767469","192.168.15.4","192.168.15.3","MQTT","68","Disconnect Req"
"460174","3448.835388219","192.168.15.4","192.168.15.3","MQTT","90","Connect Command"
"460176","3448.838388759","192.168.15.4","192.168.15.3","MQTT","97","Publish Message (id=3397) [Deviceb'Device - 2']"
"460177","3448.838784457","192.168.15.3","192.168.15.4","MQTT","70","Connect Ack"
"460180","3448.841694466","192.168.15.3","192.168.15.4","MQTT","70","Publish Ack (id=3397)"
"460182","3448.841951471","192.168.15.4","192.168.15.3","MQTT","68","Disconnect Req"
"460194","3449.845411287","192.168.15.4","192.168.15.3","MQTT","90","Connect Command"
"460196","3449.848417307","192.168.15.4","192.168.15.3","MQTT","97","Publish Message (id=3398) [Deviceb'Device - 2']"
"460197","3449.848829286","192.168.15.3","192.168.15.4","MQTT","70","Connect Ack"
"460200","3449.851257925","192.168.15.3","192.168.15.4","MQTT","70","Publish Ack (id=3398)"
"460202","3449.851546491","192.168.15.4","192.168.15.3","MQTT","68","Disconnect Req"
"460217","3450.855844349","192.168.15.4","192.168.15.3","MQTT","90","Connect Command"
"460219","3450.859261607","192.168.15.4","192.168.15.3","MQTT","97","Publish Message (id=3399) [Deviceb'Device - 2']"
"460221","3450.863203706","192.168.15.3","192.168.15.4","MQTT","70","Connect Ack"
"460223","3450.865674836","192.168.15.3","192.168.15.4","MQTT","70","Publish Ack (id=3399)"
"460225","3450.866014999","192.168.15.4","192.168.15.3","MQTT","68","Disconnect Req"
"460561","3451.869943770","192.168.15.4","192.168.15.3","MQTT","90","Connect Command"
"460563","3451.875157323","192.168.15.4","192.168.15.3","MQTT","97","Publish Message (id=3400) [Deviceb'Device - 2']"
"460564","3451.875549484","192.168.15.3","192.168.15.4","MQTT","70","Connect Ack"
"460567","3451.878048497","192.168.15.3","192.168.15.4","MQTT","70","Publish Ack (id=3400)"
"460569","3451.878472558","192.168.15.4","192.168.15.3","MQTT","68","Disconnect Req"
"460586","3452.882828857","192.168.15.4","192.168.15.3","MQTT","90","Connect Command"
"460588","3452.885814389","192.168.15.4","192.168.15.3","MQTT","97","Publish Message (id=3401) [Deviceb'Device - 2']"
"460589","3452.886234122","192.168.15.3","192.168.15.4","MQTT","70","Connect Ack"
"460592","3452.888669374","192.168.15.3","192.168.15.4","MQTT","70","Publish Ack (id=3401)"
"460594","3452.888977707","192.168.15.4","192.168.15.3","MQTT","68","Disconnect Req"
"460603","3453.892576094","192.168.15.4","192.168.15.3","MQTT","90","Connect Command"
"460605","3453.895495020","192.168.15.4","192.168.15.3","MQTT","97","Publish Message (id=3402) [Deviceb'Device - 2']"
"460606","3453.895946984","192.168.15.3","192.168.15.4","MQTT","70","Connect Ack"
"460609","3453.898589217","192.168.15.3","192.168.15.4","MQTT","70","Publish Ack (id=3402)"
"460611","3453.899343192","192.168.15.4","192.168.15.3","MQTT","68","Disconnect Req"
"460633","3454.903775035","192.168.15.4","192.168.15.3","MQTT","90","Connect Command"
"460635","3454.906737603","192.168.15.4","192.168.15.3","MQTT","97","Publish Message (id=3403) [Deviceb'Device - 2']"
"460636","3454.907147017","192.168.15.3","192.168.15.4","MQTT","70","Connect Ack"
"460639","3454.909817153","192.168.15.3","192.168.15.4","MQTT","70","Publish Ack (id=3403)"
"460641","3454.910157155","192.168.15.4","192.168.15.3","MQTT","68","Disconnect Req"
"460669","3455.913760082","192.168.15.4","192.168.15.3","MQTT","90","Connect Command"
"460671","3455.916823020","192.168.15.4","192.168.15.3","MQTT","97","Publish Message (id=3404) [Deviceb'Device - 2']"
"460673","3455.921103139","192.168.15.3","192.168.15.4","MQTT","70","Connect Ack"
"460675","3455.923580751","192.168.15.3","192.168.15.4","MQTT","70","Publish Ack (id=3404)"
"460677","3455.923903491","192.168.15.4","192.168.15.3","MQTT","68","Disconnect Req"
"460689","3456.927548757","192.168.15.4","192.168.15.3","MQTT","90","Connect Command"
"460691","3456.930502239","192.168.15.4","192.168.15.3","MQTT","97","Publish Message (id=3405) [Deviceb'Device - 2']"
"460692","3456.930902385","192.168.15.3","192.168.15.4","MQTT","70","Connect Ack"
"460695","3456.933538907","192.168.15.3","192.168.15.4","MQTT","70","Publish Ack (id=3405)"
"460697","3456.934018323","192.168.15.4","192.168.15.3","MQTT","68","Disconnect Req"
"460709","3457.937854900","192.168.15.4","192.168.15.3","MQTT","90","Connect Command"
"460711","3457.942744951","192.168.15.4","192.168.15.3","MQTT","97","Publish Message (id=3406) [Deviceb'Device - 2']"
"460712","3457.943125290","192.168.15.3","192.168.15.4","MQTT","70","Connect Ack"
"460715","3457.945721426","192.168.15.3","192.168.15.4","MQTT","70","Publish Ack (id=3406)"
"460717","3457.945947524","192.168.15.4","192.168.15.3","MQTT","68","Disconnect Req"
"460731","3458.950140305","192.168.15.4","192.168.15.3","MQTT","90","Connect Command"
"460733","3458.952610343","192.168.15.4","192.168.15.3","MQTT","97","Publish Message (id=3407) [Deviceb'Device - 2']"
"460734","3458.953053150","192.168.15.3","192.168.15.4","MQTT","70","Connect Ack"
"460737","3458.955750116","192.168.15.3","192.168.15.4","MQTT","70","Publish Ack (id=3407)"
"460739","3458.956084899","192.168.15.4","192.168.15.3","MQTT","68","Disconnect Req"
"460754","3459.960058095","192.168.15.4","192.168.15.3","MQTT","90","Connect Command"
"460756","3459.963002219","192.168.15.4","192.168.15.3","MQTT","97","Publish Message (id=3408) [Deviceb'Device - 2']"
"460757","3459.963530898","192.168.15.3","192.168.15.4","MQTT","70","Connect Ack"
"460760","3459.965828960","192.168.15.3","192.168.15.4","MQTT","70","Publish Ack (id=3408)"
"460762","3459.966287717","192.168.15.4","192.168.15.3","MQTT","68","Disconnect Req"
"460806","3460.970327288","192.168.15.4","192.168.15.3","MQTT","90","Connect Command"
"460808","3460.973237437","192.168.15.4","192.168.15.3","MQTT","97","Publish Message (id=3409) [Deviceb'Device - 2']"
"460810","3460.977542834","192.168.15.3","192.168.15.4","MQTT","70","Connect Ack"
"460812","3460.980418418","192.168.15.3","192.168.15.4","MQTT","70","Publish Ack (id=3409)"
"460814","3460.980985088","192.168.15.4","192.168.15.3","MQTT","68","Disconnect Req"
"460826","3461.984823152","192.168.15.4","192.168.15.3","MQTT","90","Connect Command"
"460828","3461.987738621","192.168.15.4","192.168.15.3","MQTT","97","Publish Message (id=3410) [Deviceb'Device - 2']"
"460829","3461.988312586","192.168.15.3","192.168.15.4","MQTT","70","Connect Ack"
"460832","3461.990776282","192.168.15.3","192.168.15.4","MQTT","70","Publish Ack (id=3410)"
"460834","3461.991206304","192.168.15.4","192.168.15.3","MQTT","68","Disconnect Req"
"460847","3462.995029679","192.168.15.4","192.168.15.3","MQTT","90","Connect Command"
"460849","3462.997982890","192.168.15.4","192.168.15.3","MQTT","97","Publish Message (id=3411) [Deviceb'Device - 2']"
"460850","3462.998390049","192.168.15.3","192.168.15.4","MQTT","70","Connect Ack"
"460853","3463.000972379","192.168.15.3","192.168.15.4","MQTT","70","Publish Ack (id=3411)"
"460855","3463.001303405","192.168.15.4","192.168.15.3","MQTT","68","Disconnect Req"
"460867","3464.005618509","192.168.15.4","192.168.15.3","MQTT","90","Connect Command"
"460869","3464.008472914","192.168.15.4","192.168.15.3","MQTT","97","Publish Message (id=3412) [Deviceb'Device - 2']"
"460870","3464.008877538","192.168.15.3","192.168.15.4","MQTT","70","Connect Ack"
"460873","3464.011461291","192.168.15.3","192.168.15.4","MQTT","70","Publish Ack (id=3412)"
"460875","3464.011833985","192.168.15.4","192.168.15.3","MQTT","68","Disconnect Req"
"460890","3465.016047456","192.168.15.4","192.168.15.3","MQTT","90","Connect Command"
"460892","3465.018867215","192.168.15.4","192.168.15.3","MQTT","97","Publish Message (id=3413) [Deviceb'Device - 2']"
"460893","3465.019367180","192.168.15.3","192.168.15.4","MQTT","70","Connect Ack"
"460896","3465.021763198","192.168.15.3","192.168.15.4","MQTT","70","Publish Ack (id=3413)"
"460898","3465.022128688","192.168.15.4","192.168.15.3","MQTT","68","Disconnect Req"
"460915","3466.026459782","192.168.15.4","192.168.15.3","MQTT","90","Connect Command"
"460917","3466.029350014","192.168.15.4","192.168.15.3","MQTT","97","Publish Message (id=3414) [Deviceb'Device - 2']"
"460919","3466.033714432","192.168.15.3","192.168.15.4","MQTT","70","Connect Ack"
"460921","3466.036113445","192.168.15.3","192.168.15.4","MQTT","70","Publish Ack (id=3414)"
"460923","3466.036528890","192.168.15.4","192.168.15.3","MQTT","68","Disconnect Req"
"460931","3467.040451722","192.168.15.4","192.168.15.3","MQTT","90","Connect Command"
"460933","3467.043368915","192.168.15.4","192.168.15.3","MQTT","97","Publish Message (id=3415) [Deviceb'Device - 2']"
"460934","3467.043821600","192.168.15.3","192.168.15.4","MQTT","70","Connect Ack"
"460937","3467.046162975","192.168.15.3","192.168.15.4","MQTT","70","Publish Ack (id=3415)"
"460939","3467.046527834","192.168.15.4","192.168.15.3","MQTT","68","Disconnect Req"
"460951","3468.050723744","192.168.15.4","192.168.15.3","MQTT","90","Connect Command"
"460953","3468.053376677","192.168.15.4","192.168.15.3","MQTT","97","Publish Message (id=3416) [Deviceb'Device - 2']"
"460954","3468.053810988","192.168.15.3","192.168.15.4","MQTT","70","Connect Ack"
"460957","3468.056322374","192.168.15.3","192.168.15.4","MQTT","70","Publish Ack (id=3416)"
"460959","3468.056658068","192.168.15.4","192.168.15.3","MQTT","68","Disconnect Req"
"460971","3469.060258322","192.168.15.4","192.168.15.3","MQTT","90","Connect Command"
"460973","3469.063254704","192.168.15.4","192.168.15.3","MQTT","97","Publish Message (id=3417) [Deviceb'Device - 2']"
"460974","3469.063694014","192.168.15.3","192.168.15.4","MQTT","70","Connect Ack"
"460977","3469.066098478","192.168.15.3","192.168.15.4","MQTT","70","Publish Ack (id=3417)"
"460979","3469.066600727","192.168.15.4","192.168.15.3","MQTT","68","Disconnect Req"
"460991","3470.070408384","192.168.15.4","192.168.15.3","MQTT","90","Connect Command"
"460993","3470.073311119","192.168.15.4","192.168.15.3","MQTT","97","Publish Message (id=3418) [Deviceb'Device - 2']"
"460994","3470.073730932","192.168.15.3","192.168.15.4","MQTT","70","Connect Ack"
"460997","3470.076138843","192.168.15.3","192.168.15.4","MQTT","70","Publish Ack (id=3418)"
"460999","3470.076551142","192.168.15.4","192.168.15.3","MQTT","68","Disconnect Req"
"461014","3471.080542023","192.168.15.4","192.168.15.3","MQTT","90","Connect Command"
"461016","3471.085483813","192.168.15.4","192.168.15.3","MQTT","97","Publish Message (id=3419) [Deviceb'Device - 2']"
"461018","3471.089785802","192.168.15.3","192.168.15.4","MQTT","70","Connect Ack"
"461020","3471.092189204","192.168.15.3","192.168.15.4","MQTT","70","Publish Ack (id=3419)"
"461022","3471.092480314","192.168.15.4","192.168.15.3","MQTT","68","Disconnect Req"
"461039","3472.096649543","192.168.15.4","192.168.15.3","MQTT","90","Connect Command"
"461041","3472.100123659","192.168.15.4","192.168.15.3","MQTT","97","Publish Message (id=3420) [Deviceb'Device - 2']"
"461042","3472.100419899","192.168.15.3","192.168.15.4","MQTT","70","Connect Ack"
"461045","3472.103104301","192.168.15.3","192.168.15.4","MQTT","70","Publish Ack (id=3420)"
"461047","3472.103460244","192.168.15.4","192.168.15.3","MQTT","68","Disconnect Req"
"462922","3473.107664779","192.168.15.4","192.168.15.3","MQTT","90","Connect Command"
"462924","3473.110639992","192.168.15.4","192.168.15.3","MQTT","97","Publish Message (id=3421) [Deviceb'Device - 2']"
"462925","3473.111050337","192.168.15.3","192.168.15.4","MQTT","70","Connect Ack"
"462928","3473.113570360","192.168.15.3","192.168.15.4","MQTT","70","Publish Ack (id=3421)"
"462930","3473.113870567","192.168.15.4","192.168.15.3","MQTT","68","Disconnect Req"
"462942","3474.117808760","192.168.15.4","192.168.15.3","MQTT","90","Connect Command"
"462944","3474.120686348","192.168.15.4","192.168.15.3","MQTT","97","Publish Message (id=3422) [Deviceb'Device - 2']"
"462945","3474.121080874","192.168.15.3","192.168.15.4","MQTT","70","Connect Ack"
"462948","3474.123556041","192.168.15.3","192.168.15.4","MQTT","70","Publish Ack (id=3422)"
"462950","3474.123865175","192.168.15.4","192.168.15.3","MQTT","68","Disconnect Req"
"462962","3475.129175913","192.168.15.4","192.168.15.3","MQTT","90","Connect Command"
"462964","3475.132158269","192.168.15.4","192.168.15.3","MQTT","97","Publish Message (id=3423) [Deviceb'Device - 2']"
"462965","3475.132571470","192.168.15.3","192.168.15.4","MQTT","70","Connect Ack"
"462968","3475.135018564","192.168.15.3","192.168.15.4","MQTT","70","Publish Ack (id=3423)"
"462970","3475.135398993","192.168.15.4","192.168.15.3","MQTT","68","Disconnect Req"
"462993","3476.139402830","192.168.15.4","192.168.15.3","MQTT","90","Connect Command"
"462995","3476.142416505","192.168.15.4","192.168.15.3","MQTT","97","Publish Message (id=3424) [Deviceb'Device - 2']"
"462997","3476.146776625","192.168.15.3","192.168.15.4","MQTT","70","Connect Ack"
"462999","3476.149176730","192.168.15.3","192.168.15.4","MQTT","70","Publish Ack (id=3424)"
"463001","3476.149585874","192.168.15.4","192.168.15.3","MQTT","68","Disconnect Req"
"463013","3477.153942057","192.168.15.4","192.168.15.3","MQTT","90","Connect Command"
"463015","3477.156970440","192.168.15.4","192.168.15.3","MQTT","97","Publish Message (id=3425) [Deviceb'Device - 2']"
"463016","3477.157381958","192.168.15.3","192.168.15.4","MQTT","70","Connect Ack"
"463019","3477.161813262","192.168.15.3","192.168.15.4","MQTT","70","Publish Ack (id=3425)"
"463021","3477.162141983","192.168.15.4","192.168.15.3","MQTT","68","Disconnect Req"
"463029","3478.165598417","192.168.15.4","192.168.15.3","MQTT","90","Connect Command"
"463031","3478.168586023","192.168.15.4","192.168.15.3","MQTT","97","Publish Message (id=3426) [Deviceb'Device - 2']"
"463032","3478.169012469","192.168.15.3","192.168.15.4","MQTT","70","Connect Ack"
"463035","3478.171664761","192.168.15.3","192.168.15.4","MQTT","70","Publish Ack (id=3426)"
"463037","3478.171912309","192.168.15.4","192.168.15.3","MQTT","68","Disconnect Req"
"463056","3479.175422564","192.168.15.4","192.168.15.3","MQTT","90","Connect Command"
"463058","3479.178429847","192.168.15.4","192.168.15.3","MQTT","97","Publish Message (id=3427) [Deviceb'Device - 2']"
"463059","3479.178855221","192.168.15.3","192.168.15.4","MQTT","70","Connect Ack"
"463062","3479.181511892","192.168.15.3","192.168.15.4","MQTT","70","Publish Ack (id=3427)"
"463064","3479.181805326","192.168.15.4","192.168.15.3","MQTT","68","Disconnect Req"
"463077","3480.185922368","192.168.15.4","192.168.15.3","MQTT","90","Connect Command"
"463079","3480.188912359","192.168.15.4","192.168.15.3","MQTT","97","Publish Message (id=3428) [Deviceb'Device - 2']"
"463080","3480.189340688","192.168.15.3","192.168.15.4","MQTT","70","Connect Ack"
"463083","3480.191876490","192.168.15.3","192.168.15.4","MQTT","70","Publish Ack (id=3428)"
"463085","3480.192116794","192.168.15.4","192.168.15.3","MQTT","68","Disconnect Req"
"463100","3481.196339908","192.168.15.4","192.168.15.3","MQTT","90","Connect Command"
"463102","3481.199306675","192.168.15.4","192.168.15.3","MQTT","97","Publish Message (id=3429) [Deviceb'Device - 2']"
"463104","3481.203699386","192.168.15.3","192.168.15.4","MQTT","70","Connect Ack"
"463106","3481.206140028","192.168.15.3","192.168.15.4","MQTT","70","Publish Ack (id=3429)"
"463108","3481.206449774","192.168.15.4","192.168.15.3","MQTT","68","Disconnect Req"
"463465","3482.210160630","192.168.15.4","192.168.15.3","MQTT","90","Connect Command"
"463467","3482.213165579","192.168.15.4","192.168.15.3","MQTT","97","Publish Message (id=3430) [Deviceb'Device - 2']"
"463468","3482.213552450","192.168.15.3","192.168.15.4","MQTT","70","Connect Ack"
"463471","3482.215960250","192.168.15.3","192.168.15.4","MQTT","70","Publish Ack (id=3430)"
"463473","3482.216334557","192.168.15.4","192.168.15.3","MQTT","68","Disconnect Req"
"463486","3483.220441629","192.168.15.4","192.168.15.3","MQTT","90","Connect Command"
"463488","3483.223428834","192.168.15.4","192.168.15.3","MQTT","97","Publish Message (id=3431) [Deviceb'Device - 2']"
"463489","3483.223827217","192.168.15.3","192.168.15.4","MQTT","70","Connect Ack"
"463492","3483.226247020","192.168.15.3","192.168.15.4","MQTT","70","Publish Ack (id=3431)"
"463494","3483.226588045","192.168.15.4","192.168.15.3","MQTT","68","Disconnect Req"
"463502","3484.231382327","192.168.15.4","192.168.15.3","MQTT","90","Connect Command"
"463504","3484.234335588","192.168.15.4","192.168.15.3","MQTT","97","Publish Message (id=3432) [Deviceb'Device - 2']"
"463505","3484.234826736","192.168.15.3","192.168.15.4","MQTT","70","Connect Ack"
"463508","3484.237289811","192.168.15.3","192.168.15.4","MQTT","70","Publish Ack (id=3432)"
"463510","3484.237619214","192.168.15.4","192.168.15.3","MQTT","68","Disconnect Req"
"463534","3485.241750283","192.168.15.4","192.168.15.3","MQTT","90","Connect Command"
"463536","3485.244781281","192.168.15.4","192.168.15.3","MQTT","97","Publish Message (id=3433) [Deviceb'Device - 2']"
"463537","3485.245211173","192.168.15.3","192.168.15.4","MQTT","70","Connect Ack"
"463540","3485.247735904","192.168.15.3","192.168.15.4","MQTT","70","Publish Ack (id=3433)"
"463542","3485.248251228","192.168.15.4","192.168.15.3","MQTT","68","Disconnect Req"
"463557","3486.252729415","192.168.15.4","192.168.15.3","MQTT","90","Connect Command"
"463559","3486.255578439","192.168.15.4","192.168.15.3","MQTT","97","Publish Message (id=3434) [Deviceb'Device - 2']"
"463561","3486.259864929","192.168.15.3","192.168.15.4","MQTT","70","Connect Ack"
"463563","3486.262359493","192.168.15.3","192.168.15.4","MQTT","70","Publish Ack (id=3434)"
"463565","3486.262839470","192.168.15.4","192.168.15.3","MQTT","68","Disconnect Req"
"463581","3487.266963176","192.168.15.4","192.168.15.3","MQTT","90","Connect Command"
"463583","3487.272058084","192.168.15.4","192.168.15.3","MQTT","97","Publish Message (id=3435) [Deviceb'Device - 2']"
"463584","3487.272442681","192.168.15.3","192.168.15.4","MQTT","70","Connect Ack"
"463587","3487.275089763","192.168.15.3","192.168.15.4","MQTT","70","Publish Ack (id=3435)"
"463589","3487.275550053","192.168.15.4","192.168.15.3","MQTT","68","Disconnect Req"
"463601","3488.279593497","192.168.15.4","192.168.15.3","MQTT","90","Connect Command"
"463603","3488.282573659","192.168.15.4","192.168.15.3","MQTT","97","Publish Message (id=3436) [Deviceb'Device - 2']"
"463604","3488.283004282","192.168.15.3","192.168.15.4","MQTT","70","Connect Ack"
"463607","3488.285584509","192.168.15.3","192.168.15.4","MQTT","70","Publish Ack (id=3436)"
"463609","3488.286036693","192.168.15.4","192.168.15.3","MQTT","68","Disconnect Req"
"463621","3489.289890861","192.168.15.4","192.168.15.3","MQTT","90","Connect Command"
"463623","3489.292779740","192.168.15.4","192.168.15.3","MQTT","97","Publish Message (id=3437) [Deviceb'Device - 2']"
"463624","3489.293186920","192.168.15.3","192.168.15.4","MQTT","70","Connect Ack"
"463627","3489.295757948","192.168.15.3","192.168.15.4","MQTT","70","Publish Ack (id=3437)"
"463629","3489.296327915","192.168.15.4","192.168.15.3","MQTT","68","Disconnect Req"
"463673","3490.300251334","192.168.15.4","192.168.15.3","MQTT","90","Connect Command"
"463675","3490.303232467","192.168.15.4","192.168.15.3","MQTT","97","Publish Message (id=3438) [Deviceb'Device - 2']"
"463676","3490.303621833","192.168.15.3","192.168.15.4","MQTT","70","Connect Ack"
"463679","3490.306209754","192.168.15.3","192.168.15.4","MQTT","70","Publish Ack (id=3438)"
"463681","3490.306849472","192.168.15.4","192.168.15.3","MQTT","68","Disconnect Req"
"463700","3491.310902877","192.168.15.4","192.168.15.3","MQTT","90","Connect Command"
"463702","3491.313646171","192.168.15.4","192.168.15.3","MQTT","97","Publish Message (id=3439) [Deviceb'Device - 2']"
"463704","3491.317928443","192.168.15.3","192.168.15.4","MQTT","70","Connect Ack"
"463706","3491.320455309","192.168.15.3","192.168.15.4","MQTT","70","Publish Ack (id=3439)"
"463708","3491.321110146","192.168.15.4","192.168.15.3","MQTT","68","Disconnect Req"
"463720","3492.325363348","192.168.15.4","192.168.15.3","MQTT","90","Connect Command"
"463722","3492.328296851","192.168.15.4","192.168.15.3","MQTT","97","Publish Message (id=3440) [Deviceb'Device - 2']"
"463723","3492.328733476","192.168.15.3","192.168.15.4","MQTT","70","Connect Ack"
"463726","3492.332977797","192.168.15.3","192.168.15.4","MQTT","70","Publish Ack (id=3440)"
"463728","3492.333585686","192.168.15.4","192.168.15.3","MQTT","68","Disconnect Req"
"465201","3493.337958383","192.168.15.4","192.168.15.3","MQTT","90","Connect Command"
"465203","3493.342627447","192.168.15.4","192.168.15.3","MQTT","97","Publish Message (id=3441) [Deviceb'Device - 2']"
"465204","3493.343082407","192.168.15.3","192.168.15.4","MQTT","70","Connect Ack"
"465207","3493.345619150","192.168.15.3","192.168.15.4","MQTT","70","Publish Ack (id=3441)"
"465209","3493.346215387","192.168.15.4","192.168.15.3","MQTT","68","Disconnect Req"
"465221","3494.350372147","192.168.15.4","192.168.15.3","MQTT","90","Connect Command"
"465223","3494.353385611","192.168.15.4","192.168.15.3","MQTT","97","Publish Message (id=3442) [Deviceb'Device - 2']"
"465224","3494.354454081","192.168.15.3","192.168.15.4","MQTT","70","Connect Ack"
"465227","3494.356269211","192.168.15.3","192.168.15.4","MQTT","70","Publish Ack (id=3442)"
"465229","3494.356866580","192.168.15.4","192.168.15.3","MQTT","68","Disconnect Req"
"465244","3495.360641017","192.168.15.4","192.168.15.3","MQTT","90","Connect Command"
"465246","3495.363624235","192.168.15.4","192.168.15.3","MQTT","97","Publish Message (id=3443) [Deviceb'Device - 2']"
"465247","3495.364036273","192.168.15.3","192.168.15.4","MQTT","70","Connect Ack"
"465250","3495.366564371","192.168.15.3","192.168.15.4","MQTT","70","Publish Ack (id=3443)"
"465252","3495.366863236","192.168.15.4","192.168.15.3","MQTT","68","Disconnect Req"
"465268","3496.370879340","192.168.15.4","192.168.15.3","MQTT","90","Connect Command"
"465270","3496.373882856","192.168.15.4","192.168.15.3","MQTT","97","Publish Message (id=3444) [Deviceb'Device - 2']"
"465272","3496.378293621","192.168.15.3","192.168.15.4","MQTT","70","Connect Ack"
"465274","3496.380724916","192.168.15.3","192.168.15.4","MQTT","70","Publish Ack (id=3444)"
"465276","3496.381537151","192.168.15.4","192.168.15.3","MQTT","68","Disconnect Req"
"465288","3497.385634909","192.168.15.4","192.168.15.3","MQTT","90","Connect Command"
"465290","3497.388529459","192.168.15.4","192.168.15.3","MQTT","97","Publish Message (id=3445) [Deviceb'Device - 2']"
"465291","3497.388951887","192.168.15.3","192.168.15.4","MQTT","70","Connect Ack"
"465294","3497.391418148","192.168.15.3","192.168.15.4","MQTT","70","Publish Ack (id=3445)"
"465296","3497.391820629","192.168.15.4","192.168.15.3","MQTT","68","Disconnect Req"
"465308","3498.395424193","192.168.15.4","192.168.15.3","MQTT","90","Connect Command"
"465310","3498.398446975","192.168.15.4","192.168.15.3","MQTT","97","Publish Message (id=3446) [Deviceb'Device - 2']"
"465311","3498.398856168","192.168.15.3","192.168.15.4","MQTT","70","Connect Ack"
"465314","3498.401540110","192.168.15.3","192.168.15.4","MQTT","70","Publish Ack (id=3446)"
"465316","3498.401820861","192.168.15.4","192.168.15.3","MQTT","68","Disconnect Req"
"465328","3499.405453210","192.168.15.4","192.168.15.3","MQTT","90","Connect Command"
"465330","3499.408468709","192.168.15.4","192.168.15.3","MQTT","97","Publish Message (id=3447) [Deviceb'Device - 2']"
"465331","3499.408891328","192.168.15.3","192.168.15.4","MQTT","70","Connect Ack"
"465334","3499.411342860","192.168.15.3","192.168.15.4","MQTT","70","Publish Ack (id=3447)"
"465336","3499.411930310","192.168.15.4","192.168.15.3","MQTT","68","Disconnect Req"
"465344","3500.415510101","192.168.15.4","192.168.15.3","MQTT","90","Connect Command"
"465346","3500.418498227","192.168.15.4","192.168.15.3","MQTT","97","Publish Message (id=3448) [Deviceb'Device - 2']"
"465347","3500.418929783","192.168.15.3","192.168.15.4","MQTT","70","Connect Ack"
"465350","3500.421406754","192.168.15.3","192.168.15.4","MQTT","70","Publish Ack (id=3448)"
"465352","3500.421633572","192.168.15.4","192.168.15.3","MQTT","68","Disconnect Req"
"465369","3501.426195460","192.168.15.4","192.168.15.3","MQTT","90","Connect Command"
"465371","3501.428926370","192.168.15.4","192.168.15.3","MQTT","97","Publish Message (id=3449) [Deviceb'Device - 2']"
"465373","3501.433249670","192.168.15.3","192.168.15.4","MQTT","70","Connect Ack"
"465375","3501.435788137","192.168.15.3","192.168.15.4","MQTT","70","Publish Ack (id=3449)"
"465377","3501.436065942","192.168.15.4","192.168.15.3","MQTT","68","Disconnect Req"
"465389","3502.440241019","192.168.15.4","192.168.15.3","MQTT","90","Connect Command"
"465391","3502.443256026","192.168.15.4","192.168.15.3","MQTT","97","Publish Message (id=3450) [Deviceb'Device - 2']"
"465392","3502.444238854","192.168.15.3","192.168.15.4","MQTT","70","Connect Ack"
"465395","3502.446310488","192.168.15.3","192.168.15.4","MQTT","70","Publish Ack (id=3450)"
"465397","3502.446692550","192.168.15.4","192.168.15.3","MQTT","68","Disconnect Req"
"465410","3503.450455208","192.168.15.4","192.168.15.3","MQTT","90","Connect Command"
"465412","3503.453471007","192.168.15.4","192.168.15.3","MQTT","97","Publish Message (id=3451) [Deviceb'Device - 2']"
"465413","3503.453847608","192.168.15.3","192.168.15.4","MQTT","70","Connect Ack"
"465416","3503.456292188","192.168.15.3","192.168.15.4","MQTT","70","Publish Ack (id=3451)"
"465418","3503.456961834","192.168.15.4","192.168.15.3","MQTT","68","Disconnect Req"
"465430","3504.460732183","192.168.15.4","192.168.15.3","MQTT","90","Connect Command"
"465432","3504.463767820","192.168.15.4","192.168.15.3","MQTT","97","Publish Message (id=3452) [Deviceb'Device - 2']"
"465433","3504.464127300","192.168.15.3","192.168.15.4","MQTT","70","Connect Ack"
"465436","3504.466794320","192.168.15.3","192.168.15.4","MQTT","70","Publish Ack (id=3452)"
"465438","3504.467220906","192.168.15.4","192.168.15.3","MQTT","68","Disconnect Req"
"465452","3505.471713462","192.168.15.4","192.168.15.3","MQTT","90","Connect Command"
"465454","3505.474594346","192.168.15.4","192.168.15.3","MQTT","97","Publish Message (id=3453) [Deviceb'Device - 2']"
"465455","3505.475069935","192.168.15.3","192.168.15.4","MQTT","70","Connect Ack"
"465458","3505.477527630","192.168.15.3","192.168.15.4","MQTT","70","Publish Ack (id=3453)"
"465460","3505.477806757","192.168.15.4","192.168.15.3","MQTT","68","Disconnect Req"
"465479","3506.482348716","192.168.15.4","192.168.15.3","MQTT","90","Connect Command"
"465481","3506.485367892","192.168.15.4","192.168.15.3","MQTT","97","Publish Message (id=3454) [Deviceb'Device - 2']"
"465483","3506.489729585","192.168.15.3","192.168.15.4","MQTT","70","Connect Ack"
"465485","3506.492257261","192.168.15.3","192.168.15.4","MQTT","70","Publish Ack (id=3454)"
"465487","3506.492579751","192.168.15.4","192.168.15.3","MQTT","68","Disconnect Req"
"465499","3507.496355573","192.168.15.4","192.168.15.3","MQTT","90","Connect Command"
"465501","3507.499276152","192.168.15.4","192.168.15.3","MQTT","97","Publish Message (id=3455) [Deviceb'Device - 2']"
"465502","3507.499705995","192.168.15.3","192.168.15.4","MQTT","70","Connect Ack"
"465505","3507.502181713","192.168.15.3","192.168.15.4","MQTT","70","Publish Ack (id=3455)"
"465507","3507.502444590","192.168.15.4","192.168.15.3","MQTT","68","Disconnect Req"
"467370","3508.506148436","192.168.15.4","192.168.15.3","MQTT","90","Connect Command"
"467372","3508.509582375","192.168.15.4","192.168.15.3","MQTT","97","Publish Message (id=3456) [Deviceb'Device - 2']"
"467373","3508.509998181","192.168.15.3","192.168.15.4","MQTT","70","Connect Ack"
"467376","3508.512703464","192.168.15.3","192.168.15.4","MQTT","70","Publish Ack (id=3456)"
"467378","3508.513127305","192.168.15.4","192.168.15.3","MQTT","68","Disconnect Req"
"467390","3509.517225596","192.168.15.4","192.168.15.3","MQTT","90","Connect Command"
"467392","3509.522112030","192.168.15.4","192.168.15.3","MQTT","97","Publish Message (id=3457) [Deviceb'Device - 2']"
"467393","3509.522572260","192.168.15.3","192.168.15.4","MQTT","70","Connect Ack"
"467396","3509.525125515","192.168.15.3","192.168.15.4","MQTT","70","Publish Ack (id=3457)"
"467398","3509.525434879","192.168.15.4","192.168.15.3","MQTT","68","Disconnect Req"
"467443","3510.529523873","192.168.15.4","192.168.15.3","MQTT","90","Connect Command"
"467445","3510.532294690","192.168.15.4","192.168.15.3","MQTT","97","Publish Message (id=3458) [Deviceb'Device - 2']"
"467446","3510.532697882","192.168.15.3","192.168.15.4","MQTT","70","Connect Ack"
"467449","3510.535307003","192.168.15.3","192.168.15.4","MQTT","70","Publish Ack (id=3458)"
"467451","3510.535613021","192.168.15.4","192.168.15.3","MQTT","68","Disconnect Req"
"467527","3511.540459637","192.168.15.4","192.168.15.3","MQTT","90","Connect Command"
"467529","3511.543453645","192.168.15.4","192.168.15.3","MQTT","97","Publish Message (id=3459) [Deviceb'Device - 2']"
"467530","3511.543867788","192.168.15.3","192.168.15.4","MQTT","70","Connect Ack"
"467533","3511.546308851","192.168.15.3","192.168.15.4","MQTT","70","Publish Ack (id=3459)"
"467535","3511.547108342","192.168.15.4","192.168.15.3","MQTT","68","Disconnect Req"
"467901","3512.550785529","192.168.15.4","192.168.15.3","MQTT","90","Connect Command"
"467903","3512.553816948","192.168.15.4","192.168.15.3","MQTT","97","Publish Message (id=3460) [Deviceb'Device - 2']"
"467904","3512.554247611","192.168.15.3","192.168.15.4","MQTT","70","Connect Ack"
"467907","3512.556843958","192.168.15.3","192.168.15.4","MQTT","70","Publish Ack (id=3460)"
"467909","3512.557077950","192.168.15.4","192.168.15.3","MQTT","68","Disconnect Req"
"467920","3513.560843254","192.168.15.4","192.168.15.3","MQTT","90","Connect Command"
"467922","3513.563874422","192.168.15.4","192.168.15.3","MQTT","97","Publish Message (id=3461) [Deviceb'Device - 2']"
"467923","3513.564276482","192.168.15.3","192.168.15.4","MQTT","70","Connect Ack"
"467926","3513.566923745","192.168.15.3","192.168.15.4","MQTT","70","Publish Ack (id=3461)"
"467928","3513.567185259","192.168.15.4","192.168.15.3","MQTT","68","Disconnect Req"
"467971","3514.570698155","192.168.15.4","192.168.15.3","MQTT","90","Connect Command"
"467973","3514.573619285","192.168.15.4","192.168.15.3","MQTT","97","Publish Message (id=3462) [Deviceb'Device - 2']"
"467974","3514.574048997","192.168.15.3","192.168.15.4","MQTT","70","Connect Ack"
"467977","3514.576565974","192.168.15.3","192.168.15.4","MQTT","70","Publish Ack (id=3462)"
"467979","3514.577169565","192.168.15.4","192.168.15.3","MQTT","68","Disconnect Req"
"468006","3515.580546955","192.168.15.4","192.168.15.3","MQTT","90","Connect Command"
"468008","3515.583705955","192.168.15.4","192.168.15.3","MQTT","97","Publish Message (id=3463) [Deviceb'Device - 2']"
"468009","3515.583949315","192.168.15.3","192.168.15.4","MQTT","70","Connect Ack"
"468012","3515.586671299","192.168.15.3","192.168.15.4","MQTT","70","Publish Ack (id=3463)"
"468014","3515.587373947","192.168.15.4","192.168.15.3","MQTT","68","Disconnect Req"
"468038","3516.591573600","192.168.15.4","192.168.15.3","MQTT","90","Connect Command"
"468040","3516.595000226","192.168.15.4","192.168.15.3","MQTT","97","Publish Message (id=3464) [Deviceb'Device - 2']"
"468042","3516.599690275","192.168.15.3","192.168.15.4","MQTT","70","Connect Ack"
"468044","3516.602115355","192.168.15.3","192.168.15.4","MQTT","70","Publish Ack (id=3464)"
"468046","3516.602393341","192.168.15.4","192.168.15.3","MQTT","68","Disconnect Req"
"468058","3517.606608902","192.168.15.4","192.168.15.3","MQTT","90","Connect Command"
"468060","3517.610736375","192.168.15.4","192.168.15.3","MQTT","97","Publish Message (id=3465) [Deviceb'Device - 2']"
"468061","3517.611153455","192.168.15.3","192.168.15.4","MQTT","70","Connect Ack"
"468064","3517.613701217","192.168.15.3","192.168.15.4","MQTT","70","Publish Ack (id=3465)"
"468066","3517.614317514","192.168.15.4","192.168.15.3","MQTT","68","Disconnect Req"
"468084","3518.618420887","192.168.15.4","192.168.15.3","MQTT","90","Connect Command"
"468086","3518.621314014","192.168.15.4","192.168.15.3","MQTT","97","Publish Message (id=3466) [Deviceb'Device - 2']"
"468087","3518.621810914","192.168.15.3","192.168.15.4","MQTT","70","Connect Ack"
"468090","3518.624696837","192.168.15.3","192.168.15.4","MQTT","70","Publish Ack (id=3466)"
"468092","3518.624989000","192.168.15.4","192.168.15.3","MQTT","68","Disconnect Req"
"468104","3519.628726105","192.168.15.4","192.168.15.3","MQTT","90","Connect Command"
"468106","3519.631711827","192.168.15.4","192.168.15.3","MQTT","97","Publish Message (id=3467) [Deviceb'Device - 2']"
"468107","3519.632132563","192.168.15.3","192.168.15.4","MQTT","70","Connect Ack"
"468110","3519.634682951","192.168.15.3","192.168.15.4","MQTT","70","Publish Ack (id=3467)"
"468112","3519.634959855","192.168.15.4","192.168.15.3","MQTT","68","Disconnect Req"
"468132","3520.638999868","192.168.15.4","192.168.15.3","MQTT","90","Connect Command"
"468134","3520.642018843","192.168.15.4","192.168.15.3","MQTT","97","Publish Message (id=3468) [Deviceb'Device - 2']"
"468135","3520.642428258","192.168.15.3","192.168.15.4","MQTT","70","Connect Ack"
"468138","3520.645151663","192.168.15.3","192.168.15.4","MQTT","70","Publish Ack (id=3468)"
"468140","3520.645914196","192.168.15.4","192.168.15.3","MQTT","68","Disconnect Req"
"468180","3521.649665388","192.168.15.4","192.168.15.3","MQTT","90","Connect Command"
"468182","3521.652476329","192.168.15.4","192.168.15.3","MQTT","97","Publish Message (id=3469) [Deviceb'Device - 2']"
"468184","3521.657411801","192.168.15.3","192.168.15.4","MQTT","70","Connect Ack"
"468186","3521.659874062","192.168.15.3","192.168.15.4","MQTT","70","Publish Ack (id=3469)"
"468188","3521.660202103","192.168.15.4","192.168.15.3","MQTT","68","Disconnect Req"
"468202","3522.664441604","192.168.15.4","192.168.15.3","MQTT","90","Connect Command"
"468204","3522.667327216","192.168.15.4","192.168.15.3","MQTT","97","Publish Message (id=3470) [Deviceb'Device - 2']"
"468206","3522.667751178","192.168.15.3","192.168.15.4","MQTT","70","Connect Ack"
"468209","3522.670229700","192.168.15.3","192.168.15.4","MQTT","70","Publish Ack (id=3470)"
"468211","3522.670773129","192.168.15.4","192.168.15.3","MQTT","68","Disconnect Req"
"468219","3523.675073710","192.168.15.4","192.168.15.3","MQTT","90","Connect Command"
"468221","3523.678372505","192.168.15.4","192.168.15.3","MQTT","97","Publish Message (id=3471) [Deviceb'Device - 2']"
"468222","3523.678619071","192.168.15.3","192.168.15.4","MQTT","70","Connect Ack"
"468225","3523.681229693","192.168.15.3","192.168.15.4","MQTT","70","Publish Ack (id=3471)"
"468227","3523.682019398","192.168.15.4","192.168.15.3","MQTT","68","Disconnect Req"
"468239","3524.686330615","192.168.15.4","192.168.15.3","MQTT","90","Connect Command"
"468241","3524.691659983","192.168.15.4","192.168.15.3","MQTT","97","Publish Message (id=3472) [Deviceb'Device - 2']"
"468242","3524.692020465","192.168.15.3","192.168.15.4","MQTT","70","Connect Ack"
"468245","3524.694639913","192.168.15.3","192.168.15.4","MQTT","70","Publish Ack (id=3472)"
"468247","3524.695422545","192.168.15.4","192.168.15.3","MQTT","68","Disconnect Req"
"468259","3525.699650839","192.168.15.4","192.168.15.3","MQTT","90","Connect Command"
"468261","3525.704585931","192.168.15.4","192.168.15.3","MQTT","97","Publish Message (id=3473) [Deviceb'Device - 2']"
"468262","3525.704859198","192.168.15.3","192.168.15.4","MQTT","70","Connect Ack"
"468265","3525.707582323","192.168.15.3","192.168.15.4","MQTT","70","Publish Ack (id=3473)"
"468267","3525.707979414","192.168.15.4","192.168.15.3","MQTT","68","Disconnect Req"
"468282","3526.712435625","192.168.15.4","192.168.15.3","MQTT","90","Connect Command"
"468284","3526.715316439","192.168.15.4","192.168.15.3","MQTT","97","Publish Message (id=3474) [Deviceb'Device - 2']"
"468286","3526.719644732","192.168.15.3","192.168.15.4","MQTT","70","Connect Ack"
"468288","3526.723504307","192.168.15.3","192.168.15.4","MQTT","70","Publish Ack (id=3474)"
"468290","3526.724060950","192.168.15.4","192.168.15.3","MQTT","68","Disconnect Req"
"469747","3527.731795231","192.168.15.4","192.168.15.3","MQTT","90","Connect Command"
"469833","3527.739919279","192.168.15.4","192.168.15.3","MQTT","97","Publish Message (id=3475) [Deviceb'Device - 2']"
"469851","3527.741489531","192.168.15.3","192.168.15.4","MQTT","70","Connect Ack"
"469888","3527.744755043","192.168.15.3","192.168.15.4","MQTT","70","Publish Ack (id=3475)"
"469890","3527.745177953","192.168.15.4","192.168.15.3","MQTT","68","Disconnect Req"
"469903","3528.749269273","192.168.15.4","192.168.15.3","MQTT","90","Connect Command"
"469905","3528.752265455","192.168.15.4","192.168.15.3","MQTT","97","Publish Message (id=3476) [Deviceb'Device - 2']"
"469906","3528.752717190","192.168.15.3","192.168.15.4","MQTT","70","Connect Ack"
"469909","3528.755083389","192.168.15.3","192.168.15.4","MQTT","70","Publish Ack (id=3476)"
"469911","3528.755343511","192.168.15.4","192.168.15.3","MQTT","68","Disconnect Req"
"469923","3529.759240538","192.168.15.4","192.168.15.3","MQTT","90","Connect Command"
"469925","3529.762102345","192.168.15.4","192.168.15.3","MQTT","97","Publish Message (id=3477) [Deviceb'Device - 2']"
"469926","3529.762490219","192.168.15.3","192.168.15.4","MQTT","70","Connect Ack"
"469929","3529.764928304","192.168.15.3","192.168.15.4","MQTT","70","Publish Ack (id=3477)"
"469931","3529.765607700","192.168.15.4","192.168.15.3","MQTT","68","Disconnect Req"
"469945","3530.769353587","192.168.15.4","192.168.15.3","MQTT","90","Connect Command"
"469947","3530.772795462","192.168.15.4","192.168.15.3","MQTT","97","Publish Message (id=3478) [Deviceb'Device - 2']"
"469948","3530.772811773","192.168.15.3","192.168.15.4","MQTT","70","Connect Ack"
"469952","3530.775648893","192.168.15.3","192.168.15.4","MQTT","70","Publish Ack (id=3478)"
"469955","3530.775997062","192.168.15.4","192.168.15.3","MQTT","68","Disconnect Req"
"469966","3531.779971927","192.168.15.4","192.168.15.3","MQTT","90","Connect Command"
"469968","3531.782817153","192.168.15.4","192.168.15.3","MQTT","97","Publish Message (id=3479) [Deviceb'Device - 2']"
"469970","3531.787178478","192.168.15.3","192.168.15.4","MQTT","70","Connect Ack"
"469972","3531.789585955","192.168.15.3","192.168.15.4","MQTT","70","Publish Ack (id=3479)"
"469974","3531.789995109","192.168.15.4","192.168.15.3","MQTT","68","Disconnect Req"
"469987","3532.793907471","192.168.15.4","192.168.15.3","MQTT","90","Connect Command"
"469989","3532.796891349","192.168.15.4","192.168.15.3","MQTT","97","Publish Message (id=3480) [Deviceb'Device - 2']"
"469990","3532.797329909","192.168.15.3","192.168.15.4","MQTT","70","Connect Ack"
"469994","3532.799683113","192.168.15.3","192.168.15.4","MQTT","70","Publish Ack (id=3480)"
"469996","3532.800007086","192.168.15.4","192.168.15.3","MQTT","68","Disconnect Req"
"470009","3533.803517172","192.168.15.4","192.168.15.3","MQTT","90","Connect Command"
"470011","3533.806581142","192.168.15.4","192.168.15.3","MQTT","97","Publish Message (id=3481) [Deviceb'Device - 2']"
"470012","3533.806972052","192.168.15.3","192.168.15.4","MQTT","70","Connect Ack"
"470015","3533.809672804","192.168.15.3","192.168.15.4","MQTT","70","Publish Ack (id=3481)"
"470017","3533.809944308","192.168.15.4","192.168.15.3","MQTT","68","Disconnect Req"
"470032","3534.813677501","192.168.15.4","192.168.15.3","MQTT","90","Connect Command"
"470034","3534.817053310","192.168.15.4","192.168.15.3","MQTT","97","Publish Message (id=3482) [Deviceb'Device - 2']"
"470035","3534.817423641","192.168.15.3","192.168.15.4","MQTT","70","Connect Ack"
"470038","3534.820126157","192.168.15.3","192.168.15.4","MQTT","70","Publish Ack (id=3482)"
"470040","3534.820419682","192.168.15.4","192.168.15.3","MQTT","68","Disconnect Req"
"470062","3535.824368048","192.168.15.4","192.168.15.3","MQTT","90","Connect Command"
"470064","3535.827289958","192.168.15.4","192.168.15.3","MQTT","97","Publish Message (id=3483) [Deviceb'Device - 2']"
"470065","3535.827682962","192.168.15.3","192.168.15.4","MQTT","70","Connect Ack"
"470068","3535.830374978","192.168.15.3","192.168.15.4","MQTT","70","Publish Ack (id=3483)"
"470070","3535.830874253","192.168.15.4","192.168.15.3","MQTT","68","Disconnect Req"
"470083","3536.834516614","192.168.15.4","192.168.15.3","MQTT","90","Connect Command"
"470085","3536.837543773","192.168.15.4","192.168.15.3","MQTT","97","Publish Message (id=3484) [Deviceb'Device - 2']"
"470087","3536.841933813","192.168.15.3","192.168.15.4","MQTT","70","Connect Ack"
"470089","3536.844989527","192.168.15.3","192.168.15.4","MQTT","70","Publish Ack (id=3484)"
"470091","3536.845642312","192.168.15.4","192.168.15.3","MQTT","68","Disconnect Req"
"470102","3537.849788432","192.168.15.4","192.168.15.3","MQTT","90","Connect Command"
"470104","3537.852786137","192.168.15.4","192.168.15.3","MQTT","97","Publish Message (id=3485) [Deviceb'Device - 2']"
"470105","3537.853197385","192.168.15.3","192.168.15.4","MQTT","70","Connect Ack"
"470109","3537.855827603","192.168.15.3","192.168.15.4","MQTT","70","Publish Ack (id=3485)"
"470111","3537.856127521","192.168.15.4","192.168.15.3","MQTT","68","Disconnect Req"
"470121","3538.860287292","192.168.15.4","192.168.15.3","MQTT","90","Connect Command"
"470123","3538.863219362","192.168.15.4","192.168.15.3","MQTT","97","Publish Message (id=3486) [Deviceb'Device - 2']"
"470124","3538.863606775","192.168.15.3","192.168.15.4","MQTT","70","Connect Ack"
"470127","3538.866339648","192.168.15.3","192.168.15.4","MQTT","70","Publish Ack (id=3486)"
"470129","3538.866695532","192.168.15.4","192.168.15.3","MQTT","68","Disconnect Req"
"470144","3539.870674245","192.168.15.4","192.168.15.3","MQTT","90","Connect Command"
"470146","3539.873663333","192.168.15.4","192.168.15.3","MQTT","97","Publish Message (id=3487) [Deviceb'Device - 2']"
"470147","3539.874076695","192.168.15.3","192.168.15.4","MQTT","70","Connect Ack"
"470150","3539.876565306","192.168.15.3","192.168.15.4","MQTT","70","Publish Ack (id=3487)"
"470152","3539.876963299","192.168.15.4","192.168.15.3","MQTT","68","Disconnect Req"
"470167","3540.880533394","192.168.15.4","192.168.15.3","MQTT","90","Connect Command"
"470169","3540.883524516","192.168.15.4","192.168.15.3","MQTT","97","Publish Message (id=3488) [Deviceb'Device - 2']"
"470170","3540.883936285","192.168.15.3","192.168.15.4","MQTT","70","Connect Ack"
"470173","3540.887000425","192.168.15.3","192.168.15.4","MQTT","70","Publish Ack (id=3488)"
"470175","3540.887264054","192.168.15.4","192.168.15.3","MQTT","68","Disconnect Req"
"470537","3541.890343896","192.168.15.4","192.168.15.3","MQTT","90","Connect Command"
"470539","3541.894482900","192.168.15.4","192.168.15.3","MQTT","97","Publish Message (id=3489) [Deviceb'Device - 2']"
"470541","3541.897605801","192.168.15.3","192.168.15.4","MQTT","70","Connect Ack"
"470543","3541.900072851","192.168.15.3","192.168.15.4","MQTT","70","Publish Ack (id=3489)"
"470545","3541.900369753","192.168.15.4","192.168.15.3","MQTT","68","Disconnect Req"
"470558","3542.904089121","192.168.15.4","192.168.15.3","MQTT","90","Connect Command"
"470560","3542.907007925","192.168.15.4","192.168.15.3","MQTT","97","Publish Message (id=3490) [Deviceb'Device - 2']"
"470561","3542.907370712","192.168.15.3","192.168.15.4","MQTT","70","Connect Ack"
"470564","3542.909906812","192.168.15.3","192.168.15.4","MQTT","70","Publish Ack (id=3490)"
"470566","3542.910427999","192.168.15.4","192.168.15.3","MQTT","68","Disconnect Req"
"470578","3543.913730983","192.168.15.4","192.168.15.3","MQTT","90","Connect Command"
"470580","3543.916801875","192.168.15.4","192.168.15.3","MQTT","97","Publish Message (id=3491) [Deviceb'Device - 2']"
"470581","3543.917181925","192.168.15.3","192.168.15.4","MQTT","70","Connect Ack"
"470584","3543.919879591","192.168.15.3","192.168.15.4","MQTT","70","Publish Ack (id=3491)"
"470586","3543.920234523","192.168.15.4","192.168.15.3","MQTT","68","Disconnect Req"
"470610","3544.923602816","192.168.15.4","192.168.15.3","MQTT","90","Connect Command"
"470612","3544.926629715","192.168.15.4","192.168.15.3","MQTT","97","Publish Message (id=3492) [Deviceb'Device - 2']"
"470613","3544.927027348","192.168.15.3","192.168.15.4","MQTT","70","Connect Ack"
"470616","3544.929705437","192.168.15.3","192.168.15.4","MQTT","70","Publish Ack (id=3492)"
"470618","3544.930167021","192.168.15.4","192.168.15.3","MQTT","68","Disconnect Req"
"470633","3545.934130786","192.168.15.4","192.168.15.3","MQTT","90","Connect Command"
"470635","3545.937033791","192.168.15.4","192.168.15.3","MQTT","97","Publish Message (id=3493) [Deviceb'Device - 2']"
"470636","3545.937429099","192.168.15.3","192.168.15.4","MQTT","70","Connect Ack"
"470639","3545.939824272","192.168.15.3","192.168.15.4","MQTT","70","Publish Ack (id=3493)"
"470641","3545.940268624","192.168.15.4","192.168.15.3","MQTT","68","Disconnect Req"
"470653","3546.943806368","192.168.15.4","192.168.15.3","MQTT","90","Connect Command"
"470655","3546.946710545","192.168.15.4","192.168.15.3","MQTT","97","Publish Message (id=3494) [Deviceb'Device - 2']"
"470657","3546.951060158","192.168.15.3","192.168.15.4","MQTT","70","Connect Ack"
"470659","3546.953489817","192.168.15.3","192.168.15.4","MQTT","70","Publish Ack (id=3494)"
"470661","3546.953829850","192.168.15.4","192.168.15.3","MQTT","68","Disconnect Req"
"472380","3547.957812281","192.168.15.4","192.168.15.3","MQTT","90","Connect Command"
"472382","3547.960752697","192.168.15.4","192.168.15.3","MQTT","97","Publish Message (id=3495) [Deviceb'Device - 2']"
"472383","3547.961140090","192.168.15.3","192.168.15.4","MQTT","70","Connect Ack"
"472386","3547.963884825","192.168.15.3","192.168.15.4","MQTT","70","Publish Ack (id=3495)"
"472388","3547.964423515","192.168.15.4","192.168.15.3","MQTT","68","Disconnect Req"
"472400","3548.968399358","192.168.15.4","192.168.15.3","MQTT","90","Connect Command"
"472402","3548.971385169","192.168.15.4","192.168.15.3","MQTT","97","Publish Message (id=3496) [Deviceb'Device - 2']"
"472403","3548.971858365","192.168.15.3","192.168.15.4","MQTT","70","Connect Ack"
"472406","3548.974188786","192.168.15.3","192.168.15.4","MQTT","70","Publish Ack (id=3496)"
"472408","3548.975007897","192.168.15.4","192.168.15.3","MQTT","68","Disconnect Req"
"472420","3549.978999165","192.168.15.4","192.168.15.3","MQTT","90","Connect Command"
"472422","3549.983135194","192.168.15.4","192.168.15.3","MQTT","97","Publish Message (id=3497) [Deviceb'Device - 2']"
"472423","3549.983497930","192.168.15.3","192.168.15.4","MQTT","70","Connect Ack"
"472426","3549.986089375","192.168.15.3","192.168.15.4","MQTT","70","Publish Ack (id=3497)"
"472428","3549.986575235","192.168.15.4","192.168.15.3","MQTT","68","Disconnect Req"
"472443","3550.990979630","192.168.15.4","192.168.15.3","MQTT","90","Connect Command"
"472445","3550.994009405","192.168.15.4","192.168.15.3","MQTT","97","Publish Message (id=3498) [Deviceb'Device - 2']"
"472446","3550.994373253","192.168.15.3","192.168.15.4","MQTT","70","Connect Ack"
"472449","3550.997232565","192.168.15.3","192.168.15.4","MQTT","70","Publish Ack (id=3498)"
"472451","3550.997707244","192.168.15.4","192.168.15.3","MQTT","68","Disconnect Req"
"472466","3552.001774928","192.168.15.4","192.168.15.3","MQTT","90","Connect Command"
"472468","3552.004804421","192.168.15.4","192.168.15.3","MQTT","97","Publish Message (id=3499) [Deviceb'Device - 2']"
"472470","3552.011011259","192.168.15.3","192.168.15.4","MQTT","70","Connect Ack"
"472472","3552.013571245","192.168.15.3","192.168.15.4","MQTT","70","Publish Ack (id=3499)"
"472474","3552.014006309","192.168.15.4","192.168.15.3","MQTT","68","Disconnect Req"
"472491","3553.018274787","192.168.15.4","192.168.15.3","MQTT","90","Connect Command"
"472493","3553.023297714","192.168.15.4","192.168.15.3","MQTT","97","Publish Message (id=3500) [Deviceb'Device - 2']"
"472494","3553.023731305","192.168.15.3","192.168.15.4","MQTT","70","Connect Ack"
"472497","3553.026236276","192.168.15.3","192.168.15.4","MQTT","70","Publish Ack (id=3500)"
"472499","3553.026670668","192.168.15.4","192.168.15.3","MQTT","68","Disconnect Req"
"472511","3554.030975842","192.168.15.4","192.168.15.3","MQTT","90","Connect Command"
"472513","3554.033879478","192.168.15.4","192.168.15.3","MQTT","97","Publish Message (id=3501) [Deviceb'Device - 2']"
"472514","3554.034277230","192.168.15.3","192.168.15.4","MQTT","70","Connect Ack"
"472517","3554.036769628","192.168.15.3","192.168.15.4","MQTT","70","Publish Ack (id=3501)"
"472519","3554.037530278","192.168.15.4","192.168.15.3","MQTT","68","Disconnect Req"
"472531","3555.041642381","192.168.15.4","192.168.15.3","MQTT","90","Connect Command"
"472533","3555.044637961","192.168.15.4","192.168.15.3","MQTT","97","Publish Message (id=3502) [Deviceb'Device - 2']"
"472534","3555.045018892","192.168.15.3","192.168.15.4","MQTT","70","Connect Ack"
"472537","3555.047605968","192.168.15.3","192.168.15.4","MQTT","70","Publish Ack (id=3502)"
"472539","3555.048066299","192.168.15.4","192.168.15.3","MQTT","68","Disconnect Req"
"472565","3556.052461003","192.168.15.4","192.168.15.3","MQTT","90","Connect Command"
"472567","3556.055488373","192.168.15.4","192.168.15.3","MQTT","97","Publish Message (id=3503) [Deviceb'Device - 2']"
"472568","3556.055910201","192.168.15.3","192.168.15.4","MQTT","70","Connect Ack"
"472571","3556.058457102","192.168.15.3","192.168.15.4","MQTT","70","Publish Ack (id=3503)"
"472573","3556.059020608","192.168.15.4","192.168.15.3","MQTT","68","Disconnect Req"
"472587","3557.063348541","192.168.15.4","192.168.15.3","MQTT","90","Connect Command"
"472589","3557.066297162","192.168.15.4","192.168.15.3","MQTT","97","Publish Message (id=3504) [Deviceb'Device - 2']"
"472591","3557.070607800","192.168.15.3","192.168.15.4","MQTT","70","Connect Ack"
"472593","3557.073025717","192.168.15.3","192.168.15.4","MQTT","70","Publish Ack (id=3504)"
"472595","3557.073310836","192.168.15.4","192.168.15.3","MQTT","68","Disconnect Req"
"472607","3558.077151312","192.168.15.4","192.168.15.3","MQTT","90","Connect Command"
"472609","3558.082453307","192.168.15.4","192.168.15.3","MQTT","97","Publish Message (id=3505) [Deviceb'Device - 2']"
"472610","3558.082860738","192.168.15.3","192.168.15.4","MQTT","70","Connect Ack"
"472613","3558.085422977","192.168.15.3","192.168.15.4","MQTT","70","Publish Ack (id=3505)"
"472615","3558.085783590","192.168.15.4","192.168.15.3","MQTT","68","Disconnect Req"
"472623","3559.090130589","192.168.15.4","192.168.15.3","MQTT","90","Connect Command"
"472625","3559.093033042","192.168.15.4","192.168.15.3","MQTT","97","Publish Message (id=3506) [Deviceb'Device - 2']"
"472626","3559.093446204","192.168.15.3","192.168.15.4","MQTT","70","Connect Ack"
"472629","3559.098049086","192.168.15.3","192.168.15.4","MQTT","70","Publish Ack (id=3506)"
"472631","3559.098669240","192.168.15.4","192.168.15.3","MQTT","68","Disconnect Req"
"472653","3560.103089142","192.168.15.4","192.168.15.3","MQTT","90","Connect Command"
"472655","3560.107891531","192.168.15.4","192.168.15.3","MQTT","97","Publish Message (id=3507) [Deviceb'Device - 2']"
"472656","3560.108283864","192.168.15.3","192.168.15.4","MQTT","70","Connect Ack"
"472659","3560.110953587","192.168.15.3","192.168.15.4","MQTT","70","Publish Ack (id=3507)"
"472661","3560.111754943","192.168.15.4","192.168.15.3","MQTT","68","Disconnect Req"
"472676","3561.116136779","192.168.15.4","192.168.15.3","MQTT","90","Connect Command"
"472678","3561.119036958","192.168.15.4","192.168.15.3","MQTT","97","Publish Message (id=3508) [Deviceb'Device - 2']"
"472679","3561.120340445","192.168.15.3","192.168.15.4","MQTT","70","Connect Ack"
"472682","3561.122269386","192.168.15.3","192.168.15.4","MQTT","70","Publish Ack (id=3508)"
"472684","3561.122883288","192.168.15.4","192.168.15.3","MQTT","68","Disconnect Req"
"472696","3562.127117089","192.168.15.4","192.168.15.3","MQTT","90","Connect Command"
"472698","3562.129988173","192.168.15.4","192.168.15.3","MQTT","97","Publish Message (id=3509) [Deviceb'Device - 2']"
"472700","3562.134352503","192.168.15.3","192.168.15.4","MQTT","70","Connect Ack"
"472702","3562.136899794","192.168.15.3","192.168.15.4","MQTT","70","Publish Ack (id=3509)"
"472704","3562.137682506","192.168.15.4","192.168.15.3","MQTT","68","Disconnect Req"
"472717","3563.141807886","192.168.15.4","192.168.15.3","MQTT","90","Connect Command"
"472719","3563.144752700","192.168.15.4","192.168.15.3","MQTT","97","Publish Message (id=3510) [Deviceb'Device - 2']"
"472720","3563.145171903","192.168.15.3","192.168.15.4","MQTT","70","Connect Ack"
"472723","3563.147665042","192.168.15.3","192.168.15.4","MQTT","70","Publish Ack (id=3510)"
"472725","3563.148236544","192.168.15.4","192.168.15.3","MQTT","68","Disconnect Req"
"472760","3564.152567298","192.168.15.4","192.168.15.3","MQTT","90","Connect Command"
"472762","3564.155465293","192.168.15.4","192.168.15.3","MQTT","97","Publish Message (id=3511) [Deviceb'Device - 2']"
"472763","3564.155899255","192.168.15.3","192.168.15.4","MQTT","70","Connect Ack"
"472766","3564.158441817","192.168.15.3","192.168.15.4","MQTT","70","Publish Ack (id=3511)"
"472768","3564.159197267","192.168.15.4","192.168.15.3","MQTT","68","Disconnect Req"
"472780","3565.163824799","192.168.15.4","192.168.15.3","MQTT","90","Connect Command"
"472782","3565.166737232","192.168.15.4","192.168.15.3","MQTT","97","Publish Message (id=3512) [Deviceb'Device - 2']"
"472783","3565.167157918","192.168.15.3","192.168.15.4","MQTT","70","Connect Ack"
"472786","3565.169767778","192.168.15.3","192.168.15.4","MQTT","70","Publish Ack (id=3512)"
"472788","3565.170456411","192.168.15.4","192.168.15.3","MQTT","68","Disconnect Req"
"472808","3566.174281068","192.168.15.4","192.168.15.3","MQTT","90","Connect Command"
"472810","3566.177226583","192.168.15.4","192.168.15.3","MQTT","97","Publish Message (id=3513) [Deviceb'Device - 2']"
"472811","3566.177648912","192.168.15.3","192.168.15.4","MQTT","70","Connect Ack"
"472814","3566.180277076","192.168.15.3","192.168.15.4","MQTT","70","Publish Ack (id=3513)"
"472816","3566.180859248","192.168.15.4","192.168.15.3","MQTT","68","Disconnect Req"
"474734","3567.185321317","192.168.15.4","192.168.15.3","MQTT","90","Connect Command"
"474736","3567.188256793","192.168.15.4","192.168.15.3","MQTT","97","Publish Message (id=3514) [Deviceb'Device - 2']"
"474738","3567.192616305","192.168.15.3","192.168.15.4","MQTT","70","Connect Ack"
"474740","3567.195212879","192.168.15.3","192.168.15.4","MQTT","70","Publish Ack (id=3514)"
"474742","3567.196092214","192.168.15.4","192.168.15.3","MQTT","68","Disconnect Req"
"474756","3568.200184478","192.168.15.4","192.168.15.3","MQTT","90","Connect Command"
"474758","3568.203041335","192.168.15.4","192.168.15.3","MQTT","97","Publish Message (id=3515) [Deviceb'Device - 2']"
"474759","3568.203460589","192.168.15.3","192.168.15.4","MQTT","70","Connect Ack"
"474762","3568.205877513","192.168.15.3","192.168.15.4","MQTT","70","Publish Ack (id=3515)"
"474764","3568.206679431","192.168.15.4","192.168.15.3","MQTT","68","Disconnect Req"
"474780","3569.210933938","192.168.15.4","192.168.15.3","MQTT","90","Connect Command"
"474782","3569.213866980","192.168.15.4","192.168.15.3","MQTT","97","Publish Message (id=3516) [Deviceb'Device - 2']"
"474783","3569.214290461","192.168.15.3","192.168.15.4","MQTT","70","Connect Ack"
"474786","3569.216843373","192.168.15.3","192.168.15.4","MQTT","70","Publish Ack (id=3516)"
"474788","3569.217264771","192.168.15.4","192.168.15.3","MQTT","68","Disconnect Req"
"474796","3570.221446075","192.168.15.4","192.168.15.3","MQTT","90","Connect Command"
"474798","3570.224415465","192.168.15.4","192.168.15.3","MQTT","97","Publish Message (id=3517) [Deviceb'Device - 2']"
"474799","3570.224837694","192.168.15.3","192.168.15.4","MQTT","70","Connect Ack"
"474802","3570.227475446","192.168.15.3","192.168.15.4","MQTT","70","Publish Ack (id=3517)"
"474804","3570.227819147","192.168.15.4","192.168.15.3","MQTT","68","Disconnect Req"
"474821","3571.232116486","192.168.15.4","192.168.15.3","MQTT","90","Connect Command"
"474823","3571.235128146","192.168.15.4","192.168.15.3","MQTT","97","Publish Message (id=3518) [Deviceb'Device - 2']"
"474824","3571.235643281","192.168.15.3","192.168.15.4","MQTT","70","Connect Ack"
"474827","3571.238093819","192.168.15.3","192.168.15.4","MQTT","70","Publish Ack (id=3518)"
"474829","3571.238693845","192.168.15.4","192.168.15.3","MQTT","68","Disconnect Req"
"475138","3572.244559949","192.168.15.4","192.168.15.3","MQTT","90","Connect Command"
"475140","3572.247689181","192.168.15.4","192.168.15.3","MQTT","97","Publish Message (id=3519) [Deviceb'Device - 2']"
"475142","3572.251712415","192.168.15.3","192.168.15.4","MQTT","70","Connect Ack"
"475144","3572.254287720","192.168.15.3","192.168.15.4","MQTT","70","Publish Ack (id=3519)"
"475146","3572.254604569","192.168.15.4","192.168.15.3","MQTT","68","Disconnect Req"
"475160","3573.258733390","192.168.15.4","192.168.15.3","MQTT","90","Connect Command"
"475162","3573.263700912","192.168.15.4","192.168.15.3","MQTT","97","Publish Message (id=3520) [Deviceb'Device - 2']"
"475163","3573.264078196","192.168.15.3","192.168.15.4","MQTT","70","Connect Ack"
"475166","3573.266601552","192.168.15.3","192.168.15.4","MQTT","70","Publish Ack (id=3520)"
"475168","3573.266925916","192.168.15.4","192.168.15.3","MQTT","68","Disconnect Req"
"475180","3574.270867047","192.168.15.4","192.168.15.3","MQTT","90","Connect Command"
"475182","3574.273872355","192.168.15.4","192.168.15.3","MQTT","97","Publish Message (id=3521) [Deviceb'Device - 2']"
"475183","3574.274284976","192.168.15.3","192.168.15.4","MQTT","70","Connect Ack"
"475186","3574.276889295","192.168.15.3","192.168.15.4","MQTT","70","Publish Ack (id=3521)"
"475188","3574.277697484","192.168.15.4","192.168.15.3","MQTT","68","Disconnect Req"
"475222","3575.297427614","192.168.15.4","192.168.15.3","MQTT","90","Connect Command"
"475224","3575.299964395","192.168.15.4","192.168.15.3","MQTT","97","Publish Message (id=3522) [Deviceb'Device - 2']"
"475225","3575.300394279","192.168.15.3","192.168.15.4","MQTT","70","Connect Ack"
"475228","3575.305405533","192.168.15.3","192.168.15.4","MQTT","70","Publish Ack (id=3522)"
"475230","3575.305689461","192.168.15.4","192.168.15.3","MQTT","68","Disconnect Req"
"475245","3576.309656722","192.168.15.4","192.168.15.3","MQTT","90","Connect Command"
"475247","3576.312480607","192.168.15.4","192.168.15.3","MQTT","97","Publish Message (id=3523) [Deviceb'Device - 2']"
"475248","3576.312874893","192.168.15.3","192.168.15.4","MQTT","70","Connect Ack"
"475251","3576.315321263","192.168.15.3","192.168.15.4","MQTT","70","Publish Ack (id=3523)"
"475253","3576.315633774","192.168.15.4","192.168.15.3","MQTT","68","Disconnect Req"
"475265","3577.319323726","192.168.15.4","192.168.15.3","MQTT","90","Connect Command"
"475267","3577.322297976","192.168.15.4","192.168.15.3","MQTT","97","Publish Message (id=3524) [Deviceb'Device - 2']"
"475269","3577.326705327","192.168.15.3","192.168.15.4","MQTT","70","Connect Ack"
"475271","3577.329201481","192.168.15.3","192.168.15.4","MQTT","70","Publish Ack (id=3524)"
"475273","3577.329658977","192.168.15.4","192.168.15.3","MQTT","68","Disconnect Req"
"475285","3578.334149730","192.168.15.4","192.168.15.3","MQTT","90","Connect Command"
"475287","3578.337143356","192.168.15.4","192.168.15.3","MQTT","97","Publish Message (id=3525) [Deviceb'Device - 2']"
"475288","3578.337577748","192.168.15.3","192.168.15.4","MQTT","70","Connect Ack"
"475291","3578.340126252","192.168.15.3","192.168.15.4","MQTT","70","Publish Ack (id=3525)"
"475293","3578.340561325","192.168.15.4","192.168.15.3","MQTT","68","Disconnect Req"
"475307","3579.344747757","192.168.15.4","192.168.15.3","MQTT","90","Connect Command"
"475309","3579.347815163","192.168.15.4","192.168.15.3","MQTT","97","Publish Message (id=3526) [Deviceb'Device - 2']"
"475310","3579.348153303","192.168.15.3","192.168.15.4","MQTT","70","Connect Ack"
"475313","3579.350846530","192.168.15.3","192.168.15.4","MQTT","70","Publish Ack (id=3526)"
"475315","3579.351218614","192.168.15.4","192.168.15.3","MQTT","68","Disconnect Req"
"475325","3580.355466057","192.168.15.4","192.168.15.3","MQTT","90","Connect Command"
"475327","3580.358383509","192.168.15.4","192.168.15.3","MQTT","97","Publish Message (id=3527) [Deviceb'Device - 2']"
"475328","3580.358915976","192.168.15.3","192.168.15.4","MQTT","70","Connect Ack"
"475331","3580.361383687","192.168.15.3","192.168.15.4","MQTT","70","Publish Ack (id=3527)"
"475333","3580.361794855","192.168.15.4","192.168.15.3","MQTT","68","Disconnect Req"
"475348","3581.366559193","192.168.15.4","192.168.15.3","MQTT","90","Connect Command"
"475350","3581.371697708","192.168.15.4","192.168.15.3","MQTT","97","Publish Message (id=3528) [Deviceb'Device - 2']"
"475351","3581.372195169","192.168.15.3","192.168.15.4","MQTT","70","Connect Ack"
"475354","3581.374575484","192.168.15.3","192.168.15.4","MQTT","70","Publish Ack (id=3528)"
"475356","3581.374838061","192.168.15.4","192.168.15.3","MQTT","68","Disconnect Req"
"475372","3582.378649540","192.168.15.4","192.168.15.3","MQTT","90","Connect Command"
"475374","3582.381501608","192.168.15.4","192.168.15.3","MQTT","97","Publish Message (id=3529) [Deviceb'Device - 2']"
"475376","3582.385801266","192.168.15.3","192.168.15.4","MQTT","70","Connect Ack"
"475378","3582.388187713","192.168.15.3","192.168.15.4","MQTT","70","Publish Ack (id=3529)"
"475380","3582.388453375","192.168.15.4","192.168.15.3","MQTT","68","Disconnect Req"
"475391","3583.392219755","192.168.15.4","192.168.15.3","MQTT","90","Connect Command"
"475393","3583.395089677","192.168.15.4","192.168.15.3","MQTT","97","Publish Message (id=3530) [Deviceb'Device - 2']"
"475395","3583.395607026","192.168.15.3","192.168.15.4","MQTT","70","Connect Ack"
"475398","3583.398226724","192.168.15.3","192.168.15.4","MQTT","70","Publish Ack (id=3530)"
"475400","3583.398530449","192.168.15.4","192.168.15.3","MQTT","68","Disconnect Req"
"475409","3584.402211833","192.168.15.4","192.168.15.3","MQTT","90","Connect Command"
"475411","3584.407063996","192.168.15.4","192.168.15.3","MQTT","97","Publish Message (id=3531) [Deviceb'Device - 2']"
"475412","3584.407461498","192.168.15.3","192.168.15.4","MQTT","70","Connect Ack"
"475415","3584.410055788","192.168.15.3","192.168.15.4","MQTT","70","Publish Ack (id=3531)"
"475417","3584.410442320","192.168.15.4","192.168.15.3","MQTT","68","Disconnect Req"
"475429","3585.415010108","192.168.15.4","192.168.15.3","MQTT","90","Connect Command"
"475431","3585.417941796","192.168.15.4","192.168.15.3","MQTT","97","Publish Message (id=3532) [Deviceb'Device - 2']"
"475432","3585.418343246","192.168.15.3","192.168.15.4","MQTT","70","Connect Ack"
"475435","3585.420879927","192.168.15.3","192.168.15.4","MQTT","70","Publish Ack (id=3532)"
"475437","3585.421430900","192.168.15.4","192.168.15.3","MQTT","68","Disconnect Req"
"475452","3586.425171176","192.168.15.4","192.168.15.3","MQTT","90","Connect Command"
"475454","3586.428068259","192.168.15.4","192.168.15.3","MQTT","97","Publish Message (id=3533) [Deviceb'Device - 2']"
"475455","3586.428443619","192.168.15.3","192.168.15.4","MQTT","70","Connect Ack"
"475458","3586.430867106","192.168.15.3","192.168.15.4","MQTT","70","Publish Ack (id=3533)"
"475460","3586.431438267","192.168.15.4","192.168.15.3","MQTT","68","Disconnect Req"
"475469","3587.435720245","192.168.15.4","192.168.15.3","MQTT","90","Connect Command"
"475471","3587.438641894","192.168.15.4","192.168.15.3","MQTT","97","Publish Message (id=3534) [Deviceb'Device - 2']"
"475473","3587.443018317","192.168.15.3","192.168.15.4","MQTT","70","Connect Ack"
"475475","3587.446280571","192.168.15.3","192.168.15.4","MQTT","70","Publish Ack (id=3534)"
"475477","3587.447206684","192.168.15.4","192.168.15.3","MQTT","68","Disconnect Req"
"475485","3588.451512743","192.168.15.4","192.168.15.3","MQTT","90","Connect Command"
"475487","3588.454684525","192.168.15.4","192.168.15.3","MQTT","97","Publish Message (id=3535) [Deviceb'Device - 2']"
"475488","3588.455044156","192.168.15.3","192.168.15.4","MQTT","70","Connect Ack"
"475491","3588.458228703","192.168.15.3","192.168.15.4","MQTT","70","Publish Ack (id=3535)"
"475493","3588.458917757","192.168.15.4","192.168.15.3","MQTT","68","Disconnect Req"
"475506","3589.463209935","192.168.15.4","192.168.15.3","MQTT","90","Connect Command"
"475508","3589.466089385","192.168.15.4","192.168.15.3","MQTT","97","Publish Message (id=3536) [Deviceb'Device - 2']"
"475509","3589.466494131","192.168.15.3","192.168.15.4","MQTT","70","Connect Ack"
"475512","3589.469173281","192.168.15.3","192.168.15.4","MQTT","70","Publish Ack (id=3536)"
"475514","3589.469837117","192.168.15.4","192.168.15.3","MQTT","68","Disconnect Req"
"475554","3590.474260300","192.168.15.4","192.168.15.3","MQTT","90","Connect Command"
"475556","3590.477571066","192.168.15.3","192.168.15.4","MQTT","70","Connect Ack"
"475557","3590.477617323","192.168.15.4","192.168.15.3","MQTT","97","Publish Message (id=3537) [Deviceb'Device - 2']"
"475560","3590.480600479","192.168.15.3","192.168.15.4","MQTT","70","Publish Ack (id=3537)"
"475562","3590.481225301","192.168.15.4","192.168.15.3","MQTT","68","Disconnect Req"
"475578","3591.484845399","192.168.15.4","192.168.15.3","MQTT","90","Connect Command"
"475580","3591.487844625","192.168.15.4","192.168.15.3","MQTT","97","Publish Message (id=3538) [Deviceb'Device - 2']"
"475581","3591.488255112","192.168.15.3","192.168.15.4","MQTT","70","Connect Ack"
"475584","3591.490907401","192.168.15.3","192.168.15.4","MQTT","70","Publish Ack (id=3538)"
"475586","3591.491263856","192.168.15.4","192.168.15.3","MQTT","68","Disconnect Req"
"475873","3592.495843906","192.168.15.4","192.168.15.3","MQTT","90","Connect Command"
"475875","3592.498879431","192.168.15.4","192.168.15.3","MQTT","97","Publish Message (id=3539) [Deviceb'Device - 2']"
"475877","3592.503068288","192.168.15.3","192.168.15.4","MQTT","70","Connect Ack"
"475879","3592.505702183","192.168.15.3","192.168.15.4","MQTT","70","Publish Ack (id=3539)"
"475881","3592.505957216","192.168.15.4","192.168.15.3","MQTT","68","Disconnect Req"
"475890","3593.510168433","192.168.15.4","192.168.15.3","MQTT","90","Connect Command"
"475892","3593.513073842","192.168.15.4","192.168.15.3","MQTT","97","Publish Message (id=3540) [Deviceb'Device - 2']"
"475893","3593.513510158","192.168.15.3","192.168.15.4","MQTT","70","Connect Ack"
"475896","3593.516007644","192.168.15.3","192.168.15.4","MQTT","70","Publish Ack (id=3540)"
"475898","3593.516488264","192.168.15.4","192.168.15.3","MQTT","68","Disconnect Req"
"475910","3594.520130900","192.168.15.4","192.168.15.3","MQTT","90","Connect Command"
"475912","3594.523129766","192.168.15.4","192.168.15.3","MQTT","97","Publish Message (id=3541) [Deviceb'Device - 2']"
"475913","3594.523610285","192.168.15.3","192.168.15.4","MQTT","70","Connect Ack"
"475916","3594.525947118","192.168.15.3","192.168.15.4","MQTT","70","Publish Ack (id=3541)"
"475918","3594.526298133","192.168.15.4","192.168.15.3","MQTT","68","Disconnect Req"
"475932","3595.530320383","192.168.15.4","192.168.15.3","MQTT","90","Connect Command"
"475934","3595.533178222","192.168.15.4","192.168.15.3","MQTT","97","Publish Message (id=3542) [Deviceb'Device - 2']"
"475935","3595.533594169","192.168.15.3","192.168.15.4","MQTT","70","Connect Ack"
"475938","3595.536398196","192.168.15.3","192.168.15.4","MQTT","70","Publish Ack (id=3542)"
"475940","3595.536756834","192.168.15.4","192.168.15.3","MQTT","68","Disconnect Req"
"475973","3596.541176193","192.168.15.4","192.168.15.3","MQTT","90","Connect Command"
"475975","3596.544088965","192.168.15.4","192.168.15.3","MQTT","97","Publish Message (id=3543) [Deviceb'Device - 2']"
"475976","3596.544510393","192.168.15.3","192.168.15.4","MQTT","70","Connect Ack"
"475979","3596.547062914","192.168.15.3","192.168.15.4","MQTT","70","Publish Ack (id=3543)"
"475981","3596.547762488","192.168.15.4","192.168.15.3","MQTT","68","Disconnect Req"
"475995","3597.551590853","192.168.15.4","192.168.15.3","MQTT","90","Connect Command"
"475997","3597.554482906","192.168.15.4","192.168.15.3","MQTT","97","Publish Message (id=3544) [Deviceb'Device - 2']"
"475999","3597.558810627","192.168.15.3","192.168.15.4","MQTT","70","Connect Ack"
"476001","3597.561417590","192.168.15.3","192.168.15.4","MQTT","70","Publish Ack (id=3544)"
"476003","3597.562072079","192.168.15.4","192.168.15.3","MQTT","68","Disconnect Req"
"476015","3598.566086272","192.168.15.4","192.168.15.3","MQTT","90","Connect Command"
"476017","3598.568980759","192.168.15.4","192.168.15.3","MQTT","97","Publish Message (id=3545) [Deviceb'Device - 2']"
"476018","3598.569378232","192.168.15.3","192.168.15.4","MQTT","70","Connect Ack"
"476021","3598.571926294","192.168.15.3","192.168.15.4","MQTT","70","Publish Ack (id=3545)"
"476023","3598.572565343","192.168.15.4","192.168.15.3","MQTT","68","Disconnect Req"
"476036","3599.576664683","192.168.15.4","192.168.15.3","MQTT","90","Connect Command"
"476038","3599.579425899","192.168.15.4","192.168.15.3","MQTT","97","Publish Message (id=3546) [Deviceb'Device - 2']"
"476039","3599.579819634","192.168.15.3","192.168.15.4","MQTT","70","Connect Ack"
"476042","3599.582303745","192.168.15.3","192.168.15.4","MQTT","70","Publish Ack (id=3546)"
"476044","3599.582642847","192.168.15.4","192.168.15.3","MQTT","68","Disconnect Req"
"476088","3600.589359746","192.168.15.4","192.168.15.3","MQTT","90","Connect Command"
"476090","3600.592394419","192.168.15.4","192.168.15.3","MQTT","97","Publish Message (id=3547) [Deviceb'Device - 2']"
"476091","3600.592781692","192.168.15.3","192.168.15.4","MQTT","70","Connect Ack"
"476094","3600.595420616","192.168.15.3","192.168.15.4","MQTT","70","Publish Ack (id=3547)"
"476096","3600.595819761","192.168.15.4","192.168.15.3","MQTT","68","Disconnect Req"
"476113","3601.599685149","192.168.15.4","192.168.15.3","MQTT","90","Connect Command"
"476115","3601.602549059","192.168.15.4","192.168.15.3","MQTT","97","Publish Message (id=3548) [Deviceb'Device - 2']"
"476116","3601.602956861","192.168.15.3","192.168.15.4","MQTT","70","Connect Ack"
"476119","3601.605380838","192.168.15.3","192.168.15.4","MQTT","70","Publish Ack (id=3548)"
"476121","3601.605728436","192.168.15.4","192.168.15.3","MQTT","68","Disconnect Req"
"476133","3602.609373242","192.168.15.4","192.168.15.3","MQTT","90","Connect Command"
"476135","3602.612383860","192.168.15.4","192.168.15.3","MQTT","97","Publish Message (id=3549) [Deviceb'Device - 2']"
"476137","3602.616675221","192.168.15.3","192.168.15.4","MQTT","70","Connect Ack"
"476139","3602.619191423","192.168.15.3","192.168.15.4","MQTT","70","Publish Ack (id=3549)"
"476141","3602.619910424","192.168.15.4","192.168.15.3","MQTT","68","Disconnect Req"
"476162","3603.623470705","192.168.15.4","192.168.15.3","MQTT","90","Connect Command"
"476164","3603.628323630","192.168.15.4","192.168.15.3","MQTT","97","Publish Message (id=3550) [Deviceb'Device - 2']"
"476165","3603.628720451","192.168.15.3","192.168.15.4","MQTT","70","Connect Ack"
"476168","3603.631287088","192.168.15.3","192.168.15.4","MQTT","70","Publish Ack (id=3550)"
"476170","3603.631579321","192.168.15.4","192.168.15.3","MQTT","68","Disconnect Req"
"476185","3604.635656546","192.168.15.4","192.168.15.3","MQTT","90","Connect Command"
"476187","3604.638575891","192.168.15.4","192.168.15.3","MQTT","97","Publish Message (id=3551) [Deviceb'Device - 2']"
"476188","3604.639074896","192.168.15.3","192.168.15.4","MQTT","70","Connect Ack"
"476191","3604.642092637","192.168.15.3","192.168.15.4","MQTT","70","Publish Ack (id=3551)"
"476193","3604.642474349","192.168.15.4","192.168.15.3","MQTT","68","Disconnect Req"
"476211","3605.646564024","192.168.15.4","192.168.15.3","MQTT","90","Connect Command"
"476213","3605.649398719","192.168.15.4","192.168.15.3","MQTT","97","Publish Message (id=3552) [Deviceb'Device - 2']"
"476214","3605.649789769","192.168.15.3","192.168.15.4","MQTT","70","Connect Ack"
"476217","3605.652396362","192.168.15.3","192.168.15.4","MQTT","70","Publish Ack (id=3552)"
"476219","3605.652866642","192.168.15.4","192.168.15.3","MQTT","68","Disconnect Req"
"476238","3606.656476044","192.168.15.4","192.168.15.3","MQTT","90","Connect Command"
"476240","3606.659335686","192.168.15.4","192.168.15.3","MQTT","97","Publish Message (id=3553) [Deviceb'Device - 2']"
"476241","3606.659742446","192.168.15.3","192.168.15.4","MQTT","70","Connect Ack"
"476244","3606.662207200","192.168.15.3","192.168.15.4","MQTT","70","Publish Ack (id=3553)"
"476246","3606.663021461","192.168.15.4","192.168.15.3","MQTT","68","Disconnect Req"
"476271","3607.667144040","192.168.15.4","192.168.15.3","MQTT","90","Connect Command"
"476273","3607.670047024","192.168.15.4","192.168.15.3","MQTT","97","Publish Message (id=3554) [Deviceb'Device - 2']"
"476275","3607.674357582","192.168.15.3","192.168.15.4","MQTT","70","Connect Ack"
"476277","3607.676829930","192.168.15.3","192.168.15.4","MQTT","70","Publish Ack (id=3554)"
"476279","3607.677529194","192.168.15.4","192.168.15.3","MQTT","68","Disconnect Req"
"476292","3608.681279154","192.168.15.4","192.168.15.3","MQTT","90","Connect Command"
"476294","3608.684300361","192.168.15.4","192.168.15.3","MQTT","97","Publish Message (id=3555) [Deviceb'Device - 2']"
"476295","3608.684709996","192.168.15.3","192.168.15.4","MQTT","70","Connect Ack"
"476298","3608.687114026","192.168.15.3","192.168.15.4","MQTT","70","Publish Ack (id=3555)"
"476300","3608.687827436","192.168.15.4","192.168.15.3","MQTT","68","Disconnect Req"
"476312","3609.691756900","192.168.15.4","192.168.15.3","MQTT","90","Connect Command"
"476314","3609.694772307","192.168.15.4","192.168.15.3","MQTT","97","Publish Message (id=3556) [Deviceb'Device - 2']"
"476315","3609.695190579","192.168.15.3","192.168.15.4","MQTT","70","Connect Ack"
"476318","3609.697657788","192.168.15.3","192.168.15.4","MQTT","70","Publish Ack (id=3556)"
"476320","3609.698031585","192.168.15.4","192.168.15.3","MQTT","68","Disconnect Req"
"476332","3610.702024024","192.168.15.4","192.168.15.3","MQTT","90","Connect Command"
"476334","3610.704541549","192.168.15.4","192.168.15.3","MQTT","97","Publish Message (id=3557) [Deviceb'Device - 2']"
"476335","3610.704930785","192.168.15.3","192.168.15.4","MQTT","70","Connect Ack"
"476338","3610.707928649","192.168.15.3","192.168.15.4","MQTT","70","Publish Ack (id=3557)"
"476340","3610.708808504","192.168.15.4","192.168.15.3","MQTT","68","Disconnect Req"
"476355","3611.712727771","192.168.15.4","192.168.15.3","MQTT","90","Connect Command"
"476357","3611.716505761","192.168.15.4","192.168.15.3","MQTT","97","Publish Message (id=3558) [Deviceb'Device - 2']"
"476358","3611.716521521","192.168.15.3","192.168.15.4","MQTT","70","Connect Ack"
"476361","3611.719486793","192.168.15.3","192.168.15.4","MQTT","70","Publish Ack (id=3558)"
"476363","3611.720335318","192.168.15.4","192.168.15.3","MQTT","68","Disconnect Req"
"476375","3612.724180431","192.168.15.4","192.168.15.3","MQTT","90","Connect Command"
"476377","3612.727188313","192.168.15.4","192.168.15.3","MQTT","97","Publish Message (id=3559) [Deviceb'Device - 2']"
"476379","3612.731560547","192.168.15.3","192.168.15.4","MQTT","70","Connect Ack"
"476381","3612.734679109","192.168.15.3","192.168.15.4","MQTT","70","Publish Ack (id=3559)"
"476383","3612.735052115","192.168.15.4","192.168.15.3","MQTT","68","Disconnect Req"
"476393","3613.739365409","192.168.15.4","192.168.15.3","MQTT","90","Connect Command"
"476395","3613.742439377","192.168.15.4","192.168.15.3","MQTT","97","Publish Message (id=3560) [Deviceb'Device - 2']"
"476396","3613.742798196","192.168.15.3","192.168.15.4","MQTT","70","Connect Ack"
"476399","3613.745484971","192.168.15.3","192.168.15.4","MQTT","70","Publish Ack (id=3560)"
"476401","3613.745989946","192.168.15.4","192.168.15.3","MQTT","68","Disconnect Req"
"476412","3614.750051690","192.168.15.4","192.168.15.3","MQTT","90","Connect Command"
"476414","3614.753066576","192.168.15.4","192.168.15.3","MQTT","97","Publish Message (id=3561) [Deviceb'Device - 2']"
"476415","3614.753513823","192.168.15.3","192.168.15.4","MQTT","70","Connect Ack"
"476418","3614.755905539","192.168.15.3","192.168.15.4","MQTT","70","Publish Ack (id=3561)"
"476420","3614.756245963","192.168.15.4","192.168.15.3","MQTT","68","Disconnect Req"
"476434","3615.760460051","192.168.15.4","192.168.15.3","MQTT","90","Connect Command"
"476436","3615.763005728","192.168.15.4","192.168.15.3","MQTT","97","Publish Message (id=3562) [Deviceb'Device - 2']"
"476437","3615.763338178","192.168.15.3","192.168.15.4","MQTT","70","Connect Ack"
"476440","3615.766025844","192.168.15.3","192.168.15.4","MQTT","70","Publish Ack (id=3562)"
"476442","3615.766759262","192.168.15.4","192.168.15.3","MQTT","68","Disconnect Req"
"476454","3616.770134017","192.168.15.4","192.168.15.3","MQTT","90","Connect Command"
"476456","3616.773167689","192.168.15.4","192.168.15.3","MQTT","97","Publish Message (id=3563) [Deviceb'Device - 2']"
"476457","3616.773591160","192.168.15.3","192.168.15.4","MQTT","70","Connect Ack"
"476460","3616.776102573","192.168.15.3","192.168.15.4","MQTT","70","Publish Ack (id=3563)"
"476462","3616.776585056","192.168.15.4","192.168.15.3","MQTT","68","Disconnect Req"
"476474","3617.780787584","192.168.15.4","192.168.15.3","MQTT","90","Connect Command"
"476476","3617.783757324","192.168.15.4","192.168.15.3","MQTT","97","Publish Message (id=3564) [Deviceb'Device - 2']"
"476478","3617.788101235","192.168.15.3","192.168.15.4","MQTT","70","Connect Ack"
"476480","3617.790617066","192.168.15.3","192.168.15.4","MQTT","70","Publish Ack (id=3564)"
"476482","3617.791381032","192.168.15.4","192.168.15.3","MQTT","68","Disconnect Req"
"476494","3618.794888880","192.168.15.4","192.168.15.3","MQTT","90","Connect Command"
"476496","3618.799755190","192.168.15.4","192.168.15.3","MQTT","97","Publish Message (id=3565) [Deviceb'Device - 2']"
"476497","3618.800127204","192.168.15.3","192.168.15.4","MQTT","70","Connect Ack"
"476500","3618.802788740","192.168.15.3","192.168.15.4","MQTT","70","Publish Ack (id=3565)"
"476502","3618.803286833","192.168.15.4","192.168.15.3","MQTT","68","Disconnect Req"
"476514","3619.807550439","192.168.15.4","192.168.15.3","MQTT","90","Connect Command"
"476516","3619.810348975","192.168.15.4","192.168.15.3","MQTT","97","Publish Message (id=3566) [Deviceb'Device - 2']"
"476517","3619.810763068","192.168.15.3","192.168.15.4","MQTT","70","Connect Ack"
"476520","3619.813204609","192.168.15.3","192.168.15.4","MQTT","70","Publish Ack (id=3566)"
"476522","3619.813846684","192.168.15.4","192.168.15.3","MQTT","68","Disconnect Req"
"476553","3620.817426902","192.168.15.4","192.168.15.3","MQTT","90","Connect Command"
"476555","3620.820418833","192.168.15.4","192.168.15.3","MQTT","97","Publish Message (id=3567) [Deviceb'Device - 2']"
"476556","3620.820857684","192.168.15.3","192.168.15.4","MQTT","70","Connect Ack"
"476559","3620.823474787","192.168.15.3","192.168.15.4","MQTT","70","Publish Ack (id=3567)"
"476561","3620.823735019","192.168.15.4","192.168.15.3","MQTT","68","Disconnect Req"
"476587","3621.827688739","192.168.15.4","192.168.15.3","MQTT","90","Connect Command"
"476589","3621.830627661","192.168.15.4","192.168.15.3","MQTT","97","Publish Message (id=3568) [Deviceb'Device - 2']"
"476590","3621.831032927","192.168.15.3","192.168.15.4","MQTT","70","Connect Ack"
"476593","3621.833491891","192.168.15.3","192.168.15.4","MQTT","70","Publish Ack (id=3568)"
"476595","3621.833845700","192.168.15.4","192.168.15.3","MQTT","68","Disconnect Req"
"476610","3622.837845985","192.168.15.4","192.168.15.3","MQTT","90","Connect Command"
"476612","3622.840740472","192.168.15.4","192.168.15.3","MQTT","97","Publish Message (id=3569) [Deviceb'Device - 2']"
"476614","3622.845070867","192.168.15.3","192.168.15.4","MQTT","70","Connect Ack"
"476616","3622.847481649","192.168.15.3","192.168.15.4","MQTT","70","Publish Ack (id=3569)"
"476618","3622.848124205","192.168.15.4","192.168.15.3","MQTT","68","Disconnect Req"
"476631","3623.852581071","192.168.15.4","192.168.15.3","MQTT","90","Connect Command"
"476633","3623.859109575","192.168.15.4","192.168.15.3","MQTT","97","Publish Message (id=3570) [Deviceb'Device - 2']"
"476634","3623.859764595","192.168.15.3","192.168.15.4","MQTT","70","Connect Ack"
"476637","3623.862456439","192.168.15.3","192.168.15.4","MQTT","70","Publish Ack (id=3570)"
"476639","3623.862795741","192.168.15.4","192.168.15.3","MQTT","68","Disconnect Req"
"476651","3624.866746764","192.168.15.4","192.168.15.3","MQTT","90","Connect Command"
"476653","3624.869668102","192.168.15.4","192.168.15.3","MQTT","97","Publish Message (id=3571) [Deviceb'Device - 2']"
"476654","3624.870073590","192.168.15.3","192.168.15.4","MQTT","70","Connect Ack"
"476657","3624.872678790","192.168.15.3","192.168.15.4","MQTT","70","Publish Ack (id=3571)"
"476659","3624.873361632","192.168.15.4","192.168.15.3","MQTT","68","Disconnect Req"
"476678","3625.877057047","192.168.15.4","192.168.15.3","MQTT","90","Connect Command"
"476680","3625.880088894","192.168.15.4","192.168.15.3","MQTT","97","Publish Message (id=3572) [Deviceb'Device - 2']"
"476681","3625.880493951","192.168.15.3","192.168.15.4","MQTT","70","Connect Ack"
"476684","3625.883028557","192.168.15.3","192.168.15.4","MQTT","70","Publish Ack (id=3572)"
"476686","3625.883659010","192.168.15.4","192.168.15.3","MQTT","68","Disconnect Req"
"476698","3626.887641324","192.168.15.4","192.168.15.3","MQTT","90","Connect Command"
"476700","3626.890544769","192.168.15.4","192.168.15.3","MQTT","97","Publish Message (id=3573) [Deviceb'Device - 2']"
"476701","3626.890963321","192.168.15.3","192.168.15.4","MQTT","70","Connect Ack"
"476704","3626.893588569","192.168.15.3","192.168.15.4","MQTT","70","Publish Ack (id=3573)"
"476706","3626.894383092","192.168.15.4","192.168.15.3","MQTT","68","Disconnect Req"
"476714","3627.898051508","192.168.15.4","192.168.15.3","MQTT","90","Connect Command"
"476716","3627.900999517","192.168.15.4","192.168.15.3","MQTT","97","Publish Message (id=3574) [Deviceb'Device - 2']"
"476718","3627.905352043","192.168.15.3","192.168.15.4","MQTT","70","Connect Ack"
"476720","3627.907795988","192.168.15.3","192.168.15.4","MQTT","70","Publish Ack (id=3574)"
"476722","3627.908708525","192.168.15.4","192.168.15.3","MQTT","68","Disconnect Req"
"476734","3628.912975168","192.168.15.4","192.168.15.3","MQTT","90","Connect Command"
"476736","3628.915922536","192.168.15.4","192.168.15.3","MQTT","97","Publish Message (id=3575) [Deviceb'Device - 2']"
"476737","3628.916298798","192.168.15.3","192.168.15.4","MQTT","70","Connect Ack"
"476740","3628.919351645","192.168.15.3","192.168.15.4","MQTT","70","Publish Ack (id=3575)"
"476742","3628.919921935","192.168.15.4","192.168.15.3","MQTT","68","Disconnect Req"
"476754","3629.923969379","192.168.15.4","192.168.15.3","MQTT","90","Connect Command"
"476756","3629.928808186","192.168.15.4","192.168.15.3","MQTT","97","Publish Message (id=3576) [Deviceb'Device - 2']"
"476757","3629.929281893","192.168.15.3","192.168.15.4","MQTT","70","Connect Ack"
"476760","3629.932166852","192.168.15.3","192.168.15.4","MQTT","70","Publish Ack (id=3576)"
"476762","3629.932509701","192.168.15.4","192.168.15.3","MQTT","68","Disconnect Req"
"476781","3630.935936097","192.168.15.4","192.168.15.3","MQTT","90","Connect Command"
"476783","3630.938957735","192.168.15.4","192.168.15.3","MQTT","97","Publish Message (id=3577) [Deviceb'Device - 2']"
"476784","3630.939553903","192.168.15.3","192.168.15.4","MQTT","70","Connect Ack"
"476787","3630.941877049","192.168.15.3","192.168.15.4","MQTT","70","Publish Ack (id=3577)"
"476789","3630.942398997","192.168.15.4","192.168.15.3","MQTT","68","Disconnect Req"
"476804","3631.946006572","192.168.15.4","192.168.15.3","MQTT","90","Connect Command"
"476806","3631.949030524","192.168.15.4","192.168.15.3","MQTT","97","Publish Message (id=3578) [Deviceb'Device - 2']"
"476807","3631.949474845","192.168.15.3","192.168.15.4","MQTT","70","Connect Ack"
"476810","3631.952053645","192.168.15.3","192.168.15.4","MQTT","70","Publish Ack (id=3578)"
"476812","3631.952346389","192.168.15.4","192.168.15.3","MQTT","68","Disconnect Req"
"476825","3632.956012470","192.168.15.4","192.168.15.3","MQTT","90","Connect Command"
"476827","3632.959021855","192.168.15.4","192.168.15.3","MQTT","97","Publish Message (id=3579) [Deviceb'Device - 2']"
"476829","3632.963387776","192.168.15.3","192.168.15.4","MQTT","70","Connect Ack"
"476831","3632.965885103","192.168.15.3","192.168.15.4","MQTT","70","Publish Ack (id=3579)"
"476833","3632.966345724","192.168.15.4","192.168.15.3","MQTT","68","Disconnect Req"
"476846","3633.970582050","192.168.15.4","192.168.15.3","MQTT","90","Connect Command"
"476848","3633.973506845","192.168.15.4","192.168.15.3","MQTT","97","Publish Message (id=3580) [Deviceb'Device - 2']"
"476849","3633.973930566","192.168.15.3","192.168.15.4","MQTT","70","Connect Ack"
"476852","3633.976333544","192.168.15.3","192.168.15.4","MQTT","70","Publish Ack (id=3580)"
"476854","3633.976795438","192.168.15.4","192.168.15.3","MQTT","68","Disconnect Req"
"476888","3634.981276372","192.168.15.4","192.168.15.3","MQTT","90","Connect Command"
"476890","3634.984193442","192.168.15.4","192.168.15.3","MQTT","97","Publish Message (id=3581) [Deviceb'Device - 2']"
"476891","3634.984597446","192.168.15.3","192.168.15.4","MQTT","70","Connect Ack"
"476894","3634.987027064","192.168.15.3","192.168.15.4","MQTT","70","Publish Ack (id=3581)"
"476896","3634.987399078","192.168.15.4","192.168.15.3","MQTT","68","Disconnect Req"
"476915","3635.991377358","192.168.15.4","192.168.15.3","MQTT","90","Connect Command"
"476917","3635.994177387","192.168.15.4","192.168.15.3","MQTT","97","Publish Message (id=3582) [Deviceb'Device - 2']"
"476918","3635.994607801","192.168.15.3","192.168.15.4","MQTT","70","Connect Ack"
"476921","3635.997123702","192.168.15.3","192.168.15.4","MQTT","70","Publish Ack (id=3582)"
"476923","3635.997693871","192.168.15.4","192.168.15.3","MQTT","68","Disconnect Req"
"476940","3637.002047847","192.168.15.4","192.168.15.3","MQTT","90","Connect Command"
"476942","3637.005541308","192.168.15.4","192.168.15.3","MQTT","97","Publish Message (id=3583) [Deviceb'Device - 2']"
"476943","3637.005841957","192.168.15.3","192.168.15.4","MQTT","70","Connect Ack"
"476946","3637.008936213","192.168.15.3","192.168.15.4","MQTT","70","Publish Ack (id=3583)"
"476948","3637.009604327","192.168.15.4","192.168.15.3","MQTT","68","Disconnect Req"
"476956","3638.013852620","192.168.15.4","192.168.15.3","MQTT","90","Connect Command"
"476958","3638.016790980","192.168.15.4","192.168.15.3","MQTT","97","Publish Message (id=3584) [Deviceb'Device - 2']"
"476960","3638.021121835","192.168.15.3","192.168.15.4","MQTT","70","Connect Ack"
"476962","3638.023885615","192.168.15.3","192.168.15.4","MQTT","70","Publish Ack (id=3584)"
"476964","3638.024617360","192.168.15.4","192.168.15.3","MQTT","68","Disconnect Req"
"476976","3639.028762473","192.168.15.4","192.168.15.3","MQTT","90","Connect Command"
"476978","3639.031643054","192.168.15.4","192.168.15.3","MQTT","97","Publish Message (id=3585) [Deviceb'Device - 2']"
"476979","3639.032082636","192.168.15.3","192.168.15.4","MQTT","70","Connect Ack"
"476982","3639.034669802","192.168.15.3","192.168.15.4","MQTT","70","Publish Ack (id=3585)"
"476984","3639.035256903","192.168.15.4","192.168.15.3","MQTT","68","Disconnect Req"
"476993","3640.039785647","192.168.15.4","192.168.15.3","MQTT","90","Connect Command"
"476995","3640.042684503","192.168.15.4","192.168.15.3","MQTT","97","Publish Message (id=3586) [Deviceb'Device - 2']"
"476996","3640.043097936","192.168.15.3","192.168.15.4","MQTT","70","Connect Ack"
"476999","3640.045453062","192.168.15.3","192.168.15.4","MQTT","70","Publish Ack (id=3586)"
"477001","3640.046134572","192.168.15.4","192.168.15.3","MQTT","68","Disconnect Req"
"477043","3641.050191272","192.168.15.4","192.168.15.3","MQTT","90","Connect Command"
"477045","3641.053127177","192.168.15.4","192.168.15.3","MQTT","97","Publish Message (id=3587) [Deviceb'Device - 2']"
"477046","3641.053536131","192.168.15.3","192.168.15.4","MQTT","70","Connect Ack"
"477049","3641.056233716","192.168.15.3","192.168.15.4","MQTT","70","Publish Ack (id=3587)"
"477051","3641.057025845","192.168.15.4","192.168.15.3","MQTT","68","Disconnect Req"
"477070","3642.061041331","192.168.15.4","192.168.15.3","MQTT","90","Connect Command"
"477072","3642.063955776","192.168.15.4","192.168.15.3","MQTT","97","Publish Message (id=3588) [Deviceb'Device - 2']"
"477073","3642.064366163","192.168.15.3","192.168.15.4","MQTT","70","Connect Ack"
"477076","3642.066735015","192.168.15.3","192.168.15.4","MQTT","70","Publish Ack (id=3588)"
"477078","3642.067184125","192.168.15.4","192.168.15.3","MQTT","68","Disconnect Req"
"477095","3643.071307442","192.168.15.4","192.168.15.3","MQTT","90","Connect Command"
"477097","3643.074346814","192.168.15.4","192.168.15.3","MQTT","97","Publish Message (id=3589) [Deviceb'Device - 2']"
"477099","3643.078659134","192.168.15.3","192.168.15.4","MQTT","70","Connect Ack"
"477101","3643.081172711","192.168.15.3","192.168.15.4","MQTT","70","Publish Ack (id=3589)"
"477103","3643.081595761","192.168.15.4","192.168.15.3","MQTT","68","Disconnect Req"
"477115","3644.085558029","192.168.15.4","192.168.15.3","MQTT","90","Connect Command"
"477117","3644.091130473","192.168.15.4","192.168.15.3","MQTT","97","Publish Message (id=3590) [Deviceb'Device - 2']"
"477118","3644.091496676","192.168.15.3","192.168.15.4","MQTT","70","Connect Ack"
"477121","3644.094157802","192.168.15.3","192.168.15.4","MQTT","70","Publish Ack (id=3590)"
"477123","3644.094547099","192.168.15.4","192.168.15.3","MQTT","68","Disconnect Req"
"477137","3645.098743825","192.168.15.4","192.168.15.3","MQTT","90","Connect Command"
"477139","3645.101596493","192.168.15.4","192.168.15.3","MQTT","97","Publish Message (id=3591) [Deviceb'Device - 2']"
"477140","3645.101999175","192.168.15.3","192.168.15.4","MQTT","70","Connect Ack"
"477143","3645.105371377","192.168.15.3","192.168.15.4","MQTT","70","Publish Ack (id=3591)"
"477145","3645.105812732","192.168.15.4","192.168.15.3","MQTT","68","Disconnect Req"
"477162","3646.109859060","192.168.15.4","192.168.15.3","MQTT","90","Connect Command"
"477164","3646.113678157","192.168.15.4","192.168.15.3","MQTT","97","Publish Message (id=3592) [Deviceb'Device - 2']"
"477165","3646.113933801","192.168.15.3","192.168.15.4","MQTT","70","Connect Ack"
"477168","3646.116699525","192.168.15.3","192.168.15.4","MQTT","70","Publish Ack (id=3592)"
"477170","3646.117125471","192.168.15.4","192.168.15.3","MQTT","68","Disconnect Req"
"477182","3647.120864774","192.168.15.4","192.168.15.3","MQTT","90","Connect Command"
"477184","3647.123885921","192.168.15.4","192.168.15.3","MQTT","97","Publish Message (id=3593) [Deviceb'Device - 2']"
"477185","3647.124310474","192.168.15.3","192.168.15.4","MQTT","70","Connect Ack"
"477188","3647.126965679","192.168.15.3","192.168.15.4","MQTT","70","Publish Ack (id=3593)"
"477190","3647.127300192","192.168.15.4","192.168.15.3","MQTT","68","Disconnect Req"
"477202","3648.131541170","192.168.15.4","192.168.15.3","MQTT","90","Connect Command"
"477204","3648.134345818","192.168.15.4","192.168.15.3","MQTT","97","Publish Message (id=3594) [Deviceb'Device - 2']"
"477206","3648.138662356","192.168.15.3","192.168.15.4","MQTT","70","Connect Ack"
"477208","3648.141338941","192.168.15.3","192.168.15.4","MQTT","70","Publish Ack (id=3594)"
"477210","3648.141834439","192.168.15.4","192.168.15.3","MQTT","68","Disconnect Req"
"477226","3649.145412438","192.168.15.4","192.168.15.3","MQTT","90","Connect Command"
"477228","3649.148423466","192.168.15.4","192.168.15.3","MQTT","97","Publish Message (id=3595) [Deviceb'Device - 2']"
"477229","3649.148832640","192.168.15.3","192.168.15.4","MQTT","70","Connect Ack"
"477232","3649.151424485","192.168.15.3","192.168.15.4","MQTT","70","Publish Ack (id=3595)"
"477234","3649.151650452","192.168.15.4","192.168.15.3","MQTT","68","Disconnect Req"
"477261","3650.155205765","192.168.15.4","192.168.15.3","MQTT","90","Connect Command"
"477263","3650.158203027","192.168.15.4","192.168.15.3","MQTT","97","Publish Message (id=3596) [Deviceb'Device - 2']"
"477264","3650.158601792","192.168.15.3","192.168.15.4","MQTT","70","Connect Ack"
"477267","3650.161052589","192.168.15.3","192.168.15.4","MQTT","70","Publish Ack (id=3596)"
"477269","3650.161323722","192.168.15.4","192.168.15.3","MQTT","68","Disconnect Req"
"477280","3651.164646051","192.168.15.4","192.168.15.3","MQTT","90","Connect Command"
"477282","3651.167625499","192.168.15.4","192.168.15.3","MQTT","97","Publish Message (id=3597) [Deviceb'Device - 2']"
"477283","3651.168057386","192.168.15.3","192.168.15.4","MQTT","70","Connect Ack"
"477286","3651.170557067","192.168.15.3","192.168.15.4","MQTT","70","Publish Ack (id=3597)"
"477288","3651.171004653","192.168.15.4","192.168.15.3","MQTT","68","Disconnect Req"
"477300","3652.174321387","192.168.15.4","192.168.15.3","MQTT","90","Connect Command"
"477302","3652.177271179","192.168.15.4","192.168.15.3","MQTT","97","Publish Message (id=3598) [Deviceb'Device - 2']"
"477303","3652.177685994","192.168.15.3","192.168.15.4","MQTT","70","Connect Ack"
"477306","3652.180442731","192.168.15.3","192.168.15.4","MQTT","70","Publish Ack (id=3598)"
"477308","3652.180984786","192.168.15.4","192.168.15.3","MQTT","68","Disconnect Req"
"477321","3653.184376118","192.168.15.4","192.168.15.3","MQTT","90","Connect Command"
"477323","3653.187481935","192.168.15.4","192.168.15.3","MQTT","97","Publish Message (id=3599) [Deviceb'Device - 2']"
"477325","3653.191695748","192.168.15.3","192.168.15.4","MQTT","70","Connect Ack"
"477327","3653.194174438","192.168.15.3","192.168.15.4","MQTT","70","Publish Ack (id=3599)"
"477329","3653.194509042","192.168.15.4","192.168.15.3","MQTT","68","Disconnect Req"
"477341","3654.198302319","192.168.15.4","192.168.15.3","MQTT","90","Connect Command"
"477343","3654.201221644","192.168.15.4","192.168.15.3","MQTT","97","Publish Message (id=3600) [Deviceb'Device - 2']"
"477344","3654.201615369","192.168.15.3","192.168.15.4","MQTT","70","Connect Ack"
"477347","3654.204462336","192.168.15.3","192.168.15.4","MQTT","70","Publish Ack (id=3600)"
"477349","3654.204960308","192.168.15.4","192.168.15.3","MQTT","68","Disconnect Req"
"477359","3655.209419162","192.168.15.4","192.168.15.3","MQTT","90","Connect Command"
"477361","3655.212295936","192.168.15.4","192.168.15.3","MQTT","97","Publish Message (id=3601) [Deviceb'Device - 2']"
"477362","3655.212756888","192.168.15.3","192.168.15.4","MQTT","70","Connect Ack"
"477365","3655.215129367","192.168.15.3","192.168.15.4","MQTT","70","Publish Ack (id=3601)"
"477367","3655.215615788","192.168.15.4","192.168.15.3","MQTT","68","Disconnect Req"
"477380","3656.219236311","192.168.15.4","192.168.15.3","MQTT","90","Connect Command"
"477382","3656.222166005","192.168.15.4","192.168.15.3","MQTT","97","Publish Message (id=3602) [Deviceb'Device - 2']"
"477383","3656.222579978","192.168.15.3","192.168.15.4","MQTT","70","Connect Ack"
"477386","3656.225030105","192.168.15.3","192.168.15.4","MQTT","70","Publish Ack (id=3602)"
"477388","3656.225734778","192.168.15.4","192.168.15.3","MQTT","68","Disconnect Req"
"477405","3657.229868137","192.168.15.4","192.168.15.3","MQTT","90","Connect Command"
"477407","3657.232816847","192.168.15.4","192.168.15.3","MQTT","97","Publish Message (id=3603) [Deviceb'Device - 2']"
"477408","3657.233205122","192.168.15.3","192.168.15.4","MQTT","70","Connect Ack"
"477411","3657.235858473","192.168.15.3","192.168.15.4","MQTT","70","Publish Ack (id=3603)"
"477413","3657.236446034","192.168.15.4","192.168.15.3","MQTT","68","Disconnect Req"
"477426","3658.240646106","192.168.15.4","192.168.15.3","MQTT","90","Connect Command"
"477428","3658.243510015","192.168.15.4","192.168.15.3","MQTT","97","Publish Message (id=3604) [Deviceb'Device - 2']"
"477430","3658.247913588","192.168.15.3","192.168.15.4","MQTT","70","Connect Ack"
"477432","3658.250473141","192.168.15.3","192.168.15.4","MQTT","70","Publish Ack (id=3604)"
"477434","3658.251041286","192.168.15.4","192.168.15.3","MQTT","68","Disconnect Req"
"477447","3659.255063829","192.168.15.4","192.168.15.3","MQTT","90","Connect Command"
"477449","3659.257946303","192.168.15.4","192.168.15.3","MQTT","97","Publish Message (id=3605) [Deviceb'Device - 2']"
"477450","3659.258364535","192.168.15.3","192.168.15.4","MQTT","70","Connect Ack"
"477453","3659.260982378","192.168.15.3","192.168.15.4","MQTT","70","Publish Ack (id=3605)"
"477455","3659.261526979","192.168.15.4","192.168.15.3","MQTT","68","Disconnect Req"
"477468","3660.265434660","192.168.15.4","192.168.15.3","MQTT","90","Connect Command"
"477470","3660.268889698","192.168.15.4","192.168.15.3","MQTT","97","Publish Message (id=3606) [Deviceb'Device - 2']"
"477471","3660.269729918","192.168.15.3","192.168.15.4","MQTT","70","Connect Ack"
"477474","3660.271789966","192.168.15.3","192.168.15.4","MQTT","70","Publish Ack (id=3606)"
"477476","3660.272323185","192.168.15.4","192.168.15.3","MQTT","68","Disconnect Req"
"477494","3661.276480154","192.168.15.4","192.168.15.3","MQTT","90","Connect Command"
"477496","3661.279504386","192.168.15.4","192.168.15.3","MQTT","97","Publish Message (id=3607) [Deviceb'Device - 2']"
"477497","3661.279897691","192.168.15.3","192.168.15.4","MQTT","70","Connect Ack"
"477500","3661.283206251","192.168.15.3","192.168.15.4","MQTT","70","Publish Ack (id=3607)"
"477502","3661.283736885","192.168.15.4","192.168.15.3","MQTT","68","Disconnect Req"
"477511","3662.288422481","192.168.15.4","192.168.15.3","MQTT","90","Connect Command"
"477513","3662.291884933","192.168.15.4","192.168.15.3","MQTT","97","Publish Message (id=3608) [Deviceb'Device - 2']"
"477514","3662.292153200","192.168.15.3","192.168.15.4","MQTT","70","Connect Ack"
"477517","3662.294711642","192.168.15.3","192.168.15.4","MQTT","70","Publish Ack (id=3608)"
"477519","3662.295235673","192.168.15.4","192.168.15.3","MQTT","68","Disconnect Req"
"477528","3663.299139234","192.168.15.4","192.168.15.3","MQTT","90","Connect Command"
"477530","3663.302160061","192.168.15.4","192.168.15.3","MQTT","97","Publish Message (id=3609) [Deviceb'Device - 2']"
"477532","3663.306605473","192.168.15.3","192.168.15.4","MQTT","70","Connect Ack"
"477534","3663.309130711","192.168.15.3","192.168.15.4","MQTT","70","Publish Ack (id=3609)"
"477536","3663.309645596","192.168.15.4","192.168.15.3","MQTT","68","Disconnect Req"
"477544","3664.313955882","192.168.15.4","192.168.15.3","MQTT","90","Connect Command"
"477546","3664.317010944","192.168.15.4","192.168.15.3","MQTT","97","Publish Message (id=3610) [Deviceb'Device - 2']"
"477547","3664.317430948","192.168.15.3","192.168.15.4","MQTT","70","Connect Ack"
"477550","3664.320089299","192.168.15.3","192.168.15.4","MQTT","70","Publish Ack (id=3610)"
"477552","3664.320652154","192.168.15.4","192.168.15.3","MQTT","68","Disconnect Req"
"477577","3665.324356791","192.168.15.4","192.168.15.3","MQTT","90","Connect Command"
"477579","3665.327277327","192.168.15.4","192.168.15.3","MQTT","97","Publish Message (id=3611) [Deviceb'Device - 2']"
"477580","3665.327671313","192.168.15.3","192.168.15.4","MQTT","70","Connect Ack"
"477583","3665.330504013","192.168.15.3","192.168.15.4","MQTT","70","Publish Ack (id=3611)"
"477585","3665.330997236","192.168.15.4","192.168.15.3","MQTT","68","Disconnect Req"
"477600","3666.334943306","192.168.15.4","192.168.15.3","MQTT","90","Connect Command"
"477602","3666.337829758","192.168.15.4","192.168.15.3","MQTT","97","Publish Message (id=3612) [Deviceb'Device - 2']"
"477603","3666.338192414","192.168.15.3","192.168.15.4","MQTT","70","Connect Ack"
"477606","3666.340788807","192.168.15.3","192.168.15.4","MQTT","70","Publish Ack (id=3612)"
"477608","3666.341724007","192.168.15.4","192.168.15.3","MQTT","68","Disconnect Req"
"477620","3667.345451970","192.168.15.4","192.168.15.3","MQTT","90","Connect Command"
"477622","3667.348360113","192.168.15.4","192.168.15.3","MQTT","97","Publish Message (id=3613) [Deviceb'Device - 2']"
"477623","3667.348738910","192.168.15.3","192.168.15.4","MQTT","70","Connect Ack"
"477626","3667.351191851","192.168.15.3","192.168.15.4","MQTT","70","Publish Ack (id=3613)"
"477628","3667.351815652","192.168.15.4","192.168.15.3","MQTT","68","Disconnect Req"
"477640","3668.355944540","192.168.15.4","192.168.15.3","MQTT","90","Connect Command"
"477642","3668.359235377","192.168.15.4","192.168.15.3","MQTT","97","Publish Message (id=3614) [Deviceb'Device - 2']"
"477644","3668.363202334","192.168.15.3","192.168.15.4","MQTT","70","Connect Ack"
"477646","3668.365621251","192.168.15.3","192.168.15.4","MQTT","70","Publish Ack (id=3614)"
"477648","3668.366174288","192.168.15.4","192.168.15.3","MQTT","68","Disconnect Req"
"477660","3669.370308733","192.168.15.4","192.168.15.3","MQTT","90","Connect Command"
"477662","3669.373307197","192.168.15.4","192.168.15.3","MQTT","97","Publish Message (id=3615) [Deviceb'Device - 2']"
"477663","3669.373702866","192.168.15.3","192.168.15.4","MQTT","70","Connect Ack"
"477666","3669.376136621","192.168.15.3","192.168.15.4","MQTT","70","Publish Ack (id=3615)"
"477668","3669.376609436","192.168.15.4","192.168.15.3","MQTT","68","Disconnect Req"
"477680","3670.380194578","192.168.15.4","192.168.15.3","MQTT","90","Connect Command"
"477682","3670.383156733","192.168.15.4","192.168.15.3","MQTT","97","Publish Message (id=3616) [Deviceb'Device - 2']"
"477683","3670.383567089","192.168.15.3","192.168.15.4","MQTT","70","Connect Ack"
"477686","3670.386044187","192.168.15.3","192.168.15.4","MQTT","70","Publish Ack (id=3616)"
"477688","3670.386501252","192.168.15.4","192.168.15.3","MQTT","68","Disconnect Req"
"477704","3671.390175589","192.168.15.4","192.168.15.3","MQTT","90","Connect Command"
"477706","3671.392892520","192.168.15.4","192.168.15.3","MQTT","97","Publish Message (id=3617) [Deviceb'Device - 2']"
"477707","3671.393305732","192.168.15.3","192.168.15.4","MQTT","70","Connect Ack"
"477710","3671.395832864","192.168.15.3","192.168.15.4","MQTT","70","Publish Ack (id=3617)"
"477712","3671.396422179","192.168.15.4","192.168.15.3","MQTT","68","Disconnect Req"
"477726","3672.401041080","192.168.15.4","192.168.15.3","MQTT","90","Connect Command"
"477728","3672.403926721","192.168.15.4","192.168.15.3","MQTT","97","Publish Message (id=3618) [Deviceb'Device - 2']"
"477729","3672.404346405","192.168.15.3","192.168.15.4","MQTT","70","Connect Ack"
"477732","3672.406861494","192.168.15.3","192.168.15.4","MQTT","70","Publish Ack (id=3618)"
"477734","3672.407591024","192.168.15.4","192.168.15.3","MQTT","68","Disconnect Req"
"477747","3673.412102007","192.168.15.4","192.168.15.3","MQTT","90","Connect Command"
"477749","3673.414972359","192.168.15.4","192.168.15.3","MQTT","97","Publish Message (id=3619) [Deviceb'Device - 2']"
"477751","3673.419313342","192.168.15.3","192.168.15.4","MQTT","70","Connect Ack"
"477753","3673.421856365","192.168.15.3","192.168.15.4","MQTT","70","Publish Ack (id=3619)"
"477755","3673.422652862","192.168.15.4","192.168.15.3","MQTT","68","Disconnect Req"
"477763","3674.426823307","192.168.15.4","192.168.15.3","MQTT","90","Connect Command"
"477765","3674.429758090","192.168.15.4","192.168.15.3","MQTT","97","Publish Message (id=3620) [Deviceb'Device - 2']"
"477766","3674.430126818","192.168.15.3","192.168.15.4","MQTT","70","Connect Ack"
"477769","3674.432766603","192.168.15.3","192.168.15.4","MQTT","70","Publish Ack (id=3620)"
"477771","3674.433513667","192.168.15.4","192.168.15.3","MQTT","68","Disconnect Req"
"477787","3675.437854439","192.168.15.4","192.168.15.3","MQTT","90","Connect Command"
"477789","3675.440801906","192.168.15.4","192.168.15.3","MQTT","97","Publish Message (id=3621) [Deviceb'Device - 2']"
"477790","3675.441230016","192.168.15.3","192.168.15.4","MQTT","70","Connect Ack"
"477793","3675.443648412","192.168.15.3","192.168.15.4","MQTT","70","Publish Ack (id=3621)"
"477795","3675.444174037","192.168.15.4","192.168.15.3","MQTT","68","Disconnect Req"
"477823","3676.449716841","192.168.15.4","192.168.15.3","MQTT","90","Connect Command"
"477825","3676.452594236","192.168.15.4","192.168.15.3","MQTT","97","Publish Message (id=3622) [Deviceb'Device - 2']"
"477826","3676.453048676","192.168.15.3","192.168.15.4","MQTT","70","Connect Ack"
"477829","3676.455538317","192.168.15.3","192.168.15.4","MQTT","70","Publish Ack (id=3622)"
"477831","3676.456169531","192.168.15.4","192.168.15.3","MQTT","68","Disconnect Req"
"477848","3677.460524714","192.168.15.4","192.168.15.3","MQTT","90","Connect Command"
"477850","3677.463400787","192.168.15.4","192.168.15.3","MQTT","97","Publish Message (id=3623) [Deviceb'Device - 2']"
"477851","3677.463780275","192.168.15.3","192.168.15.4","MQTT","70","Connect Ack"
"477854","3677.466387007","192.168.15.3","192.168.15.4","MQTT","70","Publish Ack (id=3623)"
"477856","3677.466782215","192.168.15.4","192.168.15.3","MQTT","68","Disconnect Req"
"477868","3678.470356075","192.168.15.4","192.168.15.3","MQTT","90","Connect Command"
"477870","3678.475661955","192.168.15.4","192.168.15.3","MQTT","97","Publish Message (id=3624) [Deviceb'Device - 2']"
"477872","3678.482229652","192.168.15.3","192.168.15.4","MQTT","70","Connect Ack"
"477874","3678.484810746","192.168.15.3","192.168.15.4","MQTT","70","Publish Ack (id=3624)"
"477876","3678.485094002","192.168.15.4","192.168.15.3","MQTT","68","Disconnect Req"
"477885","3679.489589074","192.168.15.4","192.168.15.3","MQTT","90","Connect Command"
"477889","3679.492474294","192.168.15.4","192.168.15.3","MQTT","97","Publish Message (id=3625) [Deviceb'Device - 2']"
"477890","3679.493040325","192.168.15.3","192.168.15.4","MQTT","70","Connect Ack"
"477893","3679.495497003","192.168.15.3","192.168.15.4","MQTT","70","Publish Ack (id=3625)"
"477895","3679.496217476","192.168.15.4","192.168.15.3","MQTT","68","Disconnect Req"
"477914","3680.500627793","192.168.15.4","192.168.15.3","MQTT","90","Connect Command"
"477916","3680.503519325","192.168.15.4","192.168.15.3","MQTT","97","Publish Message (id=3626) [Deviceb'Device - 2']"
"477917","3680.503945511","192.168.15.3","192.168.15.4","MQTT","70","Connect Ack"
"477920","3680.506567242","192.168.15.3","192.168.15.4","MQTT","70","Publish Ack (id=3626)"
"477922","3680.507344964","192.168.15.4","192.168.15.3","MQTT","68","Disconnect Req"
"477937","3681.511831600","192.168.15.4","192.168.15.3","MQTT","90","Connect Command"
"477939","3681.514686542","192.168.15.4","192.168.15.3","MQTT","97","Publish Message (id=3627) [Deviceb'Device - 2']"
"477940","3681.515548433","192.168.15.3","192.168.15.4","MQTT","70","Connect Ack"
"477943","3681.517596819","192.168.15.3","192.168.15.4","MQTT","70","Publish Ack (id=3627)"
"477945","3681.518291995","192.168.15.4","192.168.15.3","MQTT","68","Disconnect Req"
"477957","3682.522982585","192.168.15.4","192.168.15.3","MQTT","90","Connect Command"
"477959","3682.525848898","192.168.15.4","192.168.15.3","MQTT","97","Publish Message (id=3628) [Deviceb'Device - 2']"
"477960","3682.526329097","192.168.15.3","192.168.15.4","MQTT","70","Connect Ack"
"477963","3682.528869784","192.168.15.3","192.168.15.4","MQTT","70","Publish Ack (id=3628)"
"477965","3682.529643778","192.168.15.4","192.168.15.3","MQTT","68","Disconnect Req"
"477978","3683.533529932","192.168.15.4","192.168.15.3","MQTT","90","Connect Command"
"477980","3683.536441421","192.168.15.4","192.168.15.3","MQTT","97","Publish Message (id=3629) [Deviceb'Device - 2']"
"477982","3683.540834183","192.168.15.3","192.168.15.4","MQTT","70","Connect Ack"
"477984","3683.543254082","192.168.15.3","192.168.15.4","MQTT","70","Publish Ack (id=3629)"
"477986","3683.543901898","192.168.15.4","192.168.15.3","MQTT","68","Disconnect Req"
"477998","3684.547853321","192.168.15.4","192.168.15.3","MQTT","90","Connect Command"
"478000","3684.550691301","192.168.15.4","192.168.15.3","MQTT","97","Publish Message (id=3630) [Deviceb'Device - 2']"
"478001","3684.551321865","192.168.15.3","192.168.15.4","MQTT","70","Connect Ack"
"478004","3684.553513371","192.168.15.3","192.168.15.4","MQTT","70","Publish Ack (id=3630)"
"478006","3684.553870126","192.168.15.4","192.168.15.3","MQTT","68","Disconnect Req"
"478023","3685.558258993","192.168.15.4","192.168.15.3","MQTT","90","Connect Command"
"478025","3685.561154252","192.168.15.4","192.168.15.3","MQTT","97","Publish Message (id=3631) [Deviceb'Device - 2']"
"478026","3685.562796249","192.168.15.3","192.168.15.4","MQTT","70","Connect Ack"
"478029","3685.565192713","192.168.15.3","192.168.15.4","MQTT","70","Publish Ack (id=3631)"
"478031","3685.565661971","192.168.15.4","192.168.15.3","MQTT","68","Disconnect Req"
"478044","3686.570671519","192.168.15.4","192.168.15.3","MQTT","90","Connect Command"
"478046","3686.573730397","192.168.15.4","192.168.15.3","MQTT","97","Publish Message (id=3632) [Deviceb'Device - 2']"
"478047","3686.574089607","192.168.15.3","192.168.15.4","MQTT","70","Connect Ack"
"478050","3686.576776461","192.168.15.3","192.168.15.4","MQTT","70","Publish Ack (id=3632)"
"478052","3686.577395162","192.168.15.4","192.168.15.3","MQTT","68","Disconnect Req"
"478064","3687.581111159","192.168.15.4","192.168.15.3","MQTT","90","Connect Command"
"478066","3687.583802431","192.168.15.4","192.168.15.3","MQTT","97","Publish Message (id=3633) [Deviceb'Device - 2']"
"478067","3687.584234278","192.168.15.3","192.168.15.4","MQTT","70","Connect Ack"
"478070","3687.587303005","192.168.15.3","192.168.15.4","MQTT","70","Publish Ack (id=3633)"
"478072","3687.587580289","192.168.15.4","192.168.15.3","MQTT","68","Disconnect Req"
"478084","3688.591542018","192.168.15.4","192.168.15.3","MQTT","90","Connect Command"
"478086","3688.594527617","192.168.15.4","192.168.15.3","MQTT","97","Publish Message (id=3634) [Deviceb'Device - 2']"
"478088","3688.598903227","192.168.15.3","192.168.15.4","MQTT","70","Connect Ack"
"478090","3688.601441359","192.168.15.3","192.168.15.4","MQTT","70","Publish Ack (id=3634)"
"478092","3688.601719515","192.168.15.4","192.168.15.3","MQTT","68","Disconnect Req"
"478104","3689.605415648","192.168.15.4","192.168.15.3","MQTT","90","Connect Command"
"478106","3689.608371711","192.168.15.4","192.168.15.3","MQTT","97","Publish Message (id=3635) [Deviceb'Device - 2']"
"478107","3689.608785063","192.168.15.3","192.168.15.4","MQTT","70","Connect Ack"
"478110","3689.611209591","192.168.15.3","192.168.15.4","MQTT","70","Publish Ack (id=3635)"
"478112","3689.611575513","192.168.15.4","192.168.15.3","MQTT","68","Disconnect Req"
"478124","3690.615357084","192.168.15.4","192.168.15.3","MQTT","90","Connect Command"
"478126","3690.618368081","192.168.15.4","192.168.15.3","MQTT","97","Publish Message (id=3636) [Deviceb'Device - 2']"
"478127","3690.618779690","192.168.15.3","192.168.15.4","MQTT","70","Connect Ack"
"478130","3690.621347749","192.168.15.3","192.168.15.4","MQTT","70","Publish Ack (id=3636)"
"478132","3690.622147803","192.168.15.4","192.168.15.3","MQTT","68","Disconnect Req"
"478147","3691.626459333","192.168.15.4","192.168.15.3","MQTT","90","Connect Command"
"478149","3691.629369479","192.168.15.4","192.168.15.3","MQTT","97","Publish Message (id=3637) [Deviceb'Device - 2']"
"478150","3691.629873292","192.168.15.3","192.168.15.4","MQTT","70","Connect Ack"
"478153","3691.632098983","192.168.15.3","192.168.15.4","MQTT","70","Publish Ack (id=3637)"
"478155","3691.632788969","192.168.15.4","192.168.15.3","MQTT","68","Disconnect Req"
"478167","3692.637237714","192.168.15.4","192.168.15.3","MQTT","90","Connect Command"
"478169","3692.640113295","192.168.15.4","192.168.15.3","MQTT","97","Publish Message (id=3638) [Deviceb'Device - 2']"
"478170","3692.640526778","192.168.15.3","192.168.15.4","MQTT","70","Connect Ack"
"478173","3692.642972666","192.168.15.3","192.168.15.4","MQTT","70","Publish Ack (id=3638)"
"478175","3692.643321776","192.168.15.4","192.168.15.3","MQTT","68","Disconnect Req"
"478188","3693.647534922","192.168.15.4","192.168.15.3","MQTT","90","Connect Command"
"478190","3693.650588540","192.168.15.4","192.168.15.3","MQTT","97","Publish Message (id=3639) [Deviceb'Device - 2']"
"478192","3693.654878717","192.168.15.3","192.168.15.4","MQTT","70","Connect Ack"
"478194","3693.657409967","192.168.15.3","192.168.15.4","MQTT","70","Publish Ack (id=3639)"
"478196","3693.658167660","192.168.15.4","192.168.15.3","MQTT","68","Disconnect Req"
"478234","3694.662119288","192.168.15.4","192.168.15.3","MQTT","90","Connect Command"
"478236","3694.665308312","192.168.15.4","192.168.15.3","MQTT","97","Publish Message (id=3640) [Deviceb'Device - 2']"
"478237","3694.665665267","192.168.15.3","192.168.15.4","MQTT","70","Connect Ack"
"478240","3694.668391756","192.168.15.3","192.168.15.4","MQTT","70","Publish Ack (id=3640)"
"478242","3694.668881272","192.168.15.4","192.168.15.3","MQTT","68","Disconnect Req"
"478254","3695.673143384","192.168.15.4","192.168.15.3","MQTT","90","Connect Command"
"478256","3695.676061556","192.168.15.4","192.168.15.3","MQTT","97","Publish Message (id=3641) [Deviceb'Device - 2']"
"478257","3695.676517148","192.168.15.3","192.168.15.4","MQTT","70","Connect Ack"
"478260","3695.679047516","192.168.15.3","192.168.15.4","MQTT","70","Publish Ack (id=3641)"
"478262","3695.679557310","192.168.15.4","192.168.15.3","MQTT","68","Disconnect Req"
"478278","3696.683324792","192.168.15.4","192.168.15.3","MQTT","90","Connect Command"
"478280","3696.686252772","192.168.15.4","192.168.15.3","MQTT","97","Publish Message (id=3642) [Deviceb'Device - 2']"
"478281","3696.686638462","192.168.15.3","192.168.15.4","MQTT","70","Connect Ack"
"478284","3696.689324064","192.168.15.3","192.168.15.4","MQTT","70","Publish Ack (id=3642)"
"478286","3696.689933166","192.168.15.4","192.168.15.3","MQTT","68","Disconnect Req"
"478295","3697.693517078","192.168.15.4","192.168.15.3","MQTT","90","Connect Command"
"478297","3697.696424950","192.168.15.4","192.168.15.3","MQTT","97","Publish Message (id=3643) [Deviceb'Device - 2']"
"478298","3697.696818063","192.168.15.3","192.168.15.4","MQTT","70","Connect Ack"
"478301","3697.699308987","192.168.15.3","192.168.15.4","MQTT","70","Publish Ack (id=3643)"
"478303","3697.699862995","192.168.15.4","192.168.15.3","MQTT","68","Disconnect Req"
"478315","3698.703808335","192.168.15.4","192.168.15.3","MQTT","90","Connect Command"
"478317","3698.706722740","192.168.15.4","192.168.15.3","MQTT","97","Publish Message (id=3644) [Deviceb'Device - 2']"
"478319","3698.711022155","192.168.15.3","192.168.15.4","MQTT","70","Connect Ack"
"478321","3698.713625721","192.168.15.3","192.168.15.4","MQTT","70","Publish Ack (id=3644)"
"478323","3698.713917042","192.168.15.4","192.168.15.3","MQTT","68","Disconnect Req"
"478335","3699.717780755","192.168.15.4","192.168.15.3","MQTT","90","Connect Command"
"478337","3699.720771264","192.168.15.4","192.168.15.3","MQTT","97","Publish Message (id=3645) [Deviceb'Device - 2']"
"478338","3699.721183684","192.168.15.3","192.168.15.4","MQTT","70","Connect Ack"
"478341","3699.723605326","192.168.15.3","192.168.15.4","MQTT","70","Publish Ack (id=3645)"
"478343","3699.723975687","192.168.15.4","192.168.15.3","MQTT","68","Disconnect Req"
"478355","3700.728126530","192.168.15.4","192.168.15.3","MQTT","90","Connect Command"
"478357","3700.731159759","192.168.15.4","192.168.15.3","MQTT","97","Publish Message (id=3646) [Deviceb'Device - 2']"
"478358","3700.731587438","192.168.15.3","192.168.15.4","MQTT","70","Connect Ack"
"478361","3700.734059696","192.168.15.3","192.168.15.4","MQTT","70","Publish Ack (id=3646)"
"478363","3700.734281345","192.168.15.4","192.168.15.3","MQTT","68","Disconnect Req"
"478409","3701.739068538","192.168.15.4","192.168.15.3","MQTT","90","Connect Command"
"478411","3701.742448693","192.168.15.4","192.168.15.3","MQTT","97","Publish Message (id=3647) [Deviceb'Device - 2']"
"478412","3701.742762497","192.168.15.3","192.168.15.4","MQTT","70","Connect Ack"
"478415","3701.745745612","192.168.15.3","192.168.15.4","MQTT","70","Publish Ack (id=3647)"
"478417","3701.746379401","192.168.15.4","192.168.15.3","MQTT","68","Disconnect Req"
"478429","3702.751075578","192.168.15.4","192.168.15.3","MQTT","90","Connect Command"
"478431","3702.753883381","192.168.15.4","192.168.15.3","MQTT","97","Publish Message (id=3648) [Deviceb'Device - 2']"
"478432","3702.754814633","192.168.15.3","192.168.15.4","MQTT","70","Connect Ack"
"478435","3702.756896853","192.168.15.3","192.168.15.4","MQTT","70","Publish Ack (id=3648)"
"478437","3702.757454929","192.168.15.4","192.168.15.3","MQTT","68","Disconnect Req"
"478450","3703.761769160","192.168.15.4","192.168.15.3","MQTT","90","Connect Command"
"478452","3703.764670971","192.168.15.4","192.168.15.3","MQTT","97","Publish Message (id=3649) [Deviceb'Device - 2']"
"478454","3703.768948314","192.168.15.3","192.168.15.4","MQTT","70","Connect Ack"
"478456","3703.771332335","192.168.15.3","192.168.15.4","MQTT","70","Publish Ack (id=3649)"
"478458","3703.771973207","192.168.15.4","192.168.15.3","MQTT","68","Disconnect Req"
"478470","3704.776394618","192.168.15.4","192.168.15.3","MQTT","90","Connect Command"
"478472","3704.779275940","192.168.15.4","192.168.15.3","MQTT","97","Publish Message (id=3650) [Deviceb'Device - 2']"
"478473","3704.779770526","192.168.15.3","192.168.15.4","MQTT","70","Connect Ack"
"478476","3704.782337903","192.168.15.3","192.168.15.4","MQTT","70","Publish Ack (id=3650)"
"478478","3704.782915246","192.168.15.4","192.168.15.3","MQTT","68","Disconnect Req"
"478490","3705.787331613","192.168.15.4","192.168.15.3","MQTT","90","Connect Command"
"478492","3705.789967150","192.168.15.4","192.168.15.3","MQTT","97","Publish Message (id=3651) [Deviceb'Device - 2']"
"478493","3705.790322082","192.168.15.3","192.168.15.4","MQTT","70","Connect Ack"
"478496","3705.792885382","192.168.15.3","192.168.15.4","MQTT","70","Publish Ack (id=3651)"
"478498","3705.793553255","192.168.15.4","192.168.15.3","MQTT","68","Disconnect Req"
"478521","3706.797323085","192.168.15.4","192.168.15.3","MQTT","90","Connect Command"
"478524","3706.800222932","192.168.15.4","192.168.15.3","MQTT","97","Publish Message (id=3652) [Deviceb'Device - 2']"
"478525","3706.800621256","192.168.15.3","192.168.15.4","MQTT","70","Connect Ack"
"478528","3706.803190727","192.168.15.3","192.168.15.4","MQTT","70","Publish Ack (id=3652)"
"478530","3706.803847089","192.168.15.4","192.168.15.3","MQTT","68","Disconnect Req"
"478541","3707.807411057","192.168.15.4","192.168.15.3","MQTT","90","Connect Command"
"478543","3707.810397237","192.168.15.4","192.168.15.3","MQTT","97","Publish Message (id=3653) [Deviceb'Device - 2']"
"478544","3707.810814016","192.168.15.3","192.168.15.4","MQTT","70","Connect Ack"
"478547","3707.813313555","192.168.15.3","192.168.15.4","MQTT","70","Publish Ack (id=3653)"
"478549","3707.813554241","192.168.15.4","192.168.15.3","MQTT","68","Disconnect Req"
"478561","3708.817071125","192.168.15.4","192.168.15.3","MQTT","90","Connect Command"
"478563","3708.820070660","192.168.15.4","192.168.15.3","MQTT","97","Publish Message (id=3654) [Deviceb'Device - 2']"
"478565","3708.824429217","192.168.15.3","192.168.15.4","MQTT","70","Connect Ack"
"478567","3708.826877580","192.168.15.3","192.168.15.4","MQTT","70","Publish Ack (id=3654)"
"478569","3708.827219817","192.168.15.4","192.168.15.3","MQTT","68","Disconnect Req"
"478577","3709.831779461","192.168.15.4","192.168.15.3","MQTT","90","Connect Command"
"478579","3709.834809244","192.168.15.4","192.168.15.3","MQTT","97","Publish Message (id=3655) [Deviceb'Device - 2']"
"478580","3709.835177130","192.168.15.3","192.168.15.4","MQTT","70","Connect Ack"
"478583","3709.837730892","192.168.15.3","192.168.15.4","MQTT","70","Publish Ack (id=3655)"
"478585","3709.838171646","192.168.15.4","192.168.15.3","MQTT","68","Disconnect Req"
"478605","3710.841547137","192.168.15.4","192.168.15.3","MQTT","90","Connect Command"
"478607","3710.844561340","192.168.15.4","192.168.15.3","MQTT","97","Publish Message (id=3656) [Deviceb'Device - 2']"
"478608","3710.844940126","192.168.15.3","192.168.15.4","MQTT","70","Connect Ack"
"478611","3710.847417213","192.168.15.3","192.168.15.4","MQTT","70","Publish Ack (id=3656)"
"478613","3710.847978585","192.168.15.4","192.168.15.3","MQTT","68","Disconnect Req"
"478635","3711.851214968","192.168.15.4","192.168.15.3","MQTT","90","Connect Command"
"478637","3711.854227508","192.168.15.4","192.168.15.3","MQTT","97","Publish Message (id=3657) [Deviceb'Device - 2']"
"478638","3711.855454851","192.168.15.3","192.168.15.4","MQTT","70","Connect Ack"
"478641","3711.857129970","192.168.15.3","192.168.15.4","MQTT","70","Publish Ack (id=3657)"
"478643","3711.857455135","192.168.15.4","192.168.15.3","MQTT","68","Disconnect Req"
"478657","3712.860894029","192.168.15.4","192.168.15.3","MQTT","90","Connect Command"
"478659","3712.863872474","192.168.15.4","192.168.15.3","MQTT","97","Publish Message (id=3658) [Deviceb'Device - 2']"
"478660","3712.864272521","192.168.15.3","192.168.15.4","MQTT","70","Connect Ack"
"478663","3712.866740331","192.168.15.3","192.168.15.4","MQTT","70","Publish Ack (id=3658)"
"478665","3712.867001555","192.168.15.4","192.168.15.3","MQTT","68","Disconnect Req"
"478682","3713.870781270","192.168.15.4","192.168.15.3","MQTT","90","Connect Command"
"478684","3713.873780053","192.168.15.4","192.168.15.3","MQTT","97","Publish Message (id=3659) [Deviceb'Device - 2']"
"478686","3713.878067956","192.168.15.3","192.168.15.4","MQTT","70","Connect Ack"
"478688","3713.880510848","192.168.15.3","192.168.15.4","MQTT","70","Publish Ack (id=3659)"
"478690","3713.880791209","192.168.15.4","192.168.15.3","MQTT","68","Disconnect Req"
"478704","3714.884905664","192.168.15.4","192.168.15.3","MQTT","90","Connect Command"
"478706","3714.887862268","192.168.15.4","192.168.15.3","MQTT","97","Publish Message (id=3660) [Deviceb'Device - 2']"
"478707","3714.888251003","192.168.15.3","192.168.15.4","MQTT","70","Connect Ack"
"478710","3714.890959047","192.168.15.3","192.168.15.4","MQTT","70","Publish Ack (id=3660)"
"478712","3714.891255107","192.168.15.4","192.168.15.3","MQTT","68","Disconnect Req"
"478729","3715.894874021","192.168.15.4","192.168.15.3","MQTT","90","Connect Command"
"478731","3715.897903473","192.168.15.4","192.168.15.3","MQTT","97","Publish Message (id=3661) [Deviceb'Device - 2']"
"478732","3715.898287931","192.168.15.3","192.168.15.4","MQTT","70","Connect Ack"
"478735","3715.900973842","192.168.15.3","192.168.15.4","MQTT","70","Publish Ack (id=3661)"
"478737","3715.901274662","192.168.15.4","192.168.15.3","MQTT","68","Disconnect Req"
"478825","3716.905032694","192.168.15.4","192.168.15.3","MQTT","90","Connect Command"
"478827","3716.907902223","192.168.15.4","192.168.15.3","MQTT","97","Publish Message (id=3662) [Deviceb'Device - 2']"
"478828","3716.908284026","192.168.15.3","192.168.15.4","MQTT","70","Connect Ack"
"478831","3716.910720005","192.168.15.3","192.168.15.4","MQTT","70","Publish Ack (id=3662)"
"478833","3716.911342092","192.168.15.4","192.168.15.3","MQTT","68","Disconnect Req"
"478845","3717.915457427","192.168.15.4","192.168.15.3","MQTT","90","Connect Command"
"478847","3717.918344320","192.168.15.4","192.168.15.3","MQTT","97","Publish Message (id=3663) [Deviceb'Device - 2']"
"478848","3717.918723377","192.168.15.3","192.168.15.4","MQTT","70","Connect Ack"
"478851","3717.922476608","192.168.15.3","192.168.15.4","MQTT","70","Publish Ack (id=3663)"
"478853","3717.923336686","192.168.15.4","192.168.15.3","MQTT","68","Disconnect Req"
"478865","3718.927271343","192.168.15.4","192.168.15.3","MQTT","90","Connect Command"
"478867","3718.929851345","192.168.15.4","192.168.15.3","MQTT","97","Publish Message (id=3664) [Deviceb'Device - 2']"
"478869","3718.934171669","192.168.15.3","192.168.15.4","MQTT","70","Connect Ack"
"478871","3718.936571570","192.168.15.3","192.168.15.4","MQTT","70","Publish Ack (id=3664)"
"478873","3718.936866298","192.168.15.4","192.168.15.3","MQTT","68","Disconnect Req"
"478885","3719.941031570","192.168.15.4","192.168.15.3","MQTT","90","Connect Command"
"478887","3719.943902432","192.168.15.4","192.168.15.3","MQTT","97","Publish Message (id=3665) [Deviceb'Device - 2']"
"478888","3719.945124674","192.168.15.3","192.168.15.4","MQTT","70","Connect Ack"
"478891","3719.946802249","192.168.15.3","192.168.15.4","MQTT","70","Publish Ack (id=3665)"
"478893","3719.947299790","192.168.15.4","192.168.15.3","MQTT","68","Disconnect Req"
"478904","3720.951617176","192.168.15.4","192.168.15.3","MQTT","90","Connect Command"
"478906","3720.954547651","192.168.15.4","192.168.15.3","MQTT","97","Publish Message (id=3666) [Deviceb'Device - 2']"
"478907","3720.954947908","192.168.15.3","192.168.15.4","MQTT","70","Connect Ack"
"478910","3720.957413073","192.168.15.3","192.168.15.4","MQTT","70","Publish Ack (id=3666)"
"478912","3720.957971880","192.168.15.4","192.168.15.3","MQTT","68","Disconnect Req"
"478990","3721.962628615","192.168.15.4","192.168.15.3","MQTT","90","Connect Command"
"478992","3721.965393387","192.168.15.4","192.168.15.3","MQTT","97","Publish Message (id=3667) [Deviceb'Device - 2']"
"478993","3721.966018810","192.168.15.3","192.168.15.4","MQTT","70","Connect Ack"
"478996","3721.968308332","192.168.15.3","192.168.15.4","MQTT","70","Publish Ack (id=3667)"
"478998","3721.968880805","192.168.15.4","192.168.15.3","MQTT","68","Disconnect Req"
"479652","3722.972347225","192.168.15.4","192.168.15.3","MQTT","90","Connect Command"
"479654","3722.975242654","192.168.15.4","192.168.15.3","MQTT","97","Publish Message (id=3668) [Deviceb'Device - 2']"
"479655","3722.975632742","192.168.15.3","192.168.15.4","MQTT","70","Connect Ack"
"479658","3722.978161105","192.168.15.3","192.168.15.4","MQTT","70","Publish Ack (id=3668)"
"479660","3722.978667594","192.168.15.4","192.168.15.3","MQTT","68","Disconnect Req"
"482211","3723.982297099","192.168.15.4","192.168.15.3","MQTT","90","Connect Command"
"482254","3723.987223290","192.168.15.4","192.168.15.3","MQTT","97","Publish Message (id=3669) [Deviceb'Device - 2']"
"482296","3723.991092751","192.168.15.3","192.168.15.4","MQTT","70","Connect Ack"
"482325","3723.993637125","192.168.15.3","192.168.15.4","MQTT","70","Publish Ack (id=3669)"
"482327","3723.993983541","192.168.15.4","192.168.15.3","MQTT","68","Disconnect Req"
"482944","3724.997694748","192.168.15.4","192.168.15.3","MQTT","90","Connect Command"
"482946","3725.002434947","192.168.15.4","192.168.15.3","MQTT","97","Publish Message (id=3670) [Deviceb'Device - 2']"
"482947","3725.002804446","192.168.15.3","192.168.15.4","MQTT","70","Connect Ack"
"482951","3725.005439852","192.168.15.3","192.168.15.4","MQTT","70","Publish Ack (id=3670)"
"482953","3725.005817797","192.168.15.4","192.168.15.3","MQTT","68","Disconnect Req"
"482988","3726.012530500","192.168.15.4","192.168.15.3","MQTT","90","Connect Command"
"482990","3726.015533011","192.168.15.4","192.168.15.3","MQTT","97","Publish Message (id=3671) [Deviceb'Device - 2']"
"482991","3726.015920384","192.168.15.3","192.168.15.4","MQTT","70","Connect Ack"
"482994","3726.018470769","192.168.15.3","192.168.15.4","MQTT","70","Publish Ack (id=3671)"
"482996","3726.019143512","192.168.15.4","192.168.15.3","MQTT","68","Disconnect Req"
"483022","3727.022883338","192.168.15.4","192.168.15.3","MQTT","90","Connect Command"
"483024","3727.025865520","192.168.15.4","192.168.15.3","MQTT","97","Publish Message (id=3672) [Deviceb'Device - 2']"
"483025","3727.026263683","192.168.15.3","192.168.15.4","MQTT","70","Connect Ack"
"483028","3727.029175152","192.168.15.3","192.168.15.4","MQTT","70","Publish Ack (id=3672)"
"483030","3727.029755871","192.168.15.4","192.168.15.3","MQTT","68","Disconnect Req"
"484723","3728.033416693","192.168.15.4","192.168.15.3","MQTT","90","Connect Command"
"484725","3728.036456154","192.168.15.4","192.168.15.3","MQTT","97","Publish Message (id=3673) [Deviceb'Device - 2']"
"484726","3728.036876900","192.168.15.3","192.168.15.4","MQTT","70","Connect Ack"
"484729","3728.039327607","192.168.15.3","192.168.15.4","MQTT","70","Publish Ack (id=3673)"
"484731","3728.040129765","192.168.15.4","192.168.15.3","MQTT","68","Disconnect Req"
"484764","3729.044021250","192.168.15.4","192.168.15.3","MQTT","90","Connect Command"
"484766","3729.047028159","192.168.15.4","192.168.15.3","MQTT","97","Publish Message (id=3674) [Deviceb'Device - 2']"
"484768","3729.051327744","192.168.15.3","192.168.15.4","MQTT","70","Connect Ack"
"484770","3729.053770566","192.168.15.3","192.168.15.4","MQTT","70","Publish Ack (id=3674)"
"484772","3729.054296651","192.168.15.4","192.168.15.3","MQTT","68","Disconnect Req"
"484784","3730.058093354","192.168.15.4","192.168.15.3","MQTT","90","Connect Command"
"484786","3730.061072020","192.168.15.4","192.168.15.3","MQTT","97","Publish Message (id=3675) [Deviceb'Device - 2']"
"484787","3730.061456898","192.168.15.3","192.168.15.4","MQTT","70","Connect Ack"
"484790","3730.064118013","192.168.15.3","192.168.15.4","MQTT","70","Publish Ack (id=3675)"
"484792","3730.064573284","192.168.15.4","192.168.15.3","MQTT","68","Disconnect Req"
"484833","3731.068739783","192.168.15.4","192.168.15.3","MQTT","90","Connect Command"
"484835","3731.071697269","192.168.15.4","192.168.15.3","MQTT","97","Publish Message (id=3676) [Deviceb'Device - 2']"
"484836","3731.072117504","192.168.15.3","192.168.15.4","MQTT","70","Connect Ack"
"484839","3731.074572368","192.168.15.3","192.168.15.4","MQTT","70","Publish Ack (id=3676)"
"484841","3731.074936988","192.168.15.4","192.168.15.3","MQTT","68","Disconnect Req"
"484861","3732.078650657","192.168.15.4","192.168.15.3","MQTT","90","Connect Command"
"484863","3732.081551516","192.168.15.4","192.168.15.3","MQTT","97","Publish Message (id=3677) [Deviceb'Device - 2']"
"484864","3732.081906898","192.168.15.3","192.168.15.4","MQTT","70","Connect Ack"
"484867","3732.084374477","192.168.15.3","192.168.15.4","MQTT","70","Publish Ack (id=3677)"
"484869","3732.085077907","192.168.15.4","192.168.15.3","MQTT","68","Disconnect Req"
"484892","3733.088870822","192.168.15.4","192.168.15.3","MQTT","90","Connect Command"
"484894","3733.091785497","192.168.15.4","192.168.15.3","MQTT","97","Publish Message (id=3678) [Deviceb'Device - 2']"
"484895","3733.092201213","192.168.15.3","192.168.15.4","MQTT","70","Connect Ack"
"484898","3733.094629498","192.168.15.3","192.168.15.4","MQTT","70","Publish Ack (id=3678)"
"484900","3733.095402821","192.168.15.4","192.168.15.3","MQTT","68","Disconnect Req"
"485421","3734.103905895","192.168.15.4","192.168.15.3","MQTT","90","Connect Command"
"485484","3734.109771303","192.168.15.4","192.168.15.3","MQTT","97","Publish Message (id=3679) [Deviceb'Device - 2']"
"485524","3734.114242201","192.168.15.3","192.168.15.4","MQTT","70","Connect Ack"
"485552","3734.116778099","192.168.15.3","192.168.15.4","MQTT","70","Publish Ack (id=3679)"
"485558","3734.117141116","192.168.15.4","192.168.15.3","MQTT","68","Disconnect Req"
"486366","3735.120893629","192.168.15.4","192.168.15.3","MQTT","90","Connect Command"
"486368","3735.123810568","192.168.15.4","192.168.15.3","MQTT","97","Publish Message (id=3680) [Deviceb'Device - 2']"
"486369","3735.124172753","192.168.15.3","192.168.15.4","MQTT","70","Connect Ack"
"486372","3735.127216902","192.168.15.3","192.168.15.4","MQTT","70","Publish Ack (id=3680)"
"486374","3735.127591942","192.168.15.4","192.168.15.3","MQTT","68","Disconnect Req"
"486407","3736.132037933","192.168.15.4","192.168.15.3","MQTT","90","Connect Command"
"486409","3736.136890233","192.168.15.4","192.168.15.3","MQTT","97","Publish Message (id=3681) [Deviceb'Device - 2']"
"486410","3736.138025271","192.168.15.3","192.168.15.4","MQTT","70","Connect Ack"
"486413","3736.139814115","192.168.15.3","192.168.15.4","MQTT","70","Publish Ack (id=3681)"
"486415","3736.140391398","192.168.15.4","192.168.15.3","MQTT","68","Disconnect Req"
"486811","3737.143853303","192.168.15.4","192.168.15.3","MQTT","90","Connect Command"
"486813","3737.146869800","192.168.15.4","192.168.15.3","MQTT","97","Publish Message (id=3682) [Deviceb'Device - 2']"
"486814","3737.147279004","192.168.15.3","192.168.15.4","MQTT","70","Connect Ack"
"486817","3737.149870498","192.168.15.3","192.168.15.4","MQTT","70","Publish Ack (id=3682)"
"486819","3737.150428974","192.168.15.4","192.168.15.3","MQTT","68","Disconnect Req"
"487734","3738.154641787","192.168.15.4","192.168.15.3","MQTT","90","Connect Command"
"487760","3738.158138613","192.168.15.4","192.168.15.3","MQTT","97","Publish Message (id=3683) [Deviceb'Device - 2']"
"487761","3738.158148973","192.168.15.3","192.168.15.4","MQTT","70","Connect Ack"
"487794","3738.162755729","192.168.15.3","192.168.15.4","MQTT","70","Publish Ack (id=3683)"
"487801","3738.163223784","192.168.15.4","192.168.15.3","MQTT","68","Disconnect Req"
"488401","3739.167676127","192.168.15.4","192.168.15.3","MQTT","90","Connect Command"
"488403","3739.170587134","192.168.15.4","192.168.15.3","MQTT","97","Publish Message (id=3684) [Deviceb'Device - 2']"
"488405","3739.174911256","192.168.15.3","192.168.15.4","MQTT","70","Connect Ack"
"488407","3739.177334350","192.168.15.3","192.168.15.4","MQTT","70","Publish Ack (id=3684)"
"488409","3739.178053320","192.168.15.4","192.168.15.3","MQTT","68","Disconnect Req"
"488426","3740.182262511","192.168.15.4","192.168.15.3","MQTT","90","Connect Command"
"488428","3740.185138162","192.168.15.4","192.168.15.3","MQTT","97","Publish Message (id=3685) [Deviceb'Device - 2']"
"488429","3740.185576942","192.168.15.3","192.168.15.4","MQTT","70","Connect Ack"
"488432","3740.188106758","192.168.15.3","192.168.15.4","MQTT","70","Publish Ack (id=3685)"
"488434","3740.188928483","192.168.15.4","192.168.15.3","MQTT","68","Disconnect Req"
"488473","3741.193321988","192.168.15.4","192.168.15.3","MQTT","90","Connect Command"
"488475","3741.196256149","192.168.15.4","192.168.15.3","MQTT","97","Publish Message (id=3686) [Deviceb'Device - 2']"
"488476","3741.196924113","192.168.15.3","192.168.15.4","MQTT","70","Connect Ack"
"488479","3741.199175652","192.168.15.3","192.168.15.4","MQTT","70","Publish Ack (id=3686)"
"488481","3741.199785065","192.168.15.4","192.168.15.3","MQTT","68","Disconnect Req"
"488493","3742.203844485","192.168.15.4","192.168.15.3","MQTT","90","Connect Command"
"488495","3742.206771893","192.168.15.4","192.168.15.3","MQTT","97","Publish Message (id=3687) [Deviceb'Device - 2']"
"488496","3742.207128267","192.168.15.3","192.168.15.4","MQTT","70","Connect Ack"
"488499","3742.209720732","192.168.15.3","192.168.15.4","MQTT","70","Publish Ack (id=3687)"
"488501","3742.210217001","192.168.15.4","192.168.15.3","MQTT","68","Disconnect Req"
"488523","3743.214433935","192.168.15.4","192.168.15.3","MQTT","90","Connect Command"
"488525","3743.217378306","192.168.15.4","192.168.15.3","MQTT","97","Publish Message (id=3688) [Deviceb'Device - 2']"
"488526","3743.217799753","192.168.15.3","192.168.15.4","MQTT","70","Connect Ack"
"488529","3743.220873198","192.168.15.3","192.168.15.4","MQTT","70","Publish Ack (id=3688)"
"488531","3743.221662802","192.168.15.4","192.168.15.3","MQTT","68","Disconnect Req"
"490239","3744.225648456","192.168.15.4","192.168.15.3","MQTT","90","Connect Command"
"490241","3744.228573540","192.168.15.4","192.168.15.3","MQTT","97","Publish Message (id=3689) [Deviceb'Device - 2']"
"490243","3744.232774969","192.168.15.3","192.168.15.4","MQTT","70","Connect Ack"
"490245","3744.235253488","192.168.15.3","192.168.15.4","MQTT","70","Publish Ack (id=3689)"
"490247","3744.235874633","192.168.15.4","192.168.15.3","MQTT","68","Disconnect Req"
"490259","3745.239957026","192.168.15.4","192.168.15.3","MQTT","90","Connect Command"
"490261","3745.243268472","192.168.15.4","192.168.15.3","MQTT","97","Publish Message (id=3690) [Deviceb'Device - 2']"
"490262","3745.243596903","192.168.15.3","192.168.15.4","MQTT","70","Connect Ack"
"490265","3745.248723543","192.168.15.3","192.168.15.4","MQTT","70","Publish Ack (id=3690)"
"490267","3745.249473632","192.168.15.4","192.168.15.3","MQTT","68","Disconnect Req"
"490282","3746.253462264","192.168.15.4","192.168.15.3","MQTT","90","Connect Command"
"490284","3746.256355508","192.168.15.4","192.168.15.3","MQTT","97","Publish Message (id=3691) [Deviceb'Device - 2']"
"490285","3746.256847118","192.168.15.3","192.168.15.4","MQTT","70","Connect Ack"
"490288","3746.259365303","192.168.15.3","192.168.15.4","MQTT","70","Publish Ack (id=3691)"
"490290","3746.260104271","192.168.15.4","192.168.15.3","MQTT","68","Disconnect Req"
"490302","3747.264300022","192.168.15.4","192.168.15.3","MQTT","90","Connect Command"
"490304","3747.267195870","192.168.15.4","192.168.15.3","MQTT","97","Publish Message (id=3692) [Deviceb'Device - 2']"
"490305","3747.267571060","192.168.15.3","192.168.15.4","MQTT","70","Connect Ack"
"490308","3747.270100947","192.168.15.3","192.168.15.4","MQTT","70","Publish Ack (id=3692)"
"490310","3747.270627904","192.168.15.4","192.168.15.3","MQTT","68","Disconnect Req"
"490322","3748.274633662","192.168.15.4","192.168.15.3","MQTT","90","Connect Command"
"490324","3748.277504113","192.168.15.4","192.168.15.3","MQTT","97","Publish Message (id=3693) [Deviceb'Device - 2']"
"490325","3748.277896305","192.168.15.3","192.168.15.4","MQTT","70","Connect Ack"
"490328","3748.280559323","192.168.15.3","192.168.15.4","MQTT","70","Publish Ack (id=3693)"
"490330","3748.281302780","192.168.15.4","192.168.15.3","MQTT","68","Disconnect Req"
"491677","3749.285628380","192.168.15.4","192.168.15.3","MQTT","90","Connect Command"
"491679","3749.288533677","192.168.15.4","192.168.15.3","MQTT","97","Publish Message (id=3694) [Deviceb'Device - 2']"
"491683","3749.292827771","192.168.15.3","192.168.15.4","MQTT","70","Connect Ack"
"491685","3749.295678715","192.168.15.3","192.168.15.4","MQTT","70","Publish Ack (id=3694)"
"491687","3749.296318656","192.168.15.4","192.168.15.3","MQTT","68","Disconnect Req"
"491696","3750.300661695","192.168.15.4","192.168.15.3","MQTT","90","Connect Command"
"491698","3750.303583353","192.168.15.4","192.168.15.3","MQTT","97","Publish Message (id=3695) [Deviceb'Device - 2']"
"491699","3750.303985373","192.168.15.3","192.168.15.4","MQTT","70","Connect Ack"
"491702","3750.306612093","192.168.15.3","192.168.15.4","MQTT","70","Publish Ack (id=3695)"
"491704","3750.307233038","192.168.15.4","192.168.15.3","MQTT","68","Disconnect Req"
"491719","3751.311558170","192.168.15.4","192.168.15.3","MQTT","90","Connect Command"
"491721","3751.314433841","192.168.15.4","192.168.15.3","MQTT","97","Publish Message (id=3696) [Deviceb'Device - 2']"
"491722","3751.314869546","192.168.15.3","192.168.15.4","MQTT","70","Connect Ack"
"491725","3751.317456690","192.168.15.3","192.168.15.4","MQTT","70","Publish Ack (id=3696)"
"491727","3751.318185379","192.168.15.4","192.168.15.3","MQTT","68","Disconnect Req"
"491747","3752.322529684","192.168.15.4","192.168.15.3","MQTT","90","Connect Command"
"491749","3752.325413190","192.168.15.4","192.168.15.3","MQTT","97","Publish Message (id=3697) [Deviceb'Device - 2']"
"491750","3752.325824147","192.168.15.3","192.168.15.4","MQTT","70","Connect Ack"
"491753","3752.329093533","192.168.15.3","192.168.15.4","MQTT","70","Publish Ack (id=3697)"
"491755","3752.329832932","192.168.15.4","192.168.15.3","MQTT","68","Disconnect Req"
"492266","3753.333870995","192.168.15.4","192.168.15.3","MQTT","90","Connect Command"
"492268","3753.336895367","192.168.15.4","192.168.15.3","MQTT","97","Publish Message (id=3698) [Deviceb'Device - 2']"
"492269","3753.337273142","192.168.15.3","192.168.15.4","MQTT","70","Connect Ack"
"492272","3753.339848384","192.168.15.3","192.168.15.4","MQTT","70","Publish Ack (id=3698)"
"492274","3753.340383737","192.168.15.4","192.168.15.3","MQTT","68","Disconnect Req"
"492693","3754.346332031","192.168.15.4","192.168.15.3","MQTT","90","Connect Command"
"492742","3754.352295985","192.168.15.4","192.168.15.3","MQTT","97","Publish Message (id=3699) [Deviceb'Device - 2']"
"492775","3754.355544000","192.168.15.3","192.168.15.4","MQTT","70","Connect Ack"
"492820","3754.360066215","192.168.15.3","192.168.15.4","MQTT","70","Publish Ack (id=3699)"
"492828","3754.360632587","192.168.15.4","192.168.15.3","MQTT","68","Disconnect Req"
"493908","3755.364450357","192.168.15.4","192.168.15.3","MQTT","90","Connect Command"
"493910","3755.367457576","192.168.15.4","192.168.15.3","MQTT","97","Publish Message (id=3700) [Deviceb'Device - 2']"
"493911","3755.367835902","192.168.15.3","192.168.15.4","MQTT","70","Connect Ack"
"493914","3755.370440840","192.168.15.3","192.168.15.4","MQTT","70","Publish Ack (id=3700)"
"493916","3755.370870954","192.168.15.4","192.168.15.3","MQTT","68","Disconnect Req"
"493931","3756.374846309","192.168.15.4","192.168.15.3","MQTT","90","Connect Command"
"493933","3756.377878115","192.168.15.4","192.168.15.3","MQTT","97","Publish Message (id=3701) [Deviceb'Device - 2']"
"493934","3756.378273323","192.168.15.3","192.168.15.4","MQTT","70","Connect Ack"
"493937","3756.380727045","192.168.15.3","192.168.15.4","MQTT","70","Publish Ack (id=3701)"
"493939","3756.380994391","192.168.15.4","192.168.15.3","MQTT","68","Disconnect Req"
"493951","3757.384313751","192.168.15.4","192.168.15.3","MQTT","90","Connect Command"
"493953","3757.387351509","192.168.15.4","192.168.15.3","MQTT","97","Publish Message (id=3702) [Deviceb'Device - 2']"
"493954","3757.387709807","192.168.15.3","192.168.15.4","MQTT","70","Connect Ack"
"493957","3757.390166665","192.168.15.3","192.168.15.4","MQTT","70","Publish Ack (id=3702)"
"493959","3757.390759436","192.168.15.4","192.168.15.3","MQTT","68","Disconnect Req"
"493971","3758.394744353","192.168.15.4","192.168.15.3","MQTT","90","Connect Command"
"493973","3758.397767512","192.168.15.4","192.168.15.3","MQTT","97","Publish Message (id=3703) [Deviceb'Device - 2']"
"493974","3758.398176055","192.168.15.3","192.168.15.4","MQTT","70","Connect Ack"
"493977","3758.400591325","192.168.15.3","192.168.15.4","MQTT","70","Publish Ack (id=3703)"
"493979","3758.400844404","192.168.15.4","192.168.15.3","MQTT","68","Disconnect Req"
"493996","3759.404933404","192.168.15.4","192.168.15.3","MQTT","90","Connect Command"
"493998","3759.407927078","192.168.15.4","192.168.15.3","MQTT","97","Publish Message (id=3704) [Deviceb'Device - 2']"
"494000","3759.412308928","192.168.15.3","192.168.15.4","MQTT","70","Connect Ack"
"494002","3759.414846238","192.168.15.3","192.168.15.4","MQTT","70","Publish Ack (id=3704)"
"494004","3759.415117080","192.168.15.4","192.168.15.3","MQTT","68","Disconnect Req"
"495473","3760.419029784","192.168.15.4","192.168.15.3","MQTT","90","Connect Command"
"495475","3760.421971509","192.168.15.4","192.168.15.3","MQTT","97","Publish Message (id=3705) [Deviceb'Device - 2']"
"495476","3760.422359243","192.168.15.3","192.168.15.4","MQTT","70","Connect Ack"
"495479","3760.424934115","192.168.15.3","192.168.15.4","MQTT","70","Publish Ack (id=3705)"
"495481","3760.425564728","192.168.15.4","192.168.15.3","MQTT","68","Disconnect Req"
"495538","3761.429459284","192.168.15.4","192.168.15.3","MQTT","90","Connect Command"
"495540","3761.432373518","192.168.15.4","192.168.15.3","MQTT","97","Publish Message (id=3706) [Deviceb'Device - 2']"
"495541","3761.432766922","192.168.15.3","192.168.15.4","MQTT","70","Connect Ack"
"495544","3761.435182041","192.168.15.3","192.168.15.4","MQTT","70","Publish Ack (id=3706)"
"495546","3761.435821090","192.168.15.4","192.168.15.3","MQTT","68","Disconnect Req"
"495568","3762.440129066","192.168.15.4","192.168.15.3","MQTT","90","Connect Command"
"495570","3762.443068567","192.168.15.4","192.168.15.3","MQTT","97","Publish Message (id=3707) [Deviceb'Device - 2']"
"495571","3762.443535671","192.168.15.3","192.168.15.4","MQTT","70","Connect Ack"
"495574","3762.446677745","192.168.15.3","192.168.15.4","MQTT","70","Publish Ack (id=3707)"
"495576","3762.447267691","192.168.15.4","192.168.15.3","MQTT","68","Disconnect Req"
"495588","3763.450974015","192.168.15.4","192.168.15.3","MQTT","90","Connect Command"
"495590","3763.453947461","192.168.15.4","192.168.15.3","MQTT","97","Publish Message (id=3708) [Deviceb'Device - 2']"
"495591","3763.454315507","192.168.15.3","192.168.15.4","MQTT","70","Connect Ack"
"495594","3763.456951624","192.168.15.3","192.168.15.4","MQTT","70","Publish Ack (id=3708)"
"495596","3763.457516332","192.168.15.4","192.168.15.3","MQTT","68","Disconnect Req"
"495609","3764.461617540","192.168.15.4","192.168.15.3","MQTT","90","Connect Command"
"495611","3764.464553043","192.168.15.4","192.168.15.3","MQTT","97","Publish Message (id=3709) [Deviceb'Device - 2']"
"495613","3764.468922099","192.168.15.3","192.168.15.4","MQTT","70","Connect Ack"
"495615","3764.471260964","192.168.15.3","192.168.15.4","MQTT","70","Publish Ack (id=3709)"
"495617","3764.471800144","192.168.15.4","192.168.15.3","MQTT","68","Disconnect Req"
"497277","3765.476315713","192.168.15.4","192.168.15.3","MQTT","90","Connect Command"
"497279","3765.479278909","192.168.15.4","192.168.15.3","MQTT","97","Publish Message (id=3710) [Deviceb'Device - 2']"
"497280","3765.479614374","192.168.15.3","192.168.15.4","MQTT","70","Connect Ack"
"497283","3765.482271631","192.168.15.3","192.168.15.4","MQTT","70","Publish Ack (id=3710)"
"497285","3765.482787417","192.168.15.4","192.168.15.3","MQTT","68","Disconnect Req"
"497300","3766.486825319","192.168.15.4","192.168.15.3","MQTT","90","Connect Command"
"497302","3766.489784287","192.168.15.4","192.168.15.3","MQTT","97","Publish Message (id=3711) [Deviceb'Device - 2']"
"497303","3766.490290595","192.168.15.3","192.168.15.4","MQTT","70","Connect Ack"
"497306","3766.492694913","192.168.15.3","192.168.15.4","MQTT","70","Publish Ack (id=3711)"
"497308","3766.492967839","192.168.15.4","192.168.15.3","MQTT","68","Disconnect Req"
"497320","3767.496769681","192.168.15.4","192.168.15.3","MQTT","90","Connect Command"
"497322","3767.499681520","192.168.15.4","192.168.15.3","MQTT","97","Publish Message (id=3712) [Deviceb'Device - 2']"
"497323","3767.500096295","192.168.15.3","192.168.15.4","MQTT","70","Connect Ack"
"497326","3767.502608889","192.168.15.3","192.168.15.4","MQTT","70","Publish Ack (id=3712)"
"497328","3767.503106190","192.168.15.4","192.168.15.3","MQTT","68","Disconnect Req"
"497346","3768.508923121","192.168.15.4","192.168.15.3","MQTT","90","Connect Command"
"497348","3768.511812347","192.168.15.4","192.168.15.3","MQTT","97","Publish Message (id=3713) [Deviceb'Device - 2']"
"497349","3768.512199690","192.168.15.3","192.168.15.4","MQTT","70","Connect Ack"
"497352","3768.515193253","192.168.15.3","192.168.15.4","MQTT","70","Publish Ack (id=3713)"
"497354","3768.515535821","192.168.15.4","192.168.15.3","MQTT","68","Disconnect Req"
"497366","3769.518821601","192.168.15.4","192.168.15.3","MQTT","90","Connect Command"
"497368","3769.521801789","192.168.15.4","192.168.15.3","MQTT","97","Publish Message (id=3714) [Deviceb'Device - 2']"
"497370","3769.526089291","192.168.15.3","192.168.15.4","MQTT","70","Connect Ack"
"497372","3769.528563651","192.168.15.3","192.168.15.4","MQTT","70","Publish Ack (id=3714)"
"497374","3769.528823253","192.168.15.4","192.168.15.3","MQTT","68","Disconnect Req"
"499080","3770.532730685","192.168.15.4","192.168.15.3","MQTT","90","Connect Command"
"499082","3770.536738788","192.168.15.4","192.168.15.3","MQTT","97","Publish Message (id=3715) [Deviceb'Device - 2']"
"499083","3770.537111313","192.168.15.3","192.168.15.4","MQTT","70","Connect Ack"
"499086","3770.539597537","192.168.15.3","192.168.15.4","MQTT","70","Publish Ack (id=3715)"
"499088","3770.539836779","192.168.15.4","192.168.15.3","MQTT","68","Disconnect Req"
"499105","3771.544125821","192.168.15.4","192.168.15.3","MQTT","90","Connect Command"
"499107","3771.547122961","192.168.15.4","192.168.15.3","MQTT","97","Publish Message (id=3716) [Deviceb'Device - 2']"
"499108","3771.547534389","192.168.15.3","192.168.15.4","MQTT","70","Connect Ack"
"499111","3771.550493778","192.168.15.3","192.168.15.4","MQTT","70","Publish Ack (id=3716)"
"499113","3771.550745344","192.168.15.4","192.168.15.3","MQTT","68","Disconnect Req"
"499129","3772.555216006","192.168.15.4","192.168.15.3","MQTT","90","Connect Command"
"499131","3772.558110101","192.168.15.4","192.168.15.3","MQTT","97","Publish Message (id=3717) [Deviceb'Device - 2']"
"499132","3772.558530697","192.168.15.3","192.168.15.4","MQTT","70","Connect Ack"
"499135","3772.561044352","192.168.15.3","192.168.15.4","MQTT","70","Publish Ack (id=3717)"
"499137","3772.561393653","192.168.15.4","192.168.15.3","MQTT","68","Disconnect Req"
"499635","3773.565045603","192.168.15.4","192.168.15.3","MQTT","90","Connect Command"
"499637","3773.568083841","192.168.15.4","192.168.15.3","MQTT","97","Publish Message (id=3718) [Deviceb'Device - 2']"
"499638","3773.568523873","192.168.15.3","192.168.15.4","MQTT","70","Connect Ack"
"499641","3773.571038931","192.168.15.3","192.168.15.4","MQTT","70","Publish Ack (id=3718)"
"499643","3773.571405976","192.168.15.4","192.168.15.3","MQTT","68","Disconnect Req"
"499655","3774.574912247","192.168.15.4","192.168.15.3","MQTT","90","Connect Command"
"499657","3774.577935436","192.168.15.4","192.168.15.3","MQTT","97","Publish Message (id=3719) [Deviceb'Device - 2']"
"499659","3774.582293942","192.168.15.3","192.168.15.4","MQTT","70","Connect Ack"
"499661","3774.584666401","192.168.15.3","192.168.15.4","MQTT","70","Publish Ack (id=3719)"
"499663","3774.585041220","192.168.15.4","192.168.15.3","MQTT","68","Disconnect Req"
"501230","3775.588937325","192.168.15.4","192.168.15.3","MQTT","90","Connect Command"
"501232","3775.591950796","192.168.15.4","192.168.15.3","MQTT","97","Publish Message (id=3720) [Deviceb'Device - 2']"
"501233","3775.592370280","192.168.15.3","192.168.15.4","MQTT","70","Connect Ack"
"501236","3775.594765421","192.168.15.3","192.168.15.4","MQTT","70","Publish Ack (id=3720)"
"501238","3775.595398920","192.168.15.4","192.168.15.3","MQTT","68","Disconnect Req"
"501288","3776.599611231","192.168.15.4","192.168.15.3","MQTT","90","Connect Command"
"501290","3776.602595306","192.168.15.4","192.168.15.3","MQTT","97","Publish Message (id=3721) [Deviceb'Device - 2']"
"501291","3776.603038394","192.168.15.3","192.168.15.4","MQTT","70","Connect Ack"
"501294","3776.605427274","192.168.15.3","192.168.15.4","MQTT","70","Publish Ack (id=3721)"
"501296","3776.605684681","192.168.15.4","192.168.15.3","MQTT","68","Disconnect Req"
"501305","3777.609412842","192.168.15.4","192.168.15.3","MQTT","90","Connect Command"
"501307","3777.612408800","192.168.15.4","192.168.15.3","MQTT","97","Publish Message (id=3722) [Deviceb'Device - 2']"
"501308","3777.612790472","192.168.15.3","192.168.15.4","MQTT","70","Connect Ack"
"501311","3777.615273670","192.168.15.3","192.168.15.4","MQTT","70","Publish Ack (id=3722)"
"501313","3777.615542539","192.168.15.4","192.168.15.3","MQTT","68","Disconnect Req"
"501326","3778.619623574","192.168.15.4","192.168.15.3","MQTT","90","Connect Command"
"501328","3778.624448482","192.168.15.4","192.168.15.3","MQTT","97","Publish Message (id=3723) [Deviceb'Device - 2']"
"501329","3778.624868607","192.168.15.3","192.168.15.4","MQTT","70","Connect Ack"
"501332","3778.627413892","192.168.15.3","192.168.15.4","MQTT","70","Publish Ack (id=3723)"
"501334","3778.627783211","192.168.15.4","192.168.15.3","MQTT","68","Disconnect Req"
"501343","3779.631380268","192.168.15.4","192.168.15.3","MQTT","90","Connect Command"
"501345","3779.634382037","192.168.15.4","192.168.15.3","MQTT","97","Publish Message (id=3724) [Deviceb'Device - 2']"
"501347","3779.638692923","192.168.15.3","192.168.15.4","MQTT","70","Connect Ack"
"501349","3779.641144591","192.168.15.3","192.168.15.4","MQTT","70","Publish Ack (id=3724)"
"501351","3779.641582500","192.168.15.4","192.168.15.3","MQTT","68","Disconnect Req"
"501946","3780.646510521","192.168.15.4","192.168.15.3","MQTT","90","Connect Command"
"501989","3780.652569324","192.168.15.4","192.168.15.3","MQTT","97","Publish Message (id=3725) [Deviceb'Device - 2']"
"501996","3780.653183727","192.168.15.3","192.168.15.4","MQTT","70","Connect Ack"
"502018","3780.655409507","192.168.15.3","192.168.15.4","MQTT","70","Publish Ack (id=3725)"
"502020","3780.655795878","192.168.15.4","192.168.15.3","MQTT","68","Disconnect Req"
"503086","3781.659720589","192.168.15.4","192.168.15.3","MQTT","90","Connect Command"
"503088","3781.662717890","192.168.15.4","192.168.15.3","MQTT","97","Publish Message (id=3726) [Deviceb'Device - 2']"
"503089","3781.663142944","192.168.15.3","192.168.15.4","MQTT","70","Connect Ack"
"503092","3781.665680715","192.168.15.3","192.168.15.4","MQTT","70","Publish Ack (id=3726)"
"503094","3781.666108685","192.168.15.4","192.168.15.3","MQTT","68","Disconnect Req"
"503108","3782.669931721","192.168.15.4","192.168.15.3","MQTT","90","Connect Command"
"503110","3782.672954329","192.168.15.4","192.168.15.3","MQTT","97","Publish Message (id=3727) [Deviceb'Device - 2']"
"503111","3782.673328697","192.168.15.3","192.168.15.4","MQTT","70","Connect Ack"
"503114","3782.676049164","192.168.15.3","192.168.15.4","MQTT","70","Publish Ack (id=3727)"
"503116","3782.676786900","192.168.15.4","192.168.15.3","MQTT","68","Disconnect Req"
"503131","3783.680878891","192.168.15.4","192.168.15.3","MQTT","90","Connect Command"
"503133","3783.683859520","192.168.15.4","192.168.15.3","MQTT","97","Publish Message (id=3728) [Deviceb'Device - 2']"
"503134","3783.684302478","192.168.15.3","192.168.15.4","MQTT","70","Connect Ack"
"503137","3783.686860978","192.168.15.3","192.168.15.4","MQTT","70","Publish Ack (id=3728)"
"503139","3783.687339133","192.168.15.4","192.168.15.3","MQTT","68","Disconnect Req"
"503151","3784.691544636","192.168.15.4","192.168.15.3","MQTT","90","Connect Command"
"503153","3784.694443961","192.168.15.4","192.168.15.3","MQTT","97","Publish Message (id=3729) [Deviceb'Device - 2']"
"503155","3784.698771990","192.168.15.3","192.168.15.4","MQTT","70","Connect Ack"
"503157","3784.701196236","192.168.15.3","192.168.15.4","MQTT","70","Publish Ack (id=3729)"
"503159","3784.701545176","192.168.15.4","192.168.15.3","MQTT","68","Disconnect Req"
"503171","3785.705261872","192.168.15.4","192.168.15.3","MQTT","90","Connect Command"
"503173","3785.708258842","192.168.15.4","192.168.15.3","MQTT","97","Publish Message (id=3730) [Deviceb'Device - 2']"
"503174","3785.708734482","192.168.15.3","192.168.15.4","MQTT","70","Connect Ack"
"503177","3785.711764724","192.168.15.3","192.168.15.4","MQTT","70","Publish Ack (id=3730)"
"503179","3785.712033593","192.168.15.4","192.168.15.3","MQTT","68","Disconnect Req"
"504843","3786.716337837","192.168.15.4","192.168.15.3","MQTT","90","Connect Command"
"504845","3786.719337081","192.168.15.4","192.168.15.3","MQTT","97","Publish Message (id=3731) [Deviceb'Device - 2']"
"504846","3786.719736236","192.168.15.3","192.168.15.4","MQTT","70","Connect Ack"
"504849","3786.722246485","192.168.15.3","192.168.15.4","MQTT","70","Publish Ack (id=3731)"
"504851","3786.722514782","192.168.15.4","192.168.15.3","MQTT","68","Disconnect Req"
"504877","3787.725837316","192.168.15.4","192.168.15.3","MQTT","90","Connect Command"
"504879","3787.728855897","192.168.15.4","192.168.15.3","MQTT","97","Publish Message (id=3732) [Deviceb'Device - 2']"
"504880","3787.729249852","192.168.15.3","192.168.15.4","MQTT","70","Connect Ack"
"504883","3787.731870219","192.168.15.3","192.168.15.4","MQTT","70","Publish Ack (id=3732)"
"504885","3787.732174796","192.168.15.4","192.168.15.3","MQTT","68","Disconnect Req"
"504901","3788.735933892","192.168.15.4","192.168.15.3","MQTT","90","Connect Command"
"504903","3788.738911195","192.168.15.4","192.168.15.3","MQTT","97","Publish Message (id=3733) [Deviceb'Device - 2']"
"504904","3788.739313376","192.168.15.3","192.168.15.4","MQTT","70","Connect Ack"
"504907","3788.742131718","192.168.15.3","192.168.15.4","MQTT","70","Publish Ack (id=3733)"
"504909","3788.742444199","192.168.15.4","192.168.15.3","MQTT","68","Disconnect Req"
"504923","3789.746464537","192.168.15.4","192.168.15.3","MQTT","90","Connect Command"
"504925","3789.749338654","192.168.15.4","192.168.15.3","MQTT","97","Publish Message (id=3734) [Deviceb'Device - 2']"
"504926","3789.749727580","192.168.15.3","192.168.15.4","MQTT","70","Connect Ack"
"504929","3789.752195659","192.168.15.3","192.168.15.4","MQTT","70","Publish Ack (id=3734)"
"504931","3789.752564878","192.168.15.4","192.168.15.3","MQTT","68","Disconnect Req"
"504967","3790.756787144","192.168.15.4","192.168.15.3","MQTT","90","Connect Command"
"504969","3790.759740441","192.168.15.4","192.168.15.3","MQTT","97","Publish Message (id=3735) [Deviceb'Device - 2']"
"504970","3790.760186625","192.168.15.3","192.168.15.4","MQTT","70","Connect Ack"
"504973","3790.762612875","192.168.15.3","192.168.15.4","MQTT","70","Publish Ack (id=3735)"
"504975","3790.762854833","192.168.15.4","192.168.15.3","MQTT","68","Disconnect Req"
"505012","3791.766219655","192.168.15.4","192.168.15.3","MQTT","90","Connect Command"
"505014","3791.769215202","192.168.15.4","192.168.15.3","MQTT","97","Publish Message (id=3736) [Deviceb'Device - 2']"
"505015","3791.769627151","192.168.15.3","192.168.15.4","MQTT","70","Connect Ack"
"505018","3791.772356054","192.168.15.3","192.168.15.4","MQTT","70","Publish Ack (id=3736)"
"505020","3791.772683434","192.168.15.4","192.168.15.3","MQTT","68","Disconnect Req"
"505034","3792.778046082","192.168.15.4","192.168.15.3","MQTT","90","Connect Command"
"505036","3792.780911262","192.168.15.4","192.168.15.3","MQTT","97","Publish Message (id=3737) [Deviceb'Device - 2']"
"505037","3792.781321718","192.168.15.3","192.168.15.4","MQTT","70","Connect Ack"
"505040","3792.784112709","192.168.15.3","192.168.15.4","MQTT","70","Publish Ack (id=3737)"
"505042","3792.785103393","192.168.15.4","192.168.15.3","MQTT","68","Disconnect Req"
"507465","3793.788893533","192.168.15.4","192.168.15.3","MQTT","90","Connect Command"
"507467","3793.791891635","192.168.15.4","192.168.15.3","MQTT","97","Publish Message (id=3738) [Deviceb'Device - 2']"
"507468","3793.792262417","192.168.15.3","192.168.15.4","MQTT","70","Connect Ack"
"507471","3793.794854330","192.168.15.3","192.168.15.4","MQTT","70","Publish Ack (id=3738)"
"507473","3793.795532223","192.168.15.4","192.168.15.3","MQTT","68","Disconnect Req"
"507485","3794.799066035","192.168.15.4","192.168.15.3","MQTT","90","Connect Command"
"507487","3794.802072603","192.168.15.4","192.168.15.3","MQTT","97","Publish Message (id=3739) [Deviceb'Device - 2']"
"507489","3794.806374101","192.168.15.3","192.168.15.4","MQTT","70","Connect Ack"
"507491","3794.810388184","192.168.15.3","192.168.15.4","MQTT","70","Publish Ack (id=3739)"
"507493","3794.810708951","192.168.15.4","192.168.15.3","MQTT","68","Disconnect Req"
"507505","3795.814786930","192.168.15.4","192.168.15.3","MQTT","90","Connect Command"
"507507","3795.817699169","192.168.15.4","192.168.15.3","MQTT","97","Publish Message (id=3740) [Deviceb'Device - 2']"
"507508","3795.818083637","192.168.15.3","192.168.15.4","MQTT","70","Connect Ack"
"507511","3795.820725575","192.168.15.3","192.168.15.4","MQTT","70","Publish Ack (id=3740)"
"507513","3795.821226222","192.168.15.4","192.168.15.3","MQTT","68","Disconnect Req"
"507529","3796.825087027","192.168.15.4","192.168.15.3","MQTT","90","Connect Command"
"507531","3796.827959371","192.168.15.4","192.168.15.3","MQTT","97","Publish Message (id=3741) [Deviceb'Device - 2']"
"507532","3796.828399754","192.168.15.3","192.168.15.4","MQTT","70","Connect Ack"
"507535","3796.830933989","192.168.15.3","192.168.15.4","MQTT","70","Publish Ack (id=3741)"
"507537","3796.831501843","192.168.15.4","192.168.15.3","MQTT","68","Disconnect Req"
"507549","3797.835817135","192.168.15.4","192.168.15.3","MQTT","90","Connect Command"
"507551","3797.838319640","192.168.15.4","192.168.15.3","MQTT","97","Publish Message (id=3742) [Deviceb'Device - 2']"
"507552","3797.838734394","192.168.15.3","192.168.15.4","MQTT","70","Connect Ack"
"507555","3797.841355463","192.168.15.3","192.168.15.4","MQTT","70","Publish Ack (id=3742)"
"507557","3797.841841412","192.168.15.4","192.168.15.3","MQTT","68","Disconnect Req"
"507567","3798.846070749","192.168.15.4","192.168.15.3","MQTT","90","Connect Command"
"507569","3798.849030588","192.168.15.4","192.168.15.3","MQTT","97","Publish Message (id=3743) [Deviceb'Device - 2']"
"507570","3798.849427028","192.168.15.3","192.168.15.4","MQTT","70","Connect Ack"
"507574","3798.851890999","192.168.15.3","192.168.15.4","MQTT","70","Publish Ack (id=3743)"
"507576","3798.852432604","192.168.15.4","192.168.15.3","MQTT","68","Disconnect Req"
"509035","3799.856358204","192.168.15.4","192.168.15.3","MQTT","90","Connect Command"
"509037","3799.859267037","192.168.15.4","192.168.15.3","MQTT","97","Publish Message (id=3744) [Deviceb'Device - 2']"
"509039","3799.863616535","192.168.15.3","192.168.15.4","MQTT","70","Connect Ack"
"509041","3799.866106135","192.168.15.3","192.168.15.4","MQTT","70","Publish Ack (id=3744)"
"509043","3799.866850263","192.168.15.4","192.168.15.3","MQTT","68","Disconnect Req"
"509055","3800.871275744","192.168.15.4","192.168.15.3","MQTT","90","Connect Command"
"509057","3800.874144081","192.168.15.4","192.168.15.3","MQTT","97","Publish Message (id=3745) [Deviceb'Device - 2']"
"509058","3800.874510774","192.168.15.3","192.168.15.4","MQTT","70","Connect Ack"
"509061","3800.876944148","192.168.15.3","192.168.15.4","MQTT","70","Publish Ack (id=3745)"
"509063","3800.877525367","192.168.15.4","192.168.15.3","MQTT","68","Disconnect Req"
"509095","3801.881211097","192.168.15.4","192.168.15.3","MQTT","90","Connect Command"
"509097","3801.884222724","192.168.15.4","192.168.15.3","MQTT","97","Publish Message (id=3746) [Deviceb'Device - 2']"
"509098","3801.884637408","192.168.15.3","192.168.15.4","MQTT","70","Connect Ack"
"509101","3801.887238349","192.168.15.3","192.168.15.4","MQTT","70","Publish Ack (id=3746)"
"509103","3801.887567852","192.168.15.4","192.168.15.3","MQTT","68","Disconnect Req"
"509118","3802.891787108","192.168.15.4","192.168.15.3","MQTT","90","Connect Command"
"509120","3802.896531954","192.168.15.4","192.168.15.3","MQTT","97","Publish Message (id=3747) [Deviceb'Device - 2']"
"509121","3802.896918746","192.168.15.3","192.168.15.4","MQTT","70","Connect Ack"
"509124","3802.899435667","192.168.15.3","192.168.15.4","MQTT","70","Publish Ack (id=3747)"
"509126","3802.900235871","192.168.15.4","192.168.15.3","MQTT","68","Disconnect Req"
"509139","3803.904523533","192.168.15.4","192.168.15.3","MQTT","90","Connect Command"
"509141","3803.907432046","192.168.15.4","192.168.15.3","MQTT","97","Publish Message (id=3748) [Deviceb'Device - 2']"
"509142","3803.907840438","192.168.15.3","192.168.15.4","MQTT","70","Connect Ack"
"509145","3803.910298188","192.168.15.3","192.168.15.4","MQTT","70","Publish Ack (id=3748)"
"509147","3803.910645144","192.168.15.4","192.168.15.3","MQTT","68","Disconnect Req"
"510887","3804.914552915","192.168.15.4","192.168.15.3","MQTT","90","Connect Command"
"510889","3804.917566787","192.168.15.4","192.168.15.3","MQTT","97","Publish Message (id=3749) [Deviceb'Device - 2']"
"510891","3804.921881669","192.168.15.3","192.168.15.4","MQTT","70","Connect Ack"
"510893","3804.924350330","192.168.15.3","192.168.15.4","MQTT","70","Publish Ack (id=3749)"
"510895","3804.924678531","192.168.15.4","192.168.15.3","MQTT","68","Disconnect Req"
"510907","3805.928422198","192.168.15.4","192.168.15.3","MQTT","90","Connect Command"
"510909","3805.931967835","192.168.15.4","192.168.15.3","MQTT","97","Publish Message (id=3750) [Deviceb'Device - 2']"
"510910","3805.932328728","192.168.15.3","192.168.15.4","MQTT","70","Connect Ack"
"510913","3805.934948935","192.168.15.3","192.168.15.4","MQTT","70","Publish Ack (id=3750)"
"510915","3805.935641075","192.168.15.4","192.168.15.3","MQTT","68","Disconnect Req"
"510932","3806.939673405","192.168.15.4","192.168.15.3","MQTT","90","Connect Command"
"510934","3806.942647321","192.168.15.4","192.168.15.3","MQTT","97","Publish Message (id=3751) [Deviceb'Device - 2']"
"510935","3806.943124734","192.168.15.3","192.168.15.4","MQTT","70","Connect Ack"
"510938","3806.945599125","192.168.15.3","192.168.15.4","MQTT","70","Publish Ack (id=3751)"
"510940","3806.945839400","192.168.15.4","192.168.15.3","MQTT","68","Disconnect Req"
"510952","3807.950033343","192.168.15.4","192.168.15.3","MQTT","90","Connect Command"
"510954","3807.952959629","192.168.15.4","192.168.15.3","MQTT","97","Publish Message (id=3752) [Deviceb'Device - 2']"
"510955","3807.953374674","192.168.15.3","192.168.15.4","MQTT","70","Connect Ack"
"510958","3807.956026992","192.168.15.3","192.168.15.4","MQTT","70","Publish Ack (id=3752)"
"510960","3807.956674497","192.168.15.4","192.168.15.3","MQTT","68","Disconnect Req"
"510975","3808.960873627","192.168.15.4","192.168.15.3","MQTT","90","Connect Command"
"510977","3808.963783512","192.168.15.4","192.168.15.3","MQTT","97","Publish Message (id=3753) [Deviceb'Device - 2']"
"510978","3808.964204949","192.168.15.3","192.168.15.4","MQTT","70","Connect Ack"
"510981","3808.967163206","192.168.15.3","192.168.15.4","MQTT","70","Publish Ack (id=3753)"
"510983","3808.968002914","192.168.15.4","192.168.15.3","MQTT","68","Disconnect Req"
"510995","3809.972344221","192.168.15.4","192.168.15.3","MQTT","90","Connect Command"
"510997","3809.975208459","192.168.15.4","192.168.15.3","MQTT","97","Publish Message (id=3754) [Deviceb'Device - 2']"
"510999","3809.980732830","192.168.15.3","192.168.15.4","MQTT","70","Connect Ack"
"511001","3809.983237308","192.168.15.3","192.168.15.4","MQTT","70","Publish Ack (id=3754)"
"511003","3809.984085182","192.168.15.4","192.168.15.3","MQTT","68","Disconnect Req"
"512688","3810.989053942","192.168.15.4","192.168.15.3","MQTT","90","Connect Command"
"512692","3810.991550766","192.168.15.4","192.168.15.3","MQTT","97","Publish Message (id=3755) [Deviceb'Device - 2']"
"512693","3810.992008822","192.168.15.3","192.168.15.4","MQTT","70","Connect Ack"
"512696","3810.994559277","192.168.15.3","192.168.15.4","MQTT","70","Publish Ack (id=3755)"
"512698","3810.995279690","192.168.15.4","192.168.15.3","MQTT","68","Disconnect Req"
"512715","3811.999041374","192.168.15.4","192.168.15.3","MQTT","90","Connect Command"
"512717","3812.001945458","192.168.15.4","192.168.15.3","MQTT","97","Publish Message (id=3756) [Deviceb'Device - 2']"
"512718","3812.002331188","192.168.15.3","192.168.15.4","MQTT","70","Connect Ack"
"512721","3812.005161502","192.168.15.3","192.168.15.4","MQTT","70","Publish Ack (id=3756)"
"512723","3812.005735618","192.168.15.4","192.168.15.3","MQTT","68","Disconnect Req"
"512749","3813.010166976","192.168.15.4","192.168.15.3","MQTT","90","Connect Command"
"512751","3813.012994796","192.168.15.4","192.168.15.3","MQTT","97","Publish Message (id=3757) [Deviceb'Device - 2']"
"512752","3813.013407266","192.168.15.3","192.168.15.4","MQTT","70","Connect Ack"
"512755","3813.015934467","192.168.15.3","192.168.15.4","MQTT","70","Publish Ack (id=3757)"
"512757","3813.016695747","192.168.15.4","192.168.15.3","MQTT","68","Disconnect Req"
"513255","3814.020941481","192.168.15.4","192.168.15.3","MQTT","90","Connect Command"
"513257","3814.025738726","192.168.15.4","192.168.15.3","MQTT","97","Publish Message (id=3758) [Deviceb'Device - 2']"
"513258","3814.026115349","192.168.15.3","192.168.15.4","MQTT","70","Connect Ack"
"513261","3814.028666175","192.168.15.3","192.168.15.4","MQTT","70","Publish Ack (id=3758)"
"513263","3814.029291818","192.168.15.4","192.168.15.3","MQTT","68","Disconnect Req"
"513297","3815.033582725","192.168.15.4","192.168.15.3","MQTT","90","Connect Command"
"513299","3815.036444098","192.168.15.4","192.168.15.3","MQTT","97","Publish Message (id=3759) [Deviceb'Device - 2']"
"513301","3815.040992222","192.168.15.3","192.168.15.4","MQTT","70","Connect Ack"
"513303","3815.043532147","192.168.15.3","192.168.15.4","MQTT","70","Publish Ack (id=3759)"
"513305","3815.044094571","192.168.15.4","192.168.15.3","MQTT","68","Disconnect Req"
"515000","3816.048266019","192.168.15.4","192.168.15.3","MQTT","90","Connect Command"
"515002","3816.051194659","192.168.15.4","192.168.15.3","MQTT","97","Publish Message (id=3760) [Deviceb'Device - 2']"
"515003","3816.051558708","192.168.15.3","192.168.15.4","MQTT","70","Connect Ack"
"515006","3816.054235963","192.168.15.3","192.168.15.4","MQTT","70","Publish Ack (id=3760)"
"515008","3816.054892955","192.168.15.4","192.168.15.3","MQTT","68","Disconnect Req"
"515024","3817.060089590","192.168.15.4","192.168.15.3","MQTT","90","Connect Command"
"515026","3817.066332430","192.168.15.4","192.168.15.3","MQTT","97","Publish Message (id=3761) [Deviceb'Device - 2']"
"515027","3817.066688003","192.168.15.3","192.168.15.4","MQTT","70","Connect Ack"
"515030","3817.069272362","192.168.15.3","192.168.15.4","MQTT","70","Publish Ack (id=3761)"
"515032","3817.070016870","192.168.15.4","192.168.15.3","MQTT","68","Disconnect Req"
"515044","3818.074339398","192.168.15.4","192.168.15.3","MQTT","90","Connect Command"
"515046","3818.077320337","192.168.15.4","192.168.15.3","MQTT","97","Publish Message (id=3762) [Deviceb'Device - 2']"
"515047","3818.077953165","192.168.15.3","192.168.15.4","MQTT","70","Connect Ack"
"515050","3818.080355038","192.168.15.3","192.168.15.4","MQTT","70","Publish Ack (id=3762)"
"515052","3818.080945806","192.168.15.4","192.168.15.3","MQTT","68","Disconnect Req"
"515064","3819.085110312","192.168.15.4","192.168.15.3","MQTT","90","Connect Command"
"515066","3819.087949554","192.168.15.4","192.168.15.3","MQTT","97","Publish Message (id=3763) [Deviceb'Device - 2']"
"515067","3819.088346504","192.168.15.3","192.168.15.4","MQTT","70","Connect Ack"
"515070","3819.090956472","192.168.15.3","192.168.15.4","MQTT","70","Publish Ack (id=3763)"
"515072","3819.091527833","192.168.15.4","192.168.15.3","MQTT","68","Disconnect Req"
"515084","3820.095535770","192.168.15.4","192.168.15.3","MQTT","90","Connect Command"
"515086","3820.098417962","192.168.15.4","192.168.15.3","MQTT","97","Publish Message (id=3764) [Deviceb'Device - 2']"
"515088","3820.102627896","192.168.15.3","192.168.15.4","MQTT","70","Connect Ack"
"515090","3820.105193269","192.168.15.3","192.168.15.4","MQTT","70","Publish Ack (id=3764)"
"515092","3820.105736126","192.168.15.4","192.168.15.3","MQTT","68","Disconnect Req"
"516787","3821.109695289","192.168.15.4","192.168.15.3","MQTT","90","Connect Command"
"516789","3821.112678833","192.168.15.4","192.168.15.3","MQTT","97","Publish Message (id=3765) [Deviceb'Device - 2']"
"516790","3821.113094068","192.168.15.3","192.168.15.4","MQTT","70","Connect Ack"
"516793","3821.115763388","192.168.15.3","192.168.15.4","MQTT","70","Publish Ack (id=3765)"
"516795","3821.116038098","192.168.15.4","192.168.15.3","MQTT","68","Disconnect Req"
"516831","3822.120617981","192.168.15.4","192.168.15.3","MQTT","90","Connect Command"
"516833","3822.123465027","192.168.15.4","192.168.15.3","MQTT","97","Publish Message (id=3766) [Deviceb'Device - 2']"
"516835","3822.123971084","192.168.15.3","192.168.15.4","MQTT","70","Connect Ack"
"516839","3822.126784126","192.168.15.3","192.168.15.4","MQTT","70","Publish Ack (id=3766)"
"516841","3822.127109621","192.168.15.4","192.168.15.3","MQTT","68","Disconnect Req"
"516851","3823.131019123","192.168.15.4","192.168.15.3","MQTT","90","Connect Command"
"516853","3823.133912407","192.168.15.4","192.168.15.3","MQTT","97","Publish Message (id=3767) [Deviceb'Device - 2']"
"516854","3823.134322332","192.168.15.3","192.168.15.4","MQTT","70","Connect Ack"
"516857","3823.136868078","192.168.15.3","192.168.15.4","MQTT","70","Publish Ack (id=3767)"
"516859","3823.137183144","192.168.15.4","192.168.15.3","MQTT","68","Disconnect Req"
"516872","3824.140725690","192.168.15.4","192.168.15.3","MQTT","90","Connect Command"
"516874","3824.143737868","192.168.15.4","192.168.15.3","MQTT","97","Publish Message (id=3768) [Deviceb'Device - 2']"
"516875","3824.144163663","192.168.15.3","192.168.15.4","MQTT","70","Connect Ack"
"516878","3824.146679963","192.168.15.3","192.168.15.4","MQTT","70","Publish Ack (id=3768)"
"516880","3824.147114005","192.168.15.4","192.168.15.3","MQTT","68","Disconnect Req"
"516898","3825.151207249","192.168.15.4","192.168.15.3","MQTT","90","Connect Command"
"516900","3825.154039697","192.168.15.4","192.168.15.3","MQTT","97","Publish Message (id=3769) [Deviceb'Device - 2']"
"516902","3825.158897838","192.168.15.3","192.168.15.4","MQTT","70","Connect Ack"
"516904","3825.161467038","192.168.15.3","192.168.15.4","MQTT","70","Publish Ack (id=3769)"
"516906","3825.161879298","192.168.15.4","192.168.15.3","MQTT","68","Disconnect Req"
"516917","3826.166859338","192.168.15.4","192.168.15.3","MQTT","90","Connect Command"
"516919","3826.169300205","192.168.15.4","192.168.15.3","MQTT","97","Publish Message (id=3770) [Deviceb'Device - 2']"
"516920","3826.169683129","192.168.15.3","192.168.15.4","MQTT","70","Connect Ack"
"516923","3826.172171096","192.168.15.3","192.168.15.4","MQTT","70","Publish Ack (id=3770)"
"516925","3826.173940523","192.168.15.4","192.168.15.3","MQTT","68","Disconnect Req"
"516945","3827.178078687","192.168.15.4","192.168.15.3","MQTT","90","Connect Command"
"516947","3827.180958265","192.168.15.4","192.168.15.3","MQTT","97","Publish Message (id=3771) [Deviceb'Device - 2']"
"516948","3827.181363521","192.168.15.3","192.168.15.4","MQTT","70","Connect Ack"
"516951","3827.184313843","192.168.15.3","192.168.15.4","MQTT","70","Publish Ack (id=3771)"
"516953","3827.184737544","192.168.15.4","192.168.15.3","MQTT","68","Disconnect Req"
"516965","3828.188245854","192.168.15.4","192.168.15.3","MQTT","90","Connect Command"
"516967","3828.191701381","192.168.15.4","192.168.15.3","MQTT","97","Publish Message (id=3772) [Deviceb'Device - 2']"
"516968","3828.191718643","192.168.15.3","192.168.15.4","MQTT","70","Connect Ack"
"516971","3828.194644529","192.168.15.3","192.168.15.4","MQTT","70","Publish Ack (id=3772)"
"516973","3828.195014188","192.168.15.4","192.168.15.3","MQTT","68","Disconnect Req"
"516985","3829.198698157","192.168.15.4","192.168.15.3","MQTT","90","Connect Command"
"516987","3829.201756142","192.168.15.4","192.168.15.3","MQTT","97","Publish Message (id=3773) [Deviceb'Device - 2']"
"516988","3829.202151129","192.168.15.3","192.168.15.4","MQTT","70","Connect Ack"
"516991","3829.204756077","192.168.15.3","192.168.15.4","MQTT","70","Publish Ack (id=3773)"
"516993","3829.205368105","192.168.15.4","192.168.15.3","MQTT","68","Disconnect Req"
"518699","3830.209151158","192.168.15.4","192.168.15.3","MQTT","90","Connect Command"
"518701","3830.212168506","192.168.15.4","192.168.15.3","MQTT","97","Publish Message (id=3774) [Deviceb'Device - 2']"
"518703","3830.216865973","192.168.15.3","192.168.15.4","MQTT","70","Connect Ack"
"518705","3830.219328211","192.168.15.3","192.168.15.4","MQTT","70","Publish Ack (id=3774)"
"518707","3830.219667863","192.168.15.4","192.168.15.3","MQTT","68","Disconnect Req"
"518722","3831.224685039","192.168.15.4","192.168.15.3","MQTT","90","Connect Command"
"518724","3831.228525975","192.168.15.4","192.168.15.3","MQTT","97","Publish Message (id=3775) [Deviceb'Device - 2']"
"518725","3831.228547886","192.168.15.3","192.168.15.4","MQTT","70","Connect Ack"
"518728","3831.231536931","192.168.15.3","192.168.15.4","MQTT","70","Publish Ack (id=3775)"
"518730","3831.231956574","192.168.15.4","192.168.15.3","MQTT","68","Disconnect Req"
"518747","3832.236045832","192.168.15.4","192.168.15.3","MQTT","90","Connect Command"
"518749","3832.238870736","192.168.15.4","192.168.15.3","MQTT","97","Publish Message (id=3776) [Deviceb'Device - 2']"
"518750","3832.239278738","192.168.15.3","192.168.15.4","MQTT","70","Connect Ack"
"518753","3832.241839332","192.168.15.3","192.168.15.4","MQTT","70","Publish Ack (id=3776)"
"518755","3832.242646308","192.168.15.4","192.168.15.3","MQTT","68","Disconnect Req"
"518767","3833.246686170","192.168.15.4","192.168.15.3","MQTT","90","Connect Command"
"518769","3833.249700181","192.168.15.4","192.168.15.3","MQTT","97","Publish Message (id=3777) [Deviceb'Device - 2']"
"518770","3833.250089959","192.168.15.3","192.168.15.4","MQTT","70","Connect Ack"
"518773","3833.252632970","192.168.15.3","192.168.15.4","MQTT","70","Publish Ack (id=3777)"
"518775","3833.253092589","192.168.15.4","192.168.15.3","MQTT","68","Disconnect Req"
"518788","3834.256814376","192.168.15.4","192.168.15.3","MQTT","90","Connect Command"
"518790","3834.259733678","192.168.15.4","192.168.15.3","MQTT","97","Publish Message (id=3778) [Deviceb'Device - 2']"
"518791","3834.260179682","192.168.15.3","192.168.15.4","MQTT","70","Connect Ack"
"518794","3834.262578790","192.168.15.3","192.168.15.4","MQTT","70","Publish Ack (id=3778)"
"518796","3834.263140333","192.168.15.4","192.168.15.3","MQTT","68","Disconnect Req"
"518810","3835.266974760","192.168.15.4","192.168.15.3","MQTT","90","Connect Command"
"518812","3835.270268320","192.168.15.4","192.168.15.3","MQTT","97","Publish Message (id=3779) [Deviceb'Device - 2']"
"518814","3835.274262306","192.168.15.3","192.168.15.4","MQTT","70","Connect Ack"
"518816","3835.276720877","192.168.15.3","192.168.15.4","MQTT","70","Publish Ack (id=3779)"
"518818","3835.276979206","192.168.15.4","192.168.15.3","MQTT","68","Disconnect Req"
"518833","3836.281682614","192.168.15.4","192.168.15.3","MQTT","90","Connect Command"
"518835","3836.285272225","192.168.15.4","192.168.15.3","MQTT","97","Publish Message (id=3780) [Deviceb'Device - 2']"
"518836","3836.286385310","192.168.15.3","192.168.15.4","MQTT","70","Connect Ack"
"518839","3836.288195845","192.168.15.3","192.168.15.4","MQTT","70","Publish Ack (id=3780)"
"518841","3836.288555295","192.168.15.4","192.168.15.3","MQTT","68","Disconnect Req"
"518849","3837.292501678","192.168.15.4","192.168.15.3","MQTT","90","Connect Command"
"518851","3837.295550837","192.168.15.4","192.168.15.3","MQTT","97","Publish Message (id=3781) [Deviceb'Device - 2']"
"518852","3837.295953488","192.168.15.3","192.168.15.4","MQTT","70","Connect Ack"
"518855","3837.298400858","192.168.15.3","192.168.15.4","MQTT","70","Publish Ack (id=3781)"
"518857","3837.298666891","192.168.15.4","192.168.15.3","MQTT","68","Disconnect Req"
"518871","3838.302538329","192.168.15.4","192.168.15.3","MQTT","90","Connect Command"
"518873","3838.305542733","192.168.15.4","192.168.15.3","MQTT","97","Publish Message (id=3782) [Deviceb'Device - 2']"
"518874","3838.305941597","192.168.15.3","192.168.15.4","MQTT","70","Connect Ack"
"518877","3838.308397624","192.168.15.3","192.168.15.4","MQTT","70","Publish Ack (id=3782)"
"518879","3838.308698202","192.168.15.4","192.168.15.3","MQTT","68","Disconnect Req"
"518891","3839.312202554","192.168.15.4","192.168.15.3","MQTT","90","Connect Command"
"518893","3839.315214742","192.168.15.4","192.168.15.3","MQTT","97","Publish Message (id=3783) [Deviceb'Device - 2']"
"518894","3839.315641480","192.168.15.3","192.168.15.4","MQTT","70","Connect Ack"
"518897","3839.318113025","192.168.15.3","192.168.15.4","MQTT","70","Publish Ack (id=3783)"
"518899","3839.318392965","192.168.15.4","192.168.15.3","MQTT","68","Disconnect Req"
"518917","3840.322091912","192.168.15.4","192.168.15.3","MQTT","90","Connect Command"
"518919","3840.325060227","192.168.15.4","192.168.15.3","MQTT","97","Publish Message (id=3784) [Deviceb'Device - 2']"
"518921","3840.329450893","192.168.15.3","192.168.15.4","MQTT","70","Connect Ack"
"518923","3840.331921176","192.168.15.3","192.168.15.4","MQTT","70","Publish Ack (id=3784)"
"518925","3840.332191538","192.168.15.4","192.168.15.3","MQTT","68","Disconnect Req"
"521109","3841.335723746","192.168.15.4","192.168.15.3","MQTT","90","Connect Command"
"521111","3841.338584849","192.168.15.4","192.168.15.3","MQTT","97","Publish Message (id=3785) [Deviceb'Device - 2']"
"521112","3841.338997850","192.168.15.3","192.168.15.4","MQTT","70","Connect Ack"
"521115","3841.342139693","192.168.15.3","192.168.15.4","MQTT","70","Publish Ack (id=3785)"
"521117","3841.342477422","192.168.15.4","192.168.15.3","MQTT","68","Disconnect Req"
"521133","3842.346492232","192.168.15.4","192.168.15.3","MQTT","90","Connect Command"
"521135","3842.349724005","192.168.15.3","192.168.15.4","MQTT","70","Connect Ack"
"521136","3842.349775302","192.168.15.4","192.168.15.3","MQTT","97","Publish Message (id=3786) [Deviceb'Device - 2']"
"521139","3842.352595908","192.168.15.3","192.168.15.4","MQTT","70","Publish Ack (id=3786)"
"521141","3842.352975346","192.168.15.4","192.168.15.3","MQTT","68","Disconnect Req"
"521157","3843.357091696","192.168.15.4","192.168.15.3","MQTT","90","Connect Command"
"521159","3843.359989979","192.168.15.4","192.168.15.3","MQTT","97","Publish Message (id=3787) [Deviceb'Device - 2']"
"521160","3843.360416386","192.168.15.3","192.168.15.4","MQTT","70","Connect Ack"
"521163","3843.362962402","192.168.15.3","192.168.15.4","MQTT","70","Publish Ack (id=3787)"
"521165","3843.363667636","192.168.15.4","192.168.15.3","MQTT","68","Disconnect Req"
"521178","3844.367476899","192.168.15.4","192.168.15.3","MQTT","90","Connect Command"
"521180","3844.370327231","192.168.15.4","192.168.15.3","MQTT","97","Publish Message (id=3788) [Deviceb'Device - 2']"
"521181","3844.371046021","192.168.15.3","192.168.15.4","MQTT","70","Connect Ack"
"521184","3844.373995931","192.168.15.3","192.168.15.4","MQTT","70","Publish Ack (id=3788)"
"521186","3844.374802647","192.168.15.4","192.168.15.3","MQTT","68","Disconnect Req"
"521198","3845.379543251","192.168.15.4","192.168.15.3","MQTT","90","Connect Command"
"521200","3845.382444018","192.168.15.4","192.168.15.3","MQTT","97","Publish Message (id=3789) [Deviceb'Device - 2']"
"521202","3845.387030133","192.168.15.3","192.168.15.4","MQTT","70","Connect Ack"
"521204","3845.389650230","192.168.15.3","192.168.15.4","MQTT","70","Publish Ack (id=3789)"
"521206","3845.390272307","192.168.15.4","192.168.15.3","MQTT","68","Disconnect Req"
"521223","3846.394131740","192.168.15.4","192.168.15.3","MQTT","90","Connect Command"
"521225","3846.397038088","192.168.15.4","192.168.15.3","MQTT","97","Publish Message (id=3790) [Deviceb'Device - 2']"
"521226","3846.397563973","192.168.15.3","192.168.15.4","MQTT","70","Connect Ack"
"521229","3846.400146709","192.168.15.3","192.168.15.4","MQTT","70","Publish Ack (id=3790)"
"521231","3846.400899854","192.168.15.4","192.168.15.3","MQTT","68","Disconnect Req"
"521251","3847.404930358","192.168.15.4","192.168.15.3","MQTT","90","Connect Command"
"521253","3847.407838470","192.168.15.4","192.168.15.3","MQTT","97","Publish Message (id=3791) [Deviceb'Device - 2']"
"521254","3847.408209942","192.168.15.3","192.168.15.4","MQTT","70","Connect Ack"
"521257","3847.410689142","192.168.15.3","192.168.15.4","MQTT","70","Publish Ack (id=3791)"
"521259","3847.411336296","192.168.15.4","192.168.15.3","MQTT","68","Disconnect Req"
"521271","3848.415681744","192.168.15.4","192.168.15.3","MQTT","90","Connect Command"
"521273","3848.418527587","192.168.15.4","192.168.15.3","MQTT","97","Publish Message (id=3792) [Deviceb'Device - 2']"
"521274","3848.418902376","192.168.15.3","192.168.15.4","MQTT","70","Connect Ack"
"521277","3848.421397085","192.168.15.3","192.168.15.4","MQTT","70","Publish Ack (id=3792)"
"521279","3848.422077552","192.168.15.4","192.168.15.3","MQTT","68","Disconnect Req"
"521287","3849.427135407","192.168.15.4","192.168.15.3","MQTT","90","Connect Command"
"521289","3849.431162244","192.168.15.4","192.168.15.3","MQTT","97","Publish Message (id=3793) [Deviceb'Device - 2']"
"521290","3849.431541332","192.168.15.3","192.168.15.4","MQTT","70","Connect Ack"
"521293","3849.434050208","192.168.15.3","192.168.15.4","MQTT","70","Publish Ack (id=3793)"
"521295","3849.434369973","192.168.15.4","192.168.15.3","MQTT","68","Disconnect Req"
"521307","3850.438461285","192.168.15.4","192.168.15.3","MQTT","90","Connect Command"
"521309","3850.442458797","192.168.15.4","192.168.15.3","MQTT","97","Publish Message (id=3794) [Deviceb'Device - 2']"
"521311","3850.445645815","192.168.15.3","192.168.15.4","MQTT","70","Connect Ack"
"521313","3850.447943632","192.168.15.3","192.168.15.4","MQTT","70","Publish Ack (id=3794)"
"521315","3850.448612758","192.168.15.4","192.168.15.3","MQTT","68","Disconnect Req"
"523033","3851.452872646","192.168.15.4","192.168.15.3","MQTT","90","Connect Command"
"523035","3851.455919139","192.168.15.4","192.168.15.3","MQTT","97","Publish Message (id=3795) [Deviceb'Device - 2']"
"523036","3851.456329015","192.168.15.3","192.168.15.4","MQTT","70","Connect Ack"
"523039","3851.458973608","192.168.15.3","192.168.15.4","MQTT","70","Publish Ack (id=3795)"
"523041","3851.459217850","192.168.15.4","192.168.15.3","MQTT","68","Disconnect Req"
"523061","3852.462957551","192.168.15.4","192.168.15.3","MQTT","90","Connect Command"
"523063","3852.465895669","192.168.15.4","192.168.15.3","MQTT","97","Publish Message (id=3796) [Deviceb'Device - 2']"
"523064","3852.466305815","192.168.15.3","192.168.15.4","MQTT","70","Connect Ack"
"523067","3852.468797328","192.168.15.3","192.168.15.4","MQTT","70","Publish Ack (id=3796)"
"523069","3852.469123635","192.168.15.4","192.168.15.3","MQTT","68","Disconnect Req"
"523081","3853.473210632","192.168.15.4","192.168.15.3","MQTT","90","Connect Command"
"523083","3853.476822383","192.168.15.4","192.168.15.3","MQTT","97","Publish Message (id=3797) [Deviceb'Device - 2']"
"523084","3853.477206139","192.168.15.3","192.168.15.4","MQTT","70","Connect Ack"
"523087","3853.479830584","192.168.15.3","192.168.15.4","MQTT","70","Publish Ack (id=3797)"
"523089","3853.480146271","192.168.15.4","192.168.15.3","MQTT","68","Disconnect Req"
"523102","3854.484093310","192.168.15.4","192.168.15.3","MQTT","90","Connect Command"
"523104","3854.486918905","192.168.15.4","192.168.15.3","MQTT","97","Publish Message (id=3798) [Deviceb'Device - 2']"
"523105","3854.487344330","192.168.15.3","192.168.15.4","MQTT","70","Connect Ack"
"523108","3854.489944639","192.168.15.3","192.168.15.4","MQTT","70","Publish Ack (id=3798)"
"523110","3854.490526740","192.168.15.4","192.168.15.3","MQTT","68","Disconnect Req"
"523122","3855.494719471","192.168.15.4","192.168.15.3","MQTT","90","Connect Command"
"523124","3855.497781313","192.168.15.4","192.168.15.3","MQTT","97","Publish Message (id=3799) [Deviceb'Device - 2']"
"523126","3855.502111384","192.168.15.3","192.168.15.4","MQTT","70","Connect Ack"
"523128","3855.504509210","192.168.15.3","192.168.15.4","MQTT","70","Publish Ack (id=3799)"
"523130","3855.504856036","192.168.15.4","192.168.15.3","MQTT","68","Disconnect Req"
"523146","3856.509238242","192.168.15.4","192.168.15.3","MQTT","90","Connect Command"
"523148","3856.512174236","192.168.15.4","192.168.15.3","MQTT","97","Publish Message (id=3800) [Deviceb'Device - 2']"
"523149","3856.512583861","192.168.15.3","192.168.15.4","MQTT","70","Connect Ack"
"523152","3856.515062941","192.168.15.3","192.168.15.4","MQTT","70","Publish Ack (id=3800)"
"523154","3856.515529503","192.168.15.4","192.168.15.3","MQTT","68","Disconnect Req"
"523166","3857.520166700","192.168.15.4","192.168.15.3","MQTT","90","Connect Command"
"523168","3857.523203614","192.168.15.4","192.168.15.3","MQTT","97","Publish Message (id=3801) [Deviceb'Device - 2']"
"523169","3857.523569045","192.168.15.3","192.168.15.4","MQTT","70","Connect Ack"
"523172","3857.526166489","192.168.15.3","192.168.15.4","MQTT","70","Publish Ack (id=3801)"
"523174","3857.526947326","192.168.15.4","192.168.15.3","MQTT","68","Disconnect Req"
"523186","3858.531171599","192.168.15.4","192.168.15.3","MQTT","90","Connect Command"
"523188","3858.534124765","192.168.15.4","192.168.15.3","MQTT","97","Publish Message (id=3802) [Deviceb'Device - 2']"
"523189","3858.534519592","192.168.15.3","192.168.15.4","MQTT","70","Connect Ack"
"523192","3858.537121083","192.168.15.3","192.168.15.4","MQTT","70","Publish Ack (id=3802)"
"523194","3858.537903934","192.168.15.4","192.168.15.3","MQTT","68","Disconnect Req"
"523206","3859.543177730","192.168.15.4","192.168.15.3","MQTT","90","Connect Command"
"523208","3859.546230424","192.168.15.4","192.168.15.3","MQTT","97","Publish Message (id=3803) [Deviceb'Device - 2']"
"523209","3859.546968310","192.168.15.3","192.168.15.4","MQTT","70","Connect Ack"
"523212","3859.549287437","192.168.15.3","192.168.15.4","MQTT","70","Publish Ack (id=3803)"
"523214","3859.550134369","192.168.15.4","192.168.15.3","MQTT","68","Disconnect Req"
"523222","3860.554339180","192.168.15.4","192.168.15.3","MQTT","90","Connect Command"
"523224","3860.557199130","192.168.15.4","192.168.15.3","MQTT","97","Publish Message (id=3804) [Deviceb'Device - 2']"
"523226","3860.561551433","192.168.15.3","192.168.15.4","MQTT","70","Connect Ack"
"523228","3860.564598688","192.168.15.3","192.168.15.4","MQTT","70","Publish Ack (id=3804)"
"523230","3860.565247855","192.168.15.4","192.168.15.3","MQTT","68","Disconnect Req"
"523247","3861.569379626","192.168.15.4","192.168.15.3","MQTT","90","Connect Command"
"523249","3861.572285083","192.168.15.4","192.168.15.3","MQTT","97","Publish Message (id=3805) [Deviceb'Device - 2']"
"523250","3861.572655403","192.168.15.3","192.168.15.4","MQTT","70","Connect Ack"
"523253","3861.575526053","192.168.15.3","192.168.15.4","MQTT","70","Publish Ack (id=3805)"
"523255","3861.576106401","192.168.15.4","192.168.15.3","MQTT","68","Disconnect Req"
"523271","3862.579841979","192.168.15.4","192.168.15.3","MQTT","90","Connect Command"
"523273","3862.582757965","192.168.15.4","192.168.15.3","MQTT","97","Publish Message (id=3806) [Deviceb'Device - 2']"
"523274","3862.583170275","192.168.15.3","192.168.15.4","MQTT","70","Connect Ack"
"523277","3862.585739846","192.168.15.3","192.168.15.4","MQTT","70","Publish Ack (id=3806)"
"523279","3862.586349810","192.168.15.4","192.168.15.3","MQTT","68","Disconnect Req"
"523295","3863.590458892","192.168.15.4","192.168.15.3","MQTT","90","Connect Command"
"523297","3863.593412178","192.168.15.4","192.168.15.3","MQTT","97","Publish Message (id=3807) [Deviceb'Device - 2']"
"523298","3863.593815131","192.168.15.3","192.168.15.4","MQTT","70","Connect Ack"
"523301","3863.596420349","192.168.15.3","192.168.15.4","MQTT","70","Publish Ack (id=3807)"
"523303","3863.596997871","192.168.15.4","192.168.15.3","MQTT","68","Disconnect Req"
"523338","3864.601193656","192.168.15.4","192.168.15.3","MQTT","90","Connect Command"
"523340","3864.603719253","192.168.15.4","192.168.15.3","MQTT","97","Publish Message (id=3808) [Deviceb'Device - 2']"
"523341","3864.604066740","192.168.15.3","192.168.15.4","MQTT","70","Connect Ack"
"523344","3864.606685134","192.168.15.3","192.168.15.4","MQTT","70","Publish Ack (id=3808)"
"523346","3864.607318061","192.168.15.4","192.168.15.3","MQTT","68","Disconnect Req"
"525071","3865.610695384","192.168.15.4","192.168.15.3","MQTT","90","Connect Command"
"525073","3865.613676253","192.168.15.4","192.168.15.3","MQTT","97","Publish Message (id=3809) [Deviceb'Device - 2']"
"525075","3865.617977268","192.168.15.3","192.168.15.4","MQTT","70","Connect Ack"
"525077","3865.620473169","192.168.15.3","192.168.15.4","MQTT","70","Publish Ack (id=3809)"
"525079","3865.620908924","192.168.15.4","192.168.15.3","MQTT","68","Disconnect Req"
"525102","3866.624340036","192.168.15.4","192.168.15.3","MQTT","90","Connect Command"
"525104","3866.627324581","192.168.15.4","192.168.15.3","MQTT","97","Publish Message (id=3810) [Deviceb'Device - 2']"
"525105","3866.627829106","192.168.15.3","192.168.15.4","MQTT","70","Connect Ack"
"525108","3866.630157280","192.168.15.3","192.168.15.4","MQTT","70","Publish Ack (id=3810)"
"525110","3866.630465233","192.168.15.4","192.168.15.3","MQTT","68","Disconnect Req"
"525128","3867.634556901","192.168.15.4","192.168.15.3","MQTT","90","Connect Command"
"525130","3867.637484058","192.168.15.4","192.168.15.3","MQTT","97","Publish Message (id=3811) [Deviceb'Device - 2']"
"525131","3867.637918059","192.168.15.3","192.168.15.4","MQTT","70","Connect Ack"
"525134","3867.640756639","192.168.15.3","192.168.15.4","MQTT","70","Publish Ack (id=3811)"
"525136","3867.641156565","192.168.15.4","192.168.15.3","MQTT","68","Disconnect Req"
"525152","3868.645002397","192.168.15.4","192.168.15.3","MQTT","90","Connect Command"
"525154","3868.649734037","192.168.15.4","192.168.15.3","MQTT","97","Publish Message (id=3812) [Deviceb'Device - 2']"
"525155","3868.650119677","192.168.15.3","192.168.15.4","MQTT","70","Connect Ack"
"525158","3868.652628192","192.168.15.3","192.168.15.4","MQTT","70","Publish Ack (id=3812)"
"525160","3868.653584951","192.168.15.4","192.168.15.3","MQTT","68","Disconnect Req"
"525168","3869.657797244","192.168.15.4","192.168.15.3","MQTT","90","Connect Command"
"525170","3869.660743697","192.168.15.4","192.168.15.3","MQTT","97","Publish Message (id=3813) [Deviceb'Device - 2']"
"525171","3869.661185082","192.168.15.3","192.168.15.4","MQTT","70","Connect Ack"
"525174","3869.664336042","192.168.15.3","192.168.15.4","MQTT","70","Publish Ack (id=3813)"
"525176","3869.665067847","192.168.15.4","192.168.15.3","MQTT","68","Disconnect Req"
"525190","3870.669246152","192.168.15.4","192.168.15.3","MQTT","90","Connect Command"
"525192","3870.677897417","192.168.15.4","192.168.15.3","MQTT","97","Publish Message (id=3814) [Deviceb'Device - 2']"
"525194","3870.682234341","192.168.15.3","192.168.15.4","MQTT","70","Connect Ack"
"525196","3870.685327693","192.168.15.3","192.168.15.4","MQTT","70","Publish Ack (id=3814)"
"525198","3870.685867143","192.168.15.4","192.168.15.3","MQTT","68","Disconnect Req"
"527166","3871.689999188","192.168.15.4","192.168.15.3","MQTT","90","Connect Command"
"527168","3871.693037796","192.168.15.4","192.168.15.3","MQTT","97","Publish Message (id=3815) [Deviceb'Device - 2']"
"527169","3871.693402947","192.168.15.3","192.168.15.4","MQTT","70","Connect Ack"
"527172","3871.696074560","192.168.15.3","192.168.15.4","MQTT","70","Publish Ack (id=3815)"
"527174","3871.696561321","192.168.15.4","192.168.15.3","MQTT","68","Disconnect Req"
"527187","3872.700763306","192.168.15.4","192.168.15.3","MQTT","90","Connect Command"
"527189","3872.703642563","192.168.15.4","192.168.15.3","MQTT","97","Publish Message (id=3816) [Deviceb'Device - 2']"
"527190","3872.704053690","192.168.15.3","192.168.15.4","MQTT","70","Connect Ack"
"527193","3872.706476022","192.168.15.3","192.168.15.4","MQTT","70","Publish Ack (id=3816)"
"527195","3872.706923519","192.168.15.4","192.168.15.3","MQTT","68","Disconnect Req"
"527209","3873.711441128","192.168.15.4","192.168.15.3","MQTT","90","Connect Command"
"527211","3873.714375559","192.168.15.4","192.168.15.3","MQTT","97","Publish Message (id=3817) [Deviceb'Device - 2']"
"527212","3873.714768913","192.168.15.3","192.168.15.4","MQTT","70","Connect Ack"
"527215","3873.717487656","192.168.15.3","192.168.15.4","MQTT","70","Publish Ack (id=3817)"
"527217","3873.718176288","192.168.15.4","192.168.15.3","MQTT","68","Disconnect Req"
"527654","3874.722856633","192.168.15.4","192.168.15.3","MQTT","90","Connect Command"
"527656","3874.725718777","192.168.15.4","192.168.15.3","MQTT","97","Publish Message (id=3818) [Deviceb'Device - 2']"
"527657","3874.726149492","192.168.15.3","192.168.15.4","MQTT","70","Connect Ack"
"527660","3874.728714935","192.168.15.3","192.168.15.4","MQTT","70","Publish Ack (id=3818)"
"527662","3874.729332723","192.168.15.4","192.168.15.3","MQTT","68","Disconnect Req"
"527674","3875.733702097","192.168.15.4","192.168.15.3","MQTT","90","Connect Command"
"527676","3875.736609236","192.168.15.4","192.168.15.3","MQTT","97","Publish Message (id=3819) [Deviceb'Device - 2']"
"527678","3875.741047732","192.168.15.3","192.168.15.4","MQTT","70","Connect Ack"
"527680","3875.743425771","192.168.15.3","192.168.15.4","MQTT","70","Publish Ack (id=3819)"
"527682","3875.744310364","192.168.15.4","192.168.15.3","MQTT","68","Disconnect Req"
"527697","3876.748412870","192.168.15.4","192.168.15.3","MQTT","90","Connect Command"
"527699","3876.751305793","192.168.15.4","192.168.15.3","MQTT","97","Publish Message (id=3820) [Deviceb'Device - 2']"
"527701","3876.751720577","192.168.15.3","192.168.15.4","MQTT","70","Connect Ack"
"527704","3876.754160383","192.168.15.3","192.168.15.4","MQTT","70","Publish Ack (id=3820)"
"527706","3876.754782079","192.168.15.4","192.168.15.3","MQTT","68","Disconnect Req"
"527718","3877.759163921","192.168.15.4","192.168.15.3","MQTT","90","Connect Command"
"527720","3877.762030042","192.168.15.4","192.168.15.3","MQTT","97","Publish Message (id=3821) [Deviceb'Device - 2']"
"527721","3877.762481065","192.168.15.3","192.168.15.4","MQTT","70","Connect Ack"
"527724","3877.764998106","192.168.15.3","192.168.15.4","MQTT","70","Publish Ack (id=3821)"
"527726","3877.765734038","192.168.15.4","192.168.15.3","MQTT","68","Disconnect Req"
"527738","3878.770786317","192.168.15.4","192.168.15.3","MQTT","90","Connect Command"
"527740","3878.773697473","192.168.15.4","192.168.15.3","MQTT","97","Publish Message (id=3822) [Deviceb'Device - 2']"
"527741","3878.774117147","192.168.15.3","192.168.15.4","MQTT","70","Connect Ack"
"527744","3878.776718017","192.168.15.3","192.168.15.4","MQTT","70","Publish Ack (id=3822)"
"527746","3878.777342929","192.168.15.4","192.168.15.3","MQTT","68","Disconnect Req"
"527760","3879.781351480","192.168.15.4","192.168.15.3","MQTT","90","Connect Command"
"527762","3879.784406539","192.168.15.4","192.168.15.3","MQTT","97","Publish Message (id=3823) [Deviceb'Device - 2']"
"527763","3879.784580789","192.168.15.3","192.168.15.4","MQTT","70","Connect Ack"
"527766","3879.787295364","192.168.15.3","192.168.15.4","MQTT","70","Publish Ack (id=3823)"
"527768","3879.788242776","192.168.15.4","192.168.15.3","MQTT","68","Disconnect Req"
"527780","3880.792358878","192.168.15.4","192.168.15.3","MQTT","90","Connect Command"
"527782","3880.795045931","192.168.15.4","192.168.15.3","MQTT","97","Publish Message (id=3824) [Deviceb'Device - 2']"
"527784","3880.799364059","192.168.15.3","192.168.15.4","MQTT","70","Connect Ack"
"527786","3880.801944280","192.168.15.3","192.168.15.4","MQTT","70","Publish Ack (id=3824)"
"527788","3880.802740777","192.168.15.4","192.168.15.3","MQTT","68","Disconnect Req"
"527805","3881.806373201","192.168.15.4","192.168.15.3","MQTT","90","Connect Command"
"527807","3881.809309025","192.168.15.4","192.168.15.3","MQTT","97","Publish Message (id=3825) [Deviceb'Device - 2']"
"527808","3881.809730692","192.168.15.3","192.168.15.4","MQTT","70","Connect Ack"
"527811","3881.812256020","192.168.15.3","192.168.15.4","MQTT","70","Publish Ack (id=3825)"
"527813","3881.812601854","192.168.15.4","192.168.15.3","MQTT","68","Disconnect Req"
"527825","3882.816638771","192.168.15.4","192.168.15.3","MQTT","90","Connect Command"
"527827","3882.819898397","192.168.15.4","192.168.15.3","MQTT","97","Publish Message (id=3826) [Deviceb'Device - 2']"
"527828","3882.820166283","192.168.15.3","192.168.15.4","MQTT","70","Connect Ack"
"527831","3882.822938197","192.168.15.3","192.168.15.4","MQTT","70","Publish Ack (id=3826)"
"527833","3882.823469702","192.168.15.4","192.168.15.3","MQTT","68","Disconnect Req"
"527843","3883.827530182","192.168.15.4","192.168.15.3","MQTT","90","Connect Command"
"527845","3883.830437701","192.168.15.4","192.168.15.3","MQTT","97","Publish Message (id=3827) [Deviceb'Device - 2']"
"527846","3883.830845753","192.168.15.3","192.168.15.4","MQTT","70","Connect Ack"
"527849","3883.833375538","192.168.15.3","192.168.15.4","MQTT","70","Publish Ack (id=3827)"
"527851","3883.833981374","192.168.15.4","192.168.15.3","MQTT","68","Disconnect Req"
"527864","3884.838206573","192.168.15.4","192.168.15.3","MQTT","90","Connect Command"
"527866","3884.841191419","192.168.15.4","192.168.15.3","MQTT","97","Publish Message (id=3828) [Deviceb'Device - 2']"
"527867","3884.842167976","192.168.15.3","192.168.15.4","MQTT","70","Connect Ack"
"527870","3884.844092968","192.168.15.3","192.168.15.4","MQTT","70","Publish Ack (id=3828)"
"527872","3884.844783784","192.168.15.4","192.168.15.3","MQTT","68","Disconnect Req"
"527884","3885.849523273","192.168.15.4","192.168.15.3","MQTT","90","Connect Command"
"527886","3885.852379586","192.168.15.4","192.168.15.3","MQTT","97","Publish Message (id=3829) [Deviceb'Device - 2']"
"527888","3885.856697404","192.168.15.3","192.168.15.4","MQTT","70","Connect Ack"
"527890","3885.860051929","192.168.15.3","192.168.15.4","MQTT","70","Publish Ack (id=3829)"
"527892","3885.860753005","192.168.15.4","192.168.15.3","MQTT","68","Disconnect Req"
"527907","3886.865098616","192.168.15.4","192.168.15.3","MQTT","90","Connect Command"
"527909","3886.868031775","192.168.15.4","192.168.15.3","MQTT","97","Publish Message (id=3830) [Deviceb'Device - 2']"
"527910","3886.868435188","192.168.15.3","192.168.15.4","MQTT","70","Connect Ack"
"527913","3886.870886575","192.168.15.3","192.168.15.4","MQTT","70","Publish Ack (id=3830)"
"527915","3886.871562032","192.168.15.4","192.168.15.3","MQTT","68","Disconnect Req"
"527927","3887.875289282","192.168.15.4","192.168.15.3","MQTT","90","Connect Command"
"527929","3887.878324994","192.168.15.4","192.168.15.3","MQTT","97","Publish Message (id=3831) [Deviceb'Device - 2']"
"527930","3887.878767461","192.168.15.3","192.168.15.4","MQTT","70","Connect Ack"
"527933","3887.881648190","192.168.15.3","192.168.15.4","MQTT","70","Publish Ack (id=3831)"
"527935","3887.882095747","192.168.15.4","192.168.15.3","MQTT","68","Disconnect Req"
"529779","3888.885498009","192.168.15.4","192.168.15.3","MQTT","90","Connect Command"
"529781","3888.888397894","192.168.15.4","192.168.15.3","MQTT","97","Publish Message (id=3832) [Deviceb'Device - 2']"
"529782","3888.888790637","192.168.15.3","192.168.15.4","MQTT","70","Connect Ack"
"529785","3888.891468763","192.168.15.3","192.168.15.4","MQTT","70","Publish Ack (id=3832)"
"529787","3888.891780072","192.168.15.4","192.168.15.3","MQTT","68","Disconnect Req"
"529795","3889.895671075","192.168.15.4","192.168.15.3","MQTT","90","Connect Command"
"529797","3889.898652666","192.168.15.4","192.168.15.3","MQTT","97","Publish Message (id=3833) [Deviceb'Device - 2']"
"529798","3889.899016584","192.168.15.3","192.168.15.4","MQTT","70","Connect Ack"
"529801","3889.901621031","192.168.15.3","192.168.15.4","MQTT","70","Publish Ack (id=3833)"
"529803","3889.902030014","192.168.15.4","192.168.15.3","MQTT","68","Disconnect Req"
"529816","3890.905995937","192.168.15.4","192.168.15.3","MQTT","90","Connect Command"
"529818","3890.908840889","192.168.15.4","192.168.15.3","MQTT","97","Publish Message (id=3834) [Deviceb'Device - 2']"
"529820","3890.913188583","192.168.15.3","192.168.15.4","MQTT","70","Connect Ack"
"529822","3890.915669515","192.168.15.3","192.168.15.4","MQTT","70","Publish Ack (id=3834)"
"529824","3890.916053392","192.168.15.4","192.168.15.3","MQTT","68","Disconnect Req"
"529839","3891.919929372","192.168.15.4","192.168.15.3","MQTT","90","Connect Command"
"529841","3891.922834858","192.168.15.4","192.168.15.3","MQTT","97","Publish Message (id=3835) [Deviceb'Device - 2']"
"529842","3891.923437007","192.168.15.3","192.168.15.4","MQTT","70","Connect Ack"
"529845","3891.925754320","192.168.15.3","192.168.15.4","MQTT","70","Publish Ack (id=3835)"
"529847","3891.926285285","192.168.15.4","192.168.15.3","MQTT","68","Disconnect Req"
"529867","3892.930457724","192.168.15.4","192.168.15.3","MQTT","90","Connect Command"
"529869","3892.933340687","192.168.15.4","192.168.15.3","MQTT","97","Publish Message (id=3836) [Deviceb'Device - 2']"
"529870","3892.933762335","192.168.15.3","192.168.15.4","MQTT","70","Connect Ack"
"529873","3892.936253066","192.168.15.3","192.168.15.4","MQTT","70","Publish Ack (id=3836)"
"529875","3892.936754324","192.168.15.4","192.168.15.3","MQTT","68","Disconnect Req"
"529888","3893.940869092","192.168.15.4","192.168.15.3","MQTT","90","Connect Command"
"529890","3893.943780348","192.168.15.4","192.168.15.3","MQTT","97","Publish Message (id=3837) [Deviceb'Device - 2']"
"529891","3893.944175566","192.168.15.3","192.168.15.4","MQTT","70","Connect Ack"
"529894","3893.946701293","192.168.15.3","192.168.15.4","MQTT","70","Publish Ack (id=3837)"
"529896","3893.947556812","192.168.15.4","192.168.15.3","MQTT","68","Disconnect Req"
"529904","3894.951845596","192.168.15.4","192.168.15.3","MQTT","90","Connect Command"
"529906","3894.954853756","192.168.15.4","192.168.15.3","MQTT","97","Publish Message (id=3838) [Deviceb'Device - 2']"
"529907","3894.955298578","192.168.15.3","192.168.15.4","MQTT","70","Connect Ack"
"529910","3894.957598799","192.168.15.3","192.168.15.4","MQTT","70","Publish Ack (id=3838)"
"529912","3894.957850986","192.168.15.4","192.168.15.3","MQTT","68","Disconnect Req"
"529924","3895.961304818","192.168.15.4","192.168.15.3","MQTT","90","Connect Command"
"529926","3895.964352102","192.168.15.4","192.168.15.3","MQTT","97","Publish Message (id=3839) [Deviceb'Device - 2']"
"529928","3895.968563498","192.168.15.3","192.168.15.4","MQTT","70","Connect Ack"
"529930","3895.971132848","192.168.15.3","192.168.15.4","MQTT","70","Publish Ack (id=3839)"
"529932","3895.971462873","192.168.15.4","192.168.15.3","MQTT","68","Disconnect Req"
"529971","3896.975498743","192.168.15.4","192.168.15.3","MQTT","90","Connect Command"
"529973","3896.978466877","192.168.15.4","192.168.15.3","MQTT","97","Publish Message (id=3840) [Deviceb'Device - 2']"
"529974","3896.978866082","192.168.15.3","192.168.15.4","MQTT","70","Connect Ack"
"529977","3896.981495115","192.168.15.3","192.168.15.4","MQTT","70","Publish Ack (id=3840)"
"529979","3896.982280822","192.168.15.4","192.168.15.3","MQTT","68","Disconnect Req"
"529992","3897.987301884","192.168.15.4","192.168.15.3","MQTT","90","Connect Command"
"529994","3897.990116718","192.168.15.4","192.168.15.3","MQTT","97","Publish Message (id=3841) [Deviceb'Device - 2']"
"529995","3897.990542233","192.168.15.3","192.168.15.4","MQTT","70","Connect Ack"
"529998","3897.993116071","192.168.15.3","192.168.15.4","MQTT","70","Publish Ack (id=3841)"
"530000","3897.993706578","192.168.15.4","192.168.15.3","MQTT","68","Disconnect Req"
"530021","3898.997915672","192.168.15.4","192.168.15.3","MQTT","90","Connect Command"
"530023","3899.000710468","192.168.15.4","192.168.15.3","MQTT","97","Publish Message (id=3842) [Deviceb'Device - 2']"
"530024","3899.001209432","192.168.15.3","192.168.15.4","MQTT","70","Connect Ack"
"530027","3899.003497340","192.168.15.3","192.168.15.4","MQTT","70","Publish Ack (id=3842)"
"530029","3899.003867831","192.168.15.4","192.168.15.3","MQTT","68","Disconnect Req"
"530044","3900.007551318","192.168.15.4","192.168.15.3","MQTT","90","Connect Command"
"530046","3900.010546484","192.168.15.4","192.168.15.3","MQTT","97","Publish Message (id=3843) [Deviceb'Device - 2']"
"530047","3900.010972780","192.168.15.3","192.168.15.4","MQTT","70","Connect Ack"
"530050","3900.013485503","192.168.15.3","192.168.15.4","MQTT","70","Publish Ack (id=3843)"
"530052","3900.013947046","192.168.15.4","192.168.15.3","MQTT","68","Disconnect Req"
"530064","3901.017716914","192.168.15.4","192.168.15.3","MQTT","90","Connect Command"
"530066","3901.020665000","192.168.15.4","192.168.15.3","MQTT","97","Publish Message (id=3844) [Deviceb'Device - 2']"
"530068","3901.024936650","192.168.15.3","192.168.15.4","MQTT","70","Connect Ack"
"530070","3901.027369051","192.168.15.3","192.168.15.4","MQTT","70","Publish Ack (id=3844)"
"530072","3901.027754580","192.168.15.4","192.168.15.3","MQTT","68","Disconnect Req"
"530115","3902.032214331","192.168.15.4","192.168.15.3","MQTT","90","Connect Command"
"530117","3902.035022463","192.168.15.4","192.168.15.3","MQTT","97","Publish Message (id=3845) [Deviceb'Device - 2']"
"530118","3902.035470450","192.168.15.3","192.168.15.4","MQTT","70","Connect Ack"
"530121","3902.038203660","192.168.15.3","192.168.15.4","MQTT","70","Publish Ack (id=3845)"
"530123","3902.038587076","192.168.15.4","192.168.15.3","MQTT","68","Disconnect Req"
"530139","3903.042535086","192.168.15.4","192.168.15.3","MQTT","90","Connect Command"
"530141","3903.045390888","192.168.15.4","192.168.15.3","MQTT","97","Publish Message (id=3846) [Deviceb'Device - 2']"
"530142","3903.045814509","192.168.15.3","192.168.15.4","MQTT","70","Connect Ack"
"530145","3903.048361336","192.168.15.3","192.168.15.4","MQTT","70","Publish Ack (id=3846)"
"530147","3903.048905967","192.168.15.4","192.168.15.3","MQTT","68","Disconnect Req"
"530160","3904.053218243","192.168.15.4","192.168.15.3","MQTT","90","Connect Command"
"530162","3904.056228527","192.168.15.4","192.168.15.3","MQTT","97","Publish Message (id=3847) [Deviceb'Device - 2']"
"530163","3904.056664923","192.168.15.3","192.168.15.4","MQTT","70","Connect Ack"
"530166","3904.059342247","192.168.15.3","192.168.15.4","MQTT","70","Publish Ack (id=3847)"
"530168","3904.059688512","192.168.15.4","192.168.15.3","MQTT","68","Disconnect Req"
"532291","3905.063396574","192.168.15.4","192.168.15.3","MQTT","90","Connect Command"
"532293","3905.066392882","192.168.15.4","192.168.15.3","MQTT","97","Publish Message (id=3848) [Deviceb'Device - 2']"
"532294","3905.066801615","192.168.15.3","192.168.15.4","MQTT","70","Connect Ack"
"532297","3905.069310671","192.168.15.3","192.168.15.4","MQTT","70","Publish Ack (id=3848)"
"532299","3905.069654511","192.168.15.4","192.168.15.3","MQTT","68","Disconnect Req"
"532312","3906.073229268","192.168.15.4","192.168.15.3","MQTT","90","Connect Command"
"532314","3906.076277774","192.168.15.4","192.168.15.3","MQTT","97","Publish Message (id=3849) [Deviceb'Device - 2']"
"532316","3906.080621400","192.168.15.3","192.168.15.4","MQTT","70","Connect Ack"
"532318","3906.083085651","192.168.15.3","192.168.15.4","MQTT","70","Publish Ack (id=3849)"
"532320","3906.083408562","192.168.15.4","192.168.15.3","MQTT","68","Disconnect Req"
"532353","3907.087142438","192.168.15.4","192.168.15.3","MQTT","90","Connect Command"
"532355","3907.090114500","192.168.15.4","192.168.15.3","MQTT","97","Publish Message (id=3850) [Deviceb'Device - 2']"
"532356","3907.090526499","192.168.15.3","192.168.15.4","MQTT","70","Connect Ack"
"532359","3907.093052437","192.168.15.3","192.168.15.4","MQTT","70","Publish Ack (id=3850)"
"532361","3907.093412368","192.168.15.4","192.168.15.3","MQTT","68","Disconnect Req"
"532399","3908.096984105","192.168.15.4","192.168.15.3","MQTT","90","Connect Command"
"532401","3908.099932462","192.168.15.4","192.168.15.3","MQTT","97","Publish Message (id=3851) [Deviceb'Device - 2']"
"532402","3908.100359449","192.168.15.3","192.168.15.4","MQTT","70","Connect Ack"
"532405","3908.102794205","192.168.15.3","192.168.15.4","MQTT","70","Publish Ack (id=3851)"
"532407","3908.103096647","192.168.15.4","192.168.15.3","MQTT","68","Disconnect Req"
"532419","3909.106655557","192.168.15.4","192.168.15.3","MQTT","90","Connect Command"
"532421","3909.109624853","192.168.15.4","192.168.15.3","MQTT","97","Publish Message (id=3852) [Deviceb'Device - 2']"
"532422","3909.110051410","192.168.15.3","192.168.15.4","MQTT","70","Connect Ack"
"532425","3909.112497127","192.168.15.3","192.168.15.4","MQTT","70","Publish Ack (id=3852)"
"532427","3909.112906491","192.168.15.4","192.168.15.3","MQTT","68","Disconnect Req"
"532441","3910.116901574","192.168.15.4","192.168.15.3","MQTT","90","Connect Command"
"532443","3910.119889906","192.168.15.4","192.168.15.3","MQTT","97","Publish Message (id=3853) [Deviceb'Device - 2']"
"532444","3910.120321172","192.168.15.3","192.168.15.4","MQTT","70","Connect Ack"
"532447","3910.122704660","192.168.15.3","192.168.15.4","MQTT","70","Publish Ack (id=3853)"
"532449","3910.123016240","192.168.15.4","192.168.15.3","MQTT","68","Disconnect Req"
"532464","3911.126769202","192.168.15.4","192.168.15.3","MQTT","90","Connect Command"
"532466","3911.129956140","192.168.15.4","192.168.15.3","MQTT","97","Publish Message (id=3854) [Deviceb'Device - 2']"
"532468","3911.134248198","192.168.15.3","192.168.15.4","MQTT","70","Connect Ack"
"532470","3911.137079905","192.168.15.3","192.168.15.4","MQTT","70","Publish Ack (id=3854)"
"532472","3911.137394490","192.168.15.4","192.168.15.3","MQTT","68","Disconnect Req"
"532487","3912.141436026","192.168.15.4","192.168.15.3","MQTT","90","Connect Command"
"532489","3912.144459925","192.168.15.4","192.168.15.3","MQTT","97","Publish Message (id=3855) [Deviceb'Device - 2']"
"532490","3912.144832099","192.168.15.3","192.168.15.4","MQTT","70","Connect Ack"
"532493","3912.147523690","192.168.15.3","192.168.15.4","MQTT","70","Publish Ack (id=3855)"
"532495","3912.147945478","192.168.15.4","192.168.15.3","MQTT","68","Disconnect Req"
"532507","3913.152025565","192.168.15.4","192.168.15.3","MQTT","90","Connect Command"
"532509","3913.154931782","192.168.15.4","192.168.15.3","MQTT","97","Publish Message (id=3856) [Deviceb'Device - 2']"
"532510","3913.155394798","192.168.15.3","192.168.15.4","MQTT","70","Connect Ack"
"532513","3913.157940834","192.168.15.3","192.168.15.4","MQTT","70","Publish Ack (id=3856)"
"532515","3913.158516352","192.168.15.4","192.168.15.3","MQTT","68","Disconnect Req"
"532537","3914.162439629","192.168.15.4","192.168.15.3","MQTT","90","Connect Command"
"532539","3914.165080785","192.168.15.4","192.168.15.3","MQTT","97","Publish Message (id=3857) [Deviceb'Device - 2']"
"532540","3914.165508544","192.168.15.3","192.168.15.4","MQTT","70","Connect Ack"
"532543","3914.167946586","192.168.15.3","192.168.15.4","MQTT","70","Publish Ack (id=3857)"
"532545","3914.168349808","192.168.15.4","192.168.15.3","MQTT","68","Disconnect Req"
"532570","3915.172572459","192.168.15.4","192.168.15.3","MQTT","90","Connect Command"
"532572","3915.175590157","192.168.15.4","192.168.15.3","MQTT","97","Publish Message (id=3858) [Deviceb'Device - 2']"
"532573","3915.176011434","192.168.15.3","192.168.15.4","MQTT","70","Connect Ack"
"532576","3915.178505652","192.168.15.3","192.168.15.4","MQTT","70","Publish Ack (id=3858)"
"532578","3915.178775883","192.168.15.4","192.168.15.3","MQTT","68","Disconnect Req"
"533852","3916.182575852","192.168.15.4","192.168.15.3","MQTT","90","Connect Command"
"533854","3916.185926119","192.168.15.4","192.168.15.3","MQTT","97","Publish Message (id=3859) [Deviceb'Device - 2']"
"533857","3916.189679740","192.168.15.3","192.168.15.4","MQTT","70","Connect Ack"
"533859","3916.192398062","192.168.15.3","192.168.15.4","MQTT","70","Publish Ack (id=3859)"
"533861","3916.192703419","192.168.15.4","192.168.15.3","MQTT","68","Disconnect Req"
"533871","3917.196630555","192.168.15.4","192.168.15.3","MQTT","90","Connect Command"
"533873","3917.199480196","192.168.15.4","192.168.15.3","MQTT","97","Publish Message (id=3860) [Deviceb'Device - 2']"
"533874","3917.199886584","192.168.15.3","192.168.15.4","MQTT","70","Connect Ack"
"533877","3917.202624313","192.168.15.3","192.168.15.4","MQTT","70","Publish Ack (id=3860)"
"533879","3917.203294220","192.168.15.4","192.168.15.3","MQTT","68","Disconnect Req"
"533891","3918.207814767","192.168.15.4","192.168.15.3","MQTT","90","Connect Command"
"533893","3918.210779826","192.168.15.4","192.168.15.3","MQTT","97","Publish Message (id=3861) [Deviceb'Device - 2']"
"533894","3918.211270093","192.168.15.3","192.168.15.4","MQTT","70","Connect Ack"
"533897","3918.213897423","192.168.15.3","192.168.15.4","MQTT","70","Publish Ack (id=3861)"
"533899","3918.214618707","192.168.15.4","192.168.15.3","MQTT","68","Disconnect Req"
"533914","3919.218639257","192.168.15.4","192.168.15.3","MQTT","90","Connect Command"
"533916","3919.221585089","192.168.15.4","192.168.15.3","MQTT","97","Publish Message (id=3862) [Deviceb'Device - 2']"
"533917","3919.221979575","192.168.15.3","192.168.15.4","MQTT","70","Connect Ack"
"533920","3919.224516474","192.168.15.3","192.168.15.4","MQTT","70","Publish Ack (id=3862)"
"533922","3919.224921520","192.168.15.4","192.168.15.3","MQTT","68","Disconnect Req"
"533936","3920.229261141","192.168.15.4","192.168.15.3","MQTT","90","Connect Command"
"533938","3920.232140047","192.168.15.4","192.168.15.3","MQTT","97","Publish Message (id=3863) [Deviceb'Device - 2']"
"533939","3920.232575440","192.168.15.3","192.168.15.4","MQTT","70","Connect Ack"
"533942","3920.235209473","192.168.15.3","192.168.15.4","MQTT","70","Publish Ack (id=3863)"
"533944","3920.235970863","192.168.15.4","192.168.15.3","MQTT","68","Disconnect Req"
"533964","3921.240606691","192.168.15.4","192.168.15.3","MQTT","90","Connect Command"
"533966","3921.243533527","192.168.15.4","192.168.15.3","MQTT","97","Publish Message (id=3864) [Deviceb'Device - 2']"
"533968","3921.248007039","192.168.15.3","192.168.15.4","MQTT","70","Connect Ack"
"533970","3921.250515003","192.168.15.3","192.168.15.4","MQTT","70","Publish Ack (id=3864)"
"533972","3921.251144233","192.168.15.4","192.168.15.3","MQTT","68","Disconnect Req"
"533992","3922.255251540","192.168.15.4","192.168.15.3","MQTT","90","Connect Command"
"533994","3922.258180821","192.168.15.4","192.168.15.3","MQTT","97","Publish Message (id=3865) [Deviceb'Device - 2']"
"533995","3922.258575397","192.168.15.3","192.168.15.4","MQTT","70","Connect Ack"
"533998","3922.260957964","192.168.15.3","192.168.15.4","MQTT","70","Publish Ack (id=3865)"
"534000","3922.261476835","192.168.15.4","192.168.15.3","MQTT","68","Disconnect Req"
"534026","3923.265365075","192.168.15.4","192.168.15.3","MQTT","90","Connect Command"
"534028","3923.268229393","192.168.15.4","192.168.15.3","MQTT","97","Publish Message (id=3866) [Deviceb'Device - 2']"
"534029","3923.268663454","192.168.15.3","192.168.15.4","MQTT","70","Connect Ack"
"534032","3923.271168272","192.168.15.3","192.168.15.4","MQTT","70","Publish Ack (id=3866)"
"534034","3923.271864469","192.168.15.4","192.168.15.3","MQTT","68","Disconnect Req"
"534047","3924.275649721","192.168.15.4","192.168.15.3","MQTT","90","Connect Command"
"534049","3924.278674032","192.168.15.4","192.168.15.3","MQTT","97","Publish Message (id=3867) [Deviceb'Device - 2']"
"534050","3924.279101671","192.168.15.3","192.168.15.4","MQTT","70","Connect Ack"
"534053","3924.281622920","192.168.15.3","192.168.15.4","MQTT","70","Publish Ack (id=3867)"
"534055","3924.282284240","192.168.15.4","192.168.15.3","MQTT","68","Disconnect Req"
"534067","3925.285763001","192.168.15.4","192.168.15.3","MQTT","90","Connect Command"
"534069","3925.288692733","192.168.15.4","192.168.15.3","MQTT","97","Publish Message (id=3868) [Deviceb'Device - 2']"
"534070","3925.289108078","192.168.15.3","192.168.15.4","MQTT","70","Connect Ack"
"534073","3925.291574223","192.168.15.3","192.168.15.4","MQTT","70","Publish Ack (id=3868)"
"534075","3925.291889479","192.168.15.4","192.168.15.3","MQTT","68","Disconnect Req"
"535782","3926.296784897","192.168.15.4","192.168.15.3","MQTT","90","Connect Command"
"535784","3926.301497672","192.168.15.4","192.168.15.3","MQTT","97","Publish Message (id=3869) [Deviceb'Device - 2']"
"535786","3926.305764352","192.168.15.3","192.168.15.4","MQTT","70","Connect Ack"
"535788","3926.308146428","192.168.15.3","192.168.15.4","MQTT","70","Publish Ack (id=3869)"
"535790","3926.308473937","192.168.15.4","192.168.15.3","MQTT","68","Disconnect Req"
"535800","3927.312866041","192.168.15.4","192.168.15.3","MQTT","90","Connect Command"
"535802","3927.316382943","192.168.15.4","192.168.15.3","MQTT","97","Publish Message (id=3870) [Deviceb'Device - 2']"
"535803","3927.316734288","192.168.15.3","192.168.15.4","MQTT","70","Connect Ack"
"535806","3927.319268371","192.168.15.3","192.168.15.4","MQTT","70","Publish Ack (id=3870)"
"535808","3927.319578859","192.168.15.4","192.168.15.3","MQTT","68","Disconnect Req"
"535841","3928.323864720","192.168.15.4","192.168.15.3","MQTT","90","Connect Command"
"535843","3928.326757742","192.168.15.4","192.168.15.3","MQTT","97","Publish Message (id=3871) [Deviceb'Device - 2']"
"535844","3928.327183787","192.168.15.3","192.168.15.4","MQTT","70","Connect Ack"
"535847","3928.329750783","192.168.15.3","192.168.15.4","MQTT","70","Publish Ack (id=3871)"
"535849","3928.330466156","192.168.15.4","192.168.15.3","MQTT","68","Disconnect Req"
"535927","3929.334105722","192.168.15.4","192.168.15.3","MQTT","90","Connect Command"
"535929","3929.337098002","192.168.15.4","192.168.15.3","MQTT","97","Publish Message (id=3872) [Deviceb'Device - 2']"
"535930","3929.337518628","192.168.15.3","192.168.15.4","MQTT","70","Connect Ack"
"535933","3929.339988549","192.168.15.3","192.168.15.4","MQTT","70","Publish Ack (id=3872)"
"535935","3929.340214897","192.168.15.4","192.168.15.3","MQTT","68","Disconnect Req"
"535947","3930.344164407","192.168.15.4","192.168.15.3","MQTT","90","Connect Command"
"535949","3930.347143742","192.168.15.4","192.168.15.3","MQTT","97","Publish Message (id=3873) [Deviceb'Device - 2']"
"535950","3930.347535944","192.168.15.3","192.168.15.4","MQTT","70","Connect Ack"
"535953","3930.350054188","192.168.15.3","192.168.15.4","MQTT","70","Publish Ack (id=3873)"
"535955","3930.350411113","192.168.15.4","192.168.15.3","MQTT","68","Disconnect Req"
"535970","3931.354503320","192.168.15.4","192.168.15.3","MQTT","90","Connect Command"
"535972","3931.357502673","192.168.15.4","192.168.15.3","MQTT","97","Publish Message (id=3874) [Deviceb'Device - 2']"
"535974","3931.361901123","192.168.15.3","192.168.15.4","MQTT","70","Connect Ack"
"535976","3931.364459101","192.168.15.3","192.168.15.4","MQTT","70","Publish Ack (id=3874)"
"535978","3931.364730595","192.168.15.4","192.168.15.3","MQTT","68","Disconnect Req"
"536000","3932.368743120","192.168.15.4","192.168.15.3","MQTT","90","Connect Command"
"536002","3932.371739588","192.168.15.4","192.168.15.3","MQTT","97","Publish Message (id=3875) [Deviceb'Device - 2']"
"536003","3932.372161586","192.168.15.3","192.168.15.4","MQTT","70","Connect Ack"
"536006","3932.374536669","192.168.15.3","192.168.15.4","MQTT","70","Publish Ack (id=3875)"
"536008","3932.374794466","192.168.15.4","192.168.15.3","MQTT","68","Disconnect Req"
"536020","3933.378993631","192.168.15.4","192.168.15.3","MQTT","90","Connect Command"
"536022","3933.382185368","192.168.15.4","192.168.15.3","MQTT","97","Publish Message (id=3876) [Deviceb'Device - 2']"
"536023","3933.382444819","192.168.15.3","192.168.15.4","MQTT","70","Connect Ack"
"536026","3933.385151849","192.168.15.3","192.168.15.4","MQTT","70","Publish Ack (id=3876)"
"536028","3933.385770229","192.168.15.4","192.168.15.3","MQTT","68","Disconnect Req"
"536041","3934.389660417","192.168.15.4","192.168.15.3","MQTT","90","Connect Command"
"536043","3934.392641676","192.168.15.4","192.168.15.3","MQTT","97","Publish Message (id=3877) [Deviceb'Device - 2']"
"536044","3934.393103109","192.168.15.3","192.168.15.4","MQTT","70","Connect Ack"
"536047","3934.395493300","192.168.15.3","192.168.15.4","MQTT","70","Publish Ack (id=3877)"
"536049","3934.396086081","192.168.15.4","192.168.15.3","MQTT","68","Disconnect Req"
"536087","3935.400266176","192.168.15.4","192.168.15.3","MQTT","90","Connect Command"
"536089","3935.403140253","192.168.15.4","192.168.15.3","MQTT","97","Publish Message (id=3878) [Deviceb'Device - 2']"
"536090","3935.403565627","192.168.15.3","192.168.15.4","MQTT","70","Connect Ack"
"536093","3935.406051379","192.168.15.3","192.168.15.4","MQTT","70","Publish Ack (id=3878)"
"536095","3935.406368919","192.168.15.4","192.168.15.3","MQTT","68","Disconnect Req"
"537134","3936.411220703","192.168.15.4","192.168.15.3","MQTT","90","Connect Command"
"537192","3936.417522081","192.168.15.4","192.168.15.3","MQTT","97","Publish Message (id=3879) [Deviceb'Device - 2']"
"537224","3936.420914578","192.168.15.3","192.168.15.4","MQTT","70","Connect Ack"
"537238","3936.423823570","192.168.15.3","192.168.15.4","MQTT","70","Publish Ack (id=3879)"
"537250","3936.424804075","192.168.15.4","192.168.15.3","MQTT","68","Disconnect Req"
"537748","3937.429359957","192.168.15.4","192.168.15.3","MQTT","90","Connect Command"
"537750","3937.432264530","192.168.15.4","192.168.15.3","MQTT","97","Publish Message (id=3880) [Deviceb'Device - 2']"
"537751","3937.432797398","192.168.15.3","192.168.15.4","MQTT","70","Connect Ack"
"537754","3937.435287318","192.168.15.3","192.168.15.4","MQTT","70","Publish Ack (id=3880)"
"537756","3937.435879698","192.168.15.4","192.168.15.3","MQTT","68","Disconnect Req"
"537768","3938.439827597","192.168.15.4","192.168.15.3","MQTT","90","Connect Command"
"537770","3938.442820869","192.168.15.4","192.168.15.3","MQTT","97","Publish Message (id=3881) [Deviceb'Device - 2']"
"537771","3938.443236334","192.168.15.3","192.168.15.4","MQTT","70","Connect Ack"
"537774","3938.445654689","192.168.15.3","192.168.15.4","MQTT","70","Publish Ack (id=3881)"
"537776","3938.446114298","192.168.15.4","192.168.15.3","MQTT","68","Disconnect Req"
"537843","3939.449489261","192.168.15.4","192.168.15.3","MQTT","90","Connect Command"
"537845","3939.452487032","192.168.15.4","192.168.15.3","MQTT","97","Publish Message (id=3882) [Deviceb'Device - 2']"
"537846","3939.452872852","192.168.15.3","192.168.15.4","MQTT","70","Connect Ack"
"537849","3939.455339066","192.168.15.3","192.168.15.4","MQTT","70","Publish Ack (id=3882)"
"537851","3939.455570945","192.168.15.4","192.168.15.3","MQTT","68","Disconnect Req"
"537873","3940.459796164","192.168.15.4","192.168.15.3","MQTT","90","Connect Command"
"537875","3940.462582664","192.168.15.4","192.168.15.3","MQTT","97","Publish Message (id=3883) [Deviceb'Device - 2']"
"537876","3940.462961882","192.168.15.3","192.168.15.4","MQTT","70","Connect Ack"
"537879","3940.465625550","192.168.15.3","192.168.15.4","MQTT","70","Publish Ack (id=3883)"
"537881","3940.466479605","192.168.15.4","192.168.15.3","MQTT","68","Disconnect Req"
"537894","3941.470307971","192.168.15.4","192.168.15.3","MQTT","90","Connect Command"
"537896","3941.473208397","192.168.15.4","192.168.15.3","MQTT","97","Publish Message (id=3884) [Deviceb'Device - 2']"
"537898","3941.477633236","192.168.15.3","192.168.15.4","MQTT","70","Connect Ack"
"537900","3941.480019520","192.168.15.3","192.168.15.4","MQTT","70","Publish Ack (id=3884)"
"537902","3941.480607652","192.168.15.4","192.168.15.3","MQTT","68","Disconnect Req"
"537925","3942.484978582","192.168.15.4","192.168.15.3","MQTT","90","Connect Command"
"537927","3942.488691185","192.168.15.4","192.168.15.3","MQTT","97","Publish Message (id=3885) [Deviceb'Device - 2']"
"537928","3942.488990391","192.168.15.3","192.168.15.4","MQTT","70","Connect Ack"
"537931","3942.491499096","192.168.15.3","192.168.15.4","MQTT","70","Publish Ack (id=3885)"
"537933","3942.492001386","192.168.15.4","192.168.15.3","MQTT","68","Disconnect Req"
"537970","3943.496058160","192.168.15.4","192.168.15.3","MQTT","90","Connect Command"
"537972","3943.499035191","192.168.15.4","192.168.15.3","MQTT","97","Publish Message (id=3886) [Deviceb'Device - 2']"
"537973","3943.499834763","192.168.15.3","192.168.15.4","MQTT","70","Connect Ack"
"537976","3943.502078076","192.168.15.3","192.168.15.4","MQTT","70","Publish Ack (id=3886)"
"537978","3943.502792658","192.168.15.4","192.168.15.3","MQTT","68","Disconnect Req"
"537993","3944.507308929","192.168.15.4","192.168.15.3","MQTT","90","Connect Command"
"537995","3944.510231096","192.168.15.4","192.168.15.3","MQTT","97","Publish Message (id=3887) [Deviceb'Device - 2']"
"537996","3944.510625442","192.168.15.3","192.168.15.4","MQTT","70","Connect Ack"
"537999","3944.513241390","192.168.15.3","192.168.15.4","MQTT","70","Publish Ack (id=3887)"
"538001","3944.513885338","192.168.15.4","192.168.15.3","MQTT","68","Disconnect Req"
"538013","3945.518578892","192.168.15.4","192.168.15.3","MQTT","90","Connect Command"
"538015","3945.521488435","192.168.15.4","192.168.15.3","MQTT","97","Publish Message (id=3888) [Deviceb'Device - 2']"
"538016","3945.521879465","192.168.15.3","192.168.15.4","MQTT","70","Connect Ack"
"538019","3945.524488179","192.168.15.3","192.168.15.4","MQTT","70","Publish Ack (id=3888)"
"538021","3945.525122208","192.168.15.4","192.168.15.3","MQTT","68","Disconnect Req"
"538869","3946.532060787","192.168.15.4","192.168.15.3","MQTT","90","Connect Command"
"538923","3946.536768772","192.168.15.4","192.168.15.3","MQTT","97","Publish Message (id=3889) [Deviceb'Device - 2']"
"538928","3946.540923510","192.168.15.3","192.168.15.4","MQTT","70","Connect Ack"
"538930","3946.543522647","192.168.15.3","192.168.15.4","MQTT","70","Publish Ack (id=3889)"
"538932","3946.544071815","192.168.15.4","192.168.15.3","MQTT","68","Disconnect Req"
"539429","3947.548905840","192.168.15.4","192.168.15.3","MQTT","90","Connect Command"
"539431","3947.553615979","192.168.15.4","192.168.15.3","MQTT","97","Publish Message (id=3890) [Deviceb'Device - 2']"
"539432","3947.554048407","192.168.15.3","192.168.15.4","MQTT","70","Connect Ack"
"539435","3947.556702867","192.168.15.3","192.168.15.4","MQTT","70","Publish Ack (id=3890)"
"539437","3947.557350873","192.168.15.4","192.168.15.3","MQTT","68","Disconnect Req"
"539451","3948.562449526","192.168.15.4","192.168.15.3","MQTT","90","Connect Command"
"539453","3948.565225957","192.168.15.4","192.168.15.3","MQTT","97","Publish Message (id=3891) [Deviceb'Device - 2']"
"539454","3948.565628969","192.168.15.3","192.168.15.4","MQTT","70","Connect Ack"
"539459","3948.568204090","192.168.15.3","192.168.15.4","MQTT","70","Publish Ack (id=3891)"
"539461","3948.569009664","192.168.15.4","192.168.15.3","MQTT","68","Disconnect Req"
"539489","3949.572703428","192.168.15.4","192.168.15.3","MQTT","90","Connect Command"
"539491","3949.575651634","192.168.15.4","192.168.15.3","MQTT","97","Publish Message (id=3892) [Deviceb'Device - 2']"
"539492","3949.576073132","192.168.15.3","192.168.15.4","MQTT","70","Connect Ack"
"539495","3949.578587838","192.168.15.3","192.168.15.4","MQTT","70","Publish Ack (id=3892)"
"539497","3949.579205556","192.168.15.4","192.168.15.3","MQTT","68","Disconnect Req"
"539512","3950.583222029","192.168.15.4","192.168.15.3","MQTT","90","Connect Command"
"539514","3950.586116735","192.168.15.4","192.168.15.3","MQTT","97","Publish Message (id=3893) [Deviceb'Device - 2']"
"539515","3950.586503506","192.168.15.3","192.168.15.4","MQTT","70","Connect Ack"
"539518","3950.589043059","192.168.15.3","192.168.15.4","MQTT","70","Publish Ack (id=3893)"
"539520","3950.589658704","192.168.15.4","192.168.15.3","MQTT","68","Disconnect Req"
"539534","3951.593821529","192.168.15.4","192.168.15.3","MQTT","90","Connect Command"
"539536","3951.596717737","192.168.15.4","192.168.15.3","MQTT","97","Publish Message (id=3894) [Deviceb'Device - 2']"
"539538","3951.602154230","192.168.15.3","192.168.15.4","MQTT","70","Connect Ack"
"539540","3951.604584206","192.168.15.3","192.168.15.4","MQTT","70","Publish Ack (id=3894)"
"539542","3951.605254243","192.168.15.4","192.168.15.3","MQTT","68","Disconnect Req"
"539565","3952.609703871","192.168.15.4","192.168.15.3","MQTT","90","Connect Command"
"539567","3952.612563840","192.168.15.4","192.168.15.3","MQTT","97","Publish Message (id=3895) [Deviceb'Device - 2']"
"539568","3952.612932768","192.168.15.3","192.168.15.4","MQTT","70","Connect Ack"
"539571","3952.615482701","192.168.15.3","192.168.15.4","MQTT","70","Publish Ack (id=3895)"
"539573","3952.616132390","192.168.15.4","192.168.15.3","MQTT","68","Disconnect Req"
"539594","3953.620365826","192.168.15.4","192.168.15.3","MQTT","90","Connect Command"
"539596","3953.623278174","192.168.15.4","192.168.15.3","MQTT","97","Publish Message (id=3896) [Deviceb'Device - 2']"
"539597","3953.623701866","192.168.15.3","192.168.15.4","MQTT","70","Connect Ack"
"539600","3953.626530526","192.168.15.3","192.168.15.4","MQTT","70","Publish Ack (id=3896)"
"539602","3953.627274533","192.168.15.4","192.168.15.3","MQTT","68","Disconnect Req"
"540404","3954.631506003","192.168.15.4","192.168.15.3","MQTT","90","Connect Command"
"540406","3954.634417019","192.168.15.4","192.168.15.3","MQTT","97","Publish Message (id=3897) [Deviceb'Device - 2']"
"540407","3954.634909711","192.168.15.3","192.168.15.4","MQTT","70","Connect Ack"
"540410","3954.637423947","192.168.15.3","192.168.15.4","MQTT","70","Publish Ack (id=3897)"
"540412","3954.638233709","192.168.15.4","192.168.15.3","MQTT","68","Disconnect Req"
"540433","3955.642997633","192.168.15.4","192.168.15.3","MQTT","90","Connect Command"
"540435","3955.645841983","192.168.15.4","192.168.15.3","MQTT","97","Publish Message (id=3898) [Deviceb'Device - 2']"
"540436","3955.646617900","192.168.15.3","192.168.15.4","MQTT","70","Connect Ack"
"540439","3955.648871012","192.168.15.3","192.168.15.4","MQTT","70","Publish Ack (id=3898)"
"540441","3955.649712454","192.168.15.4","192.168.15.3","MQTT","68","Disconnect Req"
"540460","3956.653427101","192.168.15.4","192.168.15.3","MQTT","90","Connect Command"
"540462","3956.659547939","192.168.15.4","192.168.15.3","MQTT","97","Publish Message (id=3899) [Deviceb'Device - 2']"
"540463","3956.661888676","192.168.15.3","192.168.15.4","MQTT","70","Connect Ack"
"540466","3956.664375780","192.168.15.3","192.168.15.4","MQTT","70","Publish Ack (id=3899)"
"540468","3956.664727816","192.168.15.4","192.168.15.3","MQTT","68","Disconnect Req"
"541369","3957.668502847","192.168.15.4","192.168.15.3","MQTT","90","Connect Command"
"541371","3957.671563075","192.168.15.4","192.168.15.3","MQTT","97","Publish Message (id=3900) [Deviceb'Device - 2']"
"541372","3957.671926232","192.168.15.3","192.168.15.4","MQTT","70","Connect Ack"
"541375","3957.674614456","192.168.15.3","192.168.15.4","MQTT","70","Publish Ack (id=3900)"
"541377","3957.674885469","192.168.15.4","192.168.15.3","MQTT","68","Disconnect Req"
"541389","3958.679288555","192.168.15.4","192.168.15.3","MQTT","90","Connect Command"
"541391","3958.682172690","192.168.15.4","192.168.15.3","MQTT","97","Publish Message (id=3901) [Deviceb'Device - 2']"
"541392","3958.682572906","192.168.15.3","192.168.15.4","MQTT","70","Connect Ack"
"541395","3958.684939002","192.168.15.3","192.168.15.4","MQTT","70","Publish Ack (id=3901)"
"541397","3958.685588190","192.168.15.4","192.168.15.3","MQTT","68","Disconnect Req"
"541481","3959.690748836","192.168.15.4","192.168.15.3","MQTT","90","Connect Command"
"541483","3959.693633683","192.168.15.4","192.168.15.3","MQTT","97","Publish Message (id=3902) [Deviceb'Device - 2']"
"541484","3959.694071030","192.168.15.3","192.168.15.4","MQTT","70","Connect Ack"
"541487","3959.696532205","192.168.15.3","192.168.15.4","MQTT","70","Publish Ack (id=3902)"
"541489","3959.697151938","192.168.15.4","192.168.15.3","MQTT","68","Disconnect Req"
"541510","3960.701562624","192.168.15.4","192.168.15.3","MQTT","90","Connect Command"
"541512","3960.704450105","192.168.15.4","192.168.15.3","MQTT","97","Publish Message (id=3903) [Deviceb'Device - 2']"
"541513","3960.704960931","192.168.15.3","192.168.15.4","MQTT","70","Connect Ack"
"541516","3960.707405335","192.168.15.3","192.168.15.4","MQTT","70","Publish Ack (id=3903)"
"541518","3960.708113043","192.168.15.4","192.168.15.3","MQTT","68","Disconnect Req"
"541540","3961.712298944","192.168.15.4","192.168.15.3","MQTT","90","Connect Command"
"541542","3961.715715325","192.168.15.4","192.168.15.3","MQTT","97","Publish Message (id=3904) [Deviceb'Device - 2']"
"541544","3961.719501787","192.168.15.3","192.168.15.4","MQTT","70","Connect Ack"
"541546","3961.721959145","192.168.15.3","192.168.15.4","MQTT","70","Publish Ack (id=3904)"
"541548","3961.722551496","192.168.15.4","192.168.15.3","MQTT","68","Disconnect Req"
"541558","3962.726877627","192.168.15.4","192.168.15.3","MQTT","90","Connect Command"
"541560","3962.729746653","192.168.15.4","192.168.15.3","MQTT","97","Publish Message (id=3905) [Deviceb'Device - 2']"
"541561","3962.730165125","192.168.15.3","192.168.15.4","MQTT","70","Connect Ack"
"541565","3962.732692015","192.168.15.3","192.168.15.4","MQTT","70","Publish Ack (id=3905)"
"541567","3962.733395435","192.168.15.4","192.168.15.3","MQTT","68","Disconnect Req"
"542485","3963.738359081","192.168.15.4","192.168.15.3","MQTT","90","Connect Command"
"542487","3963.742574233","192.168.15.4","192.168.15.3","MQTT","97","Publish Message (id=3906) [Deviceb'Device - 2']"
"542488","3963.742973599","192.168.15.3","192.168.15.4","MQTT","70","Connect Ack"
"542491","3963.745418503","192.168.15.3","192.168.15.4","MQTT","70","Publish Ack (id=3906)"
"542493","3963.746038395","192.168.15.4","192.168.15.3","MQTT","68","Disconnect Req"
"542509","3964.750050990","192.168.15.4","192.168.15.3","MQTT","90","Connect Command"
"542511","3964.753060613","192.168.15.4","192.168.15.3","MQTT","97","Publish Message (id=3907) [Deviceb'Device - 2']"
"542512","3964.753472492","192.168.15.3","192.168.15.4","MQTT","70","Connect Ack"
"542515","3964.755928757","192.168.15.3","192.168.15.4","MQTT","70","Publish Ack (id=3907)"
"542517","3964.756744560","192.168.15.4","192.168.15.3","MQTT","68","Disconnect Req"
"542535","3965.760917716","192.168.15.4","192.168.15.3","MQTT","90","Connect Command"
"542537","3965.763832279","192.168.15.4","192.168.15.3","MQTT","97","Publish Message (id=3908) [Deviceb'Device - 2']"
"542538","3965.764223950","192.168.15.3","192.168.15.4","MQTT","70","Connect Ack"
"542541","3965.766886226","192.168.15.3","192.168.15.4","MQTT","70","Publish Ack (id=3908)"
"542543","3965.767435515","192.168.15.4","192.168.15.3","MQTT","68","Disconnect Req"
"542561","3966.771730099","192.168.15.4","192.168.15.3","MQTT","90","Connect Command"
"542563","3966.774664579","192.168.15.4","192.168.15.3","MQTT","97","Publish Message (id=3909) [Deviceb'Device - 2']"
"542565","3966.779206490","192.168.15.3","192.168.15.4","MQTT","70","Connect Ack"
"542567","3966.781596781","192.168.15.3","192.168.15.4","MQTT","70","Publish Ack (id=3909)"
"542569","3966.781913079","192.168.15.4","192.168.15.3","MQTT","68","Disconnect Req"
"542593","3967.785974590","192.168.15.4","192.168.15.3","MQTT","90","Connect Command"
"542595","3967.789048794","192.168.15.4","192.168.15.3","MQTT","97","Publish Message (id=3910) [Deviceb'Device - 2']"
"542596","3967.789338672","192.168.15.3","192.168.15.4","MQTT","70","Connect Ack"
"542599","3967.792671997","192.168.15.3","192.168.15.4","MQTT","70","Publish Ack (id=3910)"
"542601","3967.793416906","192.168.15.4","192.168.15.3","MQTT","68","Disconnect Req"
"543442","3968.797382633","192.168.15.4","192.168.15.3","MQTT","90","Connect Command"
"543444","3968.800257681","192.168.15.4","192.168.15.3","MQTT","97","Publish Message (id=3911) [Deviceb'Device - 2']"
"543445","3968.800703254","192.168.15.3","192.168.15.4","MQTT","70","Connect Ack"
"543448","3968.805103427","192.168.15.3","192.168.15.4","MQTT","70","Publish Ack (id=3911)"
"543450","3968.805921133","192.168.15.4","192.168.15.3","MQTT","68","Disconnect Req"
"543462","3969.809756211","192.168.15.4","192.168.15.3","MQTT","90","Connect Command"
"543464","3969.812987022","192.168.15.4","192.168.15.3","MQTT","97","Publish Message (id=3912) [Deviceb'Device - 2']"
"543465","3969.812998493","192.168.15.3","192.168.15.4","MQTT","70","Connect Ack"
"543468","3969.815818146","192.168.15.3","192.168.15.4","MQTT","70","Publish Ack (id=3912)"
"543470","3969.816271113","192.168.15.4","192.168.15.3","MQTT","68","Disconnect Req"
"543508","3970.820094837","192.168.15.4","192.168.15.3","MQTT","90","Connect Command"
"543510","3970.823073030","192.168.15.4","192.168.15.3","MQTT","97","Publish Message (id=3913) [Deviceb'Device - 2']"
"543511","3970.823489248","192.168.15.3","192.168.15.4","MQTT","70","Connect Ack"
"543514","3970.826153968","192.168.15.3","192.168.15.4","MQTT","70","Publish Ack (id=3913)"
"543516","3970.827173225","192.168.15.4","192.168.15.3","MQTT","68","Disconnect Req"
"543531","3971.831405450","192.168.15.4","192.168.15.3","MQTT","90","Connect Command"
"543533","3971.834272934","192.168.15.4","192.168.15.3","MQTT","97","Publish Message (id=3914) [Deviceb'Device - 2']"
"543535","3971.838682574","192.168.15.3","192.168.15.4","MQTT","70","Connect Ack"
"543537","3971.841083395","192.168.15.3","192.168.15.4","MQTT","70","Publish Ack (id=3914)"
"543539","3971.841661037","192.168.15.4","192.168.15.3","MQTT","68","Disconnect Req"
"543556","3972.846146448","192.168.15.4","192.168.15.3","MQTT","90","Connect Command"
"543558","3972.849168705","192.168.15.4","192.168.15.3","MQTT","97","Publish Message (id=3915) [Deviceb'Device - 2']"
"543559","3972.849586034","192.168.15.3","192.168.15.4","MQTT","70","Connect Ack"
"543562","3972.852303724","192.168.15.3","192.168.15.4","MQTT","70","Publish Ack (id=3915)"
"543564","3972.852670799","192.168.15.4","192.168.15.3","MQTT","68","Disconnect Req"
"543579","3973.856315668","192.168.15.4","192.168.15.3","MQTT","90","Connect Command"
"543581","3973.859168213","192.168.15.4","192.168.15.3","MQTT","97","Publish Message (id=3916) [Deviceb'Device - 2']"
"543582","3973.859567729","192.168.15.3","192.168.15.4","MQTT","70","Connect Ack"
"543585","3973.862011440","192.168.15.3","192.168.15.4","MQTT","70","Publish Ack (id=3916)"
"543587","3973.862649968","192.168.15.4","192.168.15.3","MQTT","68","Disconnect Req"
"544403","3974.867147199","192.168.15.4","192.168.15.3","MQTT","90","Connect Command"
"544405","3974.869987861","192.168.15.4","192.168.15.3","MQTT","97","Publish Message (id=3917) [Deviceb'Device - 2']"
"544406","3974.870405762","192.168.15.3","192.168.15.4","MQTT","70","Connect Ack"
"544409","3974.872966405","192.168.15.3","192.168.15.4","MQTT","70","Publish Ack (id=3917)"
"544411","3974.873627726","192.168.15.4","192.168.15.3","MQTT","68","Disconnect Req"
"544429","3975.878151924","192.168.15.4","192.168.15.3","MQTT","90","Connect Command"
"544431","3975.882096295","192.168.15.4","192.168.15.3","MQTT","97","Publish Message (id=3918) [Deviceb'Device - 2']"
"544432","3975.882396623","192.168.15.3","192.168.15.4","MQTT","70","Connect Ack"
"544435","3975.884961514","192.168.15.3","192.168.15.4","MQTT","70","Publish Ack (id=3918)"
"544437","3975.885588379","192.168.15.4","192.168.15.3","MQTT","68","Disconnect Req"
"544455","3976.889804143","192.168.15.4","192.168.15.3","MQTT","90","Connect Command"
"544457","3976.892605792","192.168.15.4","192.168.15.3","MQTT","97","Publish Message (id=3919) [Deviceb'Device - 2']"
"544459","3976.897002778","192.168.15.3","192.168.15.4","MQTT","70","Connect Ack"
"544461","3976.899524187","192.168.15.3","192.168.15.4","MQTT","70","Publish Ack (id=3919)"
"544463","3976.900205626","192.168.15.4","192.168.15.3","MQTT","68","Disconnect Req"
"544475","3977.905014290","192.168.15.4","192.168.15.3","MQTT","90","Connect Command"
"544477","3977.907870141","192.168.15.4","192.168.15.3","MQTT","97","Publish Message (id=3920) [Deviceb'Device - 2']"
"544478","3977.908356992","192.168.15.3","192.168.15.4","MQTT","70","Connect Ack"
"544481","3977.910850017","192.168.15.3","192.168.15.4","MQTT","70","Publish Ack (id=3920)"
"544483","3977.911508743","192.168.15.4","192.168.15.3","MQTT","68","Disconnect Req"
"545331","3978.915374280","192.168.15.4","192.168.15.3","MQTT","90","Connect Command"
"545333","3978.918633795","192.168.15.3","192.168.15.4","MQTT","70","Connect Ack"
"545334","3978.918677798","192.168.15.4","192.168.15.3","MQTT","97","Publish Message (id=3921) [Deviceb'Device - 2']"
"545337","3978.921766610","192.168.15.3","192.168.15.4","MQTT","70","Publish Ack (id=3921)"
"545339","3978.922485730","192.168.15.4","192.168.15.3","MQTT","68","Disconnect Req"
"545357","3979.926432669","192.168.15.4","192.168.15.3","MQTT","90","Connect Command"
"545359","3979.929380835","192.168.15.4","192.168.15.3","MQTT","97","Publish Message (id=3922) [Deviceb'Device - 2']"
"545360","3979.929790440","192.168.15.3","192.168.15.4","MQTT","70","Connect Ack"
"545363","3979.932379517","192.168.15.3","192.168.15.4","MQTT","70","Publish Ack (id=3922)"
"545365","3979.932946609","192.168.15.4","192.168.15.3","MQTT","68","Disconnect Req"
"545394","3980.937311277","192.168.15.4","192.168.15.3","MQTT","90","Connect Command"
"545396","3980.940166728","192.168.15.4","192.168.15.3","MQTT","97","Publish Message (id=3923) [Deviceb'Device - 2']"
"545397","3980.940594627","192.168.15.3","192.168.15.4","MQTT","70","Connect Ack"
"545400","3980.943122748","192.168.15.3","192.168.15.4","MQTT","70","Publish Ack (id=3923)"
"545402","3980.943631591","192.168.15.4","192.168.15.3","MQTT","68","Disconnect Req"
"545427","3981.947921825","192.168.15.4","192.168.15.3","MQTT","90","Connect Command"
"545431","3981.951241433","192.168.15.4","192.168.15.3","MQTT","97","Publish Message (id=3924) [Deviceb'Device - 2']"
"545433","3981.954735752","192.168.15.3","192.168.15.4","MQTT","70","Connect Ack"
"545435","3981.957191106","192.168.15.3","192.168.15.4","MQTT","70","Publish Ack (id=3924)"
"545437","3981.957570394","192.168.15.4","192.168.15.3","MQTT","68","Disconnect Req"
"545447","3982.961818416","192.168.15.4","192.168.15.3","MQTT","90","Connect Command"
"545449","3982.964703592","192.168.15.4","192.168.15.3","MQTT","97","Publish Message (id=3925) [Deviceb'Device - 2']"
"545450","3982.965245688","192.168.15.3","192.168.15.4","MQTT","70","Connect Ack"
"545453","3982.967743262","192.168.15.3","192.168.15.4","MQTT","70","Publish Ack (id=3925)"
"545455","3982.968210836","192.168.15.4","192.168.15.3","MQTT","68","Disconnect Req"
"545467","3983.973262586","192.168.15.4","192.168.15.3","MQTT","90","Connect Command"
"545469","3983.975978733","192.168.15.4","192.168.15.3","MQTT","97","Publish Message (id=3926) [Deviceb'Device - 2']"
"545470","3983.976410840","192.168.15.3","192.168.15.4","MQTT","70","Connect Ack"
"545473","3983.978945294","192.168.15.3","192.168.15.4","MQTT","70","Publish Ack (id=3926)"
"545475","3983.979367923","192.168.15.4","192.168.15.3","MQTT","68","Disconnect Req"
"546357","3984.983269837","192.168.15.4","192.168.15.3","MQTT","90","Connect Command"
"546359","3984.986210488","192.168.15.4","192.168.15.3","MQTT","97","Publish Message (id=3927) [Deviceb'Device - 2']"
"546360","3984.986611527","192.168.15.3","192.168.15.4","MQTT","70","Connect Ack"
"546363","3984.989251420","192.168.15.3","192.168.15.4","MQTT","70","Publish Ack (id=3927)"
"546365","3984.989835244","192.168.15.4","192.168.15.3","MQTT","68","Disconnect Req"
"546377","3985.994080415","192.168.15.4","192.168.15.3","MQTT","90","Connect Command"
"546379","3985.997046154","192.168.15.4","192.168.15.3","MQTT","97","Publish Message (id=3928) [Deviceb'Device - 2']"
"546380","3985.997413870","192.168.15.3","192.168.15.4","MQTT","70","Connect Ack"
"546383","3986.000439132","192.168.15.3","192.168.15.4","MQTT","70","Publish Ack (id=3928)"
"546385","3986.001003499","192.168.15.4","192.168.15.3","MQTT","68","Disconnect Req"
"546432","3987.004949552","192.168.15.4","192.168.15.3","MQTT","90","Connect Command"
"546434","3987.008487303","192.168.15.4","192.168.15.3","MQTT","97","Publish Message (id=3929) [Deviceb'Device - 2']"
"546436","3987.012329420","192.168.15.3","192.168.15.4","MQTT","70","Connect Ack"
"546438","3987.014935449","192.168.15.3","192.168.15.4","MQTT","70","Publish Ack (id=3929)"
"546440","3987.015653618","192.168.15.4","192.168.15.3","MQTT","68","Disconnect Req"
"546452","3988.020045321","192.168.15.4","192.168.15.3","MQTT","90","Connect Command"
"546454","3988.022955525","192.168.15.4","192.168.15.3","MQTT","97","Publish Message (id=3930) [Deviceb'Device - 2']"
"546455","3988.023380810","192.168.15.3","192.168.15.4","MQTT","70","Connect Ack"
"546458","3988.025783735","192.168.15.3","192.168.15.4","MQTT","70","Publish Ack (id=3930)"
"546460","3988.026494198","192.168.15.4","192.168.15.3","MQTT","68","Disconnect Req"
"546482","3989.030466667","192.168.15.4","192.168.15.3","MQTT","90","Connect Command"
"546484","3989.033477381","192.168.15.4","192.168.15.3","MQTT","97","Publish Message (id=3931) [Deviceb'Device - 2']"
"546485","3989.033900491","192.168.15.3","192.168.15.4","MQTT","70","Connect Ack"
"546488","3989.036524574","192.168.15.3","192.168.15.4","MQTT","70","Publish Ack (id=3931)"
"546490","3989.036879936","192.168.15.4","192.168.15.3","MQTT","68","Disconnect Req"
"547896","3990.040701939","192.168.15.4","192.168.15.3","MQTT","90","Connect Command"
"547898","3990.043736318","192.168.15.4","192.168.15.3","MQTT","97","Publish Message (id=3932) [Deviceb'Device - 2']"
"547899","3990.044144059","192.168.15.3","192.168.15.4","MQTT","70","Connect Ack"
"547902","3990.046810372","192.168.15.3","192.168.15.4","MQTT","70","Publish Ack (id=3932)"
"547904","3990.047800535","192.168.15.4","192.168.15.3","MQTT","68","Disconnect Req"
"548005","3991.052447745","192.168.15.4","192.168.15.3","MQTT","90","Connect Command"
"548007","3991.055370644","192.168.15.4","192.168.15.3","MQTT","97","Publish Message (id=3933) [Deviceb'Device - 2']"
"548008","3991.055779868","192.168.15.3","192.168.15.4","MQTT","70","Connect Ack"
"548012","3991.058399823","192.168.15.3","192.168.15.4","MQTT","70","Publish Ack (id=3933)"
"548014","3991.059136917","192.168.15.4","192.168.15.3","MQTT","68","Disconnect Req"
"548058","3992.063262159","192.168.15.4","192.168.15.3","MQTT","90","Connect Command"
"548060","3992.066143559","192.168.15.4","192.168.15.3","MQTT","97","Publish Message (id=3934) [Deviceb'Device - 2']"
"548062","3992.070542759","192.168.15.3","192.168.15.4","MQTT","70","Connect Ack"
"548064","3992.072967675","192.168.15.3","192.168.15.4","MQTT","70","Publish Ack (id=3934)"
"548066","3992.073513708","192.168.15.4","192.168.15.3","MQTT","68","Disconnect Req"
"548078","3993.078025769","192.168.15.4","192.168.15.3","MQTT","90","Connect Command"
"548080","3993.080821697","192.168.15.4","192.168.15.3","MQTT","97","Publish Message (id=3935) [Deviceb'Device - 2']"
"548081","3993.081230380","192.168.15.3","192.168.15.4","MQTT","70","Connect Ack"
"548084","3993.083714990","192.168.15.3","192.168.15.4","MQTT","70","Publish Ack (id=3935)"
"548086","3993.084397571","192.168.15.4","192.168.15.3","MQTT","68","Disconnect Req"
"548098","3994.088695936","192.168.15.4","192.168.15.3","MQTT","90","Connect Command"
"548100","3994.091774268","192.168.15.4","192.168.15.3","MQTT","97","Publish Message (id=3936) [Deviceb'Device - 2']"
"548101","3994.092177120","192.168.15.3","192.168.15.4","MQTT","70","Connect Ack"
"548104","3994.094797165","192.168.15.3","192.168.15.4","MQTT","70","Publish Ack (id=3936)"
"548106","3994.095417929","192.168.15.4","192.168.15.3","MQTT","68","Disconnect Req"
"548921","3995.099916902","192.168.15.4","192.168.15.3","MQTT","90","Connect Command"
"548923","3995.102760520","192.168.15.4","192.168.15.3","MQTT","97","Publish Message (id=3937) [Deviceb'Device - 2']"
"548924","3995.103180694","192.168.15.3","192.168.15.4","MQTT","70","Connect Ack"
"548927","3995.106175719","192.168.15.3","192.168.15.4","MQTT","70","Publish Ack (id=3937)"
"548929","3995.106872697","192.168.15.4","192.168.15.3","MQTT","68","Disconnect Req"
"548953","3996.110737599","192.168.15.4","192.168.15.3","MQTT","90","Connect Command"
"548955","3996.113602107","192.168.15.4","192.168.15.3","MQTT","97","Publish Message (id=3938) [Deviceb'Device - 2']"
"548956","3996.114524942","192.168.15.3","192.168.15.4","MQTT","70","Connect Ack"
"548959","3996.116548610","192.168.15.3","192.168.15.4","MQTT","70","Publish Ack (id=3938)"
"548961","3996.117132404","192.168.15.4","192.168.15.3","MQTT","68","Disconnect Req"
"548974","3997.120851306","192.168.15.4","192.168.15.3","MQTT","90","Connect Command"
"548976","3997.123826383","192.168.15.4","192.168.15.3","MQTT","97","Publish Message (id=3939) [Deviceb'Device - 2']"
"548978","3997.128220965","192.168.15.3","192.168.15.4","MQTT","70","Connect Ack"
"548980","3997.130644940","192.168.15.3","192.168.15.4","MQTT","70","Publish Ack (id=3939)"
"548982","3997.131073761","192.168.15.4","192.168.15.3","MQTT","68","Disconnect Req"
"548994","3998.134657416","192.168.15.4","192.168.15.3","MQTT","90","Connect Command"
"548996","3998.137678530","192.168.15.4","192.168.15.3","MQTT","97","Publish Message (id=3940) [Deviceb'Device - 2']"
"548997","3998.138131497","192.168.15.3","192.168.15.4","MQTT","70","Connect Ack"
"549000","3998.140710745","192.168.15.3","192.168.15.4","MQTT","70","Publish Ack (id=3940)"
"549002","3998.140996355","192.168.15.4","192.168.15.3","MQTT","68","Disconnect Req"
"549014","3999.145238203","192.168.15.4","192.168.15.3","MQTT","90","Connect Command"
"549016","3999.148265419","192.168.15.4","192.168.15.3","MQTT","97","Publish Message (id=3941) [Deviceb'Device - 2']"
"549017","3999.148680945","192.168.15.3","192.168.15.4","MQTT","70","Connect Ack"
"549020","3999.151237429","192.168.15.3","192.168.15.4","MQTT","70","Publish Ack (id=3941)"
"549022","3999.151961499","192.168.15.4","192.168.15.3","MQTT","68","Disconnect Req"
"549034","4000.156076475","192.168.15.4","192.168.15.3","MQTT","90","Connect Command"
"549036","4000.159085316","192.168.15.4","192.168.15.3","MQTT","97","Publish Message (id=3942) [Deviceb'Device - 2']"
"549037","4000.159469582","192.168.15.3","192.168.15.4","MQTT","70","Connect Ack"
"549040","4000.162114906","192.168.15.3","192.168.15.4","MQTT","70","Publish Ack (id=3942)"
"549042","4000.162472863","192.168.15.4","192.168.15.3","MQTT","68","Disconnect Req"
"549859","4001.166033729","192.168.15.4","192.168.15.3","MQTT","90","Connect Command"
"549861","4001.169044975","192.168.15.4","192.168.15.3","MQTT","97","Publish Message (id=3943) [Deviceb'Device - 2']"
"549862","4001.169449280","192.168.15.3","192.168.15.4","MQTT","70","Connect Ack"
"549866","4001.172608505","192.168.15.3","192.168.15.4","MQTT","70","Publish Ack (id=3943)"
"549868","4001.172953157","192.168.15.4","192.168.15.3","MQTT","68","Disconnect Req"
"549882","4002.176926410","192.168.15.4","192.168.15.3","MQTT","90","Connect Command"
"549884","4002.179910484","192.168.15.4","192.168.15.3","MQTT","97","Publish Message (id=3944) [Deviceb'Device - 2']"
"549886","4002.184135475","192.168.15.3","192.168.15.4","MQTT","70","Connect Ack"
"549888","4002.186634201","192.168.15.3","192.168.15.4","MQTT","70","Publish Ack (id=3944)"
"549890","4002.186970568","192.168.15.4","192.168.15.3","MQTT","68","Disconnect Req"
"549902","4003.190658671","192.168.15.4","192.168.15.3","MQTT","90","Connect Command"
"549904","4003.193659997","192.168.15.4","192.168.15.3","MQTT","97","Publish Message (id=3945) [Deviceb'Device - 2']"
"549905","4003.194041579","192.168.15.3","192.168.15.4","MQTT","70","Connect Ack"
"549908","4003.196879186","192.168.15.3","192.168.15.4","MQTT","70","Publish Ack (id=3945)"
"549910","4003.197440798","192.168.15.4","192.168.15.3","MQTT","68","Disconnect Req"
"549922","4004.201697304","192.168.15.4","192.168.15.3","MQTT","90","Connect Command"
"549924","4004.204710503","192.168.15.4","192.168.15.3","MQTT","97","Publish Message (id=3946) [Deviceb'Device - 2']"
"549925","4004.205179310","192.168.15.3","192.168.15.4","MQTT","70","Connect Ack"
"549928","4004.207702051","192.168.15.3","192.168.15.4","MQTT","70","Publish Ack (id=3946)"
"549930","4004.208012408","192.168.15.4","192.168.15.3","MQTT","68","Disconnect Req"
"549943","4005.211682162","192.168.15.4","192.168.15.3","MQTT","90","Connect Command"
"549945","4005.214684310","192.168.15.4","192.168.15.3","MQTT","97","Publish Message (id=3947) [Deviceb'Device - 2']"
"549946","4005.215232497","192.168.15.3","192.168.15.4","MQTT","70","Connect Ack"
"549949","4005.217561231","192.168.15.3","192.168.15.4","MQTT","70","Publish Ack (id=3947)"
"549951","4005.217935720","192.168.15.4","192.168.15.3","MQTT","68","Disconnect Req"
"550873","4006.221488922","192.168.15.4","192.168.15.3","MQTT","90","Connect Command"
"550875","4006.224512811","192.168.15.4","192.168.15.3","MQTT","97","Publish Message (id=3948) [Deviceb'Device - 2']"
"550876","4006.224919650","192.168.15.3","192.168.15.4","MQTT","70","Connect Ack"
"550879","4006.227423456","192.168.15.3","192.168.15.4","MQTT","70","Publish Ack (id=3948)"
"550881","4006.228146123","192.168.15.4","192.168.15.3","MQTT","68","Disconnect Req"
"550893","4007.232163030","192.168.15.4","192.168.15.3","MQTT","90","Connect Command"
"550895","4007.235045401","192.168.15.4","192.168.15.3","MQTT","97","Publish Message (id=3949) [Deviceb'Device - 2']"
"550897","4007.239433000","192.168.15.3","192.168.15.4","MQTT","70","Connect Ack"
"550899","4007.242044569","192.168.15.3","192.168.15.4","MQTT","70","Publish Ack (id=3949)"
"550901","4007.242523054","192.168.15.4","192.168.15.3","MQTT","68","Disconnect Req"
"550909","4008.246860916","192.168.15.4","192.168.15.3","MQTT","90","Connect Command"
"550911","4008.249859927","192.168.15.4","192.168.15.3","MQTT","97","Publish Message (id=3950) [Deviceb'Device - 2']"
"550912","4008.250280182","192.168.15.3","192.168.15.4","MQTT","70","Connect Ack"
"550915","4008.253017189","192.168.15.3","192.168.15.4","MQTT","70","Publish Ack (id=3950)"
"550917","4008.253312377","192.168.15.4","192.168.15.3","MQTT","68","Disconnect Req"
"550929","4009.256845445","192.168.15.4","192.168.15.3","MQTT","90","Connect Command"
"550931","4009.259864284","192.168.15.4","192.168.15.3","MQTT","97","Publish Message (id=3951) [Deviceb'Device - 2']"
"550932","4009.260257388","192.168.15.3","192.168.15.4","MQTT","70","Connect Ack"
"550935","4009.262805638","192.168.15.3","192.168.15.4","MQTT","70","Publish Ack (id=3951)"
"550937","4009.263181529","192.168.15.4","192.168.15.3","MQTT","68","Disconnect Req"
"551010","4010.266784447","192.168.15.4","192.168.15.3","MQTT","90","Connect Command"
"551012","4010.269776436","192.168.15.4","192.168.15.3","MQTT","97","Publish Message (id=3952) [Deviceb'Device - 2']"
"551013","4010.270141736","192.168.15.3","192.168.15.4","MQTT","70","Connect Ack"
"551016","4010.272585999","192.168.15.3","192.168.15.4","MQTT","70","Publish Ack (id=3952)"
"551018","4010.273187597","192.168.15.4","192.168.15.3","MQTT","68","Disconnect Req"
"551961","4011.277621875","192.168.15.4","192.168.15.3","MQTT","90","Connect Command"
"551963","4011.281848339","192.168.15.4","192.168.15.3","MQTT","97","Publish Message (id=3953) [Deviceb'Device - 2']"
"551964","4011.282149729","192.168.15.3","192.168.15.4","MQTT","70","Connect Ack"
"551967","4011.285616916","192.168.15.3","192.168.15.4","MQTT","70","Publish Ack (id=3953)"
"551969","4011.286083078","192.168.15.4","192.168.15.3","MQTT","68","Disconnect Req"
"551986","4012.290130843","192.168.15.4","192.168.15.3","MQTT","90","Connect Command"
"551988","4012.293123323","192.168.15.4","192.168.15.3","MQTT","97","Publish Message (id=3954) [Deviceb'Device - 2']"
"551990","4012.297470254","192.168.15.3","192.168.15.4","MQTT","70","Connect Ack"
"551992","4012.300095449","192.168.15.3","192.168.15.4","MQTT","70","Publish Ack (id=3954)"
"551994","4012.300620552","192.168.15.4","192.168.15.3","MQTT","68","Disconnect Req"
"552069","4013.304844158","192.168.15.4","192.168.15.3","MQTT","90","Connect Command"
"552071","4013.307784931","192.168.15.4","192.168.15.3","MQTT","97","Publish Message (id=3955) [Deviceb'Device - 2']"
"552072","4013.308180308","192.168.15.3","192.168.15.4","MQTT","70","Connect Ack"
"552075","4013.310753786","192.168.15.3","192.168.15.4","MQTT","70","Publish Ack (id=3955)"
"552077","4013.311306841","192.168.15.4","192.168.15.3","MQTT","68","Disconnect Req"
"552095","4014.315659389","192.168.15.4","192.168.15.3","MQTT","90","Connect Command"
"552097","4014.318653552","192.168.15.4","192.168.15.3","MQTT","97","Publish Message (id=3956) [Deviceb'Device - 2']"
"552098","4014.319072224","192.168.15.3","192.168.15.4","MQTT","70","Connect Ack"
"552101","4014.321664317","192.168.15.3","192.168.15.4","MQTT","70","Publish Ack (id=3956)"
"552103","4014.322354432","192.168.15.4","192.168.15.3","MQTT","68","Disconnect Req"
"552117","4015.326073718","192.168.15.4","192.168.15.3","MQTT","90","Connect Command"
"552119","4015.329084132","192.168.15.4","192.168.15.3","MQTT","97","Publish Message (id=3957) [Deviceb'Device - 2']"
"552120","4015.329497524","192.168.15.3","192.168.15.4","MQTT","70","Connect Ack"
"552123","4015.332165380","192.168.15.3","192.168.15.4","MQTT","70","Publish Ack (id=3957)"
"552125","4015.332677208","192.168.15.4","192.168.15.3","MQTT","68","Disconnect Req"
"553031","4016.336080987","192.168.15.4","192.168.15.3","MQTT","90","Connect Command"
"553033","4016.339077715","192.168.15.4","192.168.15.3","MQTT","97","Publish Message (id=3958) [Deviceb'Device - 2']"
"553034","4016.339458946","192.168.15.3","192.168.15.4","MQTT","70","Connect Ack"
"553037","4016.341940109","192.168.15.3","192.168.15.4","MQTT","70","Publish Ack (id=3958)"
"553039","4016.342367016","192.168.15.4","192.168.15.3","MQTT","68","Disconnect Req"
"553059","4017.346674354","192.168.15.4","192.168.15.3","MQTT","90","Connect Command"
"553061","4017.349600317","192.168.15.4","192.168.15.3","MQTT","97","Publish Message (id=3959) [Deviceb'Device - 2']"
"553063","4017.353935787","192.168.15.3","192.168.15.4","MQTT","70","Connect Ack"
"553065","4017.357494517","192.168.15.3","192.168.15.4","MQTT","70","Publish Ack (id=3959)"
"553067","4017.357847776","192.168.15.4","192.168.15.3","MQTT","68","Disconnect Req"
"553076","4018.361943220","192.168.15.4","192.168.15.3","MQTT","90","Connect Command"
"553078","4018.364838936","192.168.15.4","192.168.15.3","MQTT","97","Publish Message (id=3960) [Deviceb'Device - 2']"
"553079","4018.365293005","192.168.15.3","192.168.15.4","MQTT","70","Connect Ack"
"553082","4018.368669661","192.168.15.3","192.168.15.4","MQTT","70","Publish Ack (id=3960)"
"553084","4018.369043548","192.168.15.4","192.168.15.3","MQTT","68","Disconnect Req"
"553103","4019.372858811","192.168.15.4","192.168.15.3","MQTT","90","Connect Command"
"553105","4019.378360366","192.168.15.4","192.168.15.3","MQTT","97","Publish Message (id=3961) [Deviceb'Device - 2']"
"553106","4019.379455216","192.168.15.3","192.168.15.4","MQTT","70","Connect Ack"
"553109","4019.381296318","192.168.15.3","192.168.15.4","MQTT","70","Publish Ack (id=3961)"
"553111","4019.381580696","192.168.15.4","192.168.15.3","MQTT","68","Disconnect Req"
"553145","4020.386109045","192.168.15.4","192.168.15.3","MQTT","90","Connect Command"
"553147","4020.389078131","192.168.15.4","192.168.15.3","MQTT","97","Publish Message (id=3962) [Deviceb'Device - 2']"
"553148","4020.389499648","192.168.15.3","192.168.15.4","MQTT","70","Connect Ack"
"553151","4020.392175028","192.168.15.3","192.168.15.4","MQTT","70","Publish Ack (id=3962)"
"553153","4020.392496206","192.168.15.4","192.168.15.3","MQTT","68","Disconnect Req"
"553200","4021.395721487","192.168.15.4","192.168.15.3","MQTT","90","Connect Command"
"553202","4021.398759363","192.168.15.4","192.168.15.3","MQTT","97","Publish Message (id=3963) [Deviceb'Device - 2']"
"553203","4021.399126507","192.168.15.3","192.168.15.4","MQTT","70","Connect Ack"
"553206","4021.401667884","192.168.15.3","192.168.15.4","MQTT","70","Publish Ack (id=3963)"
"553208","4021.402571422","192.168.15.4","192.168.15.3","MQTT","68","Disconnect Req"
"553226","4022.406551782","192.168.15.4","192.168.15.3","MQTT","90","Connect Command"
"553228","4022.409409607","192.168.15.4","192.168.15.3","MQTT","97","Publish Message (id=3964) [Deviceb'Device - 2']"
"553230","4022.413740578","192.168.15.3","192.168.15.4","MQTT","70","Connect Ack"
"553232","4022.416190652","192.168.15.3","192.168.15.4","MQTT","70","Publish Ack (id=3964)"
"553234","4022.416886407","192.168.15.4","192.168.15.3","MQTT","68","Disconnect Req"
"553253","4023.420789348","192.168.15.4","192.168.15.3","MQTT","90","Connect Command"
"553255","4023.423761128","192.168.15.4","192.168.15.3","MQTT","97","Publish Message (id=3965) [Deviceb'Device - 2']"
"553256","4023.424132631","192.168.15.3","192.168.15.4","MQTT","70","Connect Ack"
"553259","4023.427039699","192.168.15.3","192.168.15.4","MQTT","70","Publish Ack (id=3965)"
"553261","4023.427435708","192.168.15.4","192.168.15.3","MQTT","68","Disconnect Req"
"553276","4024.430830626","192.168.15.4","192.168.15.3","MQTT","90","Connect Command"
"553278","4024.433743405","192.168.15.4","192.168.15.3","MQTT","97","Publish Message (id=3966) [Deviceb'Device - 2']"
"553279","4024.434153601","192.168.15.3","192.168.15.4","MQTT","70","Connect Ack"
"553282","4024.436590660","192.168.15.3","192.168.15.4","MQTT","70","Publish Ack (id=3966)"
"553284","4024.437048566","192.168.15.4","192.168.15.3","MQTT","68","Disconnect Req"
"554148","4025.441061029","192.168.15.4","192.168.15.3","MQTT","90","Connect Command"
"554150","4025.444006350","192.168.15.4","192.168.15.3","MQTT","97","Publish Message (id=3967) [Deviceb'Device - 2']"
"554151","4025.444428638","192.168.15.3","192.168.15.4","MQTT","70","Connect Ack"
"554154","4025.446875506","192.168.15.3","192.168.15.4","MQTT","70","Publish Ack (id=3967)"
"554156","4025.447167177","192.168.15.4","192.168.15.3","MQTT","68","Disconnect Req"
"554173","4026.450903598","192.168.15.4","192.168.15.3","MQTT","90","Connect Command"
"554175","4026.453840082","192.168.15.4","192.168.15.3","MQTT","97","Publish Message (id=3968) [Deviceb'Device - 2']"
"554176","4026.454253384","192.168.15.3","192.168.15.4","MQTT","70","Connect Ack"
"554179","4026.457465990","192.168.15.3","192.168.15.4","MQTT","70","Publish Ack (id=3968)"
"554181","4026.457814188","192.168.15.4","192.168.15.3","MQTT","68","Disconnect Req"
"555265","4027.462561658","192.168.15.4","192.168.15.3","MQTT","90","Connect Command"
"555297","4027.466694855","192.168.15.4","192.168.15.3","MQTT","97","Publish Message (id=3969) [Deviceb'Device - 2']"
"555326","4027.470480194","192.168.15.3","192.168.15.4","MQTT","70","Connect Ack"
"555352","4027.474178588","192.168.15.3","192.168.15.4","MQTT","70","Publish Ack (id=3969)"
"555359","4027.474721545","192.168.15.4","192.168.15.3","MQTT","68","Disconnect Req"
"555657","4028.478380776","192.168.15.4","192.168.15.3","MQTT","90","Connect Command"
"555659","4028.481404394","192.168.15.4","192.168.15.3","MQTT","97","Publish Message (id=3970) [Deviceb'Device - 2']"
"555660","4028.481861890","192.168.15.3","192.168.15.4","MQTT","70","Connect Ack"
"555664","4028.486444046","192.168.15.3","192.168.15.4","MQTT","70","Publish Ack (id=3970)"
"555666","4028.486835927","192.168.15.4","192.168.15.3","MQTT","68","Disconnect Req"
"555679","4029.491332218","192.168.15.4","192.168.15.3","MQTT","90","Connect Command"
"555681","4029.494234888","192.168.15.4","192.168.15.3","MQTT","97","Publish Message (id=3971) [Deviceb'Device - 2']"
"555682","4029.494634273","192.168.15.3","192.168.15.4","MQTT","70","Connect Ack"
"555685","4029.497338939","192.168.15.3","192.168.15.4","MQTT","70","Publish Ack (id=3971)"
"555687","4029.497954753","192.168.15.4","192.168.15.3","MQTT","68","Disconnect Req"
"555703","4030.501937693","192.168.15.4","192.168.15.3","MQTT","90","Connect Command"
"555709","4030.504853288","192.168.15.4","192.168.15.3","MQTT","97","Publish Message (id=3972) [Deviceb'Device - 2']"
"555710","4030.505317726","192.168.15.3","192.168.15.4","MQTT","70","Connect Ack"
"555713","4030.507727584","192.168.15.3","192.168.15.4","MQTT","70","Publish Ack (id=3972)"
"555715","4030.508569967","192.168.15.4","192.168.15.3","MQTT","68","Disconnect Req"
"555751","4031.512479646","192.168.15.4","192.168.15.3","MQTT","90","Connect Command"
"555755","4031.515459822","192.168.15.4","192.168.15.3","MQTT","97","Publish Message (id=3973) [Deviceb'Device - 2']"
"555756","4031.515783834","192.168.15.3","192.168.15.4","MQTT","70","Connect Ack"
"555759","4031.518908063","192.168.15.3","192.168.15.4","MQTT","70","Publish Ack (id=3973)"
"555761","4031.519712315","192.168.15.4","192.168.15.3","MQTT","68","Disconnect Req"
"555777","4032.523976041","192.168.15.4","192.168.15.3","MQTT","90","Connect Command"
"555779","4032.526957269","192.168.15.4","192.168.15.3","MQTT","97","Publish Message (id=3974) [Deviceb'Device - 2']"
"555781","4032.531299071","192.168.15.3","192.168.15.4","MQTT","70","Connect Ack"
"555783","4032.533736781","192.168.15.3","192.168.15.4","MQTT","70","Publish Ack (id=3974)"
"555785","4032.534050254","192.168.15.4","192.168.15.3","MQTT","68","Disconnect Req"
"555802","4033.537805967","192.168.15.4","192.168.15.3","MQTT","90","Connect Command"
"555805","4033.540783839","192.168.15.4","192.168.15.3","MQTT","97","Publish Message (id=3975) [Deviceb'Device - 2']"
"555806","4033.541189847","192.168.15.3","192.168.15.4","MQTT","70","Connect Ack"
"555810","4033.543685196","192.168.15.3","192.168.15.4","MQTT","70","Publish Ack (id=3975)"
"555812","4033.543947843","192.168.15.4","192.168.15.3","MQTT","68","Disconnect Req"
"556703","4034.548277169","192.168.15.4","192.168.15.3","MQTT","90","Connect Command"
"556705","4034.551167065","192.168.15.4","192.168.15.3","MQTT","97","Publish Message (id=3976) [Deviceb'Device - 2']"
"556706","4034.551514532","192.168.15.3","192.168.15.4","MQTT","70","Connect Ack"
"556709","4034.554184371","192.168.15.3","192.168.15.4","MQTT","70","Publish Ack (id=3976)"
"556711","4034.554954538","192.168.15.4","192.168.15.3","MQTT","68","Disconnect Req"
"556723","4035.558411062","192.168.15.4","192.168.15.3","MQTT","90","Connect Command"
"556725","4035.561266672","192.168.15.4","192.168.15.3","MQTT","97","Publish Message (id=3977) [Deviceb'Device - 2']"
"556726","4035.561686156","192.168.15.3","192.168.15.4","MQTT","70","Connect Ack"
"556729","4035.564151589","192.168.15.3","192.168.15.4","MQTT","70","Publish Ack (id=3977)"
"556731","4035.564587683","192.168.15.4","192.168.15.3","MQTT","68","Disconnect Req"
"556747","4036.568371203","192.168.15.4","192.168.15.3","MQTT","90","Connect Command"
"556749","4036.575099508","192.168.15.4","192.168.15.3","MQTT","97","Publish Message (id=3978) [Deviceb'Device - 2']"
"556750","4036.575391981","192.168.15.3","192.168.15.4","MQTT","70","Connect Ack"
"556753","4036.578660613","192.168.15.3","192.168.15.4","MQTT","70","Publish Ack (id=3978)"
"556755","4036.579490273","192.168.15.4","192.168.15.3","MQTT","68","Disconnect Req"
"556764","4037.583499127","192.168.15.4","192.168.15.3","MQTT","90","Connect Command"
"556766","4037.586464926","192.168.15.4","192.168.15.3","MQTT","97","Publish Message (id=3979) [Deviceb'Device - 2']"
"556768","4037.590762363","192.168.15.3","192.168.15.4","MQTT","70","Connect Ack"
"556770","4037.593611171","192.168.15.3","192.168.15.4","MQTT","70","Publish Ack (id=3979)"
"556772","4037.594011819","192.168.15.4","192.168.15.3","MQTT","68","Disconnect Req"
"557597","4038.598139476","192.168.15.4","192.168.15.3","MQTT","90","Connect Command"
"557599","4038.601135022","192.168.15.4","192.168.15.3","MQTT","97","Publish Message (id=3980) [Deviceb'Device - 2']"
"557600","4038.601529979","192.168.15.3","192.168.15.4","MQTT","70","Connect Ack"
"557603","4038.604177336","192.168.15.3","192.168.15.4","MQTT","70","Publish Ack (id=3980)"
"557605","4038.604948815","192.168.15.4","192.168.15.3","MQTT","68","Disconnect Req"
"557619","4039.609370546","192.168.15.4","192.168.15.3","MQTT","90","Connect Command"
"557621","4039.612361773","192.168.15.4","192.168.15.3","MQTT","97","Publish Message (id=3981) [Deviceb'Device - 2']"
"557622","4039.612779593","192.168.15.3","192.168.15.4","MQTT","70","Connect Ack"
"557625","4039.615162339","192.168.15.3","192.168.15.4","MQTT","70","Publish Ack (id=3981)"
"557627","4039.615429535","192.168.15.4","192.168.15.3","MQTT","68","Disconnect Req"
"557639","4040.619789195","192.168.15.4","192.168.15.3","MQTT","90","Connect Command"
"557641","4040.622824115","192.168.15.4","192.168.15.3","MQTT","97","Publish Message (id=3982) [Deviceb'Device - 2']"
"557642","4040.623267152","192.168.15.3","192.168.15.4","MQTT","70","Connect Ack"
"557645","4040.625732275","192.168.15.3","192.168.15.4","MQTT","70","Publish Ack (id=3982)"
"557647","4040.626399276","192.168.15.4","192.168.15.3","MQTT","68","Disconnect Req"
"557665","4041.630577131","192.168.15.4","192.168.15.3","MQTT","90","Connect Command"
"557667","4041.633529475","192.168.15.4","192.168.15.3","MQTT","97","Publish Message (id=3983) [Deviceb'Device - 2']"
"557668","4041.633951162","192.168.15.3","192.168.15.4","MQTT","70","Connect Ack"
"557671","4041.636484283","192.168.15.3","192.168.15.4","MQTT","70","Publish Ack (id=3983)"
"557673","4041.636812002","192.168.15.4","192.168.15.3","MQTT","68","Disconnect Req"
"557700","4042.640372662","192.168.15.4","192.168.15.3","MQTT","90","Connect Command"
"557702","4042.643304097","192.168.15.4","192.168.15.3","MQTT","97","Publish Message (id=3984) [Deviceb'Device - 2']"
"557704","4042.647507967","192.168.15.3","192.168.15.4","MQTT","70","Connect Ack"
"557706","4042.649950817","192.168.15.3","192.168.15.4","MQTT","70","Publish Ack (id=3984)"
"557708","4042.650576590","192.168.15.4","192.168.15.3","MQTT","68","Disconnect Req"
"558310","4043.655135614","192.168.15.4","192.168.15.3","MQTT","90","Connect Command"
"558376","4043.661512234","192.168.15.4","192.168.15.3","MQTT","97","Publish Message (id=3985) [Deviceb'Device - 2']"
"558377","4043.661525579","192.168.15.3","192.168.15.4","MQTT","70","Connect Ack"
"558412","4043.664873191","192.168.15.3","192.168.15.4","MQTT","70","Publish Ack (id=3985)"
"558414","4043.665184960","192.168.15.4","192.168.15.3","MQTT","68","Disconnect Req"
"558621","4044.670047386","192.168.15.4","192.168.15.3","MQTT","90","Connect Command"
"558623","4044.672775936","192.168.15.4","192.168.15.3","MQTT","97","Publish Message (id=3986) [Deviceb'Device - 2']"
"558624","4044.673191622","192.168.15.3","192.168.15.4","MQTT","70","Connect Ack"
"558627","4044.675700417","192.168.15.3","192.168.15.4","MQTT","70","Publish Ack (id=3986)"
"558629","4044.676550304","192.168.15.4","192.168.15.3","MQTT","68","Disconnect Req"
"558638","4045.681214383","192.168.15.4","192.168.15.3","MQTT","90","Connect Command"
"558640","4045.684284429","192.168.15.4","192.168.15.3","MQTT","97","Publish Message (id=3987) [Deviceb'Device - 2']"
"558641","4045.684641254","192.168.15.3","192.168.15.4","MQTT","70","Connect Ack"
"558644","4045.687211385","192.168.15.3","192.168.15.4","MQTT","70","Publish Ack (id=3987)"
"558646","4045.687790019","192.168.15.4","192.168.15.3","MQTT","68","Disconnect Req"
"558675","4046.692110677","192.168.15.4","192.168.15.3","MQTT","90","Connect Command"
"558677","4046.694990393","192.168.15.4","192.168.15.3","MQTT","97","Publish Message (id=3988) [Deviceb'Device - 2']"
"558678","4046.695457166","192.168.15.3","192.168.15.4","MQTT","70","Connect Ack"
"558681","4046.698041333","192.168.15.3","192.168.15.4","MQTT","70","Publish Ack (id=3988)"
"558683","4046.698504839","192.168.15.4","192.168.15.3","MQTT","68","Disconnect Req"
"558695","4047.702629633","192.168.15.4","192.168.15.3","MQTT","90","Connect Command"
"558697","4047.705650627","192.168.15.4","192.168.15.3","MQTT","97","Publish Message (id=3989) [Deviceb'Device - 2']"
"558699","4047.709899933","192.168.15.3","192.168.15.4","MQTT","70","Connect Ack"
"558701","4047.712395293","192.168.15.3","192.168.15.4","MQTT","70","Publish Ack (id=3989)"
"558703","4047.712843280","192.168.15.4","192.168.15.3","MQTT","68","Disconnect Req"
"559532","4048.716661575","192.168.15.4","192.168.15.3","MQTT","90","Connect Command"
"559534","4048.719397639","192.168.15.4","192.168.15.3","MQTT","97","Publish Message (id=3990) [Deviceb'Device - 2']"
"559535","4048.719822012","192.168.15.3","192.168.15.4","MQTT","70","Connect Ack"
"559538","4048.722410938","192.168.15.3","192.168.15.4","MQTT","70","Publish Ack (id=3990)"
"559540","4048.722735362","192.168.15.4","192.168.15.3","MQTT","68","Disconnect Req"
"559552","4049.726495605","192.168.15.4","192.168.15.3","MQTT","90","Connect Command"
"559554","4049.729492293","192.168.15.4","192.168.15.3","MQTT","97","Publish Message (id=3991) [Deviceb'Device - 2']"
"559555","4049.729892700","192.168.15.3","192.168.15.4","MQTT","70","Connect Ack"
"559558","4049.732403679","192.168.15.3","192.168.15.4","MQTT","70","Publish Ack (id=3991)"
"559560","4049.732712193","192.168.15.4","192.168.15.3","MQTT","68","Disconnect Req"
"559572","4050.737669869","192.168.15.4","192.168.15.3","MQTT","90","Connect Command"
"559574","4050.739932769","192.168.15.4","192.168.15.3","MQTT","97","Publish Message (id=3992) [Deviceb'Device - 2']"
"559577","4050.740333426","192.168.15.3","192.168.15.4","MQTT","70","Connect Ack"
"559581","4050.742864703","192.168.15.3","192.168.15.4","MQTT","70","Publish Ack (id=3992)"
"559583","4050.743192123","192.168.15.4","192.168.15.3","MQTT","68","Disconnect Req"
"559620","4051.746809532","192.168.15.4","192.168.15.3","MQTT","90","Connect Command"
"559622","4051.750359416","192.168.15.4","192.168.15.3","MQTT","97","Publish Message (id=3993) [Deviceb'Device - 2']"
"559623","4051.750597095","192.168.15.3","192.168.15.4","MQTT","70","Connect Ack"
"559626","4051.753338630","192.168.15.3","192.168.15.4","MQTT","70","Publish Ack (id=3993)"
"559628","4051.753788822","192.168.15.4","192.168.15.3","MQTT","68","Disconnect Req"
"559664","4052.757457907","192.168.15.4","192.168.15.3","MQTT","90","Connect Command"
"559666","4052.760473961","192.168.15.4","192.168.15.3","MQTT","97","Publish Message (id=3994) [Deviceb'Device - 2']"
"559668","4052.764759275","192.168.15.3","192.168.15.4","MQTT","70","Connect Ack"
"559670","4052.767265936","192.168.15.3","192.168.15.4","MQTT","70","Publish Ack (id=3994)"
"559672","4052.768022978","192.168.15.4","192.168.15.3","MQTT","68","Disconnect Req"
"560528","4053.772295803","192.168.15.4","192.168.15.3","MQTT","90","Connect Command"
"560530","4053.775315383","192.168.15.4","192.168.15.3","MQTT","97","Publish Message (id=3995) [Deviceb'Device - 2']"
"560531","4053.775774872","192.168.15.3","192.168.15.4","MQTT","70","Connect Ack"
"560534","4053.778263739","192.168.15.3","192.168.15.4","MQTT","70","Publish Ack (id=3995)"
"560536","4053.778909561","192.168.15.4","192.168.15.3","MQTT","68","Disconnect Req"
"560576","4054.782795756","192.168.15.4","192.168.15.3","MQTT","90","Connect Command"
"560578","4054.785785791","192.168.15.4","192.168.15.3","MQTT","97","Publish Message (id=3996) [Deviceb'Device - 2']"
"560579","4054.786170048","192.168.15.3","192.168.15.4","MQTT","70","Connect Ack"
"560582","4054.788814409","192.168.15.3","192.168.15.4","MQTT","70","Publish Ack (id=3996)"
"560584","4054.789147649","192.168.15.4","192.168.15.3","MQTT","68","Disconnect Req"
"560602","4055.793133679","192.168.15.4","192.168.15.3","MQTT","90","Connect Command"
"560604","4055.796026931","192.168.15.4","192.168.15.3","MQTT","97","Publish Message (id=3997) [Deviceb'Device - 2']"
"560605","4055.796425855","192.168.15.3","192.168.15.4","MQTT","70","Connect Ack"
"560608","4055.798841033","192.168.15.3","192.168.15.4","MQTT","70","Publish Ack (id=3997)"
"560610","4055.799279712","192.168.15.4","192.168.15.3","MQTT","68","Disconnect Req"
"560629","4056.803140905","192.168.15.4","192.168.15.3","MQTT","90","Connect Command"
"560631","4056.806098509","192.168.15.4","192.168.15.3","MQTT","97","Publish Message (id=3998) [Deviceb'Device - 2']"
"560632","4056.806503254","192.168.15.3","192.168.15.4","MQTT","70","Connect Ack"
"560635","4056.808910457","192.168.15.3","192.168.15.4","MQTT","70","Publish Ack (id=3998)"
"560637","4056.809224370","192.168.15.4","192.168.15.3","MQTT","68","Disconnect Req"
"560649","4057.813222510","192.168.15.4","192.168.15.3","MQTT","90","Connect Command"
"560651","4057.816159044","192.168.15.4","192.168.15.3","MQTT","97","Publish Message (id=3999) [Deviceb'Device - 2']"
"560653","4057.820319452","192.168.15.3","192.168.15.4","MQTT","70","Connect Ack"
"560655","4057.822753495","192.168.15.3","192.168.15.4","MQTT","70","Publish Ack (id=3999)"
"560657","4057.823421699","192.168.15.4","192.168.15.3","MQTT","68","Disconnect Req"
"560675","4058.827506411","192.168.15.4","192.168.15.3","MQTT","90","Connect Command"
"560677","4058.832279338","192.168.15.4","192.168.15.3","MQTT","97","Publish Message (id=4000) [Deviceb'Device - 2']"
"560678","4058.832687279","192.168.15.3","192.168.15.4","MQTT","70","Connect Ack"
"560681","4058.835303817","192.168.15.3","192.168.15.4","MQTT","70","Publish Ack (id=4000)"
"560683","4058.835874717","192.168.15.4","192.168.15.3","MQTT","68","Disconnect Req"
"561561","4059.840166317","192.168.15.4","192.168.15.3","MQTT","90","Connect Command"
"561563","4059.843143568","192.168.15.4","192.168.15.3","MQTT","97","Publish Message (id=4001) [Deviceb'Device - 2']"
"561564","4059.843493530","192.168.15.3","192.168.15.4","MQTT","70","Connect Ack"
"561567","4059.846215147","192.168.15.3","192.168.15.4","MQTT","70","Publish Ack (id=4001)"
"561569","4059.846618730","192.168.15.4","192.168.15.3","MQTT","68","Disconnect Req"
"561599","4060.850552032","192.168.15.4","192.168.15.3","MQTT","90","Connect Command"
"561601","4060.853373808","192.168.15.4","192.168.15.3","MQTT","97","Publish Message (id=4002) [Deviceb'Device - 2']"
"561602","4060.853815504","192.168.15.3","192.168.15.4","MQTT","70","Connect Ack"
"561605","4060.856382078","192.168.15.3","192.168.15.4","MQTT","70","Publish Ack (id=4002)"
"561607","4060.856800599","192.168.15.4","192.168.15.3","MQTT","68","Disconnect Req"
"561636","4061.860989660","192.168.15.4","192.168.15.3","MQTT","90","Connect Command"
"561638","4061.864023197","192.168.15.4","192.168.15.3","MQTT","97","Publish Message (id=4003) [Deviceb'Device - 2']"
"561639","4061.864518303","192.168.15.3","192.168.15.4","MQTT","70","Connect Ack"
"561642","4061.867587267","192.168.15.3","192.168.15.4","MQTT","70","Publish Ack (id=4003)"
"561644","4061.867885000","192.168.15.4","192.168.15.3","MQTT","68","Disconnect Req"
"561659","4062.871586017","192.168.15.4","192.168.15.3","MQTT","90","Connect Command"
"561661","4062.874569199","192.168.15.4","192.168.15.3","MQTT","97","Publish Message (id=4004) [Deviceb'Device - 2']"
"561663","4062.878911040","192.168.15.3","192.168.15.4","MQTT","70","Connect Ack"
"561666","4062.881430485","192.168.15.3","192.168.15.4","MQTT","70","Publish Ack (id=4004)"
"561668","4062.881885275","192.168.15.4","192.168.15.3","MQTT","68","Disconnect Req"
"561691","4063.886235087","192.168.15.4","192.168.15.3","MQTT","90","Connect Command"
"561693","4063.889171560","192.168.15.4","192.168.15.3","MQTT","97","Publish Message (id=4005) [Deviceb'Device - 2']"
"561694","4063.889604739","192.168.15.3","192.168.15.4","MQTT","70","Connect Ack"
"561697","4063.892193265","192.168.15.3","192.168.15.4","MQTT","70","Publish Ack (id=4005)"
"561699","4063.892822536","192.168.15.4","192.168.15.3","MQTT","68","Disconnect Req"
"562684","4064.896317831","192.168.15.4","192.168.15.3","MQTT","90","Connect Command"
"562686","4064.899279132","192.168.15.4","192.168.15.3","MQTT","97","Publish Message (id=4006) [Deviceb'Device - 2']"
"562687","4064.899719765","192.168.15.3","192.168.15.4","MQTT","70","Connect Ack"
"562690","4064.902206207","192.168.15.3","192.168.15.4","MQTT","70","Publish Ack (id=4006)"
"562692","4064.902541752","192.168.15.4","192.168.15.3","MQTT","68","Disconnect Req"
"562708","4065.906602173","192.168.15.4","192.168.15.3","MQTT","90","Connect Command"
"562710","4065.909416035","192.168.15.4","192.168.15.3","MQTT","97","Publish Message (id=4007) [Deviceb'Device - 2']"
"562711","4065.909768892","192.168.15.3","192.168.15.4","MQTT","70","Connect Ack"
"562714","4065.912523742","192.168.15.3","192.168.15.4","MQTT","70","Publish Ack (id=4007)"
"562716","4065.913244265","192.168.15.4","192.168.15.3","MQTT","68","Disconnect Req"
"562741","4066.917145213","192.168.15.4","192.168.15.3","MQTT","90","Connect Command"
"562743","4066.921923039","192.168.15.4","192.168.15.3","MQTT","97","Publish Message (id=4008) [Deviceb'Device - 2']"
"562744","4066.922381997","192.168.15.3","192.168.15.4","MQTT","70","Connect Ack"
"562747","4066.924888678","192.168.15.3","192.168.15.4","MQTT","70","Publish Ack (id=4008)"
"562749","4066.925640459","192.168.15.4","192.168.15.3","MQTT","68","Disconnect Req"
"562761","4067.929590037","192.168.15.4","192.168.15.3","MQTT","90","Connect Command"
"562763","4067.932486084","192.168.15.4","192.168.15.3","MQTT","97","Publish Message (id=4009) [Deviceb'Device - 2']"
"562764","4067.932893955","192.168.15.3","192.168.15.4","MQTT","70","Connect Ack"
"562767","4067.935363796","192.168.15.3","192.168.15.4","MQTT","70","Publish Ack (id=4009)"
"562769","4067.936019506","192.168.15.4","192.168.15.3","MQTT","68","Disconnect Req"
"562783","4068.940627730","192.168.15.4","192.168.15.3","MQTT","90","Connect Command"
"562785","4068.943564293","192.168.15.4","192.168.15.3","MQTT","97","Publish Message (id=4010) [Deviceb'Device - 2']"
"562786","4068.943990570","192.168.15.3","192.168.15.4","MQTT","70","Connect Ack"
"562789","4068.946476802","192.168.15.3","192.168.15.4","MQTT","70","Publish Ack (id=4010)"
"562791","4068.947054704","192.168.15.4","192.168.15.3","MQTT","68","Disconnect Req"
"564122","4069.950686118","192.168.15.4","192.168.15.3","MQTT","90","Connect Command"
"564124","4069.953749702","192.168.15.4","192.168.15.3","MQTT","97","Publish Message (id=4011) [Deviceb'Device - 2']"
"564125","4069.954138137","192.168.15.3","192.168.15.4","MQTT","70","Connect Ack"
"564128","4069.956696185","192.168.15.3","192.168.15.4","MQTT","70","Publish Ack (id=4011)"
"564130","4069.957408673","192.168.15.4","192.168.15.3","MQTT","68","Disconnect Req"
"564144","4070.961176532","192.168.15.4","192.168.15.3","MQTT","90","Connect Command"
"564146","4070.964098959","192.168.15.4","192.168.15.3","MQTT","97","Publish Message (id=4012) [Deviceb'Device - 2']"
"564147","4070.964532709","192.168.15.3","192.168.15.4","MQTT","70","Connect Ack"
"564150","4070.967104583","192.168.15.3","192.168.15.4","MQTT","70","Publish Ack (id=4012)"
"564152","4070.967864761","192.168.15.4","192.168.15.3","MQTT","68","Disconnect Req"
"564170","4071.972069416","192.168.15.4","192.168.15.3","MQTT","90","Connect Command"
"564172","4071.974973148","192.168.15.4","192.168.15.3","MQTT","97","Publish Message (id=4013) [Deviceb'Device - 2']"
"564173","4071.975372523","192.168.15.3","192.168.15.4","MQTT","70","Connect Ack"
"564176","4071.977952091","192.168.15.3","192.168.15.4","MQTT","70","Publish Ack (id=4013)"
"564178","4071.978747896","192.168.15.4","192.168.15.3","MQTT","68","Disconnect Req"
"564190","4072.982548133","192.168.15.4","192.168.15.3","MQTT","90","Connect Command"
"564192","4072.985584556","192.168.15.4","192.168.15.3","MQTT","97","Publish Message (id=4014) [Deviceb'Device - 2']"
"564194","4072.989904696","192.168.15.3","192.168.15.4","MQTT","70","Connect Ack"
"564196","4072.992333269","192.168.15.3","192.168.15.4","MQTT","70","Publish Ack (id=4014)"
"564198","4072.992685515","192.168.15.4","192.168.15.3","MQTT","68","Disconnect Req"
"564226","4073.996623533","192.168.15.4","192.168.15.3","MQTT","90","Connect Command"
"564228","4073.999633154","192.168.15.4","192.168.15.3","MQTT","97","Publish Message (id=4015) [Deviceb'Device - 2']"
"564229","4074.000043020","192.168.15.3","192.168.15.4","MQTT","70","Connect Ack"
"564232","4074.002778132","192.168.15.3","192.168.15.4","MQTT","70","Publish Ack (id=4015)"
"564234","4074.003168180","192.168.15.4","192.168.15.3","MQTT","68","Disconnect Req"
"564249","4075.006899123","192.168.15.4","192.168.15.3","MQTT","90","Connect Command"
"564251","4075.009694609","192.168.15.4","192.168.15.3","MQTT","97","Publish Message (id=4016) [Deviceb'Device - 2']"
"564252","4075.010049521","192.168.15.3","192.168.15.4","MQTT","70","Connect Ack"
"564255","4075.012525343","192.168.15.3","192.168.15.4","MQTT","70","Publish Ack (id=4016)"
"564257","4075.012959344","192.168.15.4","192.168.15.3","MQTT","68","Disconnect Req"
"565146","4076.017215368","192.168.15.4","192.168.15.3","MQTT","90","Connect Command"
"565148","4076.020179494","192.168.15.4","192.168.15.3","MQTT","97","Publish Message (id=4017) [Deviceb'Device - 2']"
"565149","4076.020536629","192.168.15.3","192.168.15.4","MQTT","70","Connect Ack"
"565152","4076.023207731","192.168.15.3","192.168.15.4","MQTT","70","Publish Ack (id=4017)"
"565154","4076.023836099","192.168.15.4","192.168.15.3","MQTT","68","Disconnect Req"
"565169","4077.028020697","192.168.15.4","192.168.15.3","MQTT","90","Connect Command"
"565171","4077.030959895","192.168.15.4","192.168.15.3","MQTT","97","Publish Message (id=4018) [Deviceb'Device - 2']"
"565172","4077.031348139","192.168.15.3","192.168.15.4","MQTT","70","Connect Ack"
"565175","4077.033845683","192.168.15.3","192.168.15.4","MQTT","70","Publish Ack (id=4018)"
"565177","4077.034416612","192.168.15.4","192.168.15.3","MQTT","68","Disconnect Req"
"565189","4078.038211221","192.168.15.4","192.168.15.3","MQTT","90","Connect Command"
"565191","4078.041086809","192.168.15.4","192.168.15.3","MQTT","97","Publish Message (id=4019) [Deviceb'Device - 2']"
"565193","4078.045368757","192.168.15.3","192.168.15.4","MQTT","70","Connect Ack"
"565195","4078.047817498","192.168.15.3","192.168.15.4","MQTT","70","Publish Ack (id=4019)"
"565197","4078.048478378","192.168.15.4","192.168.15.3","MQTT","68","Disconnect Req"
"565211","4079.053018587","192.168.15.4","192.168.15.3","MQTT","90","Connect Command"
"565213","4079.055828211","192.168.15.4","192.168.15.3","MQTT","97","Publish Message (id=4020) [Deviceb'Device - 2']"
"565214","4079.056270708","192.168.15.3","192.168.15.4","MQTT","70","Connect Ack"
"565217","4079.058752432","192.168.15.3","192.168.15.4","MQTT","70","Publish Ack (id=4020)"
"565219","4079.059294898","192.168.15.4","192.168.15.3","MQTT","68","Disconnect Req"
"565233","4080.063187899","192.168.15.4","192.168.15.3","MQTT","90","Connect Command"
"565235","4080.066175099","192.168.15.4","192.168.15.3","MQTT","97","Publish Message (id=4021) [Deviceb'Device - 2']"
"565236","4080.066580856","192.168.15.3","192.168.15.4","MQTT","70","Connect Ack"
"565239","4080.069219907","192.168.15.3","192.168.15.4","MQTT","70","Publish Ack (id=4021)"
"565241","4080.069627999","192.168.15.4","192.168.15.3","MQTT","68","Disconnect Req"
"566098","4081.073649822","192.168.15.4","192.168.15.3","MQTT","90","Connect Command"
"566100","4081.076557260","192.168.15.4","192.168.15.3","MQTT","97","Publish Message (id=4022) [Deviceb'Device - 2']"
"566101","4081.077247035","192.168.15.3","192.168.15.4","MQTT","70","Connect Ack"
"566104","4081.079406659","192.168.15.3","192.168.15.4","MQTT","70","Publish Ack (id=4022)"
"566106","4081.079744969","192.168.15.4","192.168.15.3","MQTT","68","Disconnect Req"
"566120","4082.084150196","192.168.15.4","192.168.15.3","MQTT","90","Connect Command"
"566123","4082.087055530","192.168.15.4","192.168.15.3","MQTT","97","Publish Message (id=4023) [Deviceb'Device - 2']"
"566124","4082.087470295","192.168.15.3","192.168.15.4","MQTT","70","Connect Ack"
"566127","4082.089986163","192.168.15.3","192.168.15.4","MQTT","70","Publish Ack (id=4023)"
"566129","4082.090364919","192.168.15.4","192.168.15.3","MQTT","68","Disconnect Req"
"566141","4083.094665717","192.168.15.4","192.168.15.3","MQTT","90","Connect Command"
"566143","4083.097541175","192.168.15.4","192.168.15.3","MQTT","97","Publish Message (id=4024) [Deviceb'Device - 2']"
"566145","4083.101895550","192.168.15.3","192.168.15.4","MQTT","70","Connect Ack"
"566148","4083.104812766","192.168.15.3","192.168.15.4","MQTT","70","Publish Ack (id=4024)"
"566150","4083.105143151","192.168.15.4","192.168.15.3","MQTT","68","Disconnect Req"
"566162","4084.110081803","192.168.15.4","192.168.15.3","MQTT","90","Connect Command"
"566164","4084.112976107","192.168.15.4","192.168.15.3","MQTT","97","Publish Message (id=4025) [Deviceb'Device - 2']"
"566165","4084.113395059","192.168.15.3","192.168.15.4","MQTT","70","Connect Ack"
"566168","4084.115867024","192.168.15.3","192.168.15.4","MQTT","70","Publish Ack (id=4025)"
"566170","4084.116192961","192.168.15.4","192.168.15.3","MQTT","68","Disconnect Req"
"566185","4085.120333230","192.168.15.4","192.168.15.3","MQTT","90","Connect Command"
"566187","4085.122990816","192.168.15.4","192.168.15.3","MQTT","97","Publish Message (id=4026) [Deviceb'Device - 2']"
"566188","4085.123432982","192.168.15.3","192.168.15.4","MQTT","70","Connect Ack"
"566191","4085.125947788","192.168.15.3","192.168.15.4","MQTT","70","Publish Ack (id=4026)"
"566193","4085.126320563","192.168.15.4","192.168.15.3","MQTT","68","Disconnect Req"
"567045","4086.129962510","192.168.15.4","192.168.15.3","MQTT","90","Connect Command"
"567047","4086.132853397","192.168.15.4","192.168.15.3","MQTT","97","Publish Message (id=4027) [Deviceb'Device - 2']"
"567048","4086.133190906","192.168.15.3","192.168.15.4","MQTT","70","Connect Ack"
"567051","4086.135690232","192.168.15.3","192.168.15.4","MQTT","70","Publish Ack (id=4027)"
"567053","4086.136336855","192.168.15.4","192.168.15.3","MQTT","68","Disconnect Req"
"567068","4087.140590195","192.168.15.4","192.168.15.3","MQTT","90","Connect Command"
"567070","4087.143994423","192.168.15.4","192.168.15.3","MQTT","97","Publish Message (id=4028) [Deviceb'Device - 2']"
"567071","4087.144336590","192.168.15.3","192.168.15.4","MQTT","70","Connect Ack"
"567074","4087.146975882","192.168.15.3","192.168.15.4","MQTT","70","Publish Ack (id=4028)"
"567076","4087.147606795","192.168.15.4","192.168.15.3","MQTT","68","Disconnect Req"
"567104","4088.151602577","192.168.15.4","192.168.15.3","MQTT","90","Connect Command"
"567106","4088.154385460","192.168.15.4","192.168.15.3","MQTT","97","Publish Message (id=4029) [Deviceb'Device - 2']"
"567107","4088.154808690","192.168.15.3","192.168.15.4","MQTT","70","Connect Ack"
"567110","4088.157328886","192.168.15.3","192.168.15.4","MQTT","70","Publish Ack (id=4029)"
"567112","4088.157878696","192.168.15.4","192.168.15.3","MQTT","68","Disconnect Req"
"567124","4089.161520285","192.168.15.4","192.168.15.3","MQTT","90","Connect Command"
"567127","4089.164406804","192.168.15.4","192.168.15.3","MQTT","97","Publish Message (id=4030) [Deviceb'Device - 2']"
"567128","4089.164864048","192.168.15.3","192.168.15.4","MQTT","70","Connect Ack"
"567131","4089.167123862","192.168.15.3","192.168.15.4","MQTT","70","Publish Ack (id=4030)"
"567133","4089.167627615","192.168.15.4","192.168.15.3","MQTT","68","Disconnect Req"
"567146","4090.171624456","192.168.15.4","192.168.15.3","MQTT","90","Connect Command"
"567148","4090.174488192","192.168.15.4","192.168.15.3","MQTT","97","Publish Message (id=4031) [Deviceb'Device - 2']"
"567149","4090.174887597","192.168.15.3","192.168.15.4","MQTT","70","Connect Ack"
"567152","4090.177444914","192.168.15.3","192.168.15.4","MQTT","70","Publish Ack (id=4031)"
"567154","4090.178026023","192.168.15.4","192.168.15.3","MQTT","68","Disconnect Req"
"567188","4091.182253348","192.168.15.4","192.168.15.3","MQTT","90","Connect Command"
"567190","4091.185152811","192.168.15.4","192.168.15.3","MQTT","97","Publish Message (id=4032) [Deviceb'Device - 2']"
"567191","4091.185583576","192.168.15.3","192.168.15.4","MQTT","70","Connect Ack"
"567194","4091.187933730","192.168.15.3","192.168.15.4","MQTT","70","Publish Ack (id=4032)"
"567196","4091.188479051","192.168.15.4","192.168.15.3","MQTT","68","Disconnect Req"
"567539","4092.192712236","192.168.15.4","192.168.15.3","MQTT","90","Connect Command"
"567541","4092.195674057","192.168.15.4","192.168.15.3","MQTT","97","Publish Message (id=4033) [Deviceb'Device - 2']"
"567542","4092.196082459","192.168.15.3","192.168.15.4","MQTT","70","Connect Ack"
"567545","4092.199436332","192.168.15.3","192.168.15.4","MQTT","70","Publish Ack (id=4033)"
"567547","4092.199950384","192.168.15.4","192.168.15.3","MQTT","68","Disconnect Req"
"567569","4093.204009257","192.168.15.4","192.168.15.3","MQTT","90","Connect Command"
"567571","4093.206900184","192.168.15.4","192.168.15.3","MQTT","97","Publish Message (id=4034) [Deviceb'Device - 2']"
"567573","4093.211202451","192.168.15.3","192.168.15.4","MQTT","70","Connect Ack"
"567575","4093.213641073","192.168.15.3","192.168.15.4","MQTT","70","Publish Ack (id=4034)"
"567577","4093.214184250","192.168.15.4","192.168.15.3","MQTT","68","Disconnect Req"
"567605","4094.218458709","192.168.15.4","192.168.15.3","MQTT","90","Connect Command"
"567607","4094.221357361","192.168.15.4","192.168.15.3","MQTT","97","Publish Message (id=4035) [Deviceb'Device - 2']"
"567608","4094.222601424","192.168.15.3","192.168.15.4","MQTT","70","Connect Ack"
"567611","4094.224321928","192.168.15.3","192.168.15.4","MQTT","70","Publish Ack (id=4035)"
"567613","4094.224612026","192.168.15.4","192.168.15.3","MQTT","68","Disconnect Req"
"568252","4095.228642743","192.168.15.4","192.168.15.3","MQTT","90","Connect Command"
"568254","4095.231653577","192.168.15.4","192.168.15.3","MQTT","97","Publish Message (id=4036) [Deviceb'Device - 2']"
"568255","4095.232074423","192.168.15.3","192.168.15.4","MQTT","70","Connect Ack"
"568258","4095.234661957","192.168.15.3","192.168.15.4","MQTT","70","Publish Ack (id=4036)"
"568260","4095.235177692","192.168.15.4","192.168.15.3","MQTT","68","Disconnect Req"
"568275","4096.238720283","192.168.15.4","192.168.15.3","MQTT","90","Connect Command"
"568277","4096.241714265","192.168.15.4","192.168.15.3","MQTT","97","Publish Message (id=4037) [Deviceb'Device - 2']"
"568278","4096.242130883","192.168.15.3","192.168.15.4","MQTT","70","Connect Ack"
"568281","4096.244755687","192.168.15.3","192.168.15.4","MQTT","70","Publish Ack (id=4037)"
"568283","4096.245087905","192.168.15.4","192.168.15.3","MQTT","68","Disconnect Req"
"569124","4097.248868184","192.168.15.4","192.168.15.3","MQTT","90","Connect Command"
"569126","4097.251865433","192.168.15.4","192.168.15.3","MQTT","97","Publish Message (id=4038) [Deviceb'Device - 2']"
"569127","4097.252304493","192.168.15.3","192.168.15.4","MQTT","70","Connect Ack"
"569130","4097.254820000","192.168.15.3","192.168.15.4","MQTT","70","Publish Ack (id=4038)"
"569132","4097.255388656","192.168.15.4","192.168.15.3","MQTT","68","Disconnect Req"
"569148","4098.259409027","192.168.15.4","192.168.15.3","MQTT","90","Connect Command"
"569150","4098.262349027","192.168.15.4","192.168.15.3","MQTT","97","Publish Message (id=4039) [Deviceb'Device - 2']"
"569152","4098.266713661","192.168.15.3","192.168.15.4","MQTT","70","Connect Ack"
"569154","4098.269127676","192.168.15.3","192.168.15.4","MQTT","70","Publish Ack (id=4039)"
"569156","4098.269687255","192.168.15.4","192.168.15.3","MQTT","68","Disconnect Req"
"569164","4099.273609400","192.168.15.4","192.168.15.3","MQTT","90","Connect Command"
"569166","4099.276656212","192.168.15.4","192.168.15.3","MQTT","97","Publish Message (id=4040) [Deviceb'Device - 2']"
"569167","4099.277043414","192.168.15.3","192.168.15.4","MQTT","70","Connect Ack"
"569170","4099.279636467","192.168.15.3","192.168.15.4","MQTT","70","Publish Ack (id=4040)"
"569172","4099.280373070","192.168.15.4","192.168.15.3","MQTT","68","Disconnect Req"
"569188","4100.284759562","192.168.15.4","192.168.15.3","MQTT","90","Connect Command"
"569190","4100.287651591","192.168.15.4","192.168.15.3","MQTT","97","Publish Message (id=4041) [Deviceb'Device - 2']"
"569191","4100.288494976","192.168.15.3","192.168.15.4","MQTT","70","Connect Ack"
"569194","4100.290682563","192.168.15.3","192.168.15.4","MQTT","70","Publish Ack (id=4041)"
"569196","4100.291204560","192.168.15.4","192.168.15.3","MQTT","68","Disconnect Req"
"569228","4101.295071117","192.168.15.4","192.168.15.3","MQTT","90","Connect Command"
"569230","4101.300854704","192.168.15.4","192.168.15.3","MQTT","97","Publish Message (id=4042) [Deviceb'Device - 2']"
"569231","4101.301570738","192.168.15.3","192.168.15.4","MQTT","70","Connect Ack"
"569234","4101.303846903","192.168.15.3","192.168.15.4","MQTT","70","Publish Ack (id=4042)"
"569236","4101.304225138","192.168.15.4","192.168.15.3","MQTT","68","Disconnect Req"
"570136","4102.308341585","192.168.15.4","192.168.15.3","MQTT","90","Connect Command"
"570138","4102.311341970","192.168.15.4","192.168.15.3","MQTT","97","Publish Message (id=4043) [Deviceb'Device - 2']"
"570139","4102.312468881","192.168.15.3","192.168.15.4","MQTT","70","Connect Ack"
"570142","4102.314178153","192.168.15.3","192.168.15.4","MQTT","70","Publish Ack (id=4043)"
"570144","4102.314425441","192.168.15.4","192.168.15.3","MQTT","68","Disconnect Req"
"570158","4103.317987918","192.168.15.4","192.168.15.3","MQTT","90","Connect Command"
"570160","4103.321001227","192.168.15.4","192.168.15.3","MQTT","97","Publish Message (id=4044) [Deviceb'Device - 2']"
"570162","4103.325370811","192.168.15.3","192.168.15.4","MQTT","70","Connect Ack"
"570164","4103.327834179","192.168.15.3","192.168.15.4","MQTT","70","Publish Ack (id=4044)"
"570166","4103.328091256","192.168.15.4","192.168.15.3","MQTT","68","Disconnect Req"
"570178","4104.331656867","192.168.15.4","192.168.15.3","MQTT","90","Connect Command"
"570180","4104.334680355","192.168.15.4","192.168.15.3","MQTT","97","Publish Message (id=4045) [Deviceb'Device - 2']"
"570181","4104.335149322","192.168.15.3","192.168.15.4","MQTT","70","Connect Ack"
"570184","4104.337519554","192.168.15.3","192.168.15.4","MQTT","70","Publish Ack (id=4045)"
"570186","4104.337885547","192.168.15.4","192.168.15.3","MQTT","68","Disconnect Req"
"570199","4105.342399320","192.168.15.4","192.168.15.3","MQTT","90","Connect Command"
"570201","4105.345309704","192.168.15.4","192.168.15.3","MQTT","97","Publish Message (id=4046) [Deviceb'Device - 2']"
"570202","4105.345850907","192.168.15.3","192.168.15.4","MQTT","70","Connect Ack"
"570205","4105.348188748","192.168.15.3","192.168.15.4","MQTT","70","Publish Ack (id=4046)"
"570207","4105.348782090","192.168.15.4","192.168.15.3","MQTT","68","Disconnect Req"
"570222","4106.353071938","192.168.15.4","192.168.15.3","MQTT","90","Connect Command"
"570224","4106.356008982","192.168.15.4","192.168.15.3","MQTT","97","Publish Message (id=4047) [Deviceb'Device - 2']"
"570225","4106.356399100","192.168.15.3","192.168.15.4","MQTT","70","Connect Ack"
"570228","4106.359017342","192.168.15.3","192.168.15.4","MQTT","70","Publish Ack (id=4047)"
"570230","4106.359644348","192.168.15.4","192.168.15.3","MQTT","68","Disconnect Req"
"570262","4107.363471690","192.168.15.4","192.168.15.3","MQTT","90","Connect Command"
"570264","4107.366370933","192.168.15.4","192.168.15.3","MQTT","97","Publish Message (id=4048) [Deviceb'Device - 2']"
"570265","4107.366850109","192.168.15.3","192.168.15.4","MQTT","70","Connect Ack"
"570268","4107.369326542","192.168.15.3","192.168.15.4","MQTT","70","Publish Ack (id=4048)"
"570270","4107.369922649","192.168.15.4","192.168.15.3","MQTT","68","Disconnect Req"
"571680","4108.373567024","192.168.15.4","192.168.15.3","MQTT","90","Connect Command"
"571682","4108.376486034","192.168.15.4","192.168.15.3","MQTT","97","Publish Message (id=4049) [Deviceb'Device - 2']"
"571684","4108.380831943","192.168.15.3","192.168.15.4","MQTT","70","Connect Ack"
"571686","4108.383292156","192.168.15.3","192.168.15.4","MQTT","70","Publish Ack (id=4049)"
"571688","4108.383618062","192.168.15.4","192.168.15.3","MQTT","68","Disconnect Req"
"571699","4109.387574234","192.168.15.4","192.168.15.3","MQTT","90","Connect Command"
"571701","4109.390550413","192.168.15.4","192.168.15.3","MQTT","97","Publish Message (id=4050) [Deviceb'Device - 2']"
"571702","4109.390939198","192.168.15.3","192.168.15.4","MQTT","70","Connect Ack"
"571705","4109.393606693","192.168.15.3","192.168.15.4","MQTT","70","Publish Ack (id=4050)"
"571707","4109.393991190","192.168.15.4","192.168.15.3","MQTT","68","Disconnect Req"
"571723","4110.397858332","192.168.15.4","192.168.15.3","MQTT","90","Connect Command"
"571725","4110.401129789","192.168.15.4","192.168.15.3","MQTT","97","Publish Message (id=4051) [Deviceb'Device - 2']"
"571726","4110.402061221","192.168.15.3","192.168.15.4","MQTT","70","Connect Ack"
"571729","4110.404046425","192.168.15.3","192.168.15.4","MQTT","70","Publish Ack (id=4051)"
"571731","4110.404423919","192.168.15.4","192.168.15.3","MQTT","68","Disconnect Req"
"571744","4111.408104297","192.168.15.4","192.168.15.3","MQTT","90","Connect Command"
"571746","4111.411078582","192.168.15.4","192.168.15.3","MQTT","97","Publish Message (id=4052) [Deviceb'Device - 2']"
"571747","4111.411471896","192.168.15.3","192.168.15.4","MQTT","70","Connect Ack"
"571750","4111.414130243","192.168.15.3","192.168.15.4","MQTT","70","Publish Ack (id=4052)"
"571752","4111.414858170","192.168.15.4","192.168.15.3","MQTT","68","Disconnect Req"
"571811","4112.419507309","192.168.15.4","192.168.15.3","MQTT","90","Connect Command"
"571813","4112.424024061","192.168.15.4","192.168.15.3","MQTT","97","Publish Message (id=4053) [Deviceb'Device - 2']"
"571814","4112.424398459","192.168.15.3","192.168.15.4","MQTT","70","Connect Ack"
"571817","4112.426989599","192.168.15.3","192.168.15.4","MQTT","70","Publish Ack (id=4053)"
"571819","4112.427513349","192.168.15.4","192.168.15.3","MQTT","68","Disconnect Req"
"572714","4113.431898467","192.168.15.4","192.168.15.3","MQTT","90","Connect Command"
"572716","4113.434899372","192.168.15.4","192.168.15.3","MQTT","97","Publish Message (id=4054) [Deviceb'Device - 2']"
"572718","4113.439313580","192.168.15.3","192.168.15.4","MQTT","70","Connect Ack"
"572720","4113.441917955","192.168.15.3","192.168.15.4","MQTT","70","Publish Ack (id=4054)"
"572722","4113.442188316","192.168.15.4","192.168.15.3","MQTT","68","Disconnect Req"
"572748","4114.446343428","192.168.15.4","192.168.15.3","MQTT","90","Connect Command"
"572750","4114.449321760","192.168.15.4","192.168.15.3","MQTT","97","Publish Message (id=4055) [Deviceb'Device - 2']"
"572751","4114.449728690","192.168.15.3","192.168.15.4","MQTT","70","Connect Ack"
"572754","4114.452190706","192.168.15.3","192.168.15.4","MQTT","70","Publish Ack (id=4055)"
"572756","4114.452866514","192.168.15.4","192.168.15.3","MQTT","68","Disconnect Req"
"572792","4115.456981536","192.168.15.4","192.168.15.3","MQTT","90","Connect Command"
"572794","4115.459870630","192.168.15.4","192.168.15.3","MQTT","97","Publish Message (id=4056) [Deviceb'Device - 2']"
"572795","4115.460254255","192.168.15.3","192.168.15.4","MQTT","70","Connect Ack"
"572798","4115.462721241","192.168.15.3","192.168.15.4","MQTT","70","Publish Ack (id=4056)"
"572800","4115.463070832","192.168.15.4","192.168.15.3","MQTT","68","Disconnect Req"
"572815","4116.467078020","192.168.15.4","192.168.15.3","MQTT","90","Connect Command"
"572817","4116.470084274","192.168.15.4","192.168.15.3","MQTT","97","Publish Message (id=4057) [Deviceb'Device - 2']"
"572818","4116.470491094","192.168.15.3","192.168.15.4","MQTT","70","Connect Ack"
"572821","4116.473048781","192.168.15.3","192.168.15.4","MQTT","70","Publish Ack (id=4057)"
"572823","4116.473386870","192.168.15.4","192.168.15.3","MQTT","68","Disconnect Req"
"572850","4117.477541005","192.168.15.4","192.168.15.3","MQTT","90","Connect Command"
"572852","4117.480539325","192.168.15.4","192.168.15.3","MQTT","97","Publish Message (id=4058) [Deviceb'Device - 2']"
"572853","4117.480988855","192.168.15.3","192.168.15.4","MQTT","70","Connect Ack"
"572856","4117.483449438","192.168.15.3","192.168.15.4","MQTT","70","Publish Ack (id=4058)"
"572858","4117.483685545","192.168.15.4","192.168.15.3","MQTT","68","Disconnect Req"
"573713","4118.487910852","192.168.15.4","192.168.15.3","MQTT","90","Connect Command"
"573715","4118.490854690","192.168.15.4","192.168.15.3","MQTT","97","Publish Message (id=4059) [Deviceb'Device - 2']"
"573717","4118.495303713","192.168.15.3","192.168.15.4","MQTT","70","Connect Ack"
"573719","4118.497851271","192.168.15.3","192.168.15.4","MQTT","70","Publish Ack (id=4059)"
"573721","4118.498611879","192.168.15.4","192.168.15.3","MQTT","68","Disconnect Req"
"573749","4119.502826024","192.168.15.4","192.168.15.3","MQTT","90","Connect Command"
"573751","4119.505756315","192.168.15.4","192.168.15.3","MQTT","97","Publish Message (id=4060) [Deviceb'Device - 2']"
"573752","4119.506181018","192.168.15.3","192.168.15.4","MQTT","70","Connect Ack"
"573755","4119.508751590","192.168.15.3","192.168.15.4","MQTT","70","Publish Ack (id=4060)"
"573757","4119.509349120","192.168.15.4","192.168.15.3","MQTT","68","Disconnect Req"
"573769","4120.513664373","192.168.15.4","192.168.15.3","MQTT","90","Connect Command"
"573771","4120.516556482","192.168.15.4","192.168.15.3","MQTT","97","Publish Message (id=4061) [Deviceb'Device - 2']"
"573772","4120.516956459","192.168.15.3","192.168.15.4","MQTT","70","Connect Ack"
"573775","4120.519934932","192.168.15.3","192.168.15.4","MQTT","70","Publish Ack (id=4061)"
"573777","4120.520379743","192.168.15.4","192.168.15.3","MQTT","68","Disconnect Req"
"573788","4121.524606909","192.168.15.4","192.168.15.3","MQTT","90","Connect Command"
"573790","4121.527586504","192.168.15.4","192.168.15.3","MQTT","97","Publish Message (id=4062) [Deviceb'Device - 2']"
"573791","4121.527993714","192.168.15.3","192.168.15.4","MQTT","70","Connect Ack"
"573794","4121.530512848","192.168.15.3","192.168.15.4","MQTT","70","Publish Ack (id=4062)"
"573796","4121.530819077","192.168.15.4","192.168.15.3","MQTT","68","Disconnect Req"
"573808","4122.535767336","192.168.15.4","192.168.15.3","MQTT","90","Connect Command"
"573810","4122.538970964","192.168.15.4","192.168.15.3","MQTT","97","Publish Message (id=4063) [Deviceb'Device - 2']"
"573811","4122.539315225","192.168.15.3","192.168.15.4","MQTT","70","Connect Ack"
"573814","4122.541890005","192.168.15.3","192.168.15.4","MQTT","70","Publish Ack (id=4063)"
"573816","4122.542591080","192.168.15.4","192.168.15.3","MQTT","68","Disconnect Req"
"574367","4123.546204343","192.168.15.4","192.168.15.3","MQTT","90","Connect Command"
"574400","4123.549359359","192.168.15.4","192.168.15.3","MQTT","97","Publish Message (id=4064) [Deviceb'Device - 2']"
"574442","4123.554144218","192.168.15.3","192.168.15.4","MQTT","70","Connect Ack"
"574477","4123.557421976","192.168.15.3","192.168.15.4","MQTT","70","Publish Ack (id=4064)"
"574479","4123.557836831","192.168.15.4","192.168.15.3","MQTT","68","Disconnect Req"
"574689","4124.561988349","192.168.15.4","192.168.15.3","MQTT","90","Connect Command"
"574691","4124.566174986","192.168.15.4","192.168.15.3","MQTT","97","Publish Message (id=4065) [Deviceb'Device - 2']"
"574692","4124.566541299","192.168.15.3","192.168.15.4","MQTT","70","Connect Ack"
"574695","4124.569344911","192.168.15.3","192.168.15.4","MQTT","70","Publish Ack (id=4065)"
"574697","4124.569705894","192.168.15.4","192.168.15.3","MQTT","68","Disconnect Req"
"574710","4125.573424613","192.168.15.4","192.168.15.3","MQTT","90","Connect Command"
"574712","4125.578278121","192.168.15.4","192.168.15.3","MQTT","97","Publish Message (id=4066) [Deviceb'Device - 2']"
"574713","4125.578742239","192.168.15.3","192.168.15.4","MQTT","70","Connect Ack"
"574716","4125.582461773","192.168.15.3","192.168.15.4","MQTT","70","Publish Ack (id=4066)"
"574718","4125.582717367","192.168.15.4","192.168.15.3","MQTT","68","Disconnect Req"
"574733","4126.586433979","192.168.15.4","192.168.15.3","MQTT","90","Connect Command"
"574735","4126.589640974","192.168.15.4","192.168.15.3","MQTT","97","Publish Message (id=4067) [Deviceb'Device - 2']"
"574736","4126.590075516","192.168.15.3","192.168.15.4","MQTT","70","Connect Ack"
"574739","4126.593075619","192.168.15.3","192.168.15.4","MQTT","70","Publish Ack (id=4067)"
"574741","4126.593331593","192.168.15.4","192.168.15.3","MQTT","68","Disconnect Req"
"574753","4127.597004612","192.168.15.4","192.168.15.3","MQTT","90","Connect Command"
"574755","4127.599941746","192.168.15.4","192.168.15.3","MQTT","97","Publish Message (id=4068) [Deviceb'Device - 2']"
"574756","4127.600314982","192.168.15.3","192.168.15.4","MQTT","70","Connect Ack"
"574759","4127.603034385","192.168.15.3","192.168.15.4","MQTT","70","Publish Ack (id=4068)"
"574761","4127.603727165","192.168.15.4","192.168.15.3","MQTT","68","Disconnect Req"
"575638","4128.607870372","192.168.15.4","192.168.15.3","MQTT","90","Connect Command"
"575640","4128.610759676","192.168.15.4","192.168.15.3","MQTT","97","Publish Message (id=4069) [Deviceb'Device - 2']"
"575642","4128.615132014","192.168.15.3","192.168.15.4","MQTT","70","Connect Ack"
"575644","4128.617594862","192.168.15.3","192.168.15.4","MQTT","70","Publish Ack (id=4069)"
"575646","4128.618014836","192.168.15.4","192.168.15.3","MQTT","68","Disconnect Req"
"575666","4129.621462936","192.168.15.4","192.168.15.3","MQTT","90","Connect Command"
"575668","4129.624450887","192.168.15.4","192.168.15.3","MQTT","97","Publish Message (id=4070) [Deviceb'Device - 2']"
"575669","4129.624862415","192.168.15.3","192.168.15.4","MQTT","70","Connect Ack"
"575672","4129.627279566","192.168.15.3","192.168.15.4","MQTT","70","Publish Ack (id=4070)"
"575674","4129.627662630","192.168.15.4","192.168.15.3","MQTT","68","Disconnect Req"
"575711","4130.631657393","192.168.15.4","192.168.15.3","MQTT","90","Connect Command"
"575713","4130.634683075","192.168.15.4","192.168.15.3","MQTT","97","Publish Message (id=4071) [Deviceb'Device - 2']"
"575714","4130.635118318","192.168.15.3","192.168.15.4","MQTT","70","Connect Ack"
"575717","4130.637547502","192.168.15.3","192.168.15.4","MQTT","70","Publish Ack (id=4071)"
"575719","4130.638060342","192.168.15.4","192.168.15.3","MQTT","68","Disconnect Req"
"575767","4131.642146476","192.168.15.4","192.168.15.3","MQTT","90","Connect Command"
"575769","4131.645147421","192.168.15.4","192.168.15.3","MQTT","97","Publish Message (id=4072) [Deviceb'Device - 2']"
"575770","4131.645549321","192.168.15.3","192.168.15.4","MQTT","70","Connect Ack"
"575774","4131.647991379","192.168.15.3","192.168.15.4","MQTT","70","Publish Ack (id=4072)"
"575776","4131.648358624","192.168.15.4","192.168.15.3","MQTT","68","Disconnect Req"
"575802","4132.652483400","192.168.15.4","192.168.15.3","MQTT","90","Connect Command"
"575804","4132.655423219","192.168.15.4","192.168.15.3","MQTT","97","Publish Message (id=4073) [Deviceb'Device - 2']"
"575805","4132.655842522","192.168.15.3","192.168.15.4","MQTT","70","Connect Ack"
"575808","4132.658512431","192.168.15.3","192.168.15.4","MQTT","70","Publish Ack (id=4073)"
"575810","4132.659371255","192.168.15.4","192.168.15.3","MQTT","68","Disconnect Req"
"575889","4133.663275442","192.168.15.4","192.168.15.3","MQTT","90","Connect Command"
"575891","4133.666262471","192.168.15.4","192.168.15.3","MQTT","97","Publish Message (id=4074) [Deviceb'Device - 2']"
"575892","4133.666887904","192.168.15.3","192.168.15.4","MQTT","70","Connect Ack"
"575895","4133.673204800","192.168.15.3","192.168.15.4","MQTT","70","Publish Ack (id=4074)"
"575897","4133.673608283","192.168.15.4","192.168.15.3","MQTT","68","Disconnect Req"
"576754","4134.678255974","192.168.15.4","192.168.15.3","MQTT","90","Connect Command"
"576756","4134.682959469","192.168.15.4","192.168.15.3","MQTT","97","Publish Message (id=4075) [Deviceb'Device - 2']"
"576757","4134.683364214","192.168.15.3","192.168.15.4","MQTT","70","Connect Ack"
"576760","4134.685971325","192.168.15.3","192.168.15.4","MQTT","70","Publish Ack (id=4075)"
"576762","4134.686780275","192.168.15.4","192.168.15.3","MQTT","68","Disconnect Req"
"576778","4135.690202559","192.168.15.4","192.168.15.3","MQTT","90","Connect Command"
"576780","4135.693127701","192.168.15.4","192.168.15.3","MQTT","97","Publish Message (id=4076) [Deviceb'Device - 2']"
"576781","4135.693529510","192.168.15.3","192.168.15.4","MQTT","70","Connect Ack"
"576784","4135.696133174","192.168.15.3","192.168.15.4","MQTT","70","Publish Ack (id=4076)"
"576786","4135.696737567","192.168.15.4","192.168.15.3","MQTT","68","Disconnect Req"
"576805","4136.700800039","192.168.15.4","192.168.15.3","MQTT","90","Connect Command"
"576807","4136.703798038","192.168.15.4","192.168.15.3","MQTT","97","Publish Message (id=4077) [Deviceb'Device - 2']"
"576808","4136.704172967","192.168.15.3","192.168.15.4","MQTT","70","Connect Ack"
"576811","4136.707000374","192.168.15.3","192.168.15.4","MQTT","70","Publish Ack (id=4077)"
"576813","4136.707277568","192.168.15.4","192.168.15.3","MQTT","68","Disconnect Req"
"576826","4137.710915226","192.168.15.4","192.168.15.3","MQTT","90","Connect Command"
"576828","4137.713846870","192.168.15.4","192.168.15.3","MQTT","97","Publish Message (id=4078) [Deviceb'Device - 2']"
"576829","4137.714270501","192.168.15.3","192.168.15.4","MQTT","70","Connect Ack"
"576832","4137.716889774","192.168.15.3","192.168.15.4","MQTT","70","Publish Ack (id=4078)"
"576834","4137.717187006","192.168.15.4","192.168.15.3","MQTT","68","Disconnect Req"
"576847","4138.721251268","192.168.15.4","192.168.15.3","MQTT","90","Connect Command"
"576849","4138.724119202","192.168.15.4","192.168.15.3","MQTT","97","Publish Message (id=4079) [Deviceb'Device - 2']"
"576851","4138.728681089","192.168.15.3","192.168.15.4","MQTT","70","Connect Ack"
"576853","4138.731188000","192.168.15.3","192.168.15.4","MQTT","70","Publish Ack (id=4079)"
"576855","4138.731524025","192.168.15.4","192.168.15.3","MQTT","68","Disconnect Req"
"577766","4139.735467397","192.168.15.4","192.168.15.3","MQTT","90","Connect Command"
"577768","4139.738359687","192.168.15.4","192.168.15.3","MQTT","97","Publish Message (id=4080) [Deviceb'Device - 2']"
"577769","4139.738738163","192.168.15.3","192.168.15.4","MQTT","70","Connect Ack"
"577772","4139.741274359","192.168.15.3","192.168.15.4","MQTT","70","Publish Ack (id=4080)"
"577774","4139.741603691","192.168.15.4","192.168.15.3","MQTT","68","Disconnect Req"
"577787","4140.745494733","192.168.15.4","192.168.15.3","MQTT","90","Connect Command"
"577789","4140.748386783","192.168.15.4","192.168.15.3","MQTT","97","Publish Message (id=4081) [Deviceb'Device - 2']"
"577790","4140.748804252","192.168.15.3","192.168.15.4","MQTT","70","Connect Ack"
"577793","4140.751253193","192.168.15.3","192.168.15.4","MQTT","70","Publish Ack (id=4081)"
"577795","4140.751531580","192.168.15.4","192.168.15.3","MQTT","68","Disconnect Req"
"577810","4141.755528831","192.168.15.4","192.168.15.3","MQTT","90","Connect Command"
"577812","4141.758346399","192.168.15.4","192.168.15.3","MQTT","97","Publish Message (id=4082) [Deviceb'Device - 2']"
"577813","4141.758757547","192.168.15.3","192.168.15.4","MQTT","70","Connect Ack"
"577816","4141.761411445","192.168.15.3","192.168.15.4","MQTT","70","Publish Ack (id=4082)"
"577818","4141.761982475","192.168.15.4","192.168.15.3","MQTT","68","Disconnect Req"
"577830","4142.766150688","192.168.15.4","192.168.15.3","MQTT","90","Connect Command"
"577832","4142.769055041","192.168.15.4","192.168.15.3","MQTT","97","Publish Message (id=4083) [Deviceb'Device - 2']"
"577833","4142.769549245","192.168.15.3","192.168.15.4","MQTT","70","Connect Ack"
"577836","4142.772574085","192.168.15.3","192.168.15.4","MQTT","70","Publish Ack (id=4083)"
"577838","4142.773307272","192.168.15.4","192.168.15.3","MQTT","68","Disconnect Req"
"577856","4143.777488558","192.168.15.4","192.168.15.3","MQTT","90","Connect Command"
"577858","4143.780382531","192.168.15.4","192.168.15.3","MQTT","97","Publish Message (id=4084) [Deviceb'Device - 2']"
"577860","4143.784957663","192.168.15.3","192.168.15.4","MQTT","70","Connect Ack"
"577862","4143.787547029","192.168.15.3","192.168.15.4","MQTT","70","Publish Ack (id=4084)"
"577864","4143.788132336","192.168.15.4","192.168.15.3","MQTT","68","Disconnect Req"
"578586","4144.792393803","192.168.15.4","192.168.15.3","MQTT","90","Connect Command"
"578588","4144.795258330","192.168.15.4","192.168.15.3","MQTT","97","Publish Message (id=4085) [Deviceb'Device - 2']"
"578589","4144.795678995","192.168.15.3","192.168.15.4","MQTT","70","Connect Ack"
"578592","4144.798196757","192.168.15.3","192.168.15.4","MQTT","70","Publish Ack (id=4085)"
"578594","4144.799027317","192.168.15.4","192.168.15.3","MQTT","68","Disconnect Req"
"578606","4145.803336363","192.168.15.4","192.168.15.3","MQTT","90","Connect Command"
"578608","4145.806271904","192.168.15.4","192.168.15.3","MQTT","97","Publish Message (id=4086) [Deviceb'Device - 2']"
"578609","4145.806689023","192.168.15.3","192.168.15.4","MQTT","70","Connect Ack"
"578612","4145.809153744","192.168.15.3","192.168.15.4","MQTT","70","Publish Ack (id=4086)"
"578614","4145.809867153","192.168.15.4","192.168.15.3","MQTT","68","Disconnect Req"
"578644","4146.813850560","192.168.15.4","192.168.15.3","MQTT","90","Connect Command"
"578646","4146.816919514","192.168.15.4","192.168.15.3","MQTT","97","Publish Message (id=4087) [Deviceb'Device - 2']"
"578647","4146.817395985","192.168.15.3","192.168.15.4","MQTT","70","Connect Ack"
"578650","4146.819913486","192.168.15.3","192.168.15.4","MQTT","70","Publish Ack (id=4087)"
"578653","4146.820765637","192.168.15.4","192.168.15.3","MQTT","68","Disconnect Req"
"578681","4147.824528556","192.168.15.4","192.168.15.3","MQTT","90","Connect Command"
"578683","4147.827450411","192.168.15.4","192.168.15.3","MQTT","97","Publish Message (id=4088) [Deviceb'Device - 2']"
"578684","4147.827848184","192.168.15.3","192.168.15.4","MQTT","70","Connect Ack"
"578687","4147.830461505","192.168.15.3","192.168.15.4","MQTT","70","Publish Ack (id=4088)"
"578689","4147.831106455","192.168.15.4","192.168.15.3","MQTT","68","Disconnect Req"
"578703","4148.835025768","192.168.15.4","192.168.15.3","MQTT","90","Connect Command"
"578705","4148.839813302","192.168.15.4","192.168.15.3","MQTT","97","Publish Message (id=4089) [Deviceb'Device - 2']"
"578707","4148.844132871","192.168.15.3","192.168.15.4","MQTT","70","Connect Ack"
"578709","4148.846613101","192.168.15.3","192.168.15.4","MQTT","70","Publish Ack (id=4089)"
"578711","4148.847126652","192.168.15.4","192.168.15.3","MQTT","68","Disconnect Req"
"579798","4149.854838916","192.168.15.4","192.168.15.3","MQTT","90","Connect Command"
"579872","4149.861718456","192.168.15.4","192.168.15.3","MQTT","97","Publish Message (id=4090) [Deviceb'Device - 2']"
"579883","4149.862638656","192.168.15.3","192.168.15.4","MQTT","70","Connect Ack"
"579933","4149.867200473","192.168.15.3","192.168.15.4","MQTT","70","Publish Ack (id=4090)"
"579940","4149.867709465","192.168.15.4","192.168.15.3","MQTT","68","Disconnect Req"
"579987","4150.872475006","192.168.15.4","192.168.15.3","MQTT","90","Connect Command"
"579989","4150.875206481","192.168.15.4","192.168.15.3","MQTT","97","Publish Message (id=4091) [Deviceb'Device - 2']"
"579990","4150.875626866","192.168.15.3","192.168.15.4","MQTT","70","Connect Ack"
"579993","4150.878053154","192.168.15.3","192.168.15.4","MQTT","70","Publish Ack (id=4091)"
"579995","4150.878564091","192.168.15.4","192.168.15.3","MQTT","68","Disconnect Req"
"580021","4151.883686945","192.168.15.4","192.168.15.3","MQTT","90","Connect Command"
"580023","4151.886583884","192.168.15.4","192.168.15.3","MQTT","97","Publish Message (id=4092) [Deviceb'Device - 2']"
"580024","4151.886992787","192.168.15.3","192.168.15.4","MQTT","70","Connect Ack"
"580027","4151.889545604","192.168.15.3","192.168.15.4","MQTT","70","Publish Ack (id=4092)"
"580029","4151.890099702","192.168.15.4","192.168.15.3","MQTT","68","Disconnect Req"
"580041","4152.893788343","192.168.15.4","192.168.15.3","MQTT","90","Connect Command"
"580043","4152.898604080","192.168.15.4","192.168.15.3","MQTT","97","Publish Message (id=4093) [Deviceb'Device - 2']"
"580044","4152.899001642","192.168.15.3","192.168.15.4","MQTT","70","Connect Ack"
"580047","4152.902077809","192.168.15.3","192.168.15.4","MQTT","70","Publish Ack (id=4093)"
"580049","4152.902723971","192.168.15.4","192.168.15.3","MQTT","68","Disconnect Req"
"580061","4153.907051028","192.168.15.4","192.168.15.3","MQTT","90","Connect Command"
"580063","4153.910009713","192.168.15.4","192.168.15.3","MQTT","97","Publish Message (id=4094) [Deviceb'Device - 2']"
"580065","4153.914429401","192.168.15.3","192.168.15.4","MQTT","70","Connect Ack"
"580067","4153.916955397","192.168.15.3","192.168.15.4","MQTT","70","Publish Ack (id=4094)"
"580069","4153.917440465","192.168.15.4","192.168.15.3","MQTT","68","Disconnect Req"
"580082","4154.921489915","192.168.15.4","192.168.15.3","MQTT","90","Connect Command"
"580084","4154.924411019","192.168.15.4","192.168.15.3","MQTT","97","Publish Message (id=4095) [Deviceb'Device - 2']"
"580085","4154.924809082","192.168.15.3","192.168.15.4","MQTT","70","Connect Ack"
"580088","4154.927215993","192.168.15.3","192.168.15.4","MQTT","70","Publish Ack (id=4095)"
"580090","4154.927729945","192.168.15.4","192.168.15.3","MQTT","68","Disconnect Req"
"580552","4155.932263950","192.168.15.4","192.168.15.3","MQTT","90","Connect Command"
"580554","4155.935150088","192.168.15.4","192.168.15.3","MQTT","97","Publish Message (id=4096) [Deviceb'Device - 2']"
"580555","4155.935576615","192.168.15.3","192.168.15.4","MQTT","70","Connect Ack"
"580558","4155.938193213","192.168.15.3","192.168.15.4","MQTT","70","Publish Ack (id=4096)"
"580560","4155.938741560","192.168.15.4","192.168.15.3","MQTT","68","Disconnect Req"
"580602","4156.942607471","192.168.15.4","192.168.15.3","MQTT","90","Connect Command"
"580604","4156.945552981","192.168.15.4","192.168.15.3","MQTT","97","Publish Message (id=4097) [Deviceb'Device - 2']"
"580605","4156.945978275","192.168.15.3","192.168.15.4","MQTT","70","Connect Ack"
"580608","4156.948393653","192.168.15.3","192.168.15.4","MQTT","70","Publish Ack (id=4097)"
"580610","4156.948815470","192.168.15.4","192.168.15.3","MQTT","68","Disconnect Req"
"580648","4157.952969765","192.168.15.4","192.168.15.3","MQTT","90","Connect Command"
"580650","4157.955820185","192.168.15.4","192.168.15.3","MQTT","97","Publish Message (id=4098) [Deviceb'Device - 2']"
"580651","4157.956316774","192.168.15.3","192.168.15.4","MQTT","70","Connect Ack"
"580654","4157.958851297","192.168.15.3","192.168.15.4","MQTT","70","Publish Ack (id=4098)"
"580656","4157.959385317","192.168.15.4","192.168.15.3","MQTT","68","Disconnect Req"
"580674","4158.963490006","192.168.15.4","192.168.15.3","MQTT","90","Connect Command"
"580676","4158.966317413","192.168.15.4","192.168.15.3","MQTT","97","Publish Message (id=4099) [Deviceb'Device - 2']"
"580678","4158.971096861","192.168.15.3","192.168.15.4","MQTT","70","Connect Ack"
"580680","4158.973669045","192.168.15.3","192.168.15.4","MQTT","70","Publish Ack (id=4099)"
"580682","4158.974155846","192.168.15.4","192.168.15.3","MQTT","68","Disconnect Req"
"580694","4159.978424523","192.168.15.4","192.168.15.3","MQTT","90","Connect Command"
"580696","4159.981343243","192.168.15.4","192.168.15.3","MQTT","97","Publish Message (id=4100) [Deviceb'Device - 2']"
"580697","4159.981699918","192.168.15.3","192.168.15.4","MQTT","70","Connect Ack"
"580700","4159.984291208","192.168.15.3","192.168.15.4","MQTT","70","Publish Ack (id=4100)"
"580702","4159.984848111","192.168.15.4","192.168.15.3","MQTT","68","Disconnect Req"
"581483","4160.989283052","192.168.15.4","192.168.15.3","MQTT","90","Connect Command"
"581485","4160.992204015","192.168.15.4","192.168.15.3","MQTT","97","Publish Message (id=4101) [Deviceb'Device - 2']"
"581486","4160.992587901","192.168.15.3","192.168.15.4","MQTT","70","Connect Ack"
"581489","4160.995162610","192.168.15.3","192.168.15.4","MQTT","70","Publish Ack (id=4101)"
"581491","4160.995714394","192.168.15.4","192.168.15.3","MQTT","68","Disconnect Req"
"581519","4162.000296049","192.168.15.4","192.168.15.3","MQTT","90","Connect Command"
"581521","4162.003252971","192.168.15.4","192.168.15.3","MQTT","97","Publish Message (id=4102) [Deviceb'Device - 2']"
"581522","4162.003648850","192.168.15.3","192.168.15.4","MQTT","70","Connect Ack"
"581525","4162.006254627","192.168.15.3","192.168.15.4","MQTT","70","Publish Ack (id=4102)"
"581527","4162.006729696","192.168.15.4","192.168.15.3","MQTT","68","Disconnect Req"
"581545","4163.011072619","192.168.15.4","192.168.15.3","MQTT","90","Connect Command"
"581547","4163.014075238","192.168.15.4","192.168.15.3","MQTT","97","Publish Message (id=4103) [Deviceb'Device - 2']"
"581548","4163.014500171","192.168.15.3","192.168.15.4","MQTT","70","Connect Ack"
"581551","4163.017155633","192.168.15.3","192.168.15.4","MQTT","70","Publish Ack (id=4103)"
"581553","4163.017547955","192.168.15.4","192.168.15.3","MQTT","68","Disconnect Req"
"581567","4164.021918579","192.168.15.4","192.168.15.3","MQTT","90","Connect Command"
"581569","4164.024795209","192.168.15.4","192.168.15.3","MQTT","97","Publish Message (id=4104) [Deviceb'Device - 2']"
"581571","4164.029124506","192.168.15.3","192.168.15.4","MQTT","70","Connect Ack"
"581573","4164.031697862","192.168.15.3","192.168.15.4","MQTT","70","Publish Ack (id=4104)"
"581575","4164.032488357","192.168.15.4","192.168.15.3","MQTT","68","Disconnect Req"
"581588","4165.036544185","192.168.15.4","192.168.15.3","MQTT","90","Connect Command"
"581590","4165.039474887","192.168.15.4","192.168.15.3","MQTT","97","Publish Message (id=4105) [Deviceb'Device - 2']"
"581591","4165.039910301","192.168.15.3","192.168.15.4","MQTT","70","Connect Ack"
"581594","4165.042330087","192.168.15.3","192.168.15.4","MQTT","70","Publish Ack (id=4105)"
"581596","4165.043042914","192.168.15.4","192.168.15.3","MQTT","68","Disconnect Req"
"582426","4166.047523074","192.168.15.4","192.168.15.3","MQTT","90","Connect Command"
"582428","4166.050381609","192.168.15.4","192.168.15.3","MQTT","97","Publish Message (id=4106) [Deviceb'Device - 2']"
"582429","4166.050802776","192.168.15.3","192.168.15.4","MQTT","70","Connect Ack"
"582432","4166.053275321","192.168.15.3","192.168.15.4","MQTT","70","Publish Ack (id=4106)"
"582434","4166.053931482","192.168.15.4","192.168.15.3","MQTT","68","Disconnect Req"
"582445","4167.057848635","192.168.15.4","192.168.15.3","MQTT","90","Connect Command"
"582447","4167.060857996","192.168.15.4","192.168.15.3","MQTT","97","Publish Message (id=4107) [Deviceb'Device - 2']"
"582448","4167.061248103","192.168.15.3","192.168.15.4","MQTT","70","Connect Ack"
"582451","4167.064234230","192.168.15.3","192.168.15.4","MQTT","70","Publish Ack (id=4107)"
"582453","4167.065138410","192.168.15.4","192.168.15.3","MQTT","68","Disconnect Req"
"582465","4168.069295786","192.168.15.4","192.168.15.3","MQTT","90","Connect Command"
"582467","4168.072149262","192.168.15.4","192.168.15.3","MQTT","97","Publish Message (id=4108) [Deviceb'Device - 2']"
"582468","4168.072587180","192.168.15.3","192.168.15.4","MQTT","70","Connect Ack"
"582471","4168.075168191","192.168.15.3","192.168.15.4","MQTT","70","Publish Ack (id=4108)"
"582473","4168.076004913","192.168.15.4","192.168.15.3","MQTT","68","Disconnect Req"
"582485","4169.080268829","192.168.15.4","192.168.15.3","MQTT","90","Connect Command"
"582487","4169.083200663","192.168.15.4","192.168.15.3","MQTT","97","Publish Message (id=4109) [Deviceb'Device - 2']"
"582489","4169.087428659","192.168.15.3","192.168.15.4","MQTT","70","Connect Ack"
"582491","4169.090105240","192.168.15.3","192.168.15.4","MQTT","70","Publish Ack (id=4109)"
"582493","4169.090859346","192.168.15.4","192.168.15.3","MQTT","68","Disconnect Req"
"582506","4170.095125795","192.168.15.4","192.168.15.3","MQTT","90","Connect Command"
"582508","4170.098014448","192.168.15.4","192.168.15.3","MQTT","97","Publish Message (id=4110) [Deviceb'Device - 2']"
"582509","4170.098404104","192.168.15.3","192.168.15.4","MQTT","70","Connect Ack"
"582512","4170.100891779","192.168.15.3","192.168.15.4","MQTT","70","Publish Ack (id=4110)"
"582514","4170.101438993","192.168.15.4","192.168.15.3","MQTT","68","Disconnect Req"
"582526","4171.105932742","192.168.15.4","192.168.15.3","MQTT","90","Connect Command"
"582528","4171.108649870","192.168.15.4","192.168.15.3","MQTT","97","Publish Message (id=4111) [Deviceb'Device - 2']"
"582529","4171.109025160","192.168.15.3","192.168.15.4","MQTT","70","Connect Ack"
"582532","4171.111509267","192.168.15.3","192.168.15.4","MQTT","70","Publish Ack (id=4111)"
"582534","4171.112087471","192.168.15.4","192.168.15.3","MQTT","68","Disconnect Req"
"583115","4172.115653332","192.168.15.4","192.168.15.3","MQTT","90","Connect Command"
"583117","4172.118523961","192.168.15.4","192.168.15.3","MQTT","97","Publish Message (id=4112) [Deviceb'Device - 2']"
"583118","4172.118918477","192.168.15.3","192.168.15.4","MQTT","70","Connect Ack"
"583121","4172.121448091","192.168.15.3","192.168.15.4","MQTT","70","Publish Ack (id=4112)"
"583123","4172.122102278","192.168.15.4","192.168.15.3","MQTT","68","Disconnect Req"
"583162","4173.126462871","192.168.15.4","192.168.15.3","MQTT","90","Connect Command"
"583164","4173.131267386","192.168.15.4","192.168.15.3","MQTT","97","Publish Message (id=4113) [Deviceb'Device - 2']"
"583165","4173.131642265","192.168.15.3","192.168.15.4","MQTT","70","Connect Ack"
"583168","4173.134342020","192.168.15.3","192.168.15.4","MQTT","70","Publish Ack (id=4113)"
"583170","4173.135055850","192.168.15.4","192.168.15.3","MQTT","68","Disconnect Req"
"583481","4174.139324087","192.168.15.4","192.168.15.3","MQTT","90","Connect Command"
"583484","4174.142252745","192.168.15.4","192.168.15.3","MQTT","97","Publish Message (id=4114) [Deviceb'Device - 2']"
"583485","4174.142655717","192.168.15.3","192.168.15.4","MQTT","70","Connect Ack"
"583488","4174.145393444","192.168.15.3","192.168.15.4","MQTT","70","Publish Ack (id=4114)"
"583490","4174.146164552","192.168.15.4","192.168.15.3","MQTT","68","Disconnect Req"
"583566","4175.150429261","192.168.15.4","192.168.15.3","MQTT","90","Connect Command"
"583568","4175.153284230","192.168.15.4","192.168.15.3","MQTT","97","Publish Message (id=4115) [Deviceb'Device - 2']"
"583569","4175.153706979","192.168.15.3","192.168.15.4","MQTT","70","Connect Ack"
"583572","4175.156146663","192.168.15.3","192.168.15.4","MQTT","70","Publish Ack (id=4115)"
"583574","4175.156713284","192.168.15.4","192.168.15.3","MQTT","68","Disconnect Req"
"585367","4176.160817107","192.168.15.4","192.168.15.3","MQTT","90","Connect Command"
"585369","4176.163700470","192.168.15.4","192.168.15.3","MQTT","97","Publish Message (id=4116) [Deviceb'Device - 2']"
"585370","4176.164133438","192.168.15.3","192.168.15.4","MQTT","70","Connect Ack"
"585373","4176.167011651","192.168.15.3","192.168.15.4","MQTT","70","Publish Ack (id=4116)"
"585375","4176.167336185","192.168.15.4","192.168.15.3","MQTT","68","Disconnect Req"
"585396","4177.171776743","192.168.15.4","192.168.15.3","MQTT","90","Connect Command"
"585398","4177.174718907","192.168.15.4","192.168.15.3","MQTT","97","Publish Message (id=4117) [Deviceb'Device - 2']"
"585399","4177.176017623","192.168.15.3","192.168.15.4","MQTT","70","Connect Ack"
"585402","4177.177674386","192.168.15.3","192.168.15.4","MQTT","70","Publish Ack (id=4117)"
"585404","4177.178212403","192.168.15.4","192.168.15.3","MQTT","68","Disconnect Req"
"585414","4178.181923150","192.168.15.4","192.168.15.3","MQTT","90","Connect Command"
"585416","4178.184837391","192.168.15.4","192.168.15.3","MQTT","97","Publish Message (id=4118) [Deviceb'Device - 2']"
"585417","4178.185242106","192.168.15.3","192.168.15.4","MQTT","70","Connect Ack"
"585420","4178.187748686","192.168.15.3","192.168.15.4","MQTT","70","Publish Ack (id=4118)"
"585422","4178.188026101","192.168.15.4","192.168.15.3","MQTT","68","Disconnect Req"
"585444","4179.192179383","192.168.15.4","192.168.15.3","MQTT","90","Connect Command"
"585446","4179.195154099","192.168.15.4","192.168.15.3","MQTT","97","Publish Message (id=4119) [Deviceb'Device - 2']"
"585448","4179.199391702","192.168.15.3","192.168.15.4","MQTT","70","Connect Ack"
"585450","4179.201913741","192.168.15.3","192.168.15.4","MQTT","70","Publish Ack (id=4119)"
"585452","4179.202200423","192.168.15.4","192.168.15.3","MQTT","68","Disconnect Req"
"585468","4180.206146933","192.168.15.4","192.168.15.3","MQTT","90","Connect Command"
"585470","4180.209169860","192.168.15.4","192.168.15.3","MQTT","97","Publish Message (id=4120) [Deviceb'Device - 2']"
"585471","4180.209647032","192.168.15.3","192.168.15.4","MQTT","70","Connect Ack"
"585474","4180.212246418","192.168.15.3","192.168.15.4","MQTT","70","Publish Ack (id=4120)"
"585476","4180.212627408","192.168.15.4","192.168.15.3","MQTT","68","Disconnect Req"
"585488","4181.216680818","192.168.15.4","192.168.15.3","MQTT","90","Connect Command"
"585490","4181.219630586","192.168.15.4","192.168.15.3","MQTT","97","Publish Message (id=4121) [Deviceb'Device - 2']"
"585491","4181.220005836","192.168.15.3","192.168.15.4","MQTT","70","Connect Ack"
"585494","4181.222713306","192.168.15.3","192.168.15.4","MQTT","70","Publish Ack (id=4121)"
"585496","4181.223322358","192.168.15.4","192.168.15.3","MQTT","68","Disconnect Req"
"585511","4182.227397438","192.168.15.4","192.168.15.3","MQTT","90","Connect Command"
"585513","4182.230299736","192.168.15.4","192.168.15.3","MQTT","97","Publish Message (id=4122) [Deviceb'Device - 2']"
"585514","4182.230718007","192.168.15.3","192.168.15.4","MQTT","70","Connect Ack"
"585517","4182.233680229","192.168.15.3","192.168.15.4","MQTT","70","Publish Ack (id=4122)"
"585519","4182.234014932","192.168.15.4","192.168.15.3","MQTT","68","Disconnect Req"
"585528","4183.237690495","192.168.15.4","192.168.15.3","MQTT","90","Connect Command"
"585530","4183.240709054","192.168.15.4","192.168.15.3","MQTT","97","Publish Message (id=4123) [Deviceb'Device - 2']"
"585531","4183.241108850","192.168.15.3","192.168.15.4","MQTT","70","Connect Ack"
"585534","4183.243558782","192.168.15.3","192.168.15.4","MQTT","70","Publish Ack (id=4123)"
"585536","4183.243820507","192.168.15.4","192.168.15.3","MQTT","68","Disconnect Req"
"585546","4184.247453529","192.168.15.4","192.168.15.3","MQTT","90","Connect Command"
"585548","4184.252308039","192.168.15.4","192.168.15.3","MQTT","97","Publish Message (id=4124) [Deviceb'Device - 2']"
"585550","4184.257031602","192.168.15.3","192.168.15.4","MQTT","70","Connect Ack"
"585552","4184.259642829","192.168.15.3","192.168.15.4","MQTT","70","Publish Ack (id=4124)"
"585554","4184.260031504","192.168.15.4","192.168.15.3","MQTT","68","Disconnect Req"
"585570","4185.264577010","192.168.15.4","192.168.15.3","MQTT","90","Connect Command"
"585572","4185.269361668","192.168.15.4","192.168.15.3","MQTT","97","Publish Message (id=4125) [Deviceb'Device - 2']"
"585573","4185.269784427","192.168.15.3","192.168.15.4","MQTT","70","Connect Ack"
"585576","4185.272263225","192.168.15.3","192.168.15.4","MQTT","70","Publish Ack (id=4125)"
"585578","4185.273106159","192.168.15.4","192.168.15.3","MQTT","68","Disconnect Req"
"585600","4186.276736431","192.168.15.4","192.168.15.3","MQTT","90","Connect Command"
"585602","4186.279759468","192.168.15.4","192.168.15.3","MQTT","97","Publish Message (id=4126) [Deviceb'Device - 2']"
"585603","4186.280149676","192.168.15.3","192.168.15.4","MQTT","70","Connect Ack"
"585606","4186.282747599","192.168.15.3","192.168.15.4","MQTT","70","Publish Ack (id=4126)"
"585608","4186.283513677","192.168.15.4","192.168.15.3","MQTT","68","Disconnect Req"
"586965","4187.287415994","192.168.15.4","192.168.15.3","MQTT","90","Connect Command"
"586967","4187.290388555","192.168.15.4","192.168.15.3","MQTT","97","Publish Message (id=4127) [Deviceb'Device - 2']"
"586968","4187.290772811","192.168.15.3","192.168.15.4","MQTT","70","Connect Ack"
"586971","4187.293505699","192.168.15.3","192.168.15.4","MQTT","70","Publish Ack (id=4127)"
"586973","4187.294138165","192.168.15.4","192.168.15.3","MQTT","68","Disconnect Req"
"586981","4188.298527392","192.168.15.4","192.168.15.3","MQTT","90","Connect Command"
"586983","4188.301411466","192.168.15.4","192.168.15.3","MQTT","97","Publish Message (id=4128) [Deviceb'Device - 2']"
"586984","4188.301811312","192.168.15.3","192.168.15.4","MQTT","70","Connect Ack"
"586987","4188.304259632","192.168.15.3","192.168.15.4","MQTT","70","Publish Ack (id=4128)"
"586989","4188.304621836","192.168.15.4","192.168.15.3","MQTT","68","Disconnect Req"
"587001","4189.308671919","192.168.15.4","192.168.15.3","MQTT","90","Connect Command"
"587003","4189.311689806","192.168.15.4","192.168.15.3","MQTT","97","Publish Message (id=4129) [Deviceb'Device - 2']"
"587005","4189.315999726","192.168.15.3","192.168.15.4","MQTT","70","Connect Ack"
"587007","4189.318387432","192.168.15.3","192.168.15.4","MQTT","70","Publish Ack (id=4129)"
"587009","4189.318808658","192.168.15.4","192.168.15.3","MQTT","68","Disconnect Req"
"587021","4190.322533194","192.168.15.4","192.168.15.3","MQTT","90","Connect Command"
"587023","4190.325558786","192.168.15.4","192.168.15.3","MQTT","97","Publish Message (id=4130) [Deviceb'Device - 2']"
"587024","4190.325994970","192.168.15.3","192.168.15.4","MQTT","70","Connect Ack"
"587027","4190.328649811","192.168.15.3","192.168.15.4","MQTT","70","Publish Ack (id=4130)"
"587029","4190.328932906","192.168.15.4","192.168.15.3","MQTT","68","Disconnect Req"
"587041","4191.332955235","192.168.15.4","192.168.15.3","MQTT","90","Connect Command"
"587043","4191.335648157","192.168.15.4","192.168.15.3","MQTT","97","Publish Message (id=4131) [Deviceb'Device - 2']"
"587044","4191.336033506","192.168.15.3","192.168.15.4","MQTT","70","Connect Ack"
"587047","4191.338716670","192.168.15.3","192.168.15.4","MQTT","70","Publish Ack (id=4131)"
"587049","4191.339257623","192.168.15.4","192.168.15.3","MQTT","68","Disconnect Req"
"587069","4192.343518170","192.168.15.4","192.168.15.3","MQTT","90","Connect Command"
"587071","4192.346971691","192.168.15.4","192.168.15.3","MQTT","97","Publish Message (id=4132) [Deviceb'Device - 2']"
"587072","4192.347699918","192.168.15.3","192.168.15.4","MQTT","70","Connect Ack"
"587075","4192.349863439","192.168.15.3","192.168.15.4","MQTT","70","Publish Ack (id=4132)"
"587077","4192.350194986","192.168.15.4","192.168.15.3","MQTT","68","Disconnect Req"
"587103","4193.353912996","192.168.15.4","192.168.15.3","MQTT","90","Connect Command"
"587105","4193.359837810","192.168.15.4","192.168.15.3","MQTT","97","Publish Message (id=4133) [Deviceb'Device - 2']"
"587106","4193.360214742","192.168.15.3","192.168.15.4","MQTT","70","Connect Ack"
"587109","4193.362698179","192.168.15.3","192.168.15.4","MQTT","70","Publish Ack (id=4133)"
"587111","4193.363037570","192.168.15.4","192.168.15.3","MQTT","68","Disconnect Req"
"587920","4194.366979352","192.168.15.4","192.168.15.3","MQTT","90","Connect Command"
"587923","4194.371577908","192.168.15.4","192.168.15.3","MQTT","97","Publish Message (id=4134) [Deviceb'Device - 2']"
"587925","4194.375929827","192.168.15.3","192.168.15.4","MQTT","70","Connect Ack"
"587927","4194.378344153","192.168.15.3","192.168.15.4","MQTT","70","Publish Ack (id=4134)"
"587929","4194.378987089","192.168.15.4","192.168.15.3","MQTT","68","Disconnect Req"
"587948","4195.382755221","192.168.15.4","192.168.15.3","MQTT","90","Connect Command"
"587950","4195.385774129","192.168.15.4","192.168.15.3","MQTT","97","Publish Message (id=4135) [Deviceb'Device - 2']"
"587951","4195.386145361","192.168.15.3","192.168.15.4","MQTT","70","Connect Ack"
"587954","4195.388659536","192.168.15.3","192.168.15.4","MQTT","70","Publish Ack (id=4135)"
"587956","4195.389073017","192.168.15.4","192.168.15.3","MQTT","68","Disconnect Req"
"587994","4196.393243529","192.168.15.4","192.168.15.3","MQTT","90","Connect Command"
"587996","4196.396296432","192.168.15.4","192.168.15.3","MQTT","97","Publish Message (id=4136) [Deviceb'Device - 2']"
"587997","4196.396675419","192.168.15.3","192.168.15.4","MQTT","70","Connect Ack"
"588000","4196.399666816","192.168.15.3","192.168.15.4","MQTT","70","Publish Ack (id=4136)"
"588002","4196.400079065","192.168.15.4","192.168.15.3","MQTT","68","Disconnect Req"
"588017","4197.403503164","192.168.15.4","192.168.15.3","MQTT","90","Connect Command"
"588019","4197.406528575","192.168.15.4","192.168.15.3","MQTT","97","Publish Message (id=4137) [Deviceb'Device - 2']"
"588020","4197.406891081","192.168.15.3","192.168.15.4","MQTT","70","Connect Ack"
"588023","4197.409532706","192.168.15.3","192.168.15.4","MQTT","70","Publish Ack (id=4137)"
"588025","4197.409882798","192.168.15.4","192.168.15.3","MQTT","68","Disconnect Req"
"589774","4198.413338214","192.168.15.4","192.168.15.3","MQTT","90","Connect Command"
"589776","4198.416408219","192.168.15.4","192.168.15.3","MQTT","97","Publish Message (id=4138) [Deviceb'Device - 2']"
"589777","4198.416833203","192.168.15.3","192.168.15.4","MQTT","70","Connect Ack"
"589780","4198.419442397","192.168.15.3","192.168.15.4","MQTT","70","Publish Ack (id=4138)"
"589782","4198.420105711","192.168.15.4","192.168.15.3","MQTT","68","Disconnect Req"
"589901","4199.423734725","192.168.15.4","192.168.15.3","MQTT","90","Connect Command"
"589903","4199.426774944","192.168.15.4","192.168.15.3","MQTT","97","Publish Message (id=4139) [Deviceb'Device - 2']"
"589905","4199.431185044","192.168.15.3","192.168.15.4","MQTT","70","Connect Ack"
"589907","4199.433630348","192.168.15.3","192.168.15.4","MQTT","70","Publish Ack (id=4139)"
"589909","4199.434630870","192.168.15.4","192.168.15.3","MQTT","68","Disconnect Req"
"590271","4200.438711586","192.168.15.4","192.168.15.3","MQTT","90","Connect Command"
"590273","4200.441589358","192.168.15.4","192.168.15.3","MQTT","97","Publish Message (id=4140) [Deviceb'Device - 2']"
"590274","4200.442005555","192.168.15.3","192.168.15.4","MQTT","70","Connect Ack"
"590277","4200.444474854","192.168.15.3","192.168.15.4","MQTT","70","Publish Ack (id=4140)"
"590279","4200.445182753","192.168.15.4","192.168.15.3","MQTT","68","Disconnect Req"
"590514","4201.448847231","192.168.15.4","192.168.15.3","MQTT","90","Connect Command"
"590516","4201.451777782","192.168.15.4","192.168.15.3","MQTT","97","Publish Message (id=4141) [Deviceb'Device - 2']"
"590517","4201.452173641","192.168.15.3","192.168.15.4","MQTT","70","Connect Ack"
"590520","4201.454829974","192.168.15.3","192.168.15.4","MQTT","70","Publish Ack (id=4141)"
"590522","4201.455567869","192.168.15.4","192.168.15.3","MQTT","68","Disconnect Req"
"590567","4202.461838774","192.168.15.4","192.168.15.3","MQTT","90","Connect Command"
"590569","4202.464728649","192.168.15.4","192.168.15.3","MQTT","97","Publish Message (id=4142) [Deviceb'Device - 2']"
"590570","4202.465122905","192.168.15.3","192.168.15.4","MQTT","70","Connect Ack"
"590573","4202.468002991","192.168.15.3","192.168.15.4","MQTT","70","Publish Ack (id=4142)"
"590575","4202.468694228","192.168.15.4","192.168.15.3","MQTT","68","Disconnect Req"
"593505","4203.475334601","192.168.15.4","192.168.15.3","MQTT","90","Connect Command"
"593610","4203.484874080","192.168.15.4","192.168.15.3","MQTT","97","Publish Message (id=4143) [Deviceb'Device - 2']"
"593611","4203.484888327","192.168.15.3","192.168.15.4","MQTT","70","Connect Ack"
"593648","4203.488477464","192.168.15.3","192.168.15.4","MQTT","70","Publish Ack (id=4143)"
"593650","4203.489007176","192.168.15.4","192.168.15.3","MQTT","68","Disconnect Req"
"594922","4204.492657903","192.168.15.4","192.168.15.3","MQTT","90","Connect Command"
"594925","4204.495701228","192.168.15.4","192.168.15.3","MQTT","97","Publish Message (id=4144) [Deviceb'Device - 2']"
"594927","4204.500029012","192.168.15.3","192.168.15.4","MQTT","70","Connect Ack"
"594930","4204.502445211","192.168.15.3","192.168.15.4","MQTT","70","Publish Ack (id=4144)"
"594932","4204.503380269","192.168.15.4","192.168.15.3","MQTT","68","Disconnect Req"
"594941","4205.507618266","192.168.15.4","192.168.15.3","MQTT","90","Connect Command"
"594943","4205.510547526","192.168.15.4","192.168.15.3","MQTT","97","Publish Message (id=4145) [Deviceb'Device - 2']"
"594944","4205.510938766","192.168.15.3","192.168.15.4","MQTT","70","Connect Ack"
"594948","4205.513475522","192.168.15.3","192.168.15.4","MQTT","70","Publish Ack (id=4145)"
"594951","4205.514245969","192.168.15.4","192.168.15.3","MQTT","68","Disconnect Req"
"596665","4206.518620043","192.168.15.4","192.168.15.3","MQTT","90","Connect Command"
"596667","4206.521584869","192.168.15.4","192.168.15.3","MQTT","97","Publish Message (id=4146) [Deviceb'Device - 2']"
"596668","4206.521938658","192.168.15.3","192.168.15.4","MQTT","70","Connect Ack"
"596671","4206.524454536","192.168.15.3","192.168.15.4","MQTT","70","Publish Ack (id=4146)"
"596673","4206.525031206","192.168.15.4","192.168.15.3","MQTT","68","Disconnect Req"
"596693","4207.529102355","192.168.15.4","192.168.15.3","MQTT","90","Connect Command"
"596695","4207.532029530","192.168.15.4","192.168.15.3","MQTT","97","Publish Message (id=4147) [Deviceb'Device - 2']"
"596696","4207.532431530","192.168.15.3","192.168.15.4","MQTT","70","Connect Ack"
"596699","4207.534955814","192.168.15.3","192.168.15.4","MQTT","70","Publish Ack (id=4147)"
"596701","4207.535440440","192.168.15.4","192.168.15.3","MQTT","68","Disconnect Req"
"596733","4208.539653636","192.168.15.4","192.168.15.3","MQTT","90","Connect Command"
"596735","4208.542514215","192.168.15.4","192.168.15.3","MQTT","97","Publish Message (id=4148) [Deviceb'Device - 2']"
"596736","4208.542922998","192.168.15.3","192.168.15.4","MQTT","70","Connect Ack"
"596739","4208.545315122","192.168.15.3","192.168.15.4","MQTT","70","Publish Ack (id=4148)"
"596741","4208.545733063","192.168.15.4","192.168.15.3","MQTT","68","Disconnect Req"
"596765","4209.549879741","192.168.15.4","192.168.15.3","MQTT","90","Connect Command"
"596767","4209.552906796","192.168.15.4","192.168.15.3","MQTT","97","Publish Message (id=4149) [Deviceb'Device - 2']"
"596769","4209.557322015","192.168.15.3","192.168.15.4","MQTT","70","Connect Ack"
"596771","4209.559790663","192.168.15.3","192.168.15.4","MQTT","70","Publish Ack (id=4149)"
"596773","4209.560061575","192.168.15.4","192.168.15.3","MQTT","68","Disconnect Req"
"598170","4210.564256825","192.168.15.4","192.168.15.3","MQTT","90","Connect Command"
"598172","4210.567186424","192.168.15.4","192.168.15.3","MQTT","97","Publish Message (id=4150) [Deviceb'Device - 2']"
"598173","4210.567707460","192.168.15.3","192.168.15.4","MQTT","70","Connect Ack"
"598176","4210.570015124","192.168.15.3","192.168.15.4","MQTT","70","Publish Ack (id=4150)"
"598178","4210.570569582","192.168.15.4","192.168.15.3","MQTT","68","Disconnect Req"
"598519","4211.575528895","192.168.15.4","192.168.15.3","MQTT","90","Connect Command"
"598521","4211.578431594","192.168.15.4","192.168.15.3","MQTT","97","Publish Message (id=4151) [Deviceb'Device - 2']"
"598522","4211.578838403","192.168.15.3","192.168.15.4","MQTT","70","Connect Ack"
"598525","4211.581407972","192.168.15.3","192.168.15.4","MQTT","70","Publish Ack (id=4151)"
"598527","4211.582074533","192.168.15.4","192.168.15.3","MQTT","68","Disconnect Req"
"600489","4212.586761640","192.168.15.4","192.168.15.3","MQTT","90","Connect Command"
"600491","4212.589736635","192.168.15.4","192.168.15.3","MQTT","97","Publish Message (id=4152) [Deviceb'Device - 2']"
"600492","4212.590108148","192.168.15.3","192.168.15.4","MQTT","70","Connect Ack"
"600495","4212.592781133","192.168.15.3","192.168.15.4","MQTT","70","Publish Ack (id=4152)"
"600497","4212.593141183","192.168.15.4","192.168.15.3","MQTT","68","Disconnect Req"
"600514","4213.596763285","192.168.15.4","192.168.15.3","MQTT","90","Connect Command"
"600516","4213.599824043","192.168.15.4","192.168.15.3","MQTT","97","Publish Message (id=4153) [Deviceb'Device - 2']"
"600517","4213.600253575","192.168.15.3","192.168.15.4","MQTT","70","Connect Ack"
"600521","4213.602895461","192.168.15.3","192.168.15.4","MQTT","70","Publish Ack (id=4153)"
"600523","4213.603344811","192.168.15.4","192.168.15.3","MQTT","68","Disconnect Req"
"600556","4214.607517773","192.168.15.4","192.168.15.3","MQTT","90","Connect Command"
"600558","4214.612308061","192.168.15.4","192.168.15.3","MQTT","97","Publish Message (id=4154) [Deviceb'Device - 2']"
"600560","4214.616670921","192.168.15.3","192.168.15.4","MQTT","70","Connect Ack"
"600562","4214.619183573","192.168.15.3","192.168.15.4","MQTT","70","Publish Ack (id=4154)"
"600564","4214.619689870","192.168.15.4","192.168.15.3","MQTT","68","Disconnect Req"
"600594","4215.623482832","192.168.15.4","192.168.15.3","MQTT","90","Connect Command"
"600596","4215.626554060","192.168.15.4","192.168.15.3","MQTT","97","Publish Message (id=4155) [Deviceb'Device - 2']"
"600597","4215.626931333","192.168.15.3","192.168.15.4","MQTT","70","Connect Ack"
"600600","4215.629500452","192.168.15.3","192.168.15.4","MQTT","70","Publish Ack (id=4155)"
"600602","4215.629874158","192.168.15.4","192.168.15.3","MQTT","68","Disconnect Req"
"601635","4216.635878651","192.168.15.4","192.168.15.3","MQTT","90","Connect Command"
"601666","4216.641533524","192.168.15.4","192.168.15.3","MQTT","97","Publish Message (id=4156) [Deviceb'Device - 2']"
"601676","4216.642360277","192.168.15.3","192.168.15.4","MQTT","70","Connect Ack"
"601688","4216.644902635","192.168.15.3","192.168.15.4","MQTT","70","Publish Ack (id=4156)"
"601695","4216.645352816","192.168.15.4","192.168.15.3","MQTT","68","Disconnect Req"
"602168","4217.649455141","192.168.15.4","192.168.15.3","MQTT","90","Connect Command"
"602170","4217.652365915","192.168.15.4","192.168.15.3","MQTT","97","Publish Message (id=4157) [Deviceb'Device - 2']"
"602171","4217.652733040","192.168.15.3","192.168.15.4","MQTT","70","Connect Ack"
"602174","4217.655212037","192.168.15.3","192.168.15.4","MQTT","70","Publish Ack (id=4157)"
"602176","4217.655797374","192.168.15.4","192.168.15.3","MQTT","68","Disconnect Req"
"602212","4218.660072293","192.168.15.4","192.168.15.3","MQTT","90","Connect Command"
"602214","4218.664062268","192.168.15.4","192.168.15.3","MQTT","97","Publish Message (id=4158) [Deviceb'Device - 2']"
"602215","4218.664428390","192.168.15.3","192.168.15.4","MQTT","70","Connect Ack"
"602218","4218.666951401","192.168.15.3","192.168.15.4","MQTT","70","Publish Ack (id=4158)"
"602220","4218.667736225","192.168.15.4","192.168.15.3","MQTT","68","Disconnect Req"
"602232","4219.672783595","192.168.15.4","192.168.15.3","MQTT","90","Connect Command"
"602234","4219.675688508","192.168.15.4","192.168.15.3","MQTT","97","Publish Message (id=4159) [Deviceb'Device - 2']"
"602236","4219.680090191","192.168.15.3","192.168.15.4","MQTT","70","Connect Ack"
"602238","4219.682485361","192.168.15.3","192.168.15.4","MQTT","70","Publish Ack (id=4159)"
"602240","4219.683162862","192.168.15.4","192.168.15.3","MQTT","68","Disconnect Req"
"603889","4220.687456764","192.168.15.4","192.168.15.3","MQTT","90","Connect Command"
"603891","4220.690418445","192.168.15.4","192.168.15.3","MQTT","97","Publish Message (id=4160) [Deviceb'Device - 2']"
"603892","4220.690855081","192.168.15.3","192.168.15.4","MQTT","70","Connect Ack"
"603895","4220.693428337","192.168.15.3","192.168.15.4","MQTT","70","Publish Ack (id=4160)"
"603897","4220.693684241","192.168.15.4","192.168.15.3","MQTT","68","Disconnect Req"
"603926","4221.697371566","192.168.15.4","192.168.15.3","MQTT","90","Connect Command"
"603928","4221.700423246","192.168.15.4","192.168.15.3","MQTT","97","Publish Message (id=4161) [Deviceb'Device - 2']"
"603929","4221.700791683","192.168.15.3","192.168.15.4","MQTT","70","Connect Ack"
"603932","4221.703235885","192.168.15.3","192.168.15.4","MQTT","70","Publish Ack (id=4161)"
"603934","4221.703630271","192.168.15.4","192.168.15.3","MQTT","68","Disconnect Req"
"604063","4222.707825144","192.168.15.4","192.168.15.3","MQTT","90","Connect Command"
"604065","4222.710850635","192.168.15.4","192.168.15.3","MQTT","97","Publish Message (id=4162) [Deviceb'Device - 2']"
"604066","4222.711256422","192.168.15.3","192.168.15.4","MQTT","70","Connect Ack"
"604069","4222.713767601","192.168.15.3","192.168.15.4","MQTT","70","Publish Ack (id=4162)"
"604071","4222.714067899","192.168.15.4","192.168.15.3","MQTT","68","Disconnect Req"
"605084","4223.717889144","192.168.15.4","192.168.15.3","MQTT","90","Connect Command"
"605086","4223.721025274","192.168.15.3","192.168.15.4","MQTT","70","Connect Ack"
"605087","4223.721058297","192.168.15.4","192.168.15.3","MQTT","97","Publish Message (id=4163) [Deviceb'Device - 2']"
"605090","4223.723890302","192.168.15.3","192.168.15.4","MQTT","70","Publish Ack (id=4163)"
"605092","4223.724319173","192.168.15.4","192.168.15.3","MQTT","68","Disconnect Req"
"605104","4224.728482344","192.168.15.4","192.168.15.3","MQTT","90","Connect Command"
"605106","4224.731389952","192.168.15.4","192.168.15.3","MQTT","97","Publish Message (id=4164) [Deviceb'Device - 2']"
"605108","4224.735747232","192.168.15.3","192.168.15.4","MQTT","70","Connect Ack"
"605110","4224.738166897","192.168.15.3","192.168.15.4","MQTT","70","Publish Ack (id=4164)"
"605112","4224.738604214","192.168.15.4","192.168.15.3","MQTT","68","Disconnect Req"
"605127","4225.743337311","192.168.15.4","192.168.15.3","MQTT","90","Connect Command"
"605129","4225.746185858","192.168.15.4","192.168.15.3","MQTT","97","Publish Message (id=4165) [Deviceb'Device - 2']"
"605130","4225.746712874","192.168.15.3","192.168.15.4","MQTT","70","Connect Ack"
"605133","4225.749048711","192.168.15.3","192.168.15.4","MQTT","70","Publish Ack (id=4165)"
"605135","4225.749711464","192.168.15.4","192.168.15.3","MQTT","68","Disconnect Req"
"605150","4226.753808077","192.168.15.4","192.168.15.3","MQTT","90","Connect Command"
"605152","4226.756718360","192.168.15.4","192.168.15.3","MQTT","97","Publish Message (id=4166) [Deviceb'Device - 2']"
"605153","4226.757091806","192.168.15.3","192.168.15.4","MQTT","70","Connect Ack"
"605156","4226.759683036","192.168.15.3","192.168.15.4","MQTT","70","Publish Ack (id=4166)"
"605158","4226.760203360","192.168.15.4","192.168.15.3","MQTT","68","Disconnect Req"
"605170","4227.764305552","192.168.15.4","192.168.15.3","MQTT","90","Connect Command"
"605172","4227.767254809","192.168.15.4","192.168.15.3","MQTT","97","Publish Message (id=4167) [Deviceb'Device - 2']"
"605173","4227.767635358","192.168.15.3","192.168.15.4","MQTT","70","Connect Ack"
"605176","4227.770196702","192.168.15.3","192.168.15.4","MQTT","70","Publish Ack (id=4167)"
"605178","4227.770832594","192.168.15.4","192.168.15.3","MQTT","68","Disconnect Req"
"605190","4228.774473603","192.168.15.4","192.168.15.3","MQTT","90","Connect Command"
"605192","4228.778111131","192.168.15.4","192.168.15.3","MQTT","97","Publish Message (id=4168) [Deviceb'Device - 2']"
"605193","4228.778122022","192.168.15.3","192.168.15.4","MQTT","70","Connect Ack"
"605196","4228.781866472","192.168.15.3","192.168.15.4","MQTT","70","Publish Ack (id=4168)"
"605198","4228.782593707","192.168.15.4","192.168.15.3","MQTT","68","Disconnect Req"
"605210","4229.786334844","192.168.15.4","192.168.15.3","MQTT","90","Connect Command"
"605212","4229.789285183","192.168.15.4","192.168.15.3","MQTT","97","Publish Message (id=4169) [Deviceb'Device - 2']"
"605214","4229.793525201","192.168.15.3","192.168.15.4","MQTT","70","Connect Ack"
"605216","4229.796034947","192.168.15.3","192.168.15.4","MQTT","70","Publish Ack (id=4169)"
"605218","4229.796534611","192.168.15.4","192.168.15.3","MQTT","68","Disconnect Req"
"605239","4230.800464663","192.168.15.4","192.168.15.3","MQTT","90","Connect Command"
"605241","4230.803347845","192.168.15.4","192.168.15.3","MQTT","97","Publish Message (id=4170) [Deviceb'Device - 2']"
"605242","4230.803746620","192.168.15.3","192.168.15.4","MQTT","70","Connect Ack"
"605245","4230.806442287","192.168.15.3","192.168.15.4","MQTT","70","Publish Ack (id=4170)"
"605247","4230.806816254","192.168.15.4","192.168.15.3","MQTT","68","Disconnect Req"
"605265","4231.810841465","192.168.15.4","192.168.15.3","MQTT","90","Connect Command"
"605267","4231.813757439","192.168.15.4","192.168.15.3","MQTT","97","Publish Message (id=4171) [Deviceb'Device - 2']"
"605268","4231.814233299","192.168.15.3","192.168.15.4","MQTT","70","Connect Ack"
"605271","4231.816613119","192.168.15.3","192.168.15.4","MQTT","70","Publish Ack (id=4171)"
"605273","4231.817664607","192.168.15.4","192.168.15.3","MQTT","68","Disconnect Req"
"605323","4232.822037634","192.168.15.4","192.168.15.3","MQTT","90","Connect Command"
"605325","4232.825041214","192.168.15.4","192.168.15.3","MQTT","97","Publish Message (id=4172) [Deviceb'Device - 2']"
"605326","4232.825435420","192.168.15.3","192.168.15.4","MQTT","70","Connect Ack"
"605329","4232.828040155","192.168.15.3","192.168.15.4","MQTT","70","Publish Ack (id=4172)"
"605331","4232.828478875","192.168.15.4","192.168.15.3","MQTT","68","Disconnect Req"
"605343","4233.832715102","192.168.15.4","192.168.15.3","MQTT","90","Connect Command"
"605345","4233.835623882","192.168.15.4","192.168.15.3","MQTT","97","Publish Message (id=4173) [Deviceb'Device - 2']"
"605346","4233.836051902","192.168.15.3","192.168.15.4","MQTT","70","Connect Ack"
"605349","4233.838520139","192.168.15.3","192.168.15.4","MQTT","70","Publish Ack (id=4173)"
"605351","4233.839111898","192.168.15.4","192.168.15.3","MQTT","68","Disconnect Req"
"605381","4234.843741749","192.168.15.4","192.168.15.3","MQTT","90","Connect Command"
"605383","4234.846659886","192.168.15.4","192.168.15.3","MQTT","97","Publish Message (id=4174) [Deviceb'Device - 2']"
"605385","4234.851029038","192.168.15.3","192.168.15.4","MQTT","70","Connect Ack"
"605387","4234.853688487","192.168.15.3","192.168.15.4","MQTT","70","Publish Ack (id=4174)"
"605389","4234.854083484","192.168.15.4","192.168.15.3","MQTT","68","Disconnect Req"
"605402","4235.857585902","192.168.15.4","192.168.15.3","MQTT","90","Connect Command"
"605404","4235.860590834","192.168.15.4","192.168.15.3","MQTT","97","Publish Message (id=4175) [Deviceb'Device - 2']"
"605405","4235.861017741","192.168.15.3","192.168.15.4","MQTT","70","Connect Ack"
"605408","4235.863415856","192.168.15.3","192.168.15.4","MQTT","70","Publish Ack (id=4175)"
"605410","4235.863692148","192.168.15.4","192.168.15.3","MQTT","68","Disconnect Req"
"605425","4236.868144471","192.168.15.4","192.168.15.3","MQTT","90","Connect Command"
"605427","4236.871092215","192.168.15.4","192.168.15.3","MQTT","97","Publish Message (id=4176) [Deviceb'Device - 2']"
"605428","4236.871547195","192.168.15.3","192.168.15.4","MQTT","70","Connect Ack"
"605431","4236.874121183","192.168.15.3","192.168.15.4","MQTT","70","Publish Ack (id=4176)"
"605433","4236.874380453","192.168.15.4","192.168.15.3","MQTT","68","Disconnect Req"
"605457","4237.878246425","192.168.15.4","192.168.15.3","MQTT","90","Connect Command"
"605459","4237.881250906","192.168.15.4","192.168.15.3","MQTT","97","Publish Message (id=4177) [Deviceb'Device - 2']"
"605460","4237.881672093","192.168.15.3","192.168.15.4","MQTT","70","Connect Ack"
"605463","4237.884102389","192.168.15.3","192.168.15.4","MQTT","70","Publish Ack (id=4177)"
"605465","4237.884623504","192.168.15.4","192.168.15.3","MQTT","68","Disconnect Req"
"605477","4238.888725812","192.168.15.4","192.168.15.3","MQTT","90","Connect Command"
"605479","4238.891698533","192.168.15.4","192.168.15.3","MQTT","97","Publish Message (id=4178) [Deviceb'Device - 2']"
"605480","4238.892112175","192.168.15.3","192.168.15.4","MQTT","70","Connect Ack"
"605483","4238.894625808","192.168.15.3","192.168.15.4","MQTT","70","Publish Ack (id=4178)"
"605485","4238.894881422","192.168.15.4","192.168.15.3","MQTT","68","Disconnect Req"
"605497","4239.899286110","192.168.15.4","192.168.15.3","MQTT","90","Connect Command"
"605499","4239.902228815","192.168.15.4","192.168.15.3","MQTT","97","Publish Message (id=4179) [Deviceb'Device - 2']"
"605501","4239.906589961","192.168.15.3","192.168.15.4","MQTT","70","Connect Ack"
"605503","4239.909201099","192.168.15.3","192.168.15.4","MQTT","70","Publish Ack (id=4179)"
"605505","4239.909574876","192.168.15.4","192.168.15.3","MQTT","68","Disconnect Req"
"605517","4240.914150386","192.168.15.4","192.168.15.3","MQTT","90","Connect Command"
"605519","4240.918950743","192.168.15.4","192.168.15.3","MQTT","97","Publish Message (id=4180) [Deviceb'Device - 2']"
"605520","4240.919334649","192.168.15.3","192.168.15.4","MQTT","70","Connect Ack"
"605523","4240.921917994","192.168.15.3","192.168.15.4","MQTT","70","Publish Ack (id=4180)"
"605525","4240.922717446","192.168.15.4","192.168.15.3","MQTT","68","Disconnect Req"
"605544","4241.926287945","192.168.15.4","192.168.15.3","MQTT","90","Connect Command"
"605546","4241.929258983","192.168.15.4","192.168.15.3","MQTT","97","Publish Message (id=4181) [Deviceb'Device - 2']"
"605547","4241.929736546","192.168.15.3","192.168.15.4","MQTT","70","Connect Ack"
"605550","4241.932209171","192.168.15.3","192.168.15.4","MQTT","70","Publish Ack (id=4181)"
"605552","4241.933036375","192.168.15.4","192.168.15.3","MQTT","68","Disconnect Req"
"605566","4242.937013031","192.168.15.4","192.168.15.3","MQTT","90","Connect Command"
"605568","4242.939944725","192.168.15.4","192.168.15.3","MQTT","97","Publish Message (id=4182) [Deviceb'Device - 2']"
"605569","4242.940383144","192.168.15.3","192.168.15.4","MQTT","70","Connect Ack"
"605572","4242.942774095","192.168.15.3","192.168.15.4","MQTT","70","Publish Ack (id=4182)"
"605574","4242.943433161","192.168.15.4","192.168.15.3","MQTT","68","Disconnect Req"
"605598","4243.947609914","192.168.15.4","192.168.15.3","MQTT","90","Connect Command"
"605600","4243.950624494","192.168.15.4","192.168.15.3","MQTT","97","Publish Message (id=4183) [Deviceb'Device - 2']"
"605601","4243.950995866","192.168.15.3","192.168.15.4","MQTT","70","Connect Ack"
"605604","4243.953492487","192.168.15.3","192.168.15.4","MQTT","70","Publish Ack (id=4183)"
"605606","4243.953814446","192.168.15.4","192.168.15.3","MQTT","68","Disconnect Req"
"605614","4244.958537190","192.168.15.4","192.168.15.3","MQTT","90","Connect Command"
"605616","4244.963751209","192.168.15.4","192.168.15.3","MQTT","97","Publish Message (id=4184) [Deviceb'Device - 2']"
"605618","4244.969240779","192.168.15.3","192.168.15.4","MQTT","70","Connect Ack"
"605620","4244.971627914","192.168.15.3","192.168.15.4","MQTT","70","Publish Ack (id=4184)"
"605622","4244.972241073","192.168.15.4","192.168.15.3","MQTT","68","Disconnect Req"
"605635","4245.976318886","192.168.15.4","192.168.15.3","MQTT","90","Connect Command"
"605637","4245.980184205","192.168.15.4","192.168.15.3","MQTT","97","Publish Message (id=4185) [Deviceb'Device - 2']"
"605638","4245.980195978","192.168.15.3","192.168.15.4","MQTT","70","Connect Ack"
"605641","4245.983139063","192.168.15.3","192.168.15.4","MQTT","70","Publish Ack (id=4185)"
"605643","4245.984056187","192.168.15.4","192.168.15.3","MQTT","68","Disconnect Req"
"605675","4246.988487136","192.168.15.4","192.168.15.3","MQTT","90","Connect Command"
"605677","4246.991376540","192.168.15.4","192.168.15.3","MQTT","97","Publish Message (id=4186) [Deviceb'Device - 2']"
"605678","4246.991794140","192.168.15.3","192.168.15.4","MQTT","70","Connect Ack"
"605681","4246.994197033","192.168.15.3","192.168.15.4","MQTT","70","Publish Ack (id=4186)"
"605683","4246.994875096","192.168.15.4","192.168.15.3","MQTT","68","Disconnect Req"
"605705","4247.998735565","192.168.15.4","192.168.15.3","MQTT","90","Connect Command"
"605707","4248.001693358","192.168.15.4","192.168.15.3","MQTT","97","Publish Message (id=4187) [Deviceb'Device - 2']"
"605708","4248.002088766","192.168.15.3","192.168.15.4","MQTT","70","Connect Ack"
"605711","4248.004697549","192.168.15.3","192.168.15.4","MQTT","70","Publish Ack (id=4187)"
"605713","4248.005168860","192.168.15.4","192.168.15.3","MQTT","68","Disconnect Req"
"605732","4249.010608043","192.168.15.4","192.168.15.3","MQTT","90","Connect Command"
"605734","4249.014217880","192.168.15.4","192.168.15.3","MQTT","97","Publish Message (id=4188) [Deviceb'Device - 2']"
"605735","4249.014649275","192.168.15.3","192.168.15.4","MQTT","70","Connect Ack"
"605738","4249.017186663","192.168.15.3","192.168.15.4","MQTT","70","Publish Ack (id=4188)"
"605740","4249.017647405","192.168.15.4","192.168.15.3","MQTT","68","Disconnect Req"
"605757","4250.021820232","192.168.15.4","192.168.15.3","MQTT","90","Connect Command"
"605759","4250.024774940","192.168.15.4","192.168.15.3","MQTT","97","Publish Message (id=4189) [Deviceb'Device - 2']"
"605761","4250.029228842","192.168.15.3","192.168.15.4","MQTT","70","Connect Ack"
"605763","4250.031669477","192.168.15.3","192.168.15.4","MQTT","70","Publish Ack (id=4189)"
"605765","4250.032057390","192.168.15.4","192.168.15.3","MQTT","68","Disconnect Req"
"605774","4251.036078460","192.168.15.4","192.168.15.3","MQTT","90","Connect Command"
"605776","4251.038966481","192.168.15.4","192.168.15.3","MQTT","97","Publish Message (id=4190) [Deviceb'Device - 2']"
"605777","4251.039600239","192.168.15.3","192.168.15.4","MQTT","70","Connect Ack"
"605780","4251.042470296","192.168.15.3","192.168.15.4","MQTT","70","Publish Ack (id=4190)"
"605782","4251.043045204","192.168.15.4","192.168.15.3","MQTT","68","Disconnect Req"
"605796","4252.047411555","192.168.15.4","192.168.15.3","MQTT","90","Connect Command"
"605798","4252.050426225","192.168.15.4","192.168.15.3","MQTT","97","Publish Message (id=4191) [Deviceb'Device - 2']"
"605799","4252.050857942","192.168.15.3","192.168.15.4","MQTT","70","Connect Ack"
"605802","4252.053354643","192.168.15.3","192.168.15.4","MQTT","70","Publish Ack (id=4191)"
"605804","4252.053732578","192.168.15.4","192.168.15.3","MQTT","68","Disconnect Req"
"605816","4253.057992226","192.168.15.4","192.168.15.3","MQTT","90","Connect Command"
"605818","4253.060991437","192.168.15.4","192.168.15.3","MQTT","97","Publish Message (id=4192) [Deviceb'Device - 2']"
"605819","4253.061346358","192.168.15.3","192.168.15.4","MQTT","70","Connect Ack"
"605822","4253.063913843","192.168.15.3","192.168.15.4","MQTT","70","Publish Ack (id=4192)"
"605824","4253.064303200","192.168.15.4","192.168.15.3","MQTT","68","Disconnect Req"
"605860","4254.067982860","192.168.15.4","192.168.15.3","MQTT","90","Connect Command"
"605862","4254.071309420","192.168.15.3","192.168.15.4","MQTT","70","Connect Ack"
"605863","4254.071347111","192.168.15.4","192.168.15.3","MQTT","97","Publish Message (id=4193) [Deviceb'Device - 2']"
"605866","4254.074760967","192.168.15.3","192.168.15.4","MQTT","70","Publish Ack (id=4193)"
"605868","4254.075409323","192.168.15.4","192.168.15.3","MQTT","68","Disconnect Req"
"605885","4255.079244025","192.168.15.4","192.168.15.3","MQTT","90","Connect Command"
"605887","4255.082253866","192.168.15.4","192.168.15.3","MQTT","97","Publish Message (id=4194) [Deviceb'Device - 2']"
"605889","4255.086631655","192.168.15.3","192.168.15.4","MQTT","70","Connect Ack"
"605891","4255.089219798","192.168.15.3","192.168.15.4","MQTT","70","Publish Ack (id=4194)"
"605893","4255.089824041","192.168.15.4","192.168.15.3","MQTT","68","Disconnect Req"
"605905","4256.093861365","192.168.15.4","192.168.15.3","MQTT","90","Connect Command"
"605907","4256.096793189","192.168.15.4","192.168.15.3","MQTT","97","Publish Message (id=4195) [Deviceb'Device - 2']"
"605908","4256.097213644","192.168.15.3","192.168.15.4","MQTT","70","Connect Ack"
"605911","4256.099721787","192.168.15.3","192.168.15.4","MQTT","70","Publish Ack (id=4195)"
"605913","4256.100263431","192.168.15.4","192.168.15.3","MQTT","68","Disconnect Req"
"605936","4257.104517574","192.168.15.4","192.168.15.3","MQTT","90","Connect Command"
"605938","4257.107528969","192.168.15.4","192.168.15.3","MQTT","97","Publish Message (id=4196) [Deviceb'Device - 2']"
"605939","4257.108259500","192.168.15.3","192.168.15.4","MQTT","70","Connect Ack"
"605942","4257.110061207","192.168.15.3","192.168.15.4","MQTT","70","Publish Ack (id=4196)"
"605944","4257.110327841","192.168.15.4","192.168.15.3","MQTT","68","Disconnect Req"
"605953","4258.114848667","192.168.15.4","192.168.15.3","MQTT","90","Connect Command"
"605955","4258.117854792","192.168.15.4","192.168.15.3","MQTT","97","Publish Message (id=4197) [Deviceb'Device - 2']"
"605956","4258.118224581","192.168.15.3","192.168.15.4","MQTT","70","Connect Ack"
"605959","4258.120892616","192.168.15.3","192.168.15.4","MQTT","70","Publish Ack (id=4197)"
"605961","4258.121212330","192.168.15.4","192.168.15.3","MQTT","68","Disconnect Req"
"605970","4259.125145754","192.168.15.4","192.168.15.3","MQTT","90","Connect Command"
"605972","4259.128046570","192.168.15.4","192.168.15.3","MQTT","97","Publish Message (id=4198) [Deviceb'Device - 2']"
"605973","4259.128654269","192.168.15.3","192.168.15.4","MQTT","70","Connect Ack"
"605976","4259.130887882","192.168.15.3","192.168.15.4","MQTT","70","Publish Ack (id=4198)"
"605978","4259.131262030","192.168.15.4","192.168.15.3","MQTT","68","Disconnect Req"
"605992","4260.135389790","192.168.15.4","192.168.15.3","MQTT","90","Connect Command"
"605994","4260.138275306","192.168.15.4","192.168.15.3","MQTT","97","Publish Message (id=4199) [Deviceb'Device - 2']"
"605995","4260.138711431","192.168.15.3","192.168.15.4","MQTT","70","Connect Ack"
"605998","4260.141551772","192.168.15.3","192.168.15.4","MQTT","70","Publish Ack (id=4199)"
"606000","4260.141905501","192.168.15.4","192.168.15.3","MQTT","68","Disconnect Req"
"606063","4261.145776053","192.168.15.4","192.168.15.3","MQTT","90","Connect Command"
"606065","4261.148789712","192.168.15.4","192.168.15.3","MQTT","97","Publish Message (id=4200) [Deviceb'Device - 2']"
"606066","4261.149155414","192.168.15.3","192.168.15.4","MQTT","70","Connect Ack"
"606069","4261.151792039","192.168.15.3","192.168.15.4","MQTT","70","Publish Ack (id=4200)"
"606071","4261.152124077","192.168.15.4","192.168.15.3","MQTT","68","Disconnect Req"
"606092","4262.155757640","192.168.15.4","192.168.15.3","MQTT","90","Connect Command"
"606094","4262.158759987","192.168.15.4","192.168.15.3","MQTT","97","Publish Message (id=4201) [Deviceb'Device - 2']"
"606095","4262.159140096","192.168.15.3","192.168.15.4","MQTT","70","Connect Ack"
"606098","4262.161999964","192.168.15.3","192.168.15.4","MQTT","70","Publish Ack (id=4201)"
"606100","4262.162281286","192.168.15.4","192.168.15.3","MQTT","68","Disconnect Req"
"606112","4263.166314694","192.168.15.4","192.168.15.3","MQTT","90","Connect Command"
"606114","4263.170956151","192.168.15.4","192.168.15.3","MQTT","97","Publish Message (id=4202) [Deviceb'Device - 2']"
"606115","4263.171331591","192.168.15.3","192.168.15.4","MQTT","70","Connect Ack"
"606118","4263.173918983","192.168.15.3","192.168.15.4","MQTT","70","Publish Ack (id=4202)"
"606120","4263.174229140","192.168.15.4","192.168.15.3","MQTT","68","Disconnect Req"
"606455","4264.178132211","192.168.15.4","192.168.15.3","MQTT","90","Connect Command"
"606457","4264.181149326","192.168.15.4","192.168.15.3","MQTT","97","Publish Message (id=4203) [Deviceb'Device - 2']"
"606458","4264.181550314","192.168.15.3","192.168.15.4","MQTT","70","Connect Ack"
"606461","4264.184158586","192.168.15.3","192.168.15.4","MQTT","70","Publish Ack (id=4203)"
"606463","4264.184472199","192.168.15.4","192.168.15.3","MQTT","68","Disconnect Req"
"606476","4265.188485266","192.168.15.4","192.168.15.3","MQTT","90","Connect Command"
"606478","4265.191375070","192.168.15.4","192.168.15.3","MQTT","97","Publish Message (id=4204) [Deviceb'Device - 2']"
"606480","4265.195789949","192.168.15.3","192.168.15.4","MQTT","70","Connect Ack"
"606482","4265.198309333","192.168.15.3","192.168.15.4","MQTT","70","Publish Ack (id=4204)"
"606484","4265.198560798","192.168.15.4","192.168.15.3","MQTT","68","Disconnect Req"
"606496","4266.202353198","192.168.15.4","192.168.15.3","MQTT","90","Connect Command"
"606498","4266.205207605","192.168.15.4","192.168.15.3","MQTT","97","Publish Message (id=4205) [Deviceb'Device - 2']"
"606499","4266.205574509","192.168.15.3","192.168.15.4","MQTT","70","Connect Ack"
"606502","4266.208002570","192.168.15.3","192.168.15.4","MQTT","70","Publish Ack (id=4205)"
"606504","4266.208778698","192.168.15.4","192.168.15.3","MQTT","68","Disconnect Req"
"610278","4267.213629287","192.168.15.4","192.168.15.3","MQTT","90","Connect Command"
"610311","4267.218509274","192.168.15.4","192.168.15.3","MQTT","97","Publish Message (id=4206) [Deviceb'Device - 2']"
"610312","4267.218918608","192.168.15.3","192.168.15.4","MQTT","70","Connect Ack"
"610339","4267.222438584","192.168.15.3","192.168.15.4","MQTT","70","Publish Ack (id=4206)"
"610341","4267.222805428","192.168.15.4","192.168.15.3","MQTT","68","Disconnect Req"
"615759","4268.226377007","192.168.15.4","192.168.15.3","MQTT","90","Connect Command"
"615761","4268.229300846","192.168.15.4","192.168.15.3","MQTT","97","Publish Message (id=4207) [Deviceb'Device - 2']"
"615762","4268.229706223","192.168.15.3","192.168.15.4","MQTT","70","Connect Ack"
"615765","4268.232265653","192.168.15.3","192.168.15.4","MQTT","70","Publish Ack (id=4207)"
"615767","4268.232949396","192.168.15.4","192.168.15.3","MQTT","68","Disconnect Req"
"615777","4269.237266684","192.168.15.4","192.168.15.3","MQTT","90","Connect Command"
"615779","4269.240164043","192.168.15.4","192.168.15.3","MQTT","97","Publish Message (id=4208) [Deviceb'Device - 2']"
"615780","4269.240576883","192.168.15.3","192.168.15.4","MQTT","70","Connect Ack"
"615783","4269.243029170","192.168.15.3","192.168.15.4","MQTT","70","Publish Ack (id=4208)"
"615785","4269.243635256","192.168.15.4","192.168.15.3","MQTT","68","Disconnect Req"
"615913","4270.248518584","192.168.15.4","192.168.15.3","MQTT","90","Connect Command"
"615966","4270.254384666","192.168.15.4","192.168.15.3","MQTT","97","Publish Message (id=4209) [Deviceb'Device - 2']"
"616017","4270.259675521","192.168.15.3","192.168.15.4","MQTT","70","Connect Ack"
"616050","4270.263175188","192.168.15.3","192.168.15.4","MQTT","70","Publish Ack (id=4209)"
"616056","4270.263575495","192.168.15.4","192.168.15.3","MQTT","68","Disconnect Req"
"617409","4271.267805555","192.168.15.4","192.168.15.3","MQTT","90","Connect Command"
"617411","4271.270763077","192.168.15.4","192.168.15.3","MQTT","97","Publish Message (id=4210) [Deviceb'Device - 2']"
"617412","4271.271168544","192.168.15.3","192.168.15.4","MQTT","70","Connect Ack"
"617415","4271.273733183","192.168.15.3","192.168.15.4","MQTT","70","Publish Ack (id=4210)"
"617417","4271.274454958","192.168.15.4","192.168.15.3","MQTT","68","Disconnect Req"
"617446","4272.280251119","192.168.15.4","192.168.15.3","MQTT","90","Connect Command"
"617448","4272.283361871","192.168.15.4","192.168.15.3","MQTT","97","Publish Message (id=4211) [Deviceb'Device - 2']"
"617449","4272.283745517","192.168.15.3","192.168.15.4","MQTT","70","Connect Ack"
"617452","4272.286462164","192.168.15.3","192.168.15.4","MQTT","70","Publish Ack (id=4211)"
"617454","4272.287249272","192.168.15.4","192.168.15.3","MQTT","68","Disconnect Req"
"619024","4273.291096506","192.168.15.4","192.168.15.3","MQTT","90","Connect Command"
"619026","4273.295868469","192.168.15.4","192.168.15.3","MQTT","97","Publish Message (id=4212) [Deviceb'Device - 2']"
"619027","4273.296294054","192.168.15.3","192.168.15.4","MQTT","70","Connect Ack"
"619030","4273.298862861","192.168.15.3","192.168.15.4","MQTT","70","Publish Ack (id=4212)"
"619032","4273.299656552","192.168.15.4","192.168.15.3","MQTT","68","Disconnect Req"
"619044","4274.303981419","192.168.15.4","192.168.15.3","MQTT","90","Connect Command"
"619046","4274.306928281","192.168.15.4","192.168.15.3","MQTT","97","Publish Message (id=4213) [Deviceb'Device - 2']"
"619047","4274.307383712","192.168.15.3","192.168.15.4","MQTT","70","Connect Ack"
"619050","4274.309830709","192.168.15.3","192.168.15.4","MQTT","70","Publish Ack (id=4213)"
"619052","4274.310222590","192.168.15.4","192.168.15.3","MQTT","68","Disconnect Req"
"619067","4275.314674355","192.168.15.4","192.168.15.3","MQTT","90","Connect Command"
"619069","4275.317733600","192.168.15.4","192.168.15.3","MQTT","97","Publish Message (id=4214) [Deviceb'Device - 2']"
"619071","4275.321880211","192.168.15.3","192.168.15.4","MQTT","70","Connect Ack"
"619073","4275.324503121","192.168.15.3","192.168.15.4","MQTT","70","Publish Ack (id=4214)"
"619075","4275.324800022","192.168.15.4","192.168.15.3","MQTT","68","Disconnect Req"
"619088","4276.328537816","192.168.15.4","192.168.15.3","MQTT","90","Connect Command"
"619090","4276.333464843","192.168.15.4","192.168.15.3","MQTT","97","Publish Message (id=4215) [Deviceb'Device - 2']"
"619091","4276.333823851","192.168.15.3","192.168.15.4","MQTT","70","Connect Ack"
"619094","4276.336412927","192.168.15.3","192.168.15.4","MQTT","70","Publish Ack (id=4215)"
"619096","4276.337066703","192.168.15.4","192.168.15.3","MQTT","68","Disconnect Req"
"619121","4277.340990337","192.168.15.4","192.168.15.3","MQTT","90","Connect Command"
"619123","4277.343998836","192.168.15.4","192.168.15.3","MQTT","97","Publish Message (id=4216) [Deviceb'Device - 2']"
"619124","4277.344411637","192.168.15.3","192.168.15.4","MQTT","70","Connect Ack"
"619127","4277.346800494","192.168.15.3","192.168.15.4","MQTT","70","Publish Ack (id=4216)"
"619129","4277.347616978","192.168.15.4","192.168.15.3","MQTT","68","Disconnect Req"
"619168","4278.351715752","192.168.15.4","192.168.15.3","MQTT","90","Connect Command"
"619170","4278.354594506","192.168.15.4","192.168.15.3","MQTT","97","Publish Message (id=4217) [Deviceb'Device - 2']"
"619171","4278.355024058","192.168.15.3","192.168.15.4","MQTT","70","Connect Ack"
"619174","4278.357399750","192.168.15.3","192.168.15.4","MQTT","70","Publish Ack (id=4217)"
"619176","4278.357864278","192.168.15.4","192.168.15.3","MQTT","68","Disconnect Req"
"619190","4279.361833025","192.168.15.4","192.168.15.3","MQTT","90","Connect Command"
"619192","4279.364785017","192.168.15.4","192.168.15.3","MQTT","97","Publish Message (id=4218) [Deviceb'Device - 2']"
"619193","4279.365181016","192.168.15.3","192.168.15.4","MQTT","70","Connect Ack"
"619196","4279.367816620","192.168.15.3","192.168.15.4","MQTT","70","Publish Ack (id=4218)"
"619198","4279.368335251","192.168.15.4","192.168.15.3","MQTT","68","Disconnect Req"
"619216","4280.372927206","192.168.15.4","192.168.15.3","MQTT","90","Connect Command"
"619218","4280.375809215","192.168.15.4","192.168.15.3","MQTT","97","Publish Message (id=4219) [Deviceb'Device - 2']"
"619220","4280.380020298","192.168.15.3","192.168.15.4","MQTT","70","Connect Ack"
"619222","4280.382589917","192.168.15.3","192.168.15.4","MQTT","70","Publish Ack (id=4219)"
"619224","4280.383509516","192.168.15.4","192.168.15.3","MQTT","68","Disconnect Req"
"619236","4281.387807914","192.168.15.4","192.168.15.3","MQTT","90","Connect Command"
"619238","4281.390708349","192.168.15.4","192.168.15.3","MQTT","97","Publish Message (id=4220) [Deviceb'Device - 2']"
"619239","4281.391101442","192.168.15.3","192.168.15.4","MQTT","70","Connect Ack"
"619242","4281.393691369","192.168.15.3","192.168.15.4","MQTT","70","Publish Ack (id=4220)"
"619244","4281.394525467","192.168.15.4","192.168.15.3","MQTT","68","Disconnect Req"
"619259","4282.398142306","192.168.15.4","192.168.15.3","MQTT","90","Connect Command"
"619261","4282.401122852","192.168.15.4","192.168.15.3","MQTT","97","Publish Message (id=4221) [Deviceb'Device - 2']"
"619262","4282.401525874","192.168.15.3","192.168.15.4","MQTT","70","Connect Ack"
"619265","4282.404184421","192.168.15.3","192.168.15.4","MQTT","70","Publish Ack (id=4221)"
"619267","4282.404470833","192.168.15.4","192.168.15.3","MQTT","68","Disconnect Req"
"619279","4283.408085877","192.168.15.4","192.168.15.3","MQTT","90","Connect Command"
"619281","4283.411106358","192.168.15.4","192.168.15.3","MQTT","97","Publish Message (id=4222) [Deviceb'Device - 2']"
"619282","4283.411521513","192.168.15.3","192.168.15.4","MQTT","70","Connect Ack"
"619285","4283.414083147","192.168.15.3","192.168.15.4","MQTT","70","Publish Ack (id=4222)"
"619287","4283.414441064","192.168.15.4","192.168.15.3","MQTT","68","Disconnect Req"
"619299","4284.417974923","192.168.15.4","192.168.15.3","MQTT","90","Connect Command"
"619301","4284.421006155","192.168.15.4","192.168.15.3","MQTT","97","Publish Message (id=4223) [Deviceb'Device - 2']"
"619302","4284.421396193","192.168.15.3","192.168.15.4","MQTT","70","Connect Ack"
"619305","4284.424237595","192.168.15.3","192.168.15.4","MQTT","70","Publish Ack (id=4223)"
"619307","4284.424517374","192.168.15.4","192.168.15.3","MQTT","68","Disconnect Req"
"619320","4285.430315475","192.168.15.4","192.168.15.3","MQTT","90","Connect Command"
"619322","4285.433412711","192.168.15.4","192.168.15.3","MQTT","97","Publish Message (id=4224) [Deviceb'Device - 2']"
"619324","4285.437689358","192.168.15.3","192.168.15.4","MQTT","70","Connect Ack"
"619326","4285.440251713","192.168.15.3","192.168.15.4","MQTT","70","Publish Ack (id=4224)"
"619328","4285.440695342","192.168.15.4","192.168.15.3","MQTT","68","Disconnect Req"
"619343","4286.445082132","192.168.15.4","192.168.15.3","MQTT","90","Connect Command"
"619345","4286.448069150","192.168.15.4","192.168.15.3","MQTT","97","Publish Message (id=4225) [Deviceb'Device - 2']"
"619346","4286.448455370","192.168.15.3","192.168.15.4","MQTT","70","Connect Ack"
"619349","4286.450872240","192.168.15.3","192.168.15.4","MQTT","70","Publish Ack (id=4225)"
"619351","4286.451338532","192.168.15.4","192.168.15.3","MQTT","68","Disconnect Req"
"619363","4287.454918235","192.168.15.4","192.168.15.3","MQTT","90","Connect Command"
"619365","4287.460236361","192.168.15.4","192.168.15.3","MQTT","97","Publish Message (id=4226) [Deviceb'Device - 2']"
"619366","4287.460647408","192.168.15.3","192.168.15.4","MQTT","70","Connect Ack"
"619369","4287.463185207","192.168.15.3","192.168.15.4","MQTT","70","Publish Ack (id=4226)"
"619371","4287.463598428","192.168.15.4","192.168.15.3","MQTT","68","Disconnect Req"
"619519","4288.467527961","192.168.15.4","192.168.15.3","MQTT","90","Connect Command"
"619521","4288.470436991","192.168.15.4","192.168.15.3","MQTT","97","Publish Message (id=4227) [Deviceb'Device - 2']"
"619522","4288.470853248","192.168.15.3","192.168.15.4","MQTT","70","Connect Ack"
"619525","4288.473457212","192.168.15.3","192.168.15.4","MQTT","70","Publish Ack (id=4227)"
"619527","4288.473968279","192.168.15.4","192.168.15.3","MQTT","68","Disconnect Req"
"619539","4289.478079895","192.168.15.4","192.168.15.3","MQTT","90","Connect Command"
"619541","4289.481078716","192.168.15.4","192.168.15.3","MQTT","97","Publish Message (id=4228) [Deviceb'Device - 2']"
"619542","4289.481488050","192.168.15.3","192.168.15.4","MQTT","70","Connect Ack"
"619545","4289.483991353","192.168.15.3","192.168.15.4","MQTT","70","Publish Ack (id=4228)"
"619547","4289.484420054","192.168.15.4","192.168.15.3","MQTT","68","Disconnect Req"
"619563","4290.488759510","192.168.15.4","192.168.15.3","MQTT","90","Connect Command"
"619565","4290.491775233","192.168.15.4","192.168.15.3","MQTT","97","Publish Message (id=4229) [Deviceb'Device - 2']"
"619567","4290.496017625","192.168.15.3","192.168.15.4","MQTT","70","Connect Ack"
"619569","4290.498531448","192.168.15.3","192.168.15.4","MQTT","70","Publish Ack (id=4229)"
"619571","4290.498979285","192.168.15.4","192.168.15.3","MQTT","68","Disconnect Req"
"619586","4291.503512356","192.168.15.4","192.168.15.3","MQTT","90","Connect Command"
"619588","4291.506324513","192.168.15.4","192.168.15.3","MQTT","97","Publish Message (id=4230) [Deviceb'Device - 2']"
"619589","4291.506737845","192.168.15.3","192.168.15.4","MQTT","70","Connect Ack"
"619592","4291.509257720","192.168.15.3","192.168.15.4","MQTT","70","Publish Ack (id=4230)"
"619594","4291.510116373","192.168.15.4","192.168.15.3","MQTT","68","Disconnect Req"
"619608","4292.514803723","192.168.15.4","192.168.15.3","MQTT","90","Connect Command"
"619610","4292.517617433","192.168.15.4","192.168.15.3","MQTT","97","Publish Message (id=4231) [Deviceb'Device - 2']"
"619611","4292.518023200","192.168.15.3","192.168.15.4","MQTT","70","Connect Ack"
"619614","4292.520462012","192.168.15.3","192.168.15.4","MQTT","70","Publish Ack (id=4231)"
"619616","4292.521076043","192.168.15.4","192.168.15.3","MQTT","68","Disconnect Req"
"619630","4293.525900443","192.168.15.4","192.168.15.3","MQTT","90","Connect Command"
"619632","4293.528718471","192.168.15.4","192.168.15.3","MQTT","97","Publish Message (id=4232) [Deviceb'Device - 2']"
"619633","4293.529163383","192.168.15.3","192.168.15.4","MQTT","70","Connect Ack"
"619636","4293.531691984","192.168.15.3","192.168.15.4","MQTT","70","Publish Ack (id=4232)"
"619638","4293.532469484","192.168.15.4","192.168.15.3","MQTT","68","Disconnect Req"
"619661","4294.537281028","192.168.15.4","192.168.15.3","MQTT","90","Connect Command"
"619663","4294.540189127","192.168.15.4","192.168.15.3","MQTT","97","Publish Message (id=4233) [Deviceb'Device - 2']"
"619664","4294.540584875","192.168.15.3","192.168.15.4","MQTT","70","Connect Ack"
"619667","4294.543566192","192.168.15.3","192.168.15.4","MQTT","70","Publish Ack (id=4233)"
"619669","4294.544404046","192.168.15.4","192.168.15.3","MQTT","68","Disconnect Req"
"619693","4295.548409195","192.168.15.4","192.168.15.3","MQTT","90","Connect Command"
"619695","4295.553616922","192.168.15.4","192.168.15.3","MQTT","97","Publish Message (id=4234) [Deviceb'Device - 2']"
"619696","4295.556012251","192.168.15.3","192.168.15.4","MQTT","70","Connect Ack"
"619699","4295.559000522","192.168.15.3","192.168.15.4","MQTT","70","Publish Ack (id=4234)"
"619701","4295.559631786","192.168.15.4","192.168.15.3","MQTT","68","Disconnect Req"
"621490","4296.564639127","192.168.15.4","192.168.15.3","MQTT","90","Connect Command"
"621531","4296.568336539","192.168.15.4","192.168.15.3","MQTT","97","Publish Message (id=4235) [Deviceb'Device - 2']"
"621542","4296.569261939","192.168.15.3","192.168.15.4","MQTT","70","Connect Ack"
"621581","4296.572750385","192.168.15.3","192.168.15.4","MQTT","70","Publish Ack (id=4235)"
"621589","4296.573475105","192.168.15.4","192.168.15.3","MQTT","68","Disconnect Req"
"625182","4297.577669229","192.168.15.4","192.168.15.3","MQTT","90","Connect Command"
"625184","4297.580716291","192.168.15.4","192.168.15.3","MQTT","97","Publish Message (id=4236) [Deviceb'Device - 2']"
"625185","4297.581109214","192.168.15.3","192.168.15.4","MQTT","70","Connect Ack"
"625188","4297.584093386","192.168.15.3","192.168.15.4","MQTT","70","Publish Ack (id=4236)"
"625190","4297.584472764","192.168.15.4","192.168.15.3","MQTT","68","Disconnect Req"
"625202","4298.588368291","192.168.15.4","192.168.15.3","MQTT","90","Connect Command"
"625204","4298.591286850","192.168.15.4","192.168.15.3","MQTT","97","Publish Message (id=4237) [Deviceb'Device - 2']"
"625205","4298.591682037","192.168.15.3","192.168.15.4","MQTT","70","Connect Ack"
"625208","4298.594183127","192.168.15.3","192.168.15.4","MQTT","70","Publish Ack (id=4237)"
"625210","4298.594957801","192.168.15.4","192.168.15.3","MQTT","68","Disconnect Req"
"625387","4299.598697504","192.168.15.4","192.168.15.3","MQTT","90","Connect Command"
"625389","4299.601619790","192.168.15.4","192.168.15.3","MQTT","97","Publish Message (id=4238) [Deviceb'Device - 2']"
"625390","4299.602021980","192.168.15.3","192.168.15.4","MQTT","70","Connect Ack"
"625393","4299.604738927","192.168.15.3","192.168.15.4","MQTT","70","Publish Ack (id=4238)"
"625395","4299.605228854","192.168.15.4","192.168.15.3","MQTT","68","Disconnect Req"
"625413","4300.608929170","192.168.15.4","192.168.15.3","MQTT","90","Connect Command"
"625415","4300.611858238","192.168.15.4","192.168.15.3","MQTT","97","Publish Message (id=4239) [Deviceb'Device - 2']"
"625417","4300.616142660","192.168.15.3","192.168.15.4","MQTT","70","Connect Ack"
"625419","4300.618675870","192.168.15.3","192.168.15.4","MQTT","70","Publish Ack (id=4239)"
"625421","4300.618994552","192.168.15.4","192.168.15.3","MQTT","68","Disconnect Req"
"627463","4301.622560093","192.168.15.4","192.168.15.3","MQTT","90","Connect Command"
"627465","4301.625516604","192.168.15.4","192.168.15.3","MQTT","97","Publish Message (id=4240) [Deviceb'Device - 2']"
"627466","4301.625923594","192.168.15.3","192.168.15.4","MQTT","70","Connect Ack"
"627469","4301.628365651","192.168.15.3","192.168.15.4","MQTT","70","Publish Ack (id=4240)"
"627471","4301.629022804","192.168.15.4","192.168.15.3","MQTT","68","Disconnect Req"
"627483","4302.633266475","192.168.15.4","192.168.15.3","MQTT","90","Connect Command"
"627485","4302.636178261","192.168.15.4","192.168.15.3","MQTT","97","Publish Message (id=4241) [Deviceb'Device - 2']"
"627486","4302.636583798","192.168.15.3","192.168.15.4","MQTT","70","Connect Ack"
"627489","4302.639041706","192.168.15.3","192.168.15.4","MQTT","70","Publish Ack (id=4241)"
"627491","4302.639407477","192.168.15.4","192.168.15.3","MQTT","68","Disconnect Req"
"627499","4303.643960824","192.168.15.4","192.168.15.3","MQTT","90","Connect Command"
"627501","4303.646919549","192.168.15.4","192.168.15.3","MQTT","97","Publish Message (id=4242) [Deviceb'Device - 2']"
"627502","4303.647283477","192.168.15.3","192.168.15.4","MQTT","70","Connect Ack"
"627505","4303.649853958","192.168.15.3","192.168.15.4","MQTT","70","Publish Ack (id=4242)"
"627507","4303.650173181","192.168.15.4","192.168.15.3","MQTT","68","Disconnect Req"
"627529","4304.654371324","192.168.15.4","192.168.15.3","MQTT","90","Connect Command"
"627532","4304.657547801","192.168.15.3","192.168.15.4","MQTT","70","Connect Ack"
"627533","4304.657580543","192.168.15.4","192.168.15.3","MQTT","97","Publish Message (id=4243) [Deviceb'Device - 2']"
"627536","4304.660664123","192.168.15.3","192.168.15.4","MQTT","70","Publish Ack (id=4243)"
"627538","4304.661355621","192.168.15.4","192.168.15.3","MQTT","68","Disconnect Req"
"629708","4305.665404911","192.168.15.4","192.168.15.3","MQTT","90","Connect Command"
"629710","4305.668332226","192.168.15.4","192.168.15.3","MQTT","97","Publish Message (id=4244) [Deviceb'Device - 2']"
"629711","4305.668772058","192.168.15.3","192.168.15.4","MQTT","70","Connect Ack"
"629714","4305.671233893","192.168.15.3","192.168.15.4","MQTT","70","Publish Ack (id=4244)"
"629716","4305.671798771","192.168.15.4","192.168.15.3","MQTT","68","Disconnect Req"
"629749","4306.676516084","192.168.15.4","192.168.15.3","MQTT","90","Connect Command"
"629751","4306.679312411","192.168.15.4","192.168.15.3","MQTT","97","Publish Message (id=4245) [Deviceb'Device - 2']"
"629752","4306.679695786","192.168.15.3","192.168.15.4","MQTT","70","Connect Ack"
"629755","4306.682213236","192.168.15.3","192.168.15.4","MQTT","70","Publish Ack (id=4245)"
"629757","4306.682619054","192.168.15.4","192.168.15.3","MQTT","68","Disconnect Req"
"629776","4307.687143561","192.168.15.4","192.168.15.3","MQTT","90","Connect Command"
"629778","4307.689770208","192.168.15.4","192.168.15.3","MQTT","97","Publish Message (id=4246) [Deviceb'Device - 2']"
"629779","4307.690668196","192.168.15.3","192.168.15.4","MQTT","70","Connect Ack"
"629782","4307.692663528","192.168.15.3","192.168.15.4","MQTT","70","Publish Ack (id=4246)"
"629784","4307.693260287","192.168.15.4","192.168.15.3","MQTT","68","Disconnect Req"
"629810","4308.697606075","192.168.15.4","192.168.15.3","MQTT","90","Connect Command"
"629812","4308.700628380","192.168.15.4","192.168.15.3","MQTT","97","Publish Message (id=4247) [Deviceb'Device - 2']"
"629813","4308.701032644","192.168.15.3","192.168.15.4","MQTT","70","Connect Ack"
"629816","4308.703506642","192.168.15.3","192.168.15.4","MQTT","70","Publish Ack (id=4247)"
"629818","4308.704220582","192.168.15.4","192.168.15.3","MQTT","68","Disconnect Req"
"629832","4309.708654446","192.168.15.4","192.168.15.3","MQTT","90","Connect Command"
"629834","4309.711535504","192.168.15.4","192.168.15.3","MQTT","97","Publish Message (id=4248) [Deviceb'Device - 2']"
"629835","4309.711956009","192.168.15.3","192.168.15.4","MQTT","70","Connect Ack"
"629838","4309.714453913","192.168.15.3","192.168.15.4","MQTT","70","Publish Ack (id=4248)"
"629840","4309.715245249","192.168.15.4","192.168.15.3","MQTT","68","Disconnect Req"
"631640","4310.719321686","192.168.15.4","192.168.15.3","MQTT","90","Connect Command"
"631642","4310.723206361","192.168.15.4","192.168.15.3","MQTT","97","Publish Message (id=4249) [Deviceb'Device - 2']"
"631643","4310.723457456","192.168.15.3","192.168.15.4","MQTT","70","Connect Ack"
"631646","4310.725812309","192.168.15.3","192.168.15.4","MQTT","70","Publish Ack (id=4249)"
"631648","4310.726638641","192.168.15.4","192.168.15.3","MQTT","68","Disconnect Req"
"631666","4311.730796340","192.168.15.4","192.168.15.3","MQTT","90","Connect Command"
"631668","4311.734613638","192.168.15.4","192.168.15.3","MQTT","97","Publish Message (id=4250) [Deviceb'Device - 2']"
"631669","4311.734935015","192.168.15.3","192.168.15.4","MQTT","70","Connect Ack"
"631672","4311.737614763","192.168.15.3","192.168.15.4","MQTT","70","Publish Ack (id=4250)"
"631674","4311.738256616","192.168.15.4","192.168.15.3","MQTT","68","Disconnect Req"
"631686","4312.742935680","192.168.15.4","192.168.15.3","MQTT","90","Connect Command"
"631688","4312.745744140","192.168.15.4","192.168.15.3","MQTT","97","Publish Message (id=4251) [Deviceb'Device - 2']"
"631690","4312.750086972","192.168.15.3","192.168.15.4","MQTT","70","Connect Ack"
"631692","4312.752534811","192.168.15.3","192.168.15.4","MQTT","70","Publish Ack (id=4251)"
"631694","4312.753302963","192.168.15.4","192.168.15.3","MQTT","68","Disconnect Req"
"631733","4313.757438609","192.168.15.4","192.168.15.3","MQTT","90","Connect Command"
"631735","4313.760266226","192.168.15.4","192.168.15.3","MQTT","97","Publish Message (id=4252) [Deviceb'Device - 2']"
"631736","4313.760703182","192.168.15.3","192.168.15.4","MQTT","70","Connect Ack"
"631739","4313.763260067","192.168.15.3","192.168.15.4","MQTT","70","Publish Ack (id=4252)"
"631741","4313.763914795","192.168.15.4","192.168.15.3","MQTT","68","Disconnect Req"
"631794","4314.767635324","192.168.15.4","192.168.15.3","MQTT","90","Connect Command"
"631796","4314.770649353","192.168.15.4","192.168.15.3","MQTT","97","Publish Message (id=4253) [Deviceb'Device - 2']"
"631797","4314.771059719","192.168.15.3","192.168.15.4","MQTT","70","Connect Ack"
"631800","4314.773719338","192.168.15.3","192.168.15.4","MQTT","70","Publish Ack (id=4253)"
"631802","4314.774099487","192.168.15.4","192.168.15.3","MQTT","68","Disconnect Req"
"632258","4315.777887463","192.168.15.4","192.168.15.3","MQTT","90","Connect Command"
"632260","4315.780946277","192.168.15.4","192.168.15.3","MQTT","97","Publish Message (id=4254) [Deviceb'Device - 2']"
"632261","4315.782620452","192.168.15.3","192.168.15.4","MQTT","70","Connect Ack"
"632264","4315.785100191","192.168.15.3","192.168.15.4","MQTT","70","Publish Ack (id=4254)"
"632266","4315.785730403","192.168.15.4","192.168.15.3","MQTT","68","Disconnect Req"
"634145","4316.789358936","192.168.15.4","192.168.15.3","MQTT","90","Connect Command"
"634147","4316.792365982","192.168.15.4","192.168.15.3","MQTT","97","Publish Message (id=4255) [Deviceb'Device - 2']"
"634148","4316.792847673","192.168.15.3","192.168.15.4","MQTT","70","Connect Ack"
"634151","4316.795397604","192.168.15.3","192.168.15.4","MQTT","70","Publish Ack (id=4255)"
"634153","4316.795643339","192.168.15.4","192.168.15.3","MQTT","68","Disconnect Req"
"634165","4317.799804258","192.168.15.4","192.168.15.3","MQTT","90","Connect Command"
"634167","4317.802811404","192.168.15.4","192.168.15.3","MQTT","97","Publish Message (id=4256) [Deviceb'Device - 2']"
"634169","4317.807266027","192.168.15.3","192.168.15.4","MQTT","70","Connect Ack"
"634171","4317.809825937","192.168.15.3","192.168.15.4","MQTT","70","Publish Ack (id=4256)"
"634173","4317.810299012","192.168.15.4","192.168.15.3","MQTT","68","Disconnect Req"
"634185","4318.814695084","192.168.15.4","192.168.15.3","MQTT","90","Connect Command"
"634187","4318.817621087","192.168.15.4","192.168.15.3","MQTT","97","Publish Message (id=4257) [Deviceb'Device - 2']"
"634188","4318.818061410","192.168.15.3","192.168.15.4","MQTT","70","Connect Ack"
"634191","4318.820507084","192.168.15.3","192.168.15.4","MQTT","70","Publish Ack (id=4257)"
"634193","4318.820870932","192.168.15.4","192.168.15.3","MQTT","68","Disconnect Req"
"634205","4319.824753182","192.168.15.4","192.168.15.3","MQTT","90","Connect Command"
"634207","4319.827641193","192.168.15.4","192.168.15.3","MQTT","97","Publish Message (id=4258) [Deviceb'Device - 2']"
"634208","4319.828098898","192.168.15.3","192.168.15.4","MQTT","70","Connect Ack"
"634211","4319.830592082","192.168.15.3","192.168.15.4","MQTT","70","Publish Ack (id=4258)"
"634213","4319.831355916","192.168.15.4","192.168.15.3","MQTT","68","Disconnect Req"
"635118","4320.834723131","192.168.15.4","192.168.15.3","MQTT","90","Connect Command"
"635180","4320.841485698","192.168.15.4","192.168.15.3","MQTT","97","Publish Message (id=4259) [Deviceb'Device - 2']"
"635181","4320.841496248","192.168.15.3","192.168.15.4","MQTT","70","Connect Ack"
"635214","4320.844599626","192.168.15.3","192.168.15.4","MQTT","70","Publish Ack (id=4259)"
"635219","4320.845021654","192.168.15.4","192.168.15.3","MQTT","68","Disconnect Req"
"635775","4321.848579088","192.168.15.4","192.168.15.3","MQTT","90","Connect Command"
"635777","4321.851412906","192.168.15.4","192.168.15.3","MQTT","97","Publish Message (id=4260) [Deviceb'Device - 2']"
"635778","4321.851853218","192.168.15.3","192.168.15.4","MQTT","70","Connect Ack"
"635781","4321.854475687","192.168.15.3","192.168.15.4","MQTT","70","Publish Ack (id=4260)"
"635783","4321.854766347","192.168.15.4","192.168.15.3","MQTT","68","Disconnect Req"
"635797","4322.858770294","192.168.15.4","192.168.15.3","MQTT","90","Connect Command"
"635799","4322.861692219","192.168.15.4","192.168.15.3","MQTT","97","Publish Message (id=4261) [Deviceb'Device - 2']"
"635801","4322.866016435","192.168.15.3","192.168.15.4","MQTT","70","Connect Ack"
"635805","4322.868464725","192.168.15.3","192.168.15.4","MQTT","70","Publish Ack (id=4261)"
"635807","4322.868957777","192.168.15.4","192.168.15.3","MQTT","68","Disconnect Req"
"635856","4323.872483187","192.168.15.4","192.168.15.3","MQTT","90","Connect Command"
"635858","4323.875452943","192.168.15.4","192.168.15.3","MQTT","97","Publish Message (id=4262) [Deviceb'Device - 2']"
"635859","4323.875871204","192.168.15.3","192.168.15.4","MQTT","70","Connect Ack"
"635862","4323.878394144","192.168.15.3","192.168.15.4","MQTT","70","Publish Ack (id=4262)"
"635864","4323.878704040","192.168.15.4","192.168.15.3","MQTT","68","Disconnect Req"
"635879","4324.883393230","192.168.15.4","192.168.15.3","MQTT","90","Connect Command"
"635881","4324.886190880","192.168.15.4","192.168.15.3","MQTT","97","Publish Message (id=4263) [Deviceb'Device - 2']"
"635882","4324.886610303","192.168.15.3","192.168.15.4","MQTT","70","Connect Ack"
"635886","4324.889289299","192.168.15.3","192.168.15.4","MQTT","70","Publish Ack (id=4263)"
"635888","4324.889959526","192.168.15.4","192.168.15.3","MQTT","68","Disconnect Req"
"636071","4325.894123923","192.168.15.4","192.168.15.3","MQTT","90","Connect Command"
"636112","4325.898158191","192.168.15.4","192.168.15.3","MQTT","97","Publish Message (id=4264) [Deviceb'Device - 2']"
"636113","4325.898169964","192.168.15.3","192.168.15.4","MQTT","70","Connect Ack"
"636156","4325.902890600","192.168.15.3","192.168.15.4","MQTT","70","Publish Ack (id=4264)"
"636168","4325.903863720","192.168.15.4","192.168.15.3","MQTT","68","Disconnect Req"
"637862","4326.908086586","192.168.15.4","192.168.15.3","MQTT","90","Connect Command"
"637864","4326.910892892","192.168.15.4","192.168.15.3","MQTT","97","Publish Message (id=4265) [Deviceb'Device - 2']"
"637865","4326.911318136","192.168.15.3","192.168.15.4","MQTT","70","Connect Ack"
"637868","4326.913666687","192.168.15.3","192.168.15.4","MQTT","70","Publish Ack (id=4265)"
"637870","4326.914677148","192.168.15.4","192.168.15.3","MQTT","68","Disconnect Req"
"637882","4327.919017776","192.168.15.4","192.168.15.3","MQTT","90","Connect Command"
"637884","4327.921935944","192.168.15.4","192.168.15.3","MQTT","97","Publish Message (id=4266) [Deviceb'Device - 2']"
"637886","4327.926302681","192.168.15.3","192.168.15.4","MQTT","70","Connect Ack"
"637888","4327.928721394","192.168.15.3","192.168.15.4","MQTT","70","Publish Ack (id=4266)"
"637890","4327.929015160","192.168.15.4","192.168.15.3","MQTT","68","Disconnect Req"
"637902","4328.933481585","192.168.15.4","192.168.15.3","MQTT","90","Connect Command"
"637904","4328.939352766","192.168.15.4","192.168.15.3","MQTT","97","Publish Message (id=4267) [Deviceb'Device - 2']"
"637905","4328.939776577","192.168.15.3","192.168.15.4","MQTT","70","Connect Ack"
"637908","4328.942192546","192.168.15.3","192.168.15.4","MQTT","70","Publish Ack (id=4267)"
"637910","4328.942707920","192.168.15.4","192.168.15.3","MQTT","68","Disconnect Req"
"639612","4329.946525257","192.168.15.4","192.168.15.3","MQTT","90","Connect Command"
"639614","4329.949537282","192.168.15.4","192.168.15.3","MQTT","97","Publish Message (id=4268) [Deviceb'Device - 2']"
"639615","4329.950760425","192.168.15.3","192.168.15.4","MQTT","70","Connect Ack"
"639618","4329.952561500","192.168.15.3","192.168.15.4","MQTT","70","Publish Ack (id=4268)"
"639620","4329.952786135","192.168.15.4","192.168.15.3","MQTT","68","Disconnect Req"
"639658","4330.956471932","192.168.15.4","192.168.15.3","MQTT","90","Connect Command"
"639660","4330.959462216","192.168.15.4","192.168.15.3","MQTT","97","Publish Message (id=4269) [Deviceb'Device - 2']"
"639661","4330.959884224","192.168.15.3","192.168.15.4","MQTT","70","Connect Ack"
"639664","4330.962346460","192.168.15.3","192.168.15.4","MQTT","70","Publish Ack (id=4269)"
"639666","4330.962620168","192.168.15.4","192.168.15.3","MQTT","68","Disconnect Req"
"639678","4331.966711199","192.168.15.4","192.168.15.3","MQTT","90","Connect Command"
"639680","4331.969704239","192.168.15.4","192.168.15.3","MQTT","97","Publish Message (id=4270) [Deviceb'Device - 2']"
"639681","4331.970160401","192.168.15.3","192.168.15.4","MQTT","70","Connect Ack"
"639684","4331.972992666","192.168.15.3","192.168.15.4","MQTT","70","Publish Ack (id=4270)"
"639686","4331.973426517","192.168.15.4","192.168.15.3","MQTT","68","Disconnect Req"
"641616","4332.977547695","192.168.15.4","192.168.15.3","MQTT","90","Connect Command"
"641618","4332.980638078","192.168.15.4","192.168.15.3","MQTT","97","Publish Message (id=4271) [Deviceb'Device - 2']"
"641620","4332.985028931","192.168.15.3","192.168.15.4","MQTT","70","Connect Ack"
"641622","4332.987590544","192.168.15.3","192.168.15.4","MQTT","70","Publish Ack (id=4271)"
"641624","4332.987910670","192.168.15.4","192.168.15.3","MQTT","68","Disconnect Req"
"641637","4333.991659582","192.168.15.4","192.168.15.3","MQTT","90","Connect Command"
"641639","4333.994680304","192.168.15.4","192.168.15.3","MQTT","97","Publish Message (id=4272) [Deviceb'Device - 2']"
"641640","4333.995104587","192.168.15.3","192.168.15.4","MQTT","70","Connect Ack"
"641643","4333.997748326","192.168.15.3","192.168.15.4","MQTT","70","Publish Ack (id=4272)"
"641645","4333.998133955","192.168.15.4","192.168.15.3","MQTT","68","Disconnect Req"
"641663","4335.002084668","192.168.15.4","192.168.15.3","MQTT","90","Connect Command"
"641665","4335.005120488","192.168.15.4","192.168.15.3","MQTT","97","Publish Message (id=4273) [Deviceb'Device - 2']"
"641666","4335.005483826","192.168.15.3","192.168.15.4","MQTT","70","Connect Ack"
"641669","4335.008176778","192.168.15.3","192.168.15.4","MQTT","70","Publish Ack (id=4273)"
"641671","4335.008582214","192.168.15.4","192.168.15.3","MQTT","68","Disconnect Req"
"641684","4336.012577641","192.168.15.4","192.168.15.3","MQTT","90","Connect Command"
"641686","4336.016107826","192.168.15.4","192.168.15.3","MQTT","97","Publish Message (id=4274) [Deviceb'Device - 2']"
"641687","4336.016464400","192.168.15.3","192.168.15.4","MQTT","70","Connect Ack"
"641690","4336.018963676","192.168.15.3","192.168.15.4","MQTT","70","Publish Ack (id=4274)"
"641692","4336.019301725","192.168.15.4","192.168.15.3","MQTT","68","Disconnect Req"
"641728","4337.022565508","192.168.15.4","192.168.15.3","MQTT","90","Connect Command"
"641730","4337.025109578","192.168.15.4","192.168.15.3","MQTT","97","Publish Message (id=4275) [Deviceb'Device - 2']"
"641731","4337.025482243","192.168.15.3","192.168.15.4","MQTT","70","Connect Ack"
"641734","4337.028623102","192.168.15.3","192.168.15.4","MQTT","70","Publish Ack (id=4275)"
"641736","4337.029047414","192.168.15.4","192.168.15.3","MQTT","68","Disconnect Req"
"641754","4338.032850315","192.168.15.4","192.168.15.3","MQTT","90","Connect Command"
"641757","4338.035901284","192.168.15.4","192.168.15.3","MQTT","97","Publish Message (id=4276) [Deviceb'Device - 2']"
"641759","4338.040429786","192.168.15.3","192.168.15.4","MQTT","70","Connect Ack"
"641761","4338.043333156","192.168.15.3","192.168.15.4","MQTT","70","Publish Ack (id=4276)"
"641763","4338.043687065","192.168.15.4","192.168.15.3","MQTT","68","Disconnect Req"
"643149","4339.047976155","192.168.15.4","192.168.15.3","MQTT","90","Connect Command"
"643151","4339.050951872","192.168.15.4","192.168.15.3","MQTT","97","Publish Message (id=4277) [Deviceb'Device - 2']"
"643152","4339.051401542","192.168.15.3","192.168.15.4","MQTT","70","Connect Ack"
"643155","4339.054015294","192.168.15.3","192.168.15.4","MQTT","70","Publish Ack (id=4277)"
"643157","4339.054337754","192.168.15.4","192.168.15.3","MQTT","68","Disconnect Req"
"643169","4340.058476277","192.168.15.4","192.168.15.3","MQTT","90","Connect Command"
"643171","4340.061438979","192.168.15.4","192.168.15.3","MQTT","97","Publish Message (id=4278) [Deviceb'Device - 2']"
"643172","4340.061788821","192.168.15.3","192.168.15.4","MQTT","70","Connect Ack"
"643175","4340.064484267","192.168.15.3","192.168.15.4","MQTT","70","Publish Ack (id=4278)"
"643177","4340.065054946","192.168.15.4","192.168.15.3","MQTT","68","Disconnect Req"
"643189","4341.069495360","192.168.15.4","192.168.15.3","MQTT","90","Connect Command"
"643191","4341.072213189","192.168.15.4","192.168.15.3","MQTT","97","Publish Message (id=4279) [Deviceb'Device - 2']"
"643192","4341.072575774","192.168.15.3","192.168.15.4","MQTT","70","Connect Ack"
"643195","4341.075188935","192.168.15.3","192.168.15.4","MQTT","70","Publish Ack (id=4279)"
"643197","4341.075766908","192.168.15.4","192.168.15.3","MQTT","68","Disconnect Req"
"645139","4342.079306717","192.168.15.4","192.168.15.3","MQTT","90","Connect Command"
"645141","4342.082328231","192.168.15.4","192.168.15.3","MQTT","97","Publish Message (id=4280) [Deviceb'Device - 2']"
"645142","4342.082687129","192.168.15.3","192.168.15.4","MQTT","70","Connect Ack"
"645145","4342.085050528","192.168.15.3","192.168.15.4","MQTT","70","Publish Ack (id=4280)"
"645147","4342.085285813","192.168.15.4","192.168.15.3","MQTT","68","Disconnect Req"
"645159","4343.089387934","192.168.15.4","192.168.15.3","MQTT","90","Connect Command"
"645161","4343.092287657","192.168.15.4","192.168.15.3","MQTT","97","Publish Message (id=4281) [Deviceb'Device - 2']"
"645163","4343.096395785","192.168.15.3","192.168.15.4","MQTT","70","Connect Ack"
"645165","4343.098923254","192.168.15.3","192.168.15.4","MQTT","70","Publish Ack (id=4281)"
"645167","4343.099302090","192.168.15.4","192.168.15.3","MQTT","68","Disconnect Req"
"645179","4344.103202609","192.168.15.4","192.168.15.3","MQTT","90","Connect Command"
"645181","4344.106206659","192.168.15.4","192.168.15.3","MQTT","97","Publish Message (id=4282) [Deviceb'Device - 2']"
"645182","4344.106594924","192.168.15.3","192.168.15.4","MQTT","70","Connect Ack"
"645185","4344.108706907","192.168.15.3","192.168.15.4","MQTT","70","Publish Ack (id=4282)"
"645187","4344.109013507","192.168.15.4","192.168.15.3","MQTT","68","Disconnect Req"
"645203","4345.112463564","192.168.15.4","192.168.15.3","MQTT","90","Connect Command"
"645205","4345.117377064","192.168.15.4","192.168.15.3","MQTT","97","Publish Message (id=4283) [Deviceb'Device - 2']"
"645206","4345.117716085","192.168.15.3","192.168.15.4","MQTT","70","Connect Ack"
"645209","4345.120315160","192.168.15.3","192.168.15.4","MQTT","70","Publish Ack (id=4283)"
"645211","4345.120596842","192.168.15.4","192.168.15.3","MQTT","68","Disconnect Req"
"645639","4346.124332588","192.168.15.4","192.168.15.3","MQTT","90","Connect Command"
"645641","4346.127427600","192.168.15.4","192.168.15.3","MQTT","97","Publish Message (id=4284) [Deviceb'Device - 2']"
"645642","4346.127752665","192.168.15.3","192.168.15.4","MQTT","70","Connect Ack"
"645645","4346.130394440","192.168.15.3","192.168.15.4","MQTT","70","Publish Ack (id=4284)"
"645647","4346.131274244","192.168.15.4","192.168.15.3","MQTT","68","Disconnect Req"
"647283","4347.135447616","192.168.15.4","192.168.15.3","MQTT","90","Connect Command"
"647285","4347.138756412","192.168.15.4","192.168.15.3","MQTT","97","Publish Message (id=4285) [Deviceb'Device - 2']"
"647286","4347.138768555","192.168.15.3","192.168.15.4","MQTT","70","Connect Ack"
"647289","4347.141627741","192.168.15.3","192.168.15.4","MQTT","70","Publish Ack (id=4285)"
"647291","4347.141919042","192.168.15.4","192.168.15.3","MQTT","68","Disconnect Req"
"647303","4348.145725269","192.168.15.4","192.168.15.3","MQTT","90","Connect Command"
"647305","4348.148773273","192.168.15.4","192.168.15.3","MQTT","97","Publish Message (id=4286) [Deviceb'Device - 2']"
"647307","4348.152965159","192.168.15.3","192.168.15.4","MQTT","70","Connect Ack"
"647309","4348.155452412","192.168.15.3","192.168.15.4","MQTT","70","Publish Ack (id=4286)"
"647311","4348.155739805","192.168.15.4","192.168.15.3","MQTT","68","Disconnect Req"
"647327","4349.159503211","192.168.15.4","192.168.15.3","MQTT","90","Connect Command"
"647329","4349.162570831","192.168.15.4","192.168.15.3","MQTT","97","Publish Message (id=4287) [Deviceb'Device - 2']"
"647330","4349.163451987","192.168.15.3","192.168.15.4","MQTT","70","Connect Ack"
"647333","4349.165540476","192.168.15.3","192.168.15.4","MQTT","70","Publish Ack (id=4287)"
"647335","4349.165840213","192.168.15.4","192.168.15.3","MQTT","68","Disconnect Req"
"647347","4350.169638222","192.168.15.4","192.168.15.3","MQTT","90","Connect Command"
"647349","4350.172597558","192.168.15.4","192.168.15.3","MQTT","97","Publish Message (id=4288) [Deviceb'Device - 2']"
"647350","4350.172994308","192.168.15.3","192.168.15.4","MQTT","70","Connect Ack"
"647353","4350.175224204","192.168.15.3","192.168.15.4","MQTT","70","Publish Ack (id=4288)"
"647355","4350.175759697","192.168.15.4","192.168.15.3","MQTT","68","Disconnect Req"
"649292","4351.180209778","192.168.15.4","192.168.15.3","MQTT","90","Connect Command"
"649294","4351.183135380","192.168.15.4","192.168.15.3","MQTT","97","Publish Message (id=4289) [Deviceb'Device - 2']"
"649295","4351.183522983","192.168.15.3","192.168.15.4","MQTT","70","Connect Ack"
"649298","4351.185996289","192.168.15.3","192.168.15.4","MQTT","70","Publish Ack (id=4289)"
"649300","4351.186546941","192.168.15.4","192.168.15.3","MQTT","68","Disconnect Req"
"649319","4352.190285035","192.168.15.4","192.168.15.3","MQTT","90","Connect Command"
"649321","4352.195365932","192.168.15.4","192.168.15.3","MQTT","97","Publish Message (id=4290) [Deviceb'Device - 2']"
"649322","4352.195615925","192.168.15.3","192.168.15.4","MQTT","70","Connect Ack"
"649325","4352.198382015","192.168.15.3","192.168.15.4","MQTT","70","Publish Ack (id=4290)"
"649327","4352.198953776","192.168.15.4","192.168.15.3","MQTT","68","Disconnect Req"
"649339","4353.202969274","192.168.15.4","192.168.15.3","MQTT","90","Connect Command"
"649341","4353.207795039","192.168.15.4","192.168.15.3","MQTT","97","Publish Message (id=4291) [Deviceb'Device - 2']"
"649343","4353.212041177","192.168.15.3","192.168.15.4","MQTT","70","Connect Ack"
"649345","4353.214500718","192.168.15.3","192.168.15.4","MQTT","70","Publish Ack (id=4291)"
"649347","4353.215299308","192.168.15.4","192.168.15.3","MQTT","68","Disconnect Req"
"649359","4354.220155214","192.168.15.4","192.168.15.3","MQTT","90","Connect Command"
"649361","4354.224846985","192.168.15.4","192.168.15.3","MQTT","97","Publish Message (id=4292) [Deviceb'Device - 2']"
"649362","4354.225260337","192.168.15.3","192.168.15.4","MQTT","70","Connect Ack"
"649365","4354.227978086","192.168.15.3","192.168.15.4","MQTT","70","Publish Ack (id=4292)"
"649367","4354.228807484","192.168.15.4","192.168.15.3","MQTT","68","Disconnect Req"
"649405","4355.233277259","192.168.15.4","192.168.15.3","MQTT","90","Connect Command"
"649407","4355.238583051","192.168.15.4","192.168.15.3","MQTT","97","Publish Message (id=4293) [Deviceb'Device - 2']"
"649408","4355.238974681","192.168.15.3","192.168.15.4","MQTT","70","Connect Ack"
"649411","4355.241524983","192.168.15.3","192.168.15.4","MQTT","70","Publish Ack (id=4293)"
"649413","4355.242205129","192.168.15.4","192.168.15.3","MQTT","68","Disconnect Req"
"651351","4356.246823775","192.168.15.4","192.168.15.3","MQTT","90","Connect Command"
"651353","4356.249678362","192.168.15.4","192.168.15.3","MQTT","97","Publish Message (id=4294) [Deviceb'Device - 2']"
"651354","4356.250034125","192.168.15.3","192.168.15.4","MQTT","70","Connect Ack"
"651357","4356.252701117","192.168.15.3","192.168.15.4","MQTT","70","Publish Ack (id=4294)"
"651359","4356.253110511","192.168.15.4","192.168.15.3","MQTT","68","Disconnect Req"
"651374","4357.256773679","192.168.15.4","192.168.15.3","MQTT","90","Connect Command"
"651376","4357.259674715","192.168.15.4","192.168.15.3","MQTT","97","Publish Message (id=4295) [Deviceb'Device - 2']"
"651377","4357.260063870","192.168.15.3","192.168.15.4","MQTT","70","Connect Ack"
"651380","4357.262715785","192.168.15.3","192.168.15.4","MQTT","70","Publish Ack (id=4295)"
"651382","4357.263435766","192.168.15.4","192.168.15.3","MQTT","68","Disconnect Req"
"651395","4358.267688026","192.168.15.4","192.168.15.3","MQTT","90","Connect Command"
"651397","4358.270613969","192.168.15.4","192.168.15.3","MQTT","97","Publish Message (id=4296) [Deviceb'Device - 2']"
"651399","4358.274955027","192.168.15.3","192.168.15.4","MQTT","70","Connect Ack"
"651401","4358.277591783","192.168.15.3","192.168.15.4","MQTT","70","Publish Ack (id=4296)"
"651403","4358.278334658","192.168.15.4","192.168.15.3","MQTT","68","Disconnect Req"
"651445","4359.282867517","192.168.15.4","192.168.15.3","MQTT","90","Connect Command"
"651447","4359.285823386","192.168.15.4","192.168.15.3","MQTT","97","Publish Message (id=4297) [Deviceb'Device - 2']"
"651448","4359.286312171","192.168.15.3","192.168.15.4","MQTT","70","Connect Ack"
"651451","4359.288707339","192.168.15.3","192.168.15.4","MQTT","70","Publish Ack (id=4297)"
"651453","4359.289402283","192.168.15.4","192.168.15.3","MQTT","68","Disconnect Req"
"651890","4360.293553371","192.168.15.4","192.168.15.3","MQTT","90","Connect Command"
"651892","4360.296504551","192.168.15.4","192.168.15.3","MQTT","97","Publish Message (id=4298) [Deviceb'Device - 2']"
"651893","4360.296920157","192.168.15.3","192.168.15.4","MQTT","70","Connect Ack"
"651896","4360.299528929","192.168.15.3","192.168.15.4","MQTT","70","Publish Ack (id=4298)"
"651898","4360.300235956","192.168.15.4","192.168.15.3","MQTT","68","Disconnect Req"
"651910","4361.303957270","192.168.15.4","192.168.15.3","MQTT","90","Connect Command"
"651912","4361.306905675","192.168.15.4","192.168.15.3","MQTT","97","Publish Message (id=4299) [Deviceb'Device - 2']"
"651913","4361.307369312","192.168.15.3","192.168.15.4","MQTT","70","Connect Ack"
"651916","4361.310120704","192.168.15.3","192.168.15.4","MQTT","70","Publish Ack (id=4299)"
"651918","4361.310531581","192.168.15.4","192.168.15.3","MQTT","68","Disconnect Req"
"651933","4362.314811340","192.168.15.4","192.168.15.3","MQTT","90","Connect Command"
"651935","4362.317645789","192.168.15.4","192.168.15.3","MQTT","97","Publish Message (id=4300) [Deviceb'Device - 2']"
"651936","4362.318067426","192.168.15.3","192.168.15.4","MQTT","70","Connect Ack"
"651939","4362.320657013","192.168.15.3","192.168.15.4","MQTT","70","Publish Ack (id=4300)"
"651941","4362.321080193","192.168.15.4","192.168.15.3","MQTT","68","Disconnect Req"
"651953","4363.325009898","192.168.15.4","192.168.15.3","MQTT","90","Connect Command"
"651955","4363.327896667","192.168.15.4","192.168.15.3","MQTT","97","Publish Message (id=4301) [Deviceb'Device - 2']"
"651957","4363.332221183","192.168.15.3","192.168.15.4","MQTT","70","Connect Ack"
"651959","4363.334658662","192.168.15.3","192.168.15.4","MQTT","70","Publish Ack (id=4301)"
"651961","4363.335410604","192.168.15.4","192.168.15.3","MQTT","68","Disconnect Req"
"651978","4364.339503457","192.168.15.4","192.168.15.3","MQTT","90","Connect Command"
"651980","4364.344535061","192.168.15.4","192.168.15.3","MQTT","97","Publish Message (id=4302) [Deviceb'Device - 2']"
"651981","4364.344992416","192.168.15.3","192.168.15.4","MQTT","70","Connect Ack"
"651984","4364.347606599","192.168.15.3","192.168.15.4","MQTT","70","Publish Ack (id=4302)"
"651986","4364.348366285","192.168.15.4","192.168.15.3","MQTT","68","Disconnect Req"
"651999","4365.352636803","192.168.15.4","192.168.15.3","MQTT","90","Connect Command"
"652001","4365.355265344","192.168.15.4","192.168.15.3","MQTT","97","Publish Message (id=4303) [Deviceb'Device - 2']"
"652002","4365.355717138","192.168.15.3","192.168.15.4","MQTT","70","Connect Ack"
"652005","4365.358247713","192.168.15.3","192.168.15.4","MQTT","70","Publish Ack (id=4303)"
"652007","4365.358990157","192.168.15.4","192.168.15.3","MQTT","68","Disconnect Req"
"653882","4366.362999640","192.168.15.4","192.168.15.3","MQTT","90","Connect Command"
"653884","4366.365769537","192.168.15.4","192.168.15.3","MQTT","97","Publish Message (id=4304) [Deviceb'Device - 2']"
"653885","4366.366156789","192.168.15.3","192.168.15.4","MQTT","70","Connect Ack"
"653888","4366.368624155","192.168.15.3","192.168.15.4","MQTT","70","Publish Ack (id=4304)"
"653890","4366.369187060","192.168.15.4","192.168.15.3","MQTT","68","Disconnect Req"
"653910","4367.373113826","192.168.15.4","192.168.15.3","MQTT","90","Connect Command"
"653912","4367.376037484","192.168.15.4","192.168.15.3","MQTT","97","Publish Message (id=4305) [Deviceb'Device - 2']"
"653913","4367.376485612","192.168.15.3","192.168.15.4","MQTT","70","Connect Ack"
"653916","4367.378847608","192.168.15.3","192.168.15.4","MQTT","70","Publish Ack (id=4305)"
"653918","4367.379347503","192.168.15.4","192.168.15.3","MQTT","68","Disconnect Req"
"653930","4368.383623478","192.168.15.4","192.168.15.3","MQTT","90","Connect Command"
"653932","4368.386522700","192.168.15.4","192.168.15.3","MQTT","97","Publish Message (id=4306) [Deviceb'Device - 2']"
"653934","4368.390949440","192.168.15.3","192.168.15.4","MQTT","70","Connect Ack"
"653936","4368.393525652","192.168.15.3","192.168.15.4","MQTT","70","Publish Ack (id=4306)"
"653938","4368.393820128","192.168.15.4","192.168.15.3","MQTT","68","Disconnect Req"
"653954","4369.397866398","192.168.15.4","192.168.15.3","MQTT","90","Connect Command"
"653956","4369.400742457","192.168.15.4","192.168.15.3","MQTT","97","Publish Message (id=4307) [Deviceb'Device - 2']"
"653957","4369.401166899","192.168.15.3","192.168.15.4","MQTT","70","Connect Ack"
"653960","4369.403649604","192.168.15.3","192.168.15.4","MQTT","70","Publish Ack (id=4307)"
"653962","4369.404038449","192.168.15.4","192.168.15.3","MQTT","68","Disconnect Req"
"653970","4370.408044943","192.168.15.4","192.168.15.3","MQTT","90","Connect Command"
"653972","4370.411064152","192.168.15.4","192.168.15.3","MQTT","97","Publish Message (id=4308) [Deviceb'Device - 2']"
"653973","4370.411485779","192.168.15.3","192.168.15.4","MQTT","70","Connect Ack"
"653976","4370.414037614","192.168.15.3","192.168.15.4","MQTT","70","Publish Ack (id=4308)"
"653978","4370.414374381","192.168.15.4","192.168.15.3","MQTT","68","Disconnect Req"
"655910","4371.417654009","192.168.15.4","192.168.15.3","MQTT","90","Connect Command"
"655912","4371.420686724","192.168.15.4","192.168.15.3","MQTT","97","Publish Message (id=4309) [Deviceb'Device - 2']"
"655913","4371.421061091","192.168.15.3","192.168.15.4","MQTT","70","Connect Ack"
"655916","4371.423392860","192.168.15.3","192.168.15.4","MQTT","70","Publish Ack (id=4309)"
"655918","4371.423719538","192.168.15.4","192.168.15.3","MQTT","68","Disconnect Req"
"655933","4372.427148529","192.168.15.4","192.168.15.3","MQTT","90","Connect Command"
"655935","4372.430151086","192.168.15.4","192.168.15.3","MQTT","97","Publish Message (id=4310) [Deviceb'Device - 2']"
"655936","4372.430555881","192.168.15.3","192.168.15.4","MQTT","70","Connect Ack"
"655939","4372.433743188","192.168.15.3","192.168.15.4","MQTT","70","Publish Ack (id=4310)"
"655941","4372.434072330","192.168.15.4","192.168.15.3","MQTT","68","Disconnect Req"
"655953","4373.438208106","192.168.15.4","192.168.15.3","MQTT","90","Connect Command"
"655955","4373.441202117","192.168.15.4","192.168.15.3","MQTT","97","Publish Message (id=4311) [Deviceb'Device - 2']"
"655957","4373.445583982","192.168.15.3","192.168.15.4","MQTT","70","Connect Ack"
"655959","4373.448156787","192.168.15.3","192.168.15.4","MQTT","70","Publish Ack (id=4311)"
"655961","4373.448893400","192.168.15.4","192.168.15.3","MQTT","68","Disconnect Req"
"655975","4374.452871256","192.168.15.4","192.168.15.3","MQTT","90","Connect Command"
"655977","4374.455872090","192.168.15.4","192.168.15.3","MQTT","97","Publish Message (id=4312) [Deviceb'Device - 2']"
"655978","4374.456274742","192.168.15.3","192.168.15.4","MQTT","70","Connect Ack"
"655981","4374.458890397","192.168.15.3","192.168.15.4","MQTT","70","Publish Ack (id=4312)"
"655983","4374.459341310","192.168.15.4","192.168.15.3","MQTT","68","Disconnect Req"
"658278","4375.462933836","192.168.15.4","192.168.15.3","MQTT","90","Connect Command"
"658280","4375.465901397","192.168.15.4","192.168.15.3","MQTT","97","Publish Message (id=4313) [Deviceb'Device - 2']"
"658281","4375.466315731","192.168.15.3","192.168.15.4","MQTT","70","Connect Ack"
"658284","4375.469343045","192.168.15.3","192.168.15.4","MQTT","70","Publish Ack (id=4313)"
"658286","4375.469744985","192.168.15.4","192.168.15.3","MQTT","68","Disconnect Req"
"658298","4376.473942685","192.168.15.4","192.168.15.3","MQTT","90","Connect Command"
"658300","4376.476961372","192.168.15.4","192.168.15.3","MQTT","97","Publish Message (id=4314) [Deviceb'Device - 2']"
"658301","4376.477464634","192.168.15.3","192.168.15.4","MQTT","70","Connect Ack"
"658304","4376.480025486","192.168.15.3","192.168.15.4","MQTT","70","Publish Ack (id=4314)"
"658306","4376.480450149","192.168.15.4","192.168.15.3","MQTT","68","Disconnect Req"
"658340","4377.483900024","192.168.15.4","192.168.15.3","MQTT","90","Connect Command"
"658342","4377.486921577","192.168.15.4","192.168.15.3","MQTT","97","Publish Message (id=4315) [Deviceb'Device - 2']"
"658343","4377.487352392","192.168.15.3","192.168.15.4","MQTT","70","Connect Ack"
"658346","4377.489867507","192.168.15.3","192.168.15.4","MQTT","70","Publish Ack (id=4315)"
"658348","4377.490223420","192.168.15.4","192.168.15.3","MQTT","68","Disconnect Req"
"658357","4378.494277487","192.168.15.4","192.168.15.3","MQTT","90","Connect Command"
"658359","4378.497321052","192.168.15.4","192.168.15.3","MQTT","97","Publish Message (id=4316) [Deviceb'Device - 2']"
"658361","4378.501445741","192.168.15.3","192.168.15.4","MQTT","70","Connect Ack"
"658364","4378.503841530","192.168.15.3","192.168.15.4","MQTT","70","Publish Ack (id=4316)"
"658366","4378.504136588","192.168.15.4","192.168.15.3","MQTT","68","Disconnect Req"
"658378","4379.508012667","192.168.15.4","192.168.15.3","MQTT","90","Connect Command"
"658380","4379.510953237","192.168.15.4","192.168.15.3","MQTT","97","Publish Message (id=4317) [Deviceb'Device - 2']"
"658381","4379.511303670","192.168.15.3","192.168.15.4","MQTT","70","Connect Ack"
"658384","4379.514024545","192.168.15.3","192.168.15.4","MQTT","70","Publish Ack (id=4317)"
"658386","4379.514368315","192.168.15.4","192.168.15.3","MQTT","68","Disconnect Req"
"658399","4380.518238722","192.168.15.4","192.168.15.3","MQTT","90","Connect Command"
"658401","4380.521193218","192.168.15.4","192.168.15.3","MQTT","97","Publish Message (id=4318) [Deviceb'Device - 2']"
"658402","4380.521620676","192.168.15.3","192.168.15.4","MQTT","70","Connect Ack"
"658405","4380.524314730","192.168.15.3","192.168.15.4","MQTT","70","Publish Ack (id=4318)"
"658407","4380.524669180","192.168.15.4","192.168.15.3","MQTT","68","Disconnect Req"
"658422","4381.528720048","192.168.15.4","192.168.15.3","MQTT","90","Connect Command"
"658424","4381.531629779","192.168.15.4","192.168.15.3","MQTT","97","Publish Message (id=4319) [Deviceb'Device - 2']"
"658425","4381.532001552","192.168.15.3","192.168.15.4","MQTT","70","Connect Ack"
"658428","4381.534336197","192.168.15.3","192.168.15.4","MQTT","70","Publish Ack (id=4319)"
"658430","4381.534786659","192.168.15.4","192.168.15.3","MQTT","68","Disconnect Req"
"658442","4382.538857674","192.168.15.4","192.168.15.3","MQTT","90","Connect Command"
"658444","4382.541872073","192.168.15.4","192.168.15.3","MQTT","97","Publish Message (id=4320) [Deviceb'Device - 2']"
"658445","4382.542260678","192.168.15.3","192.168.15.4","MQTT","70","Connect Ack"
"658448","4382.545070411","192.168.15.3","192.168.15.4","MQTT","70","Publish Ack (id=4320)"
"658450","4382.545654665","192.168.15.4","192.168.15.3","MQTT","68","Disconnect Req"
"658458","4383.550257985","192.168.15.4","192.168.15.3","MQTT","90","Connect Command"
"658460","4383.553200489","192.168.15.4","192.168.15.3","MQTT","97","Publish Message (id=4321) [Deviceb'Device - 2']"
"658462","4383.557273610","192.168.15.3","192.168.15.4","MQTT","70","Connect Ack"
"658464","4383.559693316","192.168.15.3","192.168.15.4","MQTT","70","Publish Ack (id=4321)"
"658466","4383.560407887","192.168.15.4","192.168.15.3","MQTT","68","Disconnect Req"
"658478","4384.564595229","192.168.15.4","192.168.15.3","MQTT","90","Connect Command"
"658480","4384.567632863","192.168.15.4","192.168.15.3","MQTT","97","Publish Message (id=4322) [Deviceb'Device - 2']"
"658481","4384.568032418","192.168.15.3","192.168.15.4","MQTT","70","Connect Ack"
"658484","4384.570285368","192.168.15.3","192.168.15.4","MQTT","70","Publish Ack (id=4322)"
"658486","4384.570536463","192.168.15.4","192.168.15.3","MQTT","68","Disconnect Req"
"658511","4385.575133089","192.168.15.4","192.168.15.3","MQTT","90","Connect Command"
"658513","4385.578063960","192.168.15.4","192.168.15.3","MQTT","97","Publish Message (id=4323) [Deviceb'Device - 2']"
"658514","4385.578423049","192.168.15.3","192.168.15.4","MQTT","70","Connect Ack"
"658517","4385.580774235","192.168.15.3","192.168.15.4","MQTT","70","Publish Ack (id=4323)"
"658519","4385.581535033","192.168.15.4","192.168.15.3","MQTT","68","Disconnect Req"
"658534","4386.585322819","192.168.15.4","192.168.15.3","MQTT","90","Connect Command"
"658536","4386.590196594","192.168.15.4","192.168.15.3","MQTT","97","Publish Message (id=4324) [Deviceb'Device - 2']"
"658537","4386.590589257","192.168.15.3","192.168.15.4","MQTT","70","Connect Ack"
"658540","4386.592788405","192.168.15.3","192.168.15.4","MQTT","70","Publish Ack (id=4324)"
"658542","4386.593166360","192.168.15.4","192.168.15.3","MQTT","68","Disconnect Req"
"658554","4387.597125578","192.168.15.4","192.168.15.3","MQTT","90","Connect Command"
"658556","4387.600155677","192.168.15.4","192.168.15.3","MQTT","97","Publish Message (id=4325) [Deviceb'Device - 2']"
"658557","4387.600547709","192.168.15.3","192.168.15.4","MQTT","70","Connect Ack"
"658560","4387.603752789","192.168.15.3","192.168.15.4","MQTT","70","Publish Ack (id=4325)"
"658562","4387.604103572","192.168.15.4","192.168.15.3","MQTT","68","Disconnect Req"
"658580","4388.608396741","192.168.15.4","192.168.15.3","MQTT","90","Connect Command"
"658582","4388.611446538","192.168.15.4","192.168.15.3","MQTT","97","Publish Message (id=4326) [Deviceb'Device - 2']"
"658584","4388.615623786","192.168.15.3","192.168.15.4","MQTT","70","Connect Ack"
"658586","4388.618173157","192.168.15.3","192.168.15.4","MQTT","70","Publish Ack (id=4326)"
"658588","4388.618554818","192.168.15.4","192.168.15.3","MQTT","68","Disconnect Req"
"658600","4389.622440927","192.168.15.4","192.168.15.3","MQTT","90","Connect Command"
"658602","4389.625457721","192.168.15.4","192.168.15.3","MQTT","97","Publish Message (id=4327) [Deviceb'Device - 2']"
"658603","4389.625828031","192.168.15.3","192.168.15.4","MQTT","70","Connect Ack"
"658606","4389.628279045","192.168.15.3","192.168.15.4","MQTT","70","Publish Ack (id=4327)"
"658608","4389.628736881","192.168.15.4","192.168.15.3","MQTT","68","Disconnect Req"
"659692","4390.632451144","192.168.15.4","192.168.15.3","MQTT","90","Connect Command"
"659744","4390.637515880","192.168.15.4","192.168.15.3","MQTT","97","Publish Message (id=4328) [Deviceb'Device - 2']"
"659745","4390.637527202","192.168.15.3","192.168.15.4","MQTT","70","Connect Ack"
"659787","4390.641921190","192.168.15.3","192.168.15.4","MQTT","70","Publish Ack (id=4328)"
"659793","4390.642354810","192.168.15.4","192.168.15.3","MQTT","68","Disconnect Req"
"660114","4391.646045156","192.168.15.4","192.168.15.3","MQTT","90","Connect Command"
"660116","4391.648960589","192.168.15.4","192.168.15.3","MQTT","97","Publish Message (id=4329) [Deviceb'Device - 2']"
"660117","4391.649341539","192.168.15.3","192.168.15.4","MQTT","70","Connect Ack"
"660120","4391.651496253","192.168.15.3","192.168.15.4","MQTT","70","Publish Ack (id=4329)"
"660122","4391.651738772","192.168.15.4","192.168.15.3","MQTT","68","Disconnect Req"
"660134","4392.655408818","192.168.15.4","192.168.15.3","MQTT","90","Connect Command"
"660136","4392.660337167","192.168.15.4","192.168.15.3","MQTT","97","Publish Message (id=4330) [Deviceb'Device - 2']"
"660137","4392.660660518","192.168.15.3","192.168.15.4","MQTT","70","Connect Ack"
"660140","4392.662927124","192.168.15.3","192.168.15.4","MQTT","70","Publish Ack (id=4330)"
"660142","4392.663213175","192.168.15.4","192.168.15.3","MQTT","68","Disconnect Req"
"660154","4393.667860879","192.168.15.4","192.168.15.3","MQTT","90","Connect Command"
"660156","4393.670848037","192.168.15.4","192.168.15.3","MQTT","97","Publish Message (id=4331) [Deviceb'Device - 2']"
"660158","4393.675075210","192.168.15.3","192.168.15.4","MQTT","70","Connect Ack"
"660160","4393.677652784","192.168.15.3","192.168.15.4","MQTT","70","Publish Ack (id=4331)"
"660162","4393.678142861","192.168.15.4","192.168.15.3","MQTT","68","Disconnect Req"
"660170","4394.682143982","192.168.15.4","192.168.15.3","MQTT","90","Connect Command"
"660172","4394.685155676","192.168.15.4","192.168.15.3","MQTT","97","Publish Message (id=4332) [Deviceb'Device - 2']"
"660173","4394.685567034","192.168.15.3","192.168.15.4","MQTT","70","Connect Ack"
"660176","4394.688262371","192.168.15.3","192.168.15.4","MQTT","70","Publish Ack (id=4332)"
"660178","4394.688589710","192.168.15.4","192.168.15.3","MQTT","68","Disconnect Req"
"660191","4395.693221652","192.168.15.4","192.168.15.3","MQTT","90","Connect Command"
"660193","4395.696217587","192.168.15.4","192.168.15.3","MQTT","97","Publish Message (id=4333) [Deviceb'Device - 2']"
"660194","4395.696619437","192.168.15.3","192.168.15.4","MQTT","70","Connect Ack"
"660197","4395.699289746","192.168.15.3","192.168.15.4","MQTT","70","Publish Ack (id=4333)"
"660199","4395.699626182","192.168.15.4","192.168.15.3","MQTT","68","Disconnect Req"
"660225","4396.703400122","192.168.15.4","192.168.15.3","MQTT","90","Connect Command"
"660227","4396.706881996","192.168.15.4","192.168.15.3","MQTT","97","Publish Message (id=4334) [Deviceb'Device - 2']"
"660228","4396.707223101","192.168.15.3","192.168.15.4","MQTT","70","Connect Ack"
"660231","4396.709544841","192.168.15.3","192.168.15.4","MQTT","70","Publish Ack (id=4334)"
"660233","4396.709986566","192.168.15.4","192.168.15.3","MQTT","68","Disconnect Req"
"660245","4397.713765564","192.168.15.4","192.168.15.3","MQTT","90","Connect Command"
"660247","4397.716980713","192.168.15.4","192.168.15.3","MQTT","97","Publish Message (id=4335) [Deviceb'Device - 2']"
"660248","4397.717333380","192.168.15.3","192.168.15.4","MQTT","70","Connect Ack"
"660251","4397.719962171","192.168.15.3","192.168.15.4","MQTT","70","Publish Ack (id=4335)"
"660253","4397.720410548","192.168.15.4","192.168.15.3","MQTT","68","Disconnect Req"
"660267","4398.723926819","192.168.15.4","192.168.15.3","MQTT","90","Connect Command"
"660269","4398.726993287","192.168.15.4","192.168.15.3","MQTT","97","Publish Message (id=4336) [Deviceb'Device - 2']"
"660271","4398.731163583","192.168.15.3","192.168.15.4","MQTT","70","Connect Ack"
"660273","4398.733702824","192.168.15.3","192.168.15.4","MQTT","70","Publish Ack (id=4336)"
"660275","4398.734040903","192.168.15.4","192.168.15.3","MQTT","68","Disconnect Req"
"660287","4399.738386141","192.168.15.4","192.168.15.3","MQTT","90","Connect Command"
"660289","4399.743332533","192.168.15.4","192.168.15.3","MQTT","97","Publish Message (id=4337) [Deviceb'Device - 2']"
"660290","4399.743694047","192.168.15.3","192.168.15.4","MQTT","70","Connect Ack"
"660293","4399.746295906","192.168.15.3","192.168.15.4","MQTT","70","Publish Ack (id=4337)"
"660295","4399.746674242","192.168.15.4","192.168.15.3","MQTT","68","Disconnect Req"
"660309","4400.749969854","192.168.15.4","192.168.15.3","MQTT","90","Connect Command"
"660311","4400.753008208","192.168.15.4","192.168.15.3","MQTT","97","Publish Message (id=4338) [Deviceb'Device - 2']"
"660312","4400.753444884","192.168.15.3","192.168.15.4","MQTT","70","Connect Ack"
"660315","4400.755880299","192.168.15.3","192.168.15.4","MQTT","70","Publish Ack (id=4338)"
"660317","4400.756192219","192.168.15.4","192.168.15.3","MQTT","68","Disconnect Req"
"662607","4401.759672319","192.168.15.4","192.168.15.3","MQTT","90","Connect Command"
"662609","4401.762512659","192.168.15.4","192.168.15.3","MQTT","97","Publish Message (id=4339) [Deviceb'Device - 2']"
"662610","4401.762937031","192.168.15.3","192.168.15.4","MQTT","70","Connect Ack"
"662613","4401.765237911","192.168.15.3","192.168.15.4","MQTT","70","Publish Ack (id=4339)"
"662615","4401.765692842","192.168.15.4","192.168.15.3","MQTT","68","Disconnect Req"
"662627","4402.769178341","192.168.15.4","192.168.15.3","MQTT","90","Connect Command"
"662629","4402.772147736","192.168.15.4","192.168.15.3","MQTT","97","Publish Message (id=4340) [Deviceb'Device - 2']"
"662630","4402.772505542","192.168.15.3","192.168.15.4","MQTT","70","Connect Ack"
"662633","4402.775062828","192.168.15.3","192.168.15.4","MQTT","70","Publish Ack (id=4340)"
"662635","4402.775493191","192.168.15.4","192.168.15.3","MQTT","68","Disconnect Req"
"662649","4403.779756360","192.168.15.4","192.168.15.3","MQTT","90","Connect Command"
"662651","4403.782672103","192.168.15.4","192.168.15.3","MQTT","97","Publish Message (id=4341) [Deviceb'Device - 2']"
"662653","4403.787309882","192.168.15.3","192.168.15.4","MQTT","70","Connect Ack"
"662655","4403.790160792","192.168.15.3","192.168.15.4","MQTT","70","Publish Ack (id=4341)"
"662657","4403.790516164","192.168.15.4","192.168.15.3","MQTT","68","Disconnect Req"
"662665","4404.794121338","192.168.15.4","192.168.15.3","MQTT","90","Connect Command"
"662667","4404.797084340","192.168.15.4","192.168.15.3","MQTT","97","Publish Message (id=4342) [Deviceb'Device - 2']"
"662668","4404.797482132","192.168.15.3","192.168.15.4","MQTT","70","Connect Ack"
"662671","4404.800110222","192.168.15.3","192.168.15.4","MQTT","70","Publish Ack (id=4342)"
"662673","4404.800403656","192.168.15.4","192.168.15.3","MQTT","68","Disconnect Req"
"662683","4405.804104801","192.168.15.4","192.168.15.3","MQTT","90","Connect Command"
"662685","4405.807438404","192.168.15.4","192.168.15.3","MQTT","97","Publish Message (id=4343) [Deviceb'Device - 2']"
"662686","4405.807729354","192.168.15.3","192.168.15.4","MQTT","70","Connect Ack"
"662689","4405.810327126","192.168.15.3","192.168.15.4","MQTT","70","Publish Ack (id=4343)"
"662691","4405.811327127","192.168.15.4","192.168.15.3","MQTT","68","Disconnect Req"
"662704","4406.816132608","192.168.15.4","192.168.15.3","MQTT","90","Connect Command"
"662706","4406.818970624","192.168.15.4","192.168.15.3","MQTT","97","Publish Message (id=4344) [Deviceb'Device - 2']"
"662707","4406.819416026","192.168.15.3","192.168.15.4","MQTT","70","Connect Ack"
"662710","4406.821835110","192.168.15.3","192.168.15.4","MQTT","70","Publish Ack (id=4344)"
"662712","4406.822597201","192.168.15.4","192.168.15.3","MQTT","68","Disconnect Req"
"662730","4407.827162387","192.168.15.4","192.168.15.3","MQTT","90","Connect Command"
"662732","4407.830029889","192.168.15.4","192.168.15.3","MQTT","97","Publish Message (id=4345) [Deviceb'Device - 2']"
"662733","4407.830468368","192.168.15.3","192.168.15.4","MQTT","70","Connect Ack"
"662736","4407.832802231","192.168.15.3","192.168.15.4","MQTT","70","Publish Ack (id=4345)"
"662738","4407.833120502","192.168.15.4","192.168.15.3","MQTT","68","Disconnect Req"
"662754","4408.837161136","192.168.15.4","192.168.15.3","MQTT","90","Connect Command"
"662756","4408.840085756","192.168.15.4","192.168.15.3","MQTT","97","Publish Message (id=4346) [Deviceb'Device - 2']"
"662758","4408.844488320","192.168.15.3","192.168.15.4","MQTT","70","Connect Ack"
"662760","4408.847108404","192.168.15.3","192.168.15.4","MQTT","70","Publish Ack (id=4346)"
"662762","4408.847454398","192.168.15.4","192.168.15.3","MQTT","68","Disconnect Req"
"662776","4409.851707833","192.168.15.4","192.168.15.3","MQTT","90","Connect Command"
"662778","4409.854727252","192.168.15.4","192.168.15.3","MQTT","97","Publish Message (id=4347) [Deviceb'Device - 2']"
"662779","4409.855137197","192.168.15.3","192.168.15.4","MQTT","70","Connect Ack"
"662782","4409.857547014","192.168.15.3","192.168.15.4","MQTT","70","Publish Ack (id=4347)"
"662784","4409.858144574","192.168.15.4","192.168.15.3","MQTT","68","Disconnect Req"
"662792","4410.862368862","192.168.15.4","192.168.15.3","MQTT","90","Connect Command"
"662794","4410.865367132","192.168.15.4","192.168.15.3","MQTT","97","Publish Message (id=4348) [Deviceb'Device - 2']"
"662795","4410.865806412","192.168.15.3","192.168.15.4","MQTT","70","Connect Ack"
"662798","4410.868215257","192.168.15.3","192.168.15.4","MQTT","70","Publish Ack (id=4348)"
"662800","4410.868454038","192.168.15.4","192.168.15.3","MQTT","68","Disconnect Req"
"662815","4411.871965629","192.168.15.4","192.168.15.3","MQTT","90","Connect Command"
"662817","4411.874962515","192.168.15.4","192.168.15.3","MQTT","97","Publish Message (id=4349) [Deviceb'Device - 2']"
"662818","4411.875390314","192.168.15.3","192.168.15.4","MQTT","70","Connect Ack"
"662821","4411.877994658","192.168.15.3","192.168.15.4","MQTT","70","Publish Ack (id=4349)"
"662823","4411.878486839","192.168.15.4","192.168.15.3","MQTT","68","Disconnect Req"
"662851","4412.882304046","192.168.15.4","192.168.15.3","MQTT","90","Connect Command"
"662853","4412.884975507","192.168.15.4","192.168.15.3","MQTT","97","Publish Message (id=4350) [Deviceb'Device - 2']"
"662854","4412.885412523","192.168.15.3","192.168.15.4","MQTT","70","Connect Ack"
"662857","4412.888008281","192.168.15.3","192.168.15.4","MQTT","70","Publish Ack (id=4350)"
"662859","4412.888261510","192.168.15.4","192.168.15.3","MQTT","68","Disconnect Req"
"662876","4413.892571629","192.168.15.4","192.168.15.3","MQTT","90","Connect Command"
"662878","4413.895523390","192.168.15.4","192.168.15.3","MQTT","97","Publish Message (id=4351) [Deviceb'Device - 2']"
"662880","4413.899971661","192.168.15.3","192.168.15.4","MQTT","70","Connect Ack"
"662882","4413.902511924","192.168.15.3","192.168.15.4","MQTT","70","Publish Ack (id=4351)"
"662884","4413.902766265","192.168.15.4","192.168.15.3","MQTT","68","Disconnect Req"
"662919","4414.906957207","192.168.15.4","192.168.15.3","MQTT","90","Connect Command"
"662921","4414.909699221","192.168.15.4","192.168.15.3","MQTT","97","Publish Message (id=4352) [Deviceb'Device - 2']"
"662922","4414.910102093","192.168.15.3","192.168.15.4","MQTT","70","Connect Ack"
"662925","4414.912595397","192.168.15.3","192.168.15.4","MQTT","70","Publish Ack (id=4352)"
"662927","4414.912952192","192.168.15.4","192.168.15.3","MQTT","68","Disconnect Req"
"664276","4415.916930922","192.168.15.4","192.168.15.3","MQTT","90","Connect Command"
"664278","4415.919833090","192.168.15.4","192.168.15.3","MQTT","97","Publish Message (id=4353) [Deviceb'Device - 2']"
"664279","4415.920260067","192.168.15.3","192.168.15.4","MQTT","70","Connect Ack"
"664282","4415.923042738","192.168.15.3","192.168.15.4","MQTT","70","Publish Ack (id=4353)"
"664284","4415.923483341","192.168.15.4","192.168.15.3","MQTT","68","Disconnect Req"
"664299","4416.927397519","192.168.15.4","192.168.15.3","MQTT","90","Connect Command"
"664301","4416.930295809","192.168.15.4","192.168.15.3","MQTT","97","Publish Message (id=4354) [Deviceb'Device - 2']"
"664302","4416.930724409","192.168.15.3","192.168.15.4","MQTT","70","Connect Ack"
"664305","4416.933208956","192.168.15.3","192.168.15.4","MQTT","70","Publish Ack (id=4354)"
"664307","4416.933616467","192.168.15.4","192.168.15.3","MQTT","68","Disconnect Req"
"664323","4417.937716295","192.168.15.4","192.168.15.3","MQTT","90","Connect Command"
"664325","4417.940599176","192.168.15.4","192.168.15.3","MQTT","97","Publish Message (id=4355) [Deviceb'Device - 2']"
"664326","4417.941076167","192.168.15.3","192.168.15.4","MQTT","70","Connect Ack"
"664329","4417.943694748","192.168.15.3","192.168.15.4","MQTT","70","Publish Ack (id=4355)"
"664332","4417.944826568","192.168.15.4","192.168.15.3","MQTT","68","Disconnect Req"
"664343","4418.948930783","192.168.15.4","192.168.15.3","MQTT","90","Connect Command"
"664345","4418.951916228","192.168.15.4","192.168.15.3","MQTT","97","Publish Message (id=4356) [Deviceb'Device - 2']"
"664347","4418.956290990","192.168.15.3","192.168.15.4","MQTT","70","Connect Ack"
"664349","4418.958710705","192.168.15.3","192.168.15.4","MQTT","70","Publish Ack (id=4356)"
"664351","4418.958984292","192.168.15.4","192.168.15.3","MQTT","68","Disconnect Req"
"664375","4419.963194015","192.168.15.4","192.168.15.3","MQTT","90","Connect Command"
"664377","4419.966115479","192.168.15.4","192.168.15.3","MQTT","97","Publish Message (id=4357) [Deviceb'Device - 2']"
"664378","4419.966543909","192.168.15.3","192.168.15.4","MQTT","70","Connect Ack"
"664381","4419.969710226","192.168.15.3","192.168.15.4","MQTT","70","Publish Ack (id=4357)"
"664383","4419.970215211","192.168.15.4","192.168.15.3","MQTT","68","Disconnect Req"
"664395","4420.973594904","192.168.15.4","192.168.15.3","MQTT","90","Connect Command"
"664397","4420.976602531","192.168.15.4","192.168.15.3","MQTT","97","Publish Message (id=4358) [Deviceb'Device - 2']"
"664398","4420.977013227","192.168.15.3","192.168.15.4","MQTT","70","Connect Ack"
"664401","4420.979645114","192.168.15.3","192.168.15.4","MQTT","70","Publish Ack (id=4358)"
"664403","4420.979972382","192.168.15.4","192.168.15.3","MQTT","68","Disconnect Req"
"664418","4421.984093587","192.168.15.4","192.168.15.3","MQTT","90","Connect Command"
"664420","4421.987002337","192.168.15.4","192.168.15.3","MQTT","97","Publish Message (id=4359) [Deviceb'Device - 2']"
"664421","4421.987402283","192.168.15.3","192.168.15.4","MQTT","70","Connect Ack"
"664424","4421.990026745","192.168.15.3","192.168.15.4","MQTT","70","Publish Ack (id=4359)"
"664426","4421.990609206","192.168.15.4","192.168.15.3","MQTT","68","Disconnect Req"
"664438","4422.994833204","192.168.15.4","192.168.15.3","MQTT","90","Connect Command"
"664440","4422.997685828","192.168.15.4","192.168.15.3","MQTT","97","Publish Message (id=4360) [Deviceb'Device - 2']"
"664441","4422.998156047","192.168.15.3","192.168.15.4","MQTT","70","Connect Ack"
"664444","4423.000683065","192.168.15.3","192.168.15.4","MQTT","70","Publish Ack (id=4360)"
"664446","4423.001027736","192.168.15.4","192.168.15.3","MQTT","68","Disconnect Req"
"664458","4424.005178715","192.168.15.4","192.168.15.3","MQTT","90","Connect Command"
"664460","4424.008204476","192.168.15.4","192.168.15.3","MQTT","97","Publish Message (id=4361) [Deviceb'Device - 2']"
"664462","4424.012559551","192.168.15.3","192.168.15.4","MQTT","70","Connect Ack"
"664464","4424.015022037","192.168.15.3","192.168.15.4","MQTT","70","Publish Ack (id=4361)"
"664466","4424.015344126","192.168.15.4","192.168.15.3","MQTT","68","Disconnect Req"
"664482","4425.019116989","192.168.15.4","192.168.15.3","MQTT","90","Connect Command"
"664484","4425.022142018","192.168.15.4","192.168.15.3","MQTT","97","Publish Message (id=4362) [Deviceb'Device - 2']"
"664485","4425.022536073","192.168.15.3","192.168.15.4","MQTT","70","Connect Ack"
"664488","4425.025004260","192.168.15.3","192.168.15.4","MQTT","70","Publish Ack (id=4362)"
"664490","4425.025774817","192.168.15.4","192.168.15.3","MQTT","68","Disconnect Req"
"664503","4426.029137003","192.168.15.4","192.168.15.3","MQTT","90","Connect Command"
"664505","4426.034094466","192.168.15.4","192.168.15.3","MQTT","97","Publish Message (id=4363) [Deviceb'Device - 2']"
"664506","4426.034557792","192.168.15.3","192.168.15.4","MQTT","70","Connect Ack"
"664509","4426.037067096","192.168.15.3","192.168.15.4","MQTT","70","Publish Ack (id=4363)"
"664511","4426.037436966","192.168.15.4","192.168.15.3","MQTT","68","Disconnect Req"
"666883","4427.041576731","192.168.15.4","192.168.15.3","MQTT","90","Connect Command"
"666885","4427.044504176","192.168.15.4","192.168.15.3","MQTT","97","Publish Message (id=4364) [Deviceb'Device - 2']"
"666886","4427.044858817","192.168.15.3","192.168.15.4","MQTT","70","Connect Ack"
"666889","4427.047495202","192.168.15.3","192.168.15.4","MQTT","70","Publish Ack (id=4364)"
"666891","4427.047910888","192.168.15.4","192.168.15.3","MQTT","68","Disconnect Req"
"666903","4428.051701481","192.168.15.4","192.168.15.3","MQTT","90","Connect Command"
"666905","4428.056925118","192.168.15.4","192.168.15.3","MQTT","97","Publish Message (id=4365) [Deviceb'Device - 2']"
"666906","4428.057361513","192.168.15.3","192.168.15.4","MQTT","70","Connect Ack"
"666909","4428.059637126","192.168.15.3","192.168.15.4","MQTT","70","Publish Ack (id=4365)"
"666911","4428.060490199","192.168.15.4","192.168.15.3","MQTT","68","Disconnect Req"
"666919","4429.064787470","192.168.15.4","192.168.15.3","MQTT","90","Connect Command"
"666921","4429.067574029","192.168.15.4","192.168.15.3","MQTT","97","Publish Message (id=4366) [Deviceb'Device - 2']"
"666923","4429.072058838","192.168.15.3","192.168.15.4","MQTT","70","Connect Ack"
"666925","4429.075162897","192.168.15.3","192.168.15.4","MQTT","70","Publish Ack (id=4366)"
"666927","4429.075572151","192.168.15.4","192.168.15.3","MQTT","68","Disconnect Req"
"666939","4430.079615150","192.168.15.4","192.168.15.3","MQTT","90","Connect Command"
"666941","4430.082572171","192.168.15.4","192.168.15.3","MQTT","97","Publish Message (id=4367) [Deviceb'Device - 2']"
"666942","4430.082992657","192.168.15.3","192.168.15.4","MQTT","70","Connect Ack"
"666945","4430.085459781","192.168.15.3","192.168.15.4","MQTT","70","Publish Ack (id=4367)"
"666947","4430.085832887","192.168.15.4","192.168.15.3","MQTT","68","Disconnect Req"
"666959","4431.092372566","192.168.15.4","192.168.15.3","MQTT","90","Connect Command"
"666961","4431.095165557","192.168.15.4","192.168.15.3","MQTT","97","Publish Message (id=4368) [Deviceb'Device - 2']"
"666962","4431.095553751","192.168.15.3","192.168.15.4","MQTT","70","Connect Ack"
"666965","4431.098193883","192.168.15.3","192.168.15.4","MQTT","70","Publish Ack (id=4368)"
"666967","4431.098693387","192.168.15.4","192.168.15.3","MQTT","68","Disconnect Req"
"666985","4432.103087429","192.168.15.4","192.168.15.3","MQTT","90","Connect Command"
"666987","4432.105949150","192.168.15.4","192.168.15.3","MQTT","97","Publish Message (id=4369) [Deviceb'Device - 2']"
"666988","4432.106388410","192.168.15.3","192.168.15.4","MQTT","70","Connect Ack"
"666991","4432.109026318","192.168.15.3","192.168.15.4","MQTT","70","Publish Ack (id=4369)"
"666993","4432.109523288","192.168.15.4","192.168.15.3","MQTT","68","Disconnect Req"
"667005","4433.113781622","192.168.15.4","192.168.15.3","MQTT","90","Connect Command"
"667007","4433.116765373","192.168.15.4","192.168.15.3","MQTT","97","Publish Message (id=4370) [Deviceb'Device - 2']"
"667008","4433.117203020","192.168.15.3","192.168.15.4","MQTT","70","Connect Ack"
"667011","4433.119652111","192.168.15.3","192.168.15.4","MQTT","70","Publish Ack (id=4370)"
"667013","4433.120040075","192.168.15.4","192.168.15.3","MQTT","68","Disconnect Req"
"667027","4434.123693144","192.168.15.4","192.168.15.3","MQTT","90","Connect Command"
"667029","4434.128533886","192.168.15.4","192.168.15.3","MQTT","97","Publish Message (id=4371) [Deviceb'Device - 2']"
"667031","4434.132868692","192.168.15.3","192.168.15.4","MQTT","70","Connect Ack"
"667033","4434.135563237","192.168.15.3","192.168.15.4","MQTT","70","Publish Ack (id=4371)"
"667035","4434.135893612","192.168.15.4","192.168.15.3","MQTT","68","Disconnect Req"
"667047","4435.139651969","192.168.15.4","192.168.15.3","MQTT","90","Connect Command"
"667049","4435.142698158","192.168.15.4","192.168.15.3","MQTT","97","Publish Message (id=4372) [Deviceb'Device - 2']"
"667050","4435.143043191","192.168.15.3","192.168.15.4","MQTT","70","Connect Ack"
"667053","4435.145754557","192.168.15.3","192.168.15.4","MQTT","70","Publish Ack (id=4372)"
"667055","4435.146084872","192.168.15.4","192.168.15.3","MQTT","68","Disconnect Req"
"667068","4436.150002339","192.168.15.4","192.168.15.3","MQTT","90","Connect Command"
"667070","4436.153045563","192.168.15.4","192.168.15.3","MQTT","97","Publish Message (id=4373) [Deviceb'Device - 2']"
"667071","4436.153417506","192.168.15.3","192.168.15.4","MQTT","70","Connect Ack"
"667074","4436.155994268","192.168.15.3","192.168.15.4","MQTT","70","Publish Ack (id=4373)"
"667076","4436.156949825","192.168.15.4","192.168.15.3","MQTT","68","Disconnect Req"
"668304","4437.161560662","192.168.15.4","192.168.15.3","MQTT","90","Connect Command"
"668306","4437.164970960","192.168.15.4","192.168.15.3","MQTT","97","Publish Message (id=4374) [Deviceb'Device - 2']"
"668307","4437.164991779","192.168.15.3","192.168.15.4","MQTT","70","Connect Ack"
"668310","4437.167872126","192.168.15.3","192.168.15.4","MQTT","70","Publish Ack (id=4374)"
"668312","4437.168591876","192.168.15.4","192.168.15.3","MQTT","68","Disconnect Req"
"668324","4438.172820941","192.168.15.4","192.168.15.3","MQTT","90","Connect Command"
"668326","4438.175867812","192.168.15.4","192.168.15.3","MQTT","97","Publish Message (id=4375) [Deviceb'Device - 2']"
"668327","4438.176215920","192.168.15.3","192.168.15.4","MQTT","70","Connect Ack"
"668330","4438.178779016","192.168.15.3","192.168.15.4","MQTT","70","Publish Ack (id=4375)"
"668332","4438.179513956","192.168.15.4","192.168.15.3","MQTT","68","Disconnect Req"
"668346","4439.183102528","192.168.15.4","192.168.15.3","MQTT","90","Connect Command"
"668348","4439.186089235","192.168.15.4","192.168.15.3","MQTT","97","Publish Message (id=4376) [Deviceb'Device - 2']"
"668350","4439.190472623","192.168.15.3","192.168.15.4","MQTT","70","Connect Ack"
"668352","4439.192891377","192.168.15.3","192.168.15.4","MQTT","70","Publish Ack (id=4376)"
"668354","4439.193355675","192.168.15.4","192.168.15.3","MQTT","68","Disconnect Req"
"668362","4440.197091775","192.168.15.4","192.168.15.3","MQTT","90","Connect Command"
"668364","4440.199965018","192.168.15.4","192.168.15.3","MQTT","97","Publish Message (id=4377) [Deviceb'Device - 2']"
"668365","4440.200401413","192.168.15.3","192.168.15.4","MQTT","70","Connect Ack"
"668368","4440.202826438","192.168.15.3","192.168.15.4","MQTT","70","Publish Ack (id=4377)"
"668370","4440.203123981","192.168.15.4","192.168.15.3","MQTT","68","Disconnect Req"
"668405","4441.206886881","192.168.15.4","192.168.15.3","MQTT","90","Connect Command"
"668407","4441.209921870","192.168.15.4","192.168.15.3","MQTT","97","Publish Message (id=4378) [Deviceb'Device - 2']"
"668408","4441.210316857","192.168.15.3","192.168.15.4","MQTT","70","Connect Ack"
"668411","4441.212940116","192.168.15.3","192.168.15.4","MQTT","70","Publish Ack (id=4378)"
"668413","4441.213293384","192.168.15.4","192.168.15.3","MQTT","68","Disconnect Req"
"668437","4442.217320113","192.168.15.4","192.168.15.3","MQTT","90","Connect Command"
"668439","4442.220294457","192.168.15.4","192.168.15.3","MQTT","97","Publish Message (id=4379) [Deviceb'Device - 2']"
"668440","4442.221091544","192.168.15.3","192.168.15.4","MQTT","70","Connect Ack"
"668443","4442.223303446","192.168.15.3","192.168.15.4","MQTT","70","Publish Ack (id=4379)"
"668445","4442.223634562","192.168.15.4","192.168.15.3","MQTT","68","Disconnect Req"
"669785","4443.227734939","192.168.15.4","192.168.15.3","MQTT","90","Connect Command"
"669787","4443.230737937","192.168.15.4","192.168.15.3","MQTT","97","Publish Message (id=4380) [Deviceb'Device - 2']"
"669788","4443.231236079","192.168.15.3","192.168.15.4","MQTT","70","Connect Ack"
"669791","4443.233537200","192.168.15.3","192.168.15.4","MQTT","70","Publish Ack (id=4380)"
"669793","4443.234110263","192.168.15.4","192.168.15.3","MQTT","68","Disconnect Req"
"669805","4444.238028575","192.168.15.4","192.168.15.3","MQTT","90","Connect Command"
"669807","4444.241115241","192.168.15.4","192.168.15.3","MQTT","97","Publish Message (id=4381) [Deviceb'Device - 2']"
"669808","4444.241744862","192.168.15.3","192.168.15.4","MQTT","70","Connect Ack"
"669811","4444.244005385","192.168.15.3","192.168.15.4","MQTT","70","Publish Ack (id=4381)"
"669813","4444.244511903","192.168.15.4","192.168.15.3","MQTT","68","Disconnect Req"
"669825","4445.248012194","192.168.15.4","192.168.15.3","MQTT","90","Connect Command"
"669827","4445.251029098","192.168.15.4","192.168.15.3","MQTT","97","Publish Message (id=4382) [Deviceb'Device - 2']"
"669828","4445.251512341","192.168.15.3","192.168.15.4","MQTT","70","Connect Ack"
"669831","4445.254762637","192.168.15.3","192.168.15.4","MQTT","70","Publish Ack (id=4382)"
"669833","4445.255103121","192.168.15.4","192.168.15.3","MQTT","68","Disconnect Req"
"669846","4446.258796836","192.168.15.4","192.168.15.3","MQTT","90","Connect Command"
"669848","4446.261664027","192.168.15.4","192.168.15.3","MQTT","97","Publish Message (id=4383) [Deviceb'Device - 2']"
"669849","4446.262066458","192.168.15.3","192.168.15.4","MQTT","70","Connect Ack"
"669852","4446.264503927","192.168.15.3","192.168.15.4","MQTT","70","Publish Ack (id=4383)"
"669854","4446.265220682","192.168.15.4","192.168.15.3","MQTT","68","Disconnect Req"
"669869","4447.270097794","192.168.15.4","192.168.15.3","MQTT","90","Connect Command"
"669871","4447.273084261","192.168.15.4","192.168.15.3","MQTT","97","Publish Message (id=4384) [Deviceb'Device - 2']"
"669872","4447.273484077","192.168.15.3","192.168.15.4","MQTT","70","Connect Ack"
"669875","4447.276022617","192.168.15.3","192.168.15.4","MQTT","70","Publish Ack (id=4384)"
"669877","4447.276509317","192.168.15.4","192.168.15.3","MQTT","68","Disconnect Req"
"669889","4448.280534398","192.168.15.4","192.168.15.3","MQTT","90","Connect Command"
"669891","4448.285209056","192.168.15.4","192.168.15.3","MQTT","97","Publish Message (id=4385) [Deviceb'Device - 2']"
"669892","4448.285631385","192.168.15.3","192.168.15.4","MQTT","70","Connect Ack"
"669895","4448.288355776","192.168.15.3","192.168.15.4","MQTT","70","Publish Ack (id=4385)"
"669897","4448.288659270","192.168.15.4","192.168.15.3","MQTT","68","Disconnect Req"
"669907","4449.292857216","192.168.15.4","192.168.15.3","MQTT","90","Connect Command"
"669910","4449.295633205","192.168.15.4","192.168.15.3","MQTT","97","Publish Message (id=4386) [Deviceb'Device - 2']"
"669912","4449.299998408","192.168.15.3","192.168.15.4","MQTT","70","Connect Ack"
"669915","4449.302658258","192.168.15.3","192.168.15.4","MQTT","70","Publish Ack (id=4386)"
"669917","4449.303083391","192.168.15.4","192.168.15.3","MQTT","68","Disconnect Req"
"671849","4450.306869087","192.168.15.4","192.168.15.3","MQTT","90","Connect Command"
"671851","4450.309927650","192.168.15.4","192.168.15.3","MQTT","97","Publish Message (id=4387) [Deviceb'Device - 2']"
"671852","4450.310348967","192.168.15.3","192.168.15.4","MQTT","70","Connect Ack"
"671855","4450.312965254","192.168.15.3","192.168.15.4","MQTT","70","Publish Ack (id=4387)"
"671857","4450.313431305","192.168.15.4","192.168.15.3","MQTT","68","Disconnect Req"
"671869","4451.317368116","192.168.15.4","192.168.15.3","MQTT","90","Connect Command"
"671871","4451.320354212","192.168.15.4","192.168.15.3","MQTT","97","Publish Message (id=4388) [Deviceb'Device - 2']"
"671872","4451.320770689","192.168.15.3","192.168.15.4","MQTT","70","Connect Ack"
"671875","4451.323269714","192.168.15.3","192.168.15.4","MQTT","70","Publish Ack (id=4388)"
"671877","4451.323573749","192.168.15.4","192.168.15.3","MQTT","68","Disconnect Req"
"671892","4452.327430578","192.168.15.4","192.168.15.3","MQTT","90","Connect Command"
"671894","4452.332281109","192.168.15.4","192.168.15.3","MQTT","97","Publish Message (id=4389) [Deviceb'Device - 2']"
"671895","4452.332724217","192.168.15.3","192.168.15.4","MQTT","70","Connect Ack"
"671898","4452.335330455","192.168.15.3","192.168.15.4","MQTT","70","Publish Ack (id=4389)"
"671900","4452.335672652","192.168.15.4","192.168.15.3","MQTT","68","Disconnect Req"
"671916","4453.339226658","192.168.15.4","192.168.15.3","MQTT","90","Connect Command"
"671918","4453.342154052","192.168.15.4","192.168.15.3","MQTT","97","Publish Message (id=4390) [Deviceb'Device - 2']"
"671919","4453.342535494","192.168.15.3","192.168.15.4","MQTT","70","Connect Ack"
"671922","4453.345484560","192.168.15.3","192.168.15.4","MQTT","70","Publish Ack (id=4390)"
"671924","4453.345953376","192.168.15.4","192.168.15.3","MQTT","68","Disconnect Req"
"671936","4454.349732155","192.168.15.4","192.168.15.3","MQTT","90","Connect Command"
"671938","4454.352708673","192.168.15.4","192.168.15.3","MQTT","97","Publish Message (id=4391) [Deviceb'Device - 2']"
"671940","4454.357083195","192.168.15.3","192.168.15.4","MQTT","70","Connect Ack"
"671942","4454.359514391","192.168.15.3","192.168.15.4","MQTT","70","Publish Ack (id=4391)"
"671944","4454.360084048","192.168.15.4","192.168.15.3","MQTT","68","Disconnect Req"
"671956","4455.363373993","192.168.15.4","192.168.15.3","MQTT","90","Connect Command"
"671958","4455.366400025","192.168.15.4","192.168.15.3","MQTT","97","Publish Message (id=4392) [Deviceb'Device - 2']"
"671959","4455.366845186","192.168.15.3","192.168.15.4","MQTT","70","Connect Ack"
"671962","4455.369405057","192.168.15.3","192.168.15.4","MQTT","70","Publish Ack (id=4392)"
"671964","4455.369673194","192.168.15.4","192.168.15.3","MQTT","68","Disconnect Req"
"671997","4456.373218260","192.168.15.4","192.168.15.3","MQTT","90","Connect Command"
"671999","4456.375950155","192.168.15.4","192.168.15.3","MQTT","97","Publish Message (id=4393) [Deviceb'Device - 2']"
"672000","4456.376367534","192.168.15.3","192.168.15.4","MQTT","70","Connect Ack"
"672004","4456.378888791","192.168.15.3","192.168.15.4","MQTT","70","Publish Ack (id=4393)"
"672009","4456.379372917","192.168.15.4","192.168.15.3","MQTT","68","Disconnect Req"
"672154","4457.383047577","192.168.15.4","192.168.15.3","MQTT","90","Connect Command"
"672156","4457.386044103","192.168.15.4","192.168.15.3","MQTT","97","Publish Message (id=4394) [Deviceb'Device - 2']"
"672157","4457.386449379","192.168.15.3","192.168.15.4","MQTT","70","Connect Ack"
"672160","4457.388920922","192.168.15.3","192.168.15.4","MQTT","70","Publish Ack (id=4394)"
"672162","4457.389248141","192.168.15.4","192.168.15.3","MQTT","68","Disconnect Req"
"674095","4458.392848450","192.168.15.4","192.168.15.3","MQTT","90","Connect Command"
"674097","4458.395724468","192.168.15.4","192.168.15.3","MQTT","97","Publish Message (id=4395) [Deviceb'Device - 2']"
"674098","4458.396124173","192.168.15.3","192.168.15.4","MQTT","70","Connect Ack"
"674101","4458.398536384","192.168.15.3","192.168.15.4","MQTT","70","Publish Ack (id=4395)"
"674103","4458.398825050","192.168.15.4","192.168.15.3","MQTT","68","Disconnect Req"
"674121","4459.402984927","192.168.15.4","192.168.15.3","MQTT","90","Connect Command"
"674123","4459.405993125","192.168.15.4","192.168.15.3","MQTT","97","Publish Message (id=4396) [Deviceb'Device - 2']"
"674125","4459.410355943","192.168.15.3","192.168.15.4","MQTT","70","Connect Ack"
"674127","4459.412790246","192.168.15.3","192.168.15.4","MQTT","70","Publish Ack (id=4396)"
"674129","4459.413135669","192.168.15.4","192.168.15.3","MQTT","68","Disconnect Req"
"674143","4460.416688947","192.168.15.4","192.168.15.3","MQTT","90","Connect Command"
"674145","4460.421533718","192.168.15.4","192.168.15.3","MQTT","97","Publish Message (id=4397) [Deviceb'Device - 2']"
"674146","4460.421993247","192.168.15.3","192.168.15.4","MQTT","70","Connect Ack"
"674149","4460.424496099","192.168.15.3","192.168.15.4","MQTT","70","Publish Ack (id=4397)"
"674151","4460.425540364","192.168.15.4","192.168.15.3","MQTT","68","Disconnect Req"
"674165","4461.430335329","192.168.15.4","192.168.15.3","MQTT","90","Connect Command"
"674167","4461.433246904","192.168.15.4","192.168.15.3","MQTT","97","Publish Message (id=4398) [Deviceb'Device - 2']"
"674168","4461.434130444","192.168.15.3","192.168.15.4","MQTT","70","Connect Ack"
"674171","4461.436119485","192.168.15.3","192.168.15.4","MQTT","70","Publish Ack (id=4398)"
"674173","4461.436512358","192.168.15.4","192.168.15.3","MQTT","68","Disconnect Req"
"674188","4462.440461664","192.168.15.4","192.168.15.3","MQTT","90","Connect Command"
"674190","4462.443368810","192.168.15.4","192.168.15.3","MQTT","97","Publish Message (id=4399) [Deviceb'Device - 2']"
"674191","4462.443761493","192.168.15.3","192.168.15.4","MQTT","70","Connect Ack"
"674194","4462.446530178","192.168.15.3","192.168.15.4","MQTT","70","Publish Ack (id=4399)"
"674196","4462.447018130","192.168.15.4","192.168.15.3","MQTT","68","Disconnect Req"
"674204","4463.451119022","192.168.15.4","192.168.15.3","MQTT","90","Connect Command"
"674206","4463.454048661","192.168.15.4","192.168.15.3","MQTT","97","Publish Message (id=4400) [Deviceb'Device - 2']"
"674207","4463.454480528","192.168.15.3","192.168.15.4","MQTT","70","Connect Ack"
"674210","4463.457475540","192.168.15.3","192.168.15.4","MQTT","70","Publish Ack (id=4400)"
"674212","4463.457990284","192.168.15.4","192.168.15.3","MQTT","68","Disconnect Req"
"674224","4464.461662875","192.168.15.4","192.168.15.3","MQTT","90","Connect Command"
"674226","4464.464498897","192.168.15.4","192.168.15.3","MQTT","97","Publish Message (id=4401) [Deviceb'Device - 2']"
"674228","4464.468960522","192.168.15.3","192.168.15.4","MQTT","70","Connect Ack"
"674230","4464.471454929","192.168.15.3","192.168.15.4","MQTT","70","Publish Ack (id=4401)"
"674232","4464.471800212","192.168.15.4","192.168.15.3","MQTT","68","Disconnect Req"
"674249","4465.475820399","192.168.15.4","192.168.15.3","MQTT","90","Connect Command"
"674251","4465.478748055","192.168.15.4","192.168.15.3","MQTT","97","Publish Message (id=4402) [Deviceb'Device - 2']"
"674252","4465.479171395","192.168.15.3","192.168.15.4","MQTT","70","Connect Ack"
"674255","4465.481719463","192.168.15.3","192.168.15.4","MQTT","70","Publish Ack (id=4402)"
"674257","4465.481953916","192.168.15.4","192.168.15.3","MQTT","68","Disconnect Req"
"675903","4466.485935399","192.168.15.4","192.168.15.3","MQTT","90","Connect Command"
"675905","4466.488944449","192.168.15.4","192.168.15.3","MQTT","97","Publish Message (id=4403) [Deviceb'Device - 2']"
"675906","4466.489363481","192.168.15.3","192.168.15.4","MQTT","70","Connect Ack"
"675909","4466.491816780","192.168.15.3","192.168.15.4","MQTT","70","Publish Ack (id=4403)"
"675911","4466.492749062","192.168.15.4","192.168.15.3","MQTT","68","Disconnect Req"
"675926","4467.496617721","192.168.15.4","192.168.15.3","MQTT","90","Connect Command"
"675928","4467.499621451","192.168.15.4","192.168.15.3","MQTT","97","Publish Message (id=4404) [Deviceb'Device - 2']"
"675929","4467.500029382","192.168.15.3","192.168.15.4","MQTT","70","Connect Ack"
"675932","4467.502427506","192.168.15.3","192.168.15.4","MQTT","70","Publish Ack (id=4404)"
"675934","4467.503166033","192.168.15.4","192.168.15.3","MQTT","68","Disconnect Req"
"675958","4468.508181239","192.168.15.4","192.168.15.3","MQTT","90","Connect Command"
"675960","4468.513284538","192.168.15.4","192.168.15.3","MQTT","97","Publish Message (id=4405) [Deviceb'Device - 2']"
"675961","4468.513699482","192.168.15.3","192.168.15.4","MQTT","70","Connect Ack"
"675964","4468.516212955","192.168.15.3","192.168.15.4","MQTT","70","Publish Ack (id=4405)"
"675966","4468.516745021","192.168.15.4","192.168.15.3","MQTT","68","Disconnect Req"
"675978","4469.520914577","192.168.15.4","192.168.15.3","MQTT","90","Connect Command"
"675980","4469.523938034","192.168.15.4","192.168.15.3","MQTT","97","Publish Message (id=4406) [Deviceb'Device - 2']"
"675982","4469.528289431","192.168.15.3","192.168.15.4","MQTT","70","Connect Ack"
"675984","4469.530732230","192.168.15.3","192.168.15.4","MQTT","70","Publish Ack (id=4406)"
"675986","4469.531503829","192.168.15.4","192.168.15.3","MQTT","68","Disconnect Req"
"676001","4470.535199368","192.168.15.4","192.168.15.3","MQTT","90","Connect Command"
"676003","4470.538202316","192.168.15.4","192.168.15.3","MQTT","97","Publish Message (id=4407) [Deviceb'Device - 2']"
"676004","4470.538584649","192.168.15.3","192.168.15.4","MQTT","70","Connect Ack"
"676007","4470.541926788","192.168.15.3","192.168.15.4","MQTT","70","Publish Ack (id=4407)"
"676009","4470.542545437","192.168.15.4","192.168.15.3","MQTT","68","Disconnect Req"
"676024","4471.546486140","192.168.15.4","192.168.15.3","MQTT","90","Connect Command"
"676026","4471.549423463","192.168.15.4","192.168.15.3","MQTT","97","Publish Message (id=4408) [Deviceb'Device - 2']"
"676027","4471.549835683","192.168.15.3","192.168.15.4","MQTT","70","Connect Ack"
"676030","4471.552376176","192.168.15.3","192.168.15.4","MQTT","70","Publish Ack (id=4408)"
"676032","4471.552858909","192.168.15.4","192.168.15.3","MQTT","68","Disconnect Req"
"677978","4472.556990391","192.168.15.4","192.168.15.3","MQTT","90","Connect Command"
"677980","4472.559886106","192.168.15.4","192.168.15.3","MQTT","97","Publish Message (id=4409) [Deviceb'Device - 2']"
"677981","4472.560263189","192.168.15.3","192.168.15.4","MQTT","70","Connect Ack"
"677984","4472.562804605","192.168.15.3","192.168.15.4","MQTT","70","Publish Ack (id=4409)"
"677986","4472.563571004","192.168.15.4","192.168.15.3","MQTT","68","Disconnect Req"
"677996","4473.567400434","192.168.15.4","192.168.15.3","MQTT","90","Connect Command"
"677998","4473.570327498","192.168.15.4","192.168.15.3","MQTT","97","Publish Message (id=4410) [Deviceb'Device - 2']"
"677999","4473.570735860","192.168.15.3","192.168.15.4","MQTT","70","Connect Ack"
"678002","4473.573231629","192.168.15.3","192.168.15.4","MQTT","70","Publish Ack (id=4410)"
"678004","4473.573893551","192.168.15.4","192.168.15.3","MQTT","68","Disconnect Req"
"678038","4474.578517282","192.168.15.4","192.168.15.3","MQTT","90","Connect Command"
"678040","4474.581104844","192.168.15.4","192.168.15.3","MQTT","97","Publish Message (id=4411) [Deviceb'Device - 2']"
"678042","4474.586048221","192.168.15.3","192.168.15.4","MQTT","70","Connect Ack"
"678044","4474.588611107","192.168.15.3","192.168.15.4","MQTT","70","Publish Ack (id=4411)"
"678046","4474.589270604","192.168.15.4","192.168.15.3","MQTT","68","Disconnect Req"
"678079","4475.593855551","192.168.15.4","192.168.15.3","MQTT","90","Connect Command"
"678081","4475.596683117","192.168.15.4","192.168.15.3","MQTT","97","Publish Message (id=4412) [Deviceb'Device - 2']"
"678082","4475.597083554","192.168.15.3","192.168.15.4","MQTT","70","Connect Ack"
"678085","4475.599746338","192.168.15.3","192.168.15.4","MQTT","70","Publish Ack (id=4412)"
"678087","4475.600338608","192.168.15.4","192.168.15.3","MQTT","68","Disconnect Req"
"678104","4476.604189978","192.168.15.4","192.168.15.3","MQTT","90","Connect Command"
"678106","4476.607109077","192.168.15.4","192.168.15.3","MQTT","97","Publish Message (id=4413) [Deviceb'Device - 2']"
"678107","4476.607536135","192.168.15.3","192.168.15.4","MQTT","70","Connect Ack"
"678110","4476.610050639","192.168.15.3","192.168.15.4","MQTT","70","Publish Ack (id=4413)"
"678112","4476.610715396","192.168.15.4","192.168.15.3","MQTT","68","Disconnect Req"
"678127","4477.614996878","192.168.15.4","192.168.15.3","MQTT","90","Connect Command"
"678129","4477.618028410","192.168.15.4","192.168.15.3","MQTT","97","Publish Message (id=4414) [Deviceb'Device - 2']"
"678130","4477.618443124","192.168.15.3","192.168.15.4","MQTT","70","Connect Ack"
"678133","4477.621669504","192.168.15.3","192.168.15.4","MQTT","70","Publish Ack (id=4414)"
"678135","4477.621930007","192.168.15.4","192.168.15.3","MQTT","68","Disconnect Req"
"678147","4478.625908576","192.168.15.4","192.168.15.3","MQTT","90","Connect Command"
"678149","4478.628680477","192.168.15.4","192.168.15.3","MQTT","97","Publish Message (id=4415) [Deviceb'Device - 2']"
"678150","4478.629098988","192.168.15.3","192.168.15.4","MQTT","70","Connect Ack"
"678153","4478.631648469","192.168.15.3","192.168.15.4","MQTT","70","Publish Ack (id=4415)"
"678155","4478.631969596","192.168.15.4","192.168.15.3","MQTT","68","Disconnect Req"
"678164","4479.636054454","192.168.15.4","192.168.15.3","MQTT","90","Connect Command"
"678166","4479.639060458","192.168.15.4","192.168.15.3","MQTT","97","Publish Message (id=4416) [Deviceb'Device - 2']"
"678168","4479.643552832","192.168.15.3","192.168.15.4","MQTT","70","Connect Ack"
"678170","4479.646223261","192.168.15.3","192.168.15.4","MQTT","70","Publish Ack (id=4416)"
"678172","4479.646648665","192.168.15.4","192.168.15.3","MQTT","68","Disconnect Req"
"678194","4480.651175128","192.168.15.4","192.168.15.3","MQTT","90","Connect Command"
"678196","4480.654101852","192.168.15.4","192.168.15.3","MQTT","97","Publish Message (id=4417) [Deviceb'Device - 2']"
"678197","4480.654475568","192.168.15.3","192.168.15.4","MQTT","70","Connect Ack"
"678200","4480.657017134","192.168.15.3","192.168.15.4","MQTT","70","Publish Ack (id=4417)"
"678202","4480.658093890","192.168.15.4","192.168.15.3","MQTT","68","Disconnect Req"
"679412","4481.662555429","192.168.15.4","192.168.15.3","MQTT","90","Connect Command"
"679414","4481.665433280","192.168.15.4","192.168.15.3","MQTT","97","Publish Message (id=4418) [Deviceb'Device - 2']"
"679415","4481.665846441","192.168.15.3","192.168.15.4","MQTT","70","Connect Ack"
"679418","4481.668393386","192.168.15.3","192.168.15.4","MQTT","70","Publish Ack (id=4418)"
"679420","4481.668692382","192.168.15.4","192.168.15.3","MQTT","68","Disconnect Req"
"679432","4482.672406487","192.168.15.4","192.168.15.3","MQTT","90","Connect Command"
"679434","4482.675419885","192.168.15.4","192.168.15.3","MQTT","97","Publish Message (id=4419) [Deviceb'Device - 2']"
"679435","4482.675829249","192.168.15.3","192.168.15.4","MQTT","70","Connect Ack"
"679438","4482.678346598","192.168.15.3","192.168.15.4","MQTT","70","Publish Ack (id=4419)"
"679440","4482.678666243","192.168.15.4","192.168.15.3","MQTT","68","Disconnect Req"
"679449","4483.682051715","192.168.15.4","192.168.15.3","MQTT","90","Connect Command"
"679451","4483.685052058","192.168.15.4","192.168.15.3","MQTT","97","Publish Message (id=4420) [Deviceb'Device - 2']"
"679452","4483.685500977","192.168.15.3","192.168.15.4","MQTT","70","Connect Ack"
"679455","4483.687816064","192.168.15.3","192.168.15.4","MQTT","70","Publish Ack (id=4420)"
"679457","4483.688046159","192.168.15.4","192.168.15.3","MQTT","68","Disconnect Req"
"679468","4484.691725057","192.168.15.4","192.168.15.3","MQTT","90","Connect Command"
"679470","4484.694762239","192.168.15.4","192.168.15.3","MQTT","97","Publish Message (id=4421) [Deviceb'Device - 2']"
"679472","4484.699108156","192.168.15.3","192.168.15.4","MQTT","70","Connect Ack"
"679474","4484.701501361","192.168.15.3","192.168.15.4","MQTT","70","Publish Ack (id=4421)"
"679476","4484.701761733","192.168.15.4","192.168.15.3","MQTT","68","Disconnect Req"
"679516","4485.705581586","192.168.15.4","192.168.15.3","MQTT","90","Connect Command"
"679518","4485.708588892","192.168.15.4","192.168.15.3","MQTT","97","Publish Message (id=4422) [Deviceb'Device - 2']"
"679519","4485.709029315","192.168.15.3","192.168.15.4","MQTT","70","Connect Ack"
"679522","4485.711367646","192.168.15.3","192.168.15.4","MQTT","70","Publish Ack (id=4422)"
"679524","4485.712038414","192.168.15.4","192.168.15.3","MQTT","68","Disconnect Req"
"679617","4486.716058355","192.168.15.4","192.168.15.3","MQTT","90","Connect Command"
"679619","4486.719048548","192.168.15.4","192.168.15.3","MQTT","97","Publish Message (id=4423) [Deviceb'Device - 2']"
"679620","4486.719501975","192.168.15.3","192.168.15.4","MQTT","70","Connect Ack"
"679624","4486.721906331","192.168.15.3","192.168.15.4","MQTT","70","Publish Ack (id=4423)"
"679626","4486.722165501","192.168.15.4","192.168.15.3","MQTT","68","Disconnect Req"
"680058","4487.725511425","192.168.15.4","192.168.15.3","MQTT","90","Connect Command"
"680060","4487.728516958","192.168.15.4","192.168.15.3","MQTT","97","Publish Message (id=4424) [Deviceb'Device - 2']"
"680061","4487.728907356","192.168.15.3","192.168.15.4","MQTT","70","Connect Ack"
"680064","4487.731303326","192.168.15.3","192.168.15.4","MQTT","70","Publish Ack (id=4424)"
"680066","4487.731744691","192.168.15.4","192.168.15.3","MQTT","68","Disconnect Req"
"680080","4488.736133627","192.168.15.4","192.168.15.3","MQTT","90","Connect Command"
"680082","4488.739091399","192.168.15.4","192.168.15.3","MQTT","97","Publish Message (id=4425) [Deviceb'Device - 2']"
"680083","4488.739493790","192.168.15.3","192.168.15.4","MQTT","70","Connect Ack"
"680086","4488.742052939","192.168.15.3","192.168.15.4","MQTT","70","Publish Ack (id=4425)"
"680088","4488.742567682","192.168.15.4","192.168.15.3","MQTT","68","Disconnect Req"
"680098","4489.746870424","192.168.15.4","192.168.15.3","MQTT","90","Connect Command"
"680100","4489.749778793","192.168.15.4","192.168.15.3","MQTT","97","Publish Message (id=4426) [Deviceb'Device - 2']"
"680102","4489.754133215","192.168.15.3","192.168.15.4","MQTT","70","Connect Ack"
"680105","4489.757002741","192.168.15.3","192.168.15.4","MQTT","70","Publish Ack (id=4426)"
"680107","4489.757427855","192.168.15.4","192.168.15.3","MQTT","68","Disconnect Req"
"680123","4490.760855555","192.168.15.4","192.168.15.3","MQTT","90","Connect Command"
"680125","4490.763879042","192.168.15.4","192.168.15.3","MQTT","97","Publish Message (id=4427) [Deviceb'Device - 2']"
"680126","4490.764300018","192.168.15.3","192.168.15.4","MQTT","70","Connect Ack"
"680129","4490.767341198","192.168.15.3","192.168.15.4","MQTT","70","Publish Ack (id=4427)"
"680131","4490.767906828","192.168.15.4","192.168.15.3","MQTT","68","Disconnect Req"
"680148","4491.771526536","192.168.15.4","192.168.15.3","MQTT","90","Connect Command"
"680150","4491.775133777","192.168.15.4","192.168.15.3","MQTT","97","Publish Message (id=4428) [Deviceb'Device - 2']"
"680151","4491.775411271","192.168.15.3","192.168.15.4","MQTT","70","Connect Ack"
"680154","4491.778244338","192.168.15.3","192.168.15.4","MQTT","70","Publish Ack (id=4428)"
"680156","4491.778685792","192.168.15.4","192.168.15.3","MQTT","68","Disconnect Req"
"680169","4492.782428265","192.168.15.4","192.168.15.3","MQTT","90","Connect Command"
"680171","4492.785340691","192.168.15.4","192.168.15.3","MQTT","97","Publish Message (id=4429) [Deviceb'Device - 2']"
"680172","4492.785748251","192.168.15.3","192.168.15.4","MQTT","70","Connect Ack"
"680175","4492.788220235","192.168.15.3","192.168.15.4","MQTT","70","Publish Ack (id=4429)"
"680177","4492.788498812","192.168.15.4","192.168.15.3","MQTT","68","Disconnect Req"
"681972","4493.793232907","192.168.15.4","192.168.15.3","MQTT","90","Connect Command"
"681974","4493.796231918","192.168.15.4","192.168.15.3","MQTT","97","Publish Message (id=4430) [Deviceb'Device - 2']"
"681975","4493.796655078","192.168.15.3","192.168.15.4","MQTT","70","Connect Ack"
"681978","4493.799087126","192.168.15.3","192.168.15.4","MQTT","70","Publish Ack (id=4430)"
"681980","4493.799422140","192.168.15.4","192.168.15.3","MQTT","68","Disconnect Req"
"682227","4494.803131146","192.168.15.4","192.168.15.3","MQTT","90","Connect Command"
"682229","4494.806079170","192.168.15.4","192.168.15.3","MQTT","97","Publish Message (id=4431) [Deviceb'Device - 2']"
"682231","4494.810482625","192.168.15.3","192.168.15.4","MQTT","70","Connect Ack"
"682233","4494.813135521","192.168.15.3","192.168.15.4","MQTT","70","Publish Ack (id=4431)"
"682235","4494.813977684","192.168.15.4","192.168.15.3","MQTT","68","Disconnect Req"
"682248","4495.818170434","192.168.15.4","192.168.15.3","MQTT","90","Connect Command"
"682250","4495.821112657","192.168.15.4","192.168.15.3","MQTT","97","Publish Message (id=4432) [Deviceb'Device - 2']"
"682251","4495.821600199","192.168.15.3","192.168.15.4","MQTT","70","Connect Ack"
"682254","4495.824129411","192.168.15.3","192.168.15.4","MQTT","70","Publish Ack (id=4432)"
"682256","4495.824985830","192.168.15.4","192.168.15.3","MQTT","68","Disconnect Req"
"682284","4496.828898028","192.168.15.4","192.168.15.3","MQTT","90","Connect Command"
"682286","4496.831746193","192.168.15.4","192.168.15.3","MQTT","97","Publish Message (id=4433) [Deviceb'Device - 2']"
"682287","4496.832180574","192.168.15.3","192.168.15.4","MQTT","70","Connect Ack"
"682290","4496.834578908","192.168.15.3","192.168.15.4","MQTT","70","Publish Ack (id=4433)"
"682292","4496.835129429","192.168.15.4","192.168.15.3","MQTT","68","Disconnect Req"
"682311","4497.839302210","192.168.15.4","192.168.15.3","MQTT","90","Connect Command"
"682313","4497.842272185","192.168.15.4","192.168.15.3","MQTT","97","Publish Message (id=4434) [Deviceb'Device - 2']"
"682314","4497.842664978","192.168.15.3","192.168.15.4","MQTT","70","Connect Ack"
"682317","4497.845274291","192.168.15.3","192.168.15.4","MQTT","70","Publish Ack (id=4434)"
"682319","4497.845699315","192.168.15.4","192.168.15.3","MQTT","68","Disconnect Req"
"682335","4498.849760914","192.168.15.4","192.168.15.3","MQTT","90","Connect Command"
"682337","4498.852674833","192.168.15.4","192.168.15.3","MQTT","97","Publish Message (id=4435) [Deviceb'Device - 2']"
"682338","4498.853088265","192.168.15.3","192.168.15.4","MQTT","70","Connect Ack"
"682341","4498.855593692","192.168.15.3","192.168.15.4","MQTT","70","Publish Ack (id=4435)"
"682343","4498.856368818","192.168.15.4","192.168.15.3","MQTT","68","Disconnect Req"
"682356","4499.859929610","192.168.15.4","192.168.15.3","MQTT","90","Connect Command"
"682358","4499.862929853","192.168.15.4","192.168.15.3","MQTT","97","Publish Message (id=4436) [Deviceb'Device - 2']"
"682360","4499.867299564","192.168.15.3","192.168.15.4","MQTT","70","Connect Ack"
"682362","4499.869757151","192.168.15.3","192.168.15.4","MQTT","70","Publish Ack (id=4436)"
"682364","4499.870136498","192.168.15.4","192.168.15.3","MQTT","68","Disconnect Req"
"682383","4500.873416830","192.168.15.4","192.168.15.3","MQTT","90","Connect Command"
"682385","4500.876379702","192.168.15.4","192.168.15.3","MQTT","97","Publish Message (id=4437) [Deviceb'Device - 2']"
"682386","4500.876851363","192.168.15.3","192.168.15.4","MQTT","70","Connect Ack"
"682389","4500.879270738","192.168.15.3","192.168.15.4","MQTT","70","Publish Ack (id=4437)"
"682391","4500.879523616","192.168.15.4","192.168.15.3","MQTT","68","Disconnect Req"
"683877","4501.883421545","192.168.15.4","192.168.15.3","MQTT","90","Connect Command"
"683879","4501.886451804","192.168.15.4","192.168.15.3","MQTT","97","Publish Message (id=4438) [Deviceb'Device - 2']"
"683880","4501.886860387","192.168.15.3","192.168.15.4","MQTT","70","Connect Ack"
"683884","4501.889289469","192.168.15.3","192.168.15.4","MQTT","70","Publish Ack (id=4438)"
"683886","4501.890078030","192.168.15.4","192.168.15.3","MQTT","68","Disconnect Req"
"684185","4502.894054287","192.168.15.4","192.168.15.3","MQTT","90","Connect Command"
"684187","4502.898771165","192.168.15.4","192.168.15.3","MQTT","97","Publish Message (id=4439) [Deviceb'Device - 2']"
"684188","4502.899189687","192.168.15.3","192.168.15.4","MQTT","70","Connect Ack"
"684191","4502.901829728","192.168.15.3","192.168.15.4","MQTT","70","Publish Ack (id=4439)"
"684193","4502.902165243","192.168.15.4","192.168.15.3","MQTT","68","Disconnect Req"
"684363","4503.905889311","192.168.15.4","192.168.15.3","MQTT","90","Connect Command"
"684365","4503.908777912","192.168.15.4","192.168.15.3","MQTT","97","Publish Message (id=4440) [Deviceb'Device - 2']"
"684366","4503.909184601","192.168.15.3","192.168.15.4","MQTT","70","Connect Ack"
"684369","4503.911820315","192.168.15.3","192.168.15.4","MQTT","70","Publish Ack (id=4440)"
"684371","4503.912166860","192.168.15.4","192.168.15.3","MQTT","68","Disconnect Req"
"684515","4504.915798122","192.168.15.4","192.168.15.3","MQTT","90","Connect Command"
"684517","4504.918779168","192.168.15.4","192.168.15.3","MQTT","97","Publish Message (id=4441) [Deviceb'Device - 2']"
"684519","4504.923151946","192.168.15.3","192.168.15.4","MQTT","70","Connect Ack"
"684521","4504.925801646","192.168.15.3","192.168.15.4","MQTT","70","Publish Ack (id=4441)"
"684523","4504.926191162","192.168.15.4","192.168.15.3","MQTT","68","Disconnect Req"
"684540","4505.929709398","192.168.15.4","192.168.15.3","MQTT","90","Connect Command"
"684542","4505.932581458","192.168.15.4","192.168.15.3","MQTT","97","Publish Message (id=4442) [Deviceb'Device - 2']"
"684543","4505.932988628","192.168.15.3","192.168.15.4","MQTT","70","Connect Ack"
"684546","4505.935603402","192.168.15.3","192.168.15.4","MQTT","70","Publish Ack (id=4442)"
"684548","4505.935903339","192.168.15.4","192.168.15.3","MQTT","68","Disconnect Req"
"684563","4506.939917972","192.168.15.4","192.168.15.3","MQTT","90","Connect Command"
"684565","4506.942729578","192.168.15.4","192.168.15.3","MQTT","97","Publish Message (id=4443) [Deviceb'Device - 2']"
"684566","4506.943189167","192.168.15.3","192.168.15.4","MQTT","70","Connect Ack"
"684569","4506.945655780","192.168.15.3","192.168.15.4","MQTT","70","Publish Ack (id=4443)"
"684571","4506.946004931","192.168.15.4","192.168.15.3","MQTT","68","Disconnect Req"
"684598","4507.950249922","192.168.15.4","192.168.15.3","MQTT","90","Connect Command"
"684600","4507.953225438","192.168.15.4","192.168.15.3","MQTT","97","Publish Message (id=4444) [Deviceb'Device - 2']"
"684601","4507.953638399","192.168.15.3","192.168.15.4","MQTT","70","Connect Ack"
"684604","4507.956264083","192.168.15.3","192.168.15.4","MQTT","70","Publish Ack (id=4444)"
"684606","4507.956603595","192.168.15.4","192.168.15.3","MQTT","68","Disconnect Req"
"684614","4508.960643858","192.168.15.4","192.168.15.3","MQTT","90","Connect Command"
"684616","4508.963586151","192.168.15.4","192.168.15.3","MQTT","97","Publish Message (id=4445) [Deviceb'Device - 2']"
"684617","4508.964007979","192.168.15.3","192.168.15.4","MQTT","70","Connect Ack"
"684620","4508.966519016","192.168.15.3","192.168.15.4","MQTT","70","Publish Ack (id=4445)"
"684622","4508.966758890","192.168.15.4","192.168.15.3","MQTT","68","Disconnect Req"
"684636","4509.970660369","192.168.15.4","192.168.15.3","MQTT","90","Connect Command"
"684638","4509.973652907","192.168.15.4","192.168.15.3","MQTT","97","Publish Message (id=4446) [Deviceb'Device - 2']"
"684639","4509.974762665","192.168.15.3","192.168.15.4","MQTT","70","Connect Ack"
"684642","4509.976525628","192.168.15.3","192.168.15.4","MQTT","70","Publish Ack (id=4446)"
"684644","4509.976800558","192.168.15.4","192.168.15.3","MQTT","68","Disconnect Req"
"684665","4510.980789863","192.168.15.4","192.168.15.3","MQTT","90","Connect Command"
"684668","4510.983754128","192.168.15.4","192.168.15.3","MQTT","97","Publish Message (id=4447) [Deviceb'Device - 2']"
"684670","4510.984174833","192.168.15.3","192.168.15.4","MQTT","70","Connect Ack"
"684673","4510.986762626","192.168.15.3","192.168.15.4","MQTT","70","Publish Ack (id=4447)"
"684675","4510.987014311","192.168.15.4","192.168.15.3","MQTT","68","Disconnect Req"
"685117","4511.990962049","192.168.15.4","192.168.15.3","MQTT","90","Connect Command"
"685119","4511.993796147","192.168.15.4","192.168.15.3","MQTT","97","Publish Message (id=4448) [Deviceb'Device - 2']"
"685120","4511.994251067","192.168.15.3","192.168.15.4","MQTT","70","Connect Ack"
"685123","4511.996682755","192.168.15.3","192.168.15.4","MQTT","70","Publish Ack (id=4448)"
"685125","4511.996977642","192.168.15.4","192.168.15.3","MQTT","68","Disconnect Req"
"685137","4513.001518919","192.168.15.4","192.168.15.3","MQTT","90","Connect Command"
"685139","4513.004444500","192.168.15.4","192.168.15.3","MQTT","97","Publish Message (id=4449) [Deviceb'Device - 2']"
"685140","4513.004947411","192.168.15.3","192.168.15.4","MQTT","70","Connect Ack"
"685143","4513.007248111","192.168.15.3","192.168.15.4","MQTT","70","Publish Ack (id=4449)"
"685145","4513.007544602","192.168.15.4","192.168.15.3","MQTT","68","Disconnect Req"
"685165","4514.011407424","192.168.15.4","192.168.15.3","MQTT","90","Connect Command"
"685167","4514.013990688","192.168.15.4","192.168.15.3","MQTT","97","Publish Message (id=4450) [Deviceb'Device - 2']"
"685168","4514.014547581","192.168.15.3","192.168.15.4","MQTT","70","Connect Ack"
"685171","4514.017021479","192.168.15.3","192.168.15.4","MQTT","70","Publish Ack (id=4450)"
"685173","4514.017373504","192.168.15.4","192.168.15.3","MQTT","68","Disconnect Req"
"685187","4515.021664419","192.168.15.4","192.168.15.3","MQTT","90","Connect Command"
"685189","4515.024531310","192.168.15.4","192.168.15.3","MQTT","97","Publish Message (id=4451) [Deviceb'Device - 2']"
"685191","4515.029280940","192.168.15.3","192.168.15.4","MQTT","70","Connect Ack"
"685193","4515.031841150","192.168.15.3","192.168.15.4","MQTT","70","Publish Ack (id=4451)"
"685195","4515.032181875","192.168.15.4","192.168.15.3","MQTT","68","Disconnect Req"
"685234","4516.037392266","192.168.15.4","192.168.15.3","MQTT","90","Connect Command"
"685236","4516.040299673","192.168.15.4","192.168.15.3","MQTT","97","Publish Message (id=4452) [Deviceb'Device - 2']"
"685237","4516.040741829","192.168.15.3","192.168.15.4","MQTT","70","Connect Ack"
"685240","4516.043288033","192.168.15.3","192.168.15.4","MQTT","70","Publish Ack (id=4452)"
"685242","4516.043643595","192.168.15.4","192.168.15.3","MQTT","68","Disconnect Req"
"685258","4517.047701595","192.168.15.4","192.168.15.3","MQTT","90","Connect Command"
"685260","4517.050652224","192.168.15.4","192.168.15.3","MQTT","97","Publish Message (id=4453) [Deviceb'Device - 2']"
"685261","4517.051026972","192.168.15.3","192.168.15.4","MQTT","70","Connect Ack"
"685264","4517.053539021","192.168.15.3","192.168.15.4","MQTT","70","Publish Ack (id=4453)"
"685266","4517.053876680","192.168.15.4","192.168.15.3","MQTT","68","Disconnect Req"
"685278","4518.058057551","192.168.15.4","192.168.15.3","MQTT","90","Connect Command"
"685280","4518.060996979","192.168.15.4","192.168.15.3","MQTT","97","Publish Message (id=4454) [Deviceb'Device - 2']"
"685281","4518.062031675","192.168.15.3","192.168.15.4","MQTT","70","Connect Ack"
"685284","4518.064566147","192.168.15.3","192.168.15.4","MQTT","70","Publish Ack (id=4454)"
"685286","4518.064787616","192.168.15.4","192.168.15.3","MQTT","68","Disconnect Req"
"685298","4519.069065251","192.168.15.4","192.168.15.3","MQTT","90","Connect Command"
"685300","4519.071938013","192.168.15.4","192.168.15.3","MQTT","97","Publish Message (id=4455) [Deviceb'Device - 2']"
"685301","4519.072381471","192.168.15.3","192.168.15.4","MQTT","70","Connect Ack"
"685304","4519.075388757","192.168.15.3","192.168.15.4","MQTT","70","Publish Ack (id=4455)"
"685306","4519.075876349","192.168.15.4","192.168.15.3","MQTT","68","Disconnect Req"
"685314","4520.080359389","192.168.15.4","192.168.15.3","MQTT","90","Connect Command"
"685316","4520.083251567","192.168.15.4","192.168.15.3","MQTT","97","Publish Message (id=4456) [Deviceb'Device - 2']"
"685318","4520.087608434","192.168.15.3","192.168.15.4","MQTT","70","Connect Ack"
"685320","4520.090059909","192.168.15.3","192.168.15.4","MQTT","70","Publish Ack (id=4456)"
"685322","4520.090568050","192.168.15.4","192.168.15.3","MQTT","68","Disconnect Req"
"685334","4521.094740754","192.168.15.4","192.168.15.3","MQTT","90","Connect Command"
"685336","4521.097738442","192.168.15.4","192.168.15.3","MQTT","97","Publish Message (id=4457) [Deviceb'Device - 2']"
"685337","4521.098184736","192.168.15.3","192.168.15.4","MQTT","70","Connect Ack"
"685342","4521.100758211","192.168.15.3","192.168.15.4","MQTT","70","Publish Ack (id=4457)"
"685344","4521.101014997","192.168.15.4","192.168.15.3","MQTT","68","Disconnect Req"
"685373","4522.104782924","192.168.15.4","192.168.15.3","MQTT","90","Connect Command"
"685375","4522.107755735","192.168.15.4","192.168.15.3","MQTT","97","Publish Message (id=4458) [Deviceb'Device - 2']"
"685376","4522.108190817","192.168.15.3","192.168.15.4","MQTT","70","Connect Ack"
"685379","4522.110739095","192.168.15.3","192.168.15.4","MQTT","70","Publish Ack (id=4458)"
"685381","4522.110996322","192.168.15.4","192.168.15.3","MQTT","68","Disconnect Req"
"685396","4523.115334579","192.168.15.4","192.168.15.3","MQTT","90","Connect Command"
"685398","4523.118207671","192.168.15.4","192.168.15.3","MQTT","97","Publish Message (id=4459) [Deviceb'Device - 2']"
"685399","4523.118617215","192.168.15.3","192.168.15.4","MQTT","70","Connect Ack"
"685402","4523.120998477","192.168.15.3","192.168.15.4","MQTT","70","Publish Ack (id=4459)"
"685404","4523.121668534","192.168.15.4","192.168.15.3","MQTT","68","Disconnect Req"
"687196","4524.126131357","192.168.15.4","192.168.15.3","MQTT","90","Connect Command"
"687198","4524.128840188","192.168.15.4","192.168.15.3","MQTT","97","Publish Message (id=4460) [Deviceb'Device - 2']"
"687199","4524.129258379","192.168.15.3","192.168.15.4","MQTT","70","Connect Ack"
"687202","4524.131732086","192.168.15.3","192.168.15.4","MQTT","70","Publish Ack (id=4460)"
"687204","4524.132364231","192.168.15.4","192.168.15.3","MQTT","68","Disconnect Req"
"687216","4525.136319430","192.168.15.4","192.168.15.3","MQTT","90","Connect Command"
"687218","4525.139133140","192.168.15.4","192.168.15.3","MQTT","97","Publish Message (id=4461) [Deviceb'Device - 2']"
"687220","4525.143515075","192.168.15.3","192.168.15.4","MQTT","70","Connect Ack"
"687222","4525.146114570","192.168.15.3","192.168.15.4","MQTT","70","Publish Ack (id=4461)"
"687224","4525.146788925","192.168.15.4","192.168.15.3","MQTT","68","Disconnect Req"
"687255","4526.150900993","192.168.15.4","192.168.15.3","MQTT","90","Connect Command"
"687257","4526.153717538","192.168.15.4","192.168.15.3","MQTT","97","Publish Message (id=4462) [Deviceb'Device - 2']"
"687258","4526.154142721","192.168.15.3","192.168.15.4","MQTT","70","Connect Ack"
"687261","4526.156632178","192.168.15.3","192.168.15.4","MQTT","70","Publish Ack (id=4462)"
"687263","4526.157214639","192.168.15.4","192.168.15.3","MQTT","68","Disconnect Req"
"687700","4527.161775632","192.168.15.4","192.168.15.3","MQTT","90","Connect Command"
"687702","4527.164389033","192.168.15.4","192.168.15.3","MQTT","97","Publish Message (id=4463) [Deviceb'Device - 2']"
"687703","4527.164856838","192.168.15.3","192.168.15.4","MQTT","70","Connect Ack"
"687706","4527.167271603","192.168.15.3","192.168.15.4","MQTT","70","Publish Ack (id=4463)"
"687708","4527.167844296","192.168.15.4","192.168.15.3","MQTT","68","Disconnect Req"
"687724","4528.171722178","192.168.15.4","192.168.15.3","MQTT","90","Connect Command"
"687726","4528.174683147","192.168.15.4","192.168.15.3","MQTT","97","Publish Message (id=4464) [Deviceb'Device - 2']"
"687727","4528.175160990","192.168.15.3","192.168.15.4","MQTT","70","Connect Ack"
"687730","4528.177796553","192.168.15.3","192.168.15.4","MQTT","70","Publish Ack (id=4464)"
"687732","4528.178038310","192.168.15.4","192.168.15.3","MQTT","68","Disconnect Req"
"687744","4529.182124134","192.168.15.4","192.168.15.3","MQTT","90","Connect Command"
"687746","4529.185119116","192.168.15.4","192.168.15.3","MQTT","97","Publish Message (id=4465) [Deviceb'Device - 2']"
"687747","4529.185532067","192.168.15.3","192.168.15.4","MQTT","70","Connect Ack"
"687750","4529.187895295","192.168.15.3","192.168.15.4","MQTT","70","Publish Ack (id=4465)"
"687752","4529.188168792","192.168.15.4","192.168.15.3","MQTT","68","Disconnect Req"
"687764","4530.192164615","192.168.15.4","192.168.15.3","MQTT","90","Connect Command"
"687766","4530.195158465","192.168.15.4","192.168.15.3","MQTT","97","Publish Message (id=4466) [Deviceb'Device - 2']"
"687768","4530.199555609","192.168.15.3","192.168.15.4","MQTT","70","Connect Ack"
"687770","4530.201991084","192.168.15.3","192.168.15.4","MQTT","70","Publish Ack (id=4466)"
"687772","4530.202338150","192.168.15.4","192.168.15.3","MQTT","68","Disconnect Req"
"687780","4531.205778833","192.168.15.4","192.168.15.3","MQTT","90","Connect Command"
"687782","4531.208776400","192.168.15.4","192.168.15.3","MQTT","97","Publish Message (id=4467) [Deviceb'Device - 2']"
"687783","4531.209189612","192.168.15.3","192.168.15.4","MQTT","70","Connect Ack"
"687786","4531.211700719","192.168.15.3","192.168.15.4","MQTT","70","Publish Ack (id=4467)"
"687788","4531.211941444","192.168.15.4","192.168.15.3","MQTT","68","Disconnect Req"
"687803","4532.215842819","192.168.15.4","192.168.15.3","MQTT","90","Connect Command"
"687805","4532.218854343","192.168.15.4","192.168.15.3","MQTT","97","Publish Message (id=4468) [Deviceb'Device - 2']"
"687806","4532.219272544","192.168.15.3","192.168.15.4","MQTT","70","Connect Ack"
"687809","4532.221666029","192.168.15.3","192.168.15.4","MQTT","70","Publish Ack (id=4468)"
"687811","4532.221991254","192.168.15.4","192.168.15.3","MQTT","68","Disconnect Req"
"687847","4533.226377265","192.168.15.4","192.168.15.3","MQTT","90","Connect Command"
"687849","4533.229267390","192.168.15.4","192.168.15.3","MQTT","97","Publish Message (id=4469) [Deviceb'Device - 2']"
"687850","4533.229676023","192.168.15.3","192.168.15.4","MQTT","70","Connect Ack"
"687853","4533.232143979","192.168.15.3","192.168.15.4","MQTT","70","Publish Ack (id=4469)"
"687855","4533.232802063","192.168.15.4","192.168.15.3","MQTT","68","Disconnect Req"
"687872","4534.236876802","192.168.15.4","192.168.15.3","MQTT","90","Connect Command"
"687874","4534.239746829","192.168.15.4","192.168.15.3","MQTT","97","Publish Message (id=4470) [Deviceb'Device - 2']"
"687875","4534.240153197","192.168.15.3","192.168.15.4","MQTT","70","Connect Ack"
"687878","4534.242626674","192.168.15.3","192.168.15.4","MQTT","70","Publish Ack (id=4470)"
"687880","4534.242974682","192.168.15.4","192.168.15.3","MQTT","68","Disconnect Req"
"687940","4535.246635769","192.168.15.4","192.168.15.3","MQTT","90","Connect Command"
"687942","4535.249665908","192.168.15.4","192.168.15.3","MQTT","97","Publish Message (id=4471) [Deviceb'Device - 2']"
"687944","4535.254024639","192.168.15.3","192.168.15.4","MQTT","70","Connect Ack"
"687946","4535.256417303","192.168.15.3","192.168.15.4","MQTT","70","Publish Ack (id=4471)"
"687948","4535.256673097","192.168.15.4","192.168.15.3","MQTT","68","Disconnect Req"
"687963","4536.261033034","192.168.15.4","192.168.15.3","MQTT","90","Connect Command"
"687965","4536.263849820","192.168.15.4","192.168.15.3","MQTT","97","Publish Message (id=4472) [Deviceb'Device - 2']"
"687966","4536.264256860","192.168.15.3","192.168.15.4","MQTT","70","Connect Ack"
"687969","4536.266780030","192.168.15.3","192.168.15.4","MQTT","70","Publish Ack (id=4472)"
"687971","4536.267093804","192.168.15.4","192.168.15.3","MQTT","68","Disconnect Req"
"687986","4537.271664007","192.168.15.4","192.168.15.3","MQTT","90","Connect Command"
"687988","4537.274524114","192.168.15.4","192.168.15.3","MQTT","97","Publish Message (id=4473) [Deviceb'Device - 2']"
"687989","4537.274968174","192.168.15.3","192.168.15.4","MQTT","70","Connect Ack"
"687992","4537.277415110","192.168.15.3","192.168.15.4","MQTT","70","Publish Ack (id=4473)"
"687994","4537.277838370","192.168.15.4","192.168.15.3","MQTT","68","Disconnect Req"
"688006","4538.281453550","192.168.15.4","192.168.15.3","MQTT","90","Connect Command"
"688008","4538.284403758","192.168.15.4","192.168.15.3","MQTT","97","Publish Message (id=4474) [Deviceb'Device - 2']"
"688009","4538.284783616","192.168.15.3","192.168.15.4","MQTT","70","Connect Ack"
"688012","4538.287324611","192.168.15.3","192.168.15.4","MQTT","70","Publish Ack (id=4474)"
"688014","4538.288040033","192.168.15.4","192.168.15.3","MQTT","68","Disconnect Req"
"688032","4539.292069924","192.168.15.4","192.168.15.3","MQTT","90","Connect Command"
"688034","4539.297634385","192.168.15.4","192.168.15.3","MQTT","97","Publish Message (id=4475) [Deviceb'Device - 2']"
"688035","4539.298073425","192.168.15.3","192.168.15.4","MQTT","70","Connect Ack"
"688038","4539.300517536","192.168.15.3","192.168.15.4","MQTT","70","Publish Ack (id=4475)"
"688040","4539.300798728","192.168.15.4","192.168.15.3","MQTT","68","Disconnect Req"
"688052","4540.304758698","192.168.15.4","192.168.15.3","MQTT","90","Connect Command"
"688054","4540.308714036","192.168.15.4","192.168.15.3","MQTT","97","Publish Message (id=4476) [Deviceb'Device - 2']"
"688056","4540.311988577","192.168.15.3","192.168.15.4","MQTT","70","Connect Ack"
"688058","4540.314537216","192.168.15.3","192.168.15.4","MQTT","70","Publish Ack (id=4476)"
"688060","4540.314840409","192.168.15.4","192.168.15.3","MQTT","68","Disconnect Req"
"688106","4541.319164216","192.168.15.4","192.168.15.3","MQTT","90","Connect Command"
"688108","4541.322133590","192.168.15.4","192.168.15.3","MQTT","97","Publish Message (id=4477) [Deviceb'Device - 2']"
"688109","4541.322560888","192.168.15.3","192.168.15.4","MQTT","70","Connect Ack"
"688112","4541.325081203","192.168.15.3","192.168.15.4","MQTT","70","Publish Ack (id=4477)"
"688114","4541.325721414","192.168.15.4","192.168.15.3","MQTT","68","Disconnect Req"
"688650","4542.329745552","192.168.15.4","192.168.15.3","MQTT","90","Connect Command"
"688652","4542.332650224","192.168.15.4","192.168.15.3","MQTT","97","Publish Message (id=4478) [Deviceb'Device - 2']"
"688653","4542.333060029","192.168.15.3","192.168.15.4","MQTT","70","Connect Ack"
"688656","4542.335656528","192.168.15.3","192.168.15.4","MQTT","70","Publish Ack (id=4478)"
"688658","4542.336080810","192.168.15.4","192.168.15.3","MQTT","68","Disconnect Req"
"688680","4543.340365973","192.168.15.4","192.168.15.3","MQTT","90","Connect Command"
"688682","4543.343333694","192.168.15.4","192.168.15.3","MQTT","97","Publish Message (id=4479) [Deviceb'Device - 2']"
"688683","4543.343762655","192.168.15.3","192.168.15.4","MQTT","70","Connect Ack"
"688686","4543.346329798","192.168.15.3","192.168.15.4","MQTT","70","Publish Ack (id=4479)"
"688688","4543.346653851","192.168.15.4","192.168.15.3","MQTT","68","Disconnect Req"
"688700","4544.350138819","192.168.15.4","192.168.15.3","MQTT","90","Connect Command"
"688702","4544.353158287","192.168.15.4","192.168.15.3","MQTT","97","Publish Message (id=4480) [Deviceb'Device - 2']"
"688703","4544.353615121","192.168.15.3","192.168.15.4","MQTT","70","Connect Ack"
"688706","4544.356165043","192.168.15.3","192.168.15.4","MQTT","70","Publish Ack (id=4480)"
"688708","4544.356573525","192.168.15.4","192.168.15.3","MQTT","68","Disconnect Req"
"688720","4545.360829350","192.168.15.4","192.168.15.3","MQTT","90","Connect Command"
"688722","4545.363838910","192.168.15.4","192.168.15.3","MQTT","97","Publish Message (id=4481) [Deviceb'Device - 2']"
"688724","4545.368206187","192.168.15.3","192.168.15.4","MQTT","70","Connect Ack"
"688726","4545.370823575","192.168.15.3","192.168.15.4","MQTT","70","Publish Ack (id=4481)"
"688728","4545.371209245","192.168.15.4","192.168.15.3","MQTT","68","Disconnect Req"
"688741","4546.375332049","192.168.15.4","192.168.15.3","MQTT","90","Connect Command"
"688743","4546.378370213","192.168.15.4","192.168.15.3","MQTT","97","Publish Message (id=4482) [Deviceb'Device - 2']"
"688744","4546.378725976","192.168.15.3","192.168.15.4","MQTT","70","Connect Ack"
"688747","4546.381308348","192.168.15.3","192.168.15.4","MQTT","70","Publish Ack (id=4482)"
"688749","4546.381947497","192.168.15.4","192.168.15.3","MQTT","68","Disconnect Req"
"688773","4547.386097282","192.168.15.4","192.168.15.3","MQTT","90","Connect Command"
"688775","4547.389119345","192.168.15.4","192.168.15.3","MQTT","97","Publish Message (id=4483) [Deviceb'Device - 2']"
"688776","4547.389501989","192.168.15.3","192.168.15.4","MQTT","70","Connect Ack"
"688780","4547.392255946","192.168.15.3","192.168.15.4","MQTT","70","Publish Ack (id=4483)"
"688782","4547.392673455","192.168.15.4","192.168.15.3","MQTT","68","Disconnect Req"
"688808","4548.396871770","192.168.15.4","192.168.15.3","MQTT","90","Connect Command"
"688810","4548.399737177","192.168.15.4","192.168.15.3","MQTT","97","Publish Message (id=4484) [Deviceb'Device - 2']"
"688811","4548.400149497","192.168.15.3","192.168.15.4","MQTT","70","Connect Ack"
"688814","4548.402546348","192.168.15.3","192.168.15.4","MQTT","70","Publish Ack (id=4484)"
"688816","4548.402941846","192.168.15.4","192.168.15.3","MQTT","68","Disconnect Req"
"688836","4549.407203689","192.168.15.4","192.168.15.3","MQTT","90","Connect Command"
"688838","4549.410174967","192.168.15.4","192.168.15.3","MQTT","97","Publish Message (id=4485) [Deviceb'Device - 2']"
"688839","4549.410587106","192.168.15.3","192.168.15.4","MQTT","70","Connect Ack"
"688842","4549.413148419","192.168.15.3","192.168.15.4","MQTT","70","Publish Ack (id=4485)"
"688844","4549.413510884","192.168.15.4","192.168.15.3","MQTT","68","Disconnect Req"
"688860","4550.417028289","192.168.15.4","192.168.15.3","MQTT","90","Connect Command"
"688862","4550.420028070","192.168.15.4","192.168.15.3","MQTT","97","Publish Message (id=4486) [Deviceb'Device - 2']"
"688864","4550.424384267","192.168.15.3","192.168.15.4","MQTT","70","Connect Ack"
"688866","4550.426847514","192.168.15.3","192.168.15.4","MQTT","70","Publish Ack (id=4486)"
"688868","4550.427182958","192.168.15.4","192.168.15.3","MQTT","68","Disconnect Req"
"688886","4551.430664024","192.168.15.4","192.168.15.3","MQTT","90","Connect Command"
"688888","4551.433677161","192.168.15.4","192.168.15.3","MQTT","97","Publish Message (id=4487) [Deviceb'Device - 2']"
"688889","4551.434088288","192.168.15.3","192.168.15.4","MQTT","70","Connect Ack"
"688892","4551.436599796","192.168.15.3","192.168.15.4","MQTT","70","Publish Ack (id=4487)"
"688894","4551.436877261","192.168.15.4","192.168.15.3","MQTT","68","Disconnect Req"
"689415","4552.444652876","192.168.15.4","192.168.15.3","MQTT","90","Connect Command"
"689511","4552.453524178","192.168.15.4","192.168.15.3","MQTT","97","Publish Message (id=4488) [Deviceb'Device - 2']"
"689520","4552.454356713","192.168.15.3","192.168.15.4","MQTT","70","Connect Ack"
"689581","4552.459845951","192.168.15.3","192.168.15.4","MQTT","70","Publish Ack (id=4488)"
"689586","4552.460272778","192.168.15.4","192.168.15.3","MQTT","68","Disconnect Req"
"690766","4553.464128712","192.168.15.4","192.168.15.3","MQTT","90","Connect Command"
"690768","4553.467039876","192.168.15.4","192.168.15.3","MQTT","97","Publish Message (id=4489) [Deviceb'Device - 2']"
"690769","4553.467473837","192.168.15.3","192.168.15.4","MQTT","70","Connect Ack"
"690772","4553.469999201","192.168.15.3","192.168.15.4","MQTT","70","Publish Ack (id=4489)"
"690774","4553.470340536","192.168.15.4","192.168.15.3","MQTT","68","Disconnect Req"
"690792","4554.474400945","192.168.15.4","192.168.15.3","MQTT","90","Connect Command"
"690794","4554.477299115","192.168.15.4","192.168.15.3","MQTT","97","Publish Message (id=4490) [Deviceb'Device - 2']"
"690795","4554.477689934","192.168.15.3","192.168.15.4","MQTT","70","Connect Ack"
"690798","4554.480279700","192.168.15.3","192.168.15.4","MQTT","70","Publish Ack (id=4490)"
"690800","4554.480696208","192.168.15.4","192.168.15.3","MQTT","68","Disconnect Req"
"690808","4555.484638382","192.168.15.4","192.168.15.3","MQTT","90","Connect Command"
"690810","4555.487549666","192.168.15.4","192.168.15.3","MQTT","97","Publish Message (id=4491) [Deviceb'Device - 2']"
"690812","4555.491965114","192.168.15.3","192.168.15.4","MQTT","70","Connect Ack"
"690814","4555.494551174","192.168.15.3","192.168.15.4","MQTT","70","Publish Ack (id=4491)"
"690816","4555.495305420","192.168.15.4","192.168.15.3","MQTT","68","Disconnect Req"
"691267","4556.499840967","192.168.15.4","192.168.15.3","MQTT","90","Connect Command"
"691271","4556.502743364","192.168.15.4","192.168.15.3","MQTT","97","Publish Message (id=4492) [Deviceb'Device - 2']"
"691274","4556.503123663","192.168.15.3","192.168.15.4","MQTT","70","Connect Ack"
"691278","4556.505585528","192.168.15.3","192.168.15.4","MQTT","70","Publish Ack (id=4492)"
"691280","4556.506026932","192.168.15.4","192.168.15.3","MQTT","68","Disconnect Req"
"691296","4557.511177000","192.168.15.4","192.168.15.3","MQTT","90","Connect Command"
"691298","4557.514041546","192.168.15.4","192.168.15.3","MQTT","97","Publish Message (id=4493) [Deviceb'Device - 2']"
"691299","4557.514462782","192.168.15.3","192.168.15.4","MQTT","70","Connect Ack"
"691302","4557.516949203","192.168.15.3","192.168.15.4","MQTT","70","Publish Ack (id=4493)"
"691304","4557.517353648","192.168.15.4","192.168.15.3","MQTT","68","Disconnect Req"
"691320","4558.521557527","192.168.15.4","192.168.15.3","MQTT","90","Connect Command"
"691322","4558.524455727","192.168.15.4","192.168.15.3","MQTT","97","Publish Message (id=4494) [Deviceb'Device - 2']"
"691323","4558.524856464","192.168.15.3","192.168.15.4","MQTT","70","Connect Ack"
"691326","4558.527285186","192.168.15.3","192.168.15.4","MQTT","70","Publish Ack (id=4494)"
"691328","4558.527667479","192.168.15.4","192.168.15.3","MQTT","68","Disconnect Req"
"691340","4559.532127421","192.168.15.4","192.168.15.3","MQTT","90","Connect Command"
"691342","4559.537826707","192.168.15.4","192.168.15.3","MQTT","97","Publish Message (id=4495) [Deviceb'Device - 2']"
"691343","4559.538162672","192.168.15.3","192.168.15.4","MQTT","70","Connect Ack"
"691346","4559.540722391","192.168.15.3","192.168.15.4","MQTT","70","Publish Ack (id=4495)"
"691348","4559.541100446","192.168.15.4","192.168.15.3","MQTT","68","Disconnect Req"
"691360","4560.546309434","192.168.15.4","192.168.15.3","MQTT","90","Connect Command"
"691362","4560.550899833","192.168.15.4","192.168.15.3","MQTT","97","Publish Message (id=4496) [Deviceb'Device - 2']"
"691364","4560.555279343","192.168.15.3","192.168.15.4","MQTT","70","Connect Ack"
"691366","4560.558688408","192.168.15.3","192.168.15.4","MQTT","70","Publish Ack (id=4496)"
"691368","4560.559041996","192.168.15.4","192.168.15.3","MQTT","68","Disconnect Req"
"691380","4561.562919435","192.168.15.4","192.168.15.3","MQTT","90","Connect Command"
"691382","4561.565816843","192.168.15.4","192.168.15.3","MQTT","97","Publish Message (id=4497) [Deviceb'Device - 2']"
"691383","4561.566200669","192.168.15.3","192.168.15.4","MQTT","70","Connect Ack"
"691386","4561.568658526","192.168.15.3","192.168.15.4","MQTT","70","Publish Ack (id=4497)"
"691388","4561.569008759","192.168.15.4","192.168.15.3","MQTT","68","Disconnect Req"
"691403","4562.573087456","192.168.15.4","192.168.15.3","MQTT","90","Connect Command"
"691405","4562.575946502","192.168.15.4","192.168.15.3","MQTT","97","Publish Message (id=4498) [Deviceb'Device - 2']"
"691406","4562.576368249","192.168.15.3","192.168.15.4","MQTT","70","Connect Ack"
"691409","4562.578996629","192.168.15.3","192.168.15.4","MQTT","70","Publish Ack (id=4498)"
"691411","4562.579374633","192.168.15.4","192.168.15.3","MQTT","68","Disconnect Req"
"691423","4563.583522203","192.168.15.4","192.168.15.3","MQTT","90","Connect Command"
"691425","4563.586550799","192.168.15.4","192.168.15.3","MQTT","97","Publish Message (id=4499) [Deviceb'Device - 2']"
"691426","4563.586955344","192.168.15.3","192.168.15.4","MQTT","70","Connect Ack"
"691429","4563.589440653","192.168.15.3","192.168.15.4","MQTT","70","Publish Ack (id=4499)"
"691431","4563.589826803","192.168.15.4","192.168.15.3","MQTT","68","Disconnect Req"
"691443","4564.593972327","192.168.15.4","192.168.15.3","MQTT","90","Connect Command"
"691445","4564.596797378","192.168.15.4","192.168.15.3","MQTT","97","Publish Message (id=4500) [Deviceb'Device - 2']"
"691446","4564.597213194","192.168.15.3","192.168.15.4","MQTT","70","Connect Ack"
"691449","4564.599713081","192.168.15.3","192.168.15.4","MQTT","70","Publish Ack (id=4500)"
"691451","4564.600056640","192.168.15.4","192.168.15.3","MQTT","68","Disconnect Req"
"691459","4565.604779516","192.168.15.4","192.168.15.3","MQTT","90","Connect Command"
"691461","4565.607695629","192.168.15.4","192.168.15.3","MQTT","97","Publish Message (id=4501) [Deviceb'Device - 2']"
"691463","4565.612000979","192.168.15.3","192.168.15.4","MQTT","70","Connect Ack"
"691465","4565.614438809","192.168.15.3","192.168.15.4","MQTT","70","Publish Ack (id=4501)"
"691467","4565.614820190","192.168.15.4","192.168.15.3","MQTT","68","Disconnect Req"
"691480","4566.618998936","192.168.15.4","192.168.15.3","MQTT","90","Connect Command"
"691482","4566.621721904","192.168.15.4","192.168.15.3","MQTT","97","Publish Message (id=4502) [Deviceb'Device - 2']"
"691483","4566.622165643","192.168.15.3","192.168.15.4","MQTT","70","Connect Ack"
"691486","4566.624789694","192.168.15.3","192.168.15.4","MQTT","70","Publish Ack (id=4502)"
"691488","4566.625167959","192.168.15.4","192.168.15.3","MQTT","68","Disconnect Req"
"691503","4567.629285415","192.168.15.4","192.168.15.3","MQTT","90","Connect Command"
"691505","4567.632443396","192.168.15.4","192.168.15.3","MQTT","97","Publish Message (id=4503) [Deviceb'Device - 2']"
"691506","4567.632824056","192.168.15.3","192.168.15.4","MQTT","70","Connect Ack"
"691509","4567.635677872","192.168.15.3","192.168.15.4","MQTT","70","Publish Ack (id=4503)"
"691511","4567.636330225","192.168.15.4","192.168.15.3","MQTT","68","Disconnect Req"
"691523","4568.640515211","192.168.15.4","192.168.15.3","MQTT","90","Connect Command"
"691525","4568.643456562","192.168.15.4","192.168.15.3","MQTT","97","Publish Message (id=4504) [Deviceb'Device - 2']"
"691526","4568.643880253","192.168.15.3","192.168.15.4","MQTT","70","Connect Ack"
"691529","4568.646857662","192.168.15.3","192.168.15.4","MQTT","70","Publish Ack (id=4504)"
"691531","4568.647410928","192.168.15.4","192.168.15.3","MQTT","68","Disconnect Req"
"691543","4569.651273044","192.168.15.4","192.168.15.3","MQTT","90","Connect Command"
"691545","4569.654175692","192.168.15.4","192.168.15.3","MQTT","97","Publish Message (id=4505) [Deviceb'Device - 2']"
"691546","4569.654548968","192.168.15.3","192.168.15.4","MQTT","70","Connect Ack"
"691549","4569.657196283","192.168.15.3","192.168.15.4","MQTT","70","Publish Ack (id=4505)"
"691551","4569.657869636","192.168.15.4","192.168.15.3","MQTT","68","Disconnect Req"
"691563","4570.661830154","192.168.15.4","192.168.15.3","MQTT","90","Connect Command"
"691565","4570.664734386","192.168.15.4","192.168.15.3","MQTT","97","Publish Message (id=4506) [Deviceb'Device - 2']"
"691567","4570.669035878","192.168.15.3","192.168.15.4","MQTT","70","Connect Ack"
"691569","4570.671499165","192.168.15.3","192.168.15.4","MQTT","70","Publish Ack (id=4506)"
"691571","4570.672108367","192.168.15.4","192.168.15.3","MQTT","68","Disconnect Req"
"692022","4571.676022488","192.168.15.4","192.168.15.3","MQTT","90","Connect Command"
"692024","4571.678943050","192.168.15.4","192.168.15.3","MQTT","97","Publish Message (id=4507) [Deviceb'Device - 2']"
"692025","4571.679320393","192.168.15.3","192.168.15.4","MQTT","70","Connect Ack"
"692028","4571.681792727","192.168.15.3","192.168.15.4","MQTT","70","Publish Ack (id=4507)"
"692030","4571.682448226","192.168.15.4","192.168.15.3","MQTT","68","Disconnect Req"
"692045","4572.687269222","192.168.15.4","192.168.15.3","MQTT","90","Connect Command"
"692047","4572.690157773","192.168.15.4","192.168.15.3","MQTT","97","Publish Message (id=4508) [Deviceb'Device - 2']"
"692048","4572.690527772","192.168.15.3","192.168.15.4","MQTT","70","Connect Ack"
"692051","4572.693117609","192.168.15.3","192.168.15.4","MQTT","70","Publish Ack (id=4508)"
"692053","4572.693747921","192.168.15.4","192.168.15.3","MQTT","68","Disconnect Req"
"692073","4573.697769022","192.168.15.4","192.168.15.3","MQTT","90","Connect Command"
"692075","4573.700699382","192.168.15.4","192.168.15.3","MQTT","97","Publish Message (id=4509) [Deviceb'Device - 2']"
"692076","4573.701118835","192.168.15.3","192.168.15.4","MQTT","70","Connect Ack"
"692079","4573.703932695","192.168.15.3","192.168.15.4","MQTT","70","Publish Ack (id=4509)"
"692081","4573.704597462","192.168.15.4","192.168.15.3","MQTT","68","Disconnect Req"
"692093","4574.708815887","192.168.15.4","192.168.15.3","MQTT","90","Connect Command"
"692095","4574.711757569","192.168.15.4","192.168.15.3","MQTT","97","Publish Message (id=4510) [Deviceb'Device - 2']"
"692096","4574.712193042","192.168.15.3","192.168.15.4","MQTT","70","Connect Ack"
"692099","4574.715132660","192.168.15.3","192.168.15.4","MQTT","70","Publish Ack (id=4510)"
"692101","4574.715842892","192.168.15.4","192.168.15.3","MQTT","68","Disconnect Req"
"692127","4575.719802377","192.168.15.4","192.168.15.3","MQTT","90","Connect Command"
"692129","4575.722747826","192.168.15.4","192.168.15.3","MQTT","97","Publish Message (id=4511) [Deviceb'Device - 2']"
"692131","4575.727096778","192.168.15.3","192.168.15.4","MQTT","70","Connect Ack"
"692136","4575.729613586","192.168.15.3","192.168.15.4","MQTT","70","Publish Ack (id=4511)"
"692140","4575.729899427","192.168.15.4","192.168.15.3","MQTT","68","Disconnect Req"
"692165","4576.733864571","192.168.15.4","192.168.15.3","MQTT","90","Connect Command"
"692167","4576.736875644","192.168.15.4","192.168.15.3","MQTT","97","Publish Message (id=4512) [Deviceb'Device - 2']"
"692168","4576.738183517","192.168.15.3","192.168.15.4","MQTT","70","Connect Ack"
"692171","4576.739982799","192.168.15.3","192.168.15.4","MQTT","70","Publish Ack (id=4512)"
"692173","4576.740295610","192.168.15.4","192.168.15.3","MQTT","68","Disconnect Req"
"692686","4577.744136138","192.168.15.4","192.168.15.3","MQTT","90","Connect Command"
"692688","4577.747141961","192.168.15.4","192.168.15.3","MQTT","97","Publish Message (id=4513) [Deviceb'Device - 2']"
"692689","4577.747584478","192.168.15.3","192.168.15.4","MQTT","70","Connect Ack"
"692692","4577.750169356","192.168.15.3","192.168.15.4","MQTT","70","Publish Ack (id=4513)"
"692694","4577.750460797","192.168.15.4","192.168.15.3","MQTT","68","Disconnect Req"
"692706","4578.753912619","192.168.15.4","192.168.15.3","MQTT","90","Connect Command"
"692708","4578.756798395","192.168.15.4","192.168.15.3","MQTT","97","Publish Message (id=4514) [Deviceb'Device - 2']"
"692709","4578.757205084","192.168.15.3","192.168.15.4","MQTT","70","Connect Ack"
"692712","4578.759833824","192.168.15.3","192.168.15.4","MQTT","70","Publish Ack (id=4514)"
"692714","4578.760253077","192.168.15.4","192.168.15.3","MQTT","68","Disconnect Req"
"692726","4579.764124872","192.168.15.4","192.168.15.3","MQTT","90","Connect Command"
"692728","4579.767084849","192.168.15.4","192.168.15.3","MQTT","97","Publish Message (id=4515) [Deviceb'Device - 2']"
"692729","4579.767516695","192.168.15.3","192.168.15.4","MQTT","70","Connect Ack"
"692732","4579.770102965","192.168.15.3","192.168.15.4","MQTT","70","Publish Ack (id=4515)"
"692734","4579.770613831","192.168.15.4","192.168.15.3","MQTT","68","Disconnect Req"
"692831","4580.774817985","192.168.15.4","192.168.15.3","MQTT","90","Connect Command"
"692833","4580.777712117","192.168.15.4","192.168.15.3","MQTT","97","Publish Message (id=4516) [Deviceb'Device - 2']"
"692835","4580.781959858","192.168.15.3","192.168.15.4","MQTT","70","Connect Ack"
"692837","4580.784416091","192.168.15.3","192.168.15.4","MQTT","70","Publish Ack (id=4516)"
"692839","4580.784849471","192.168.15.4","192.168.15.3","MQTT","68","Disconnect Req"
"697738","4581.789008769","192.168.15.4","192.168.15.3","MQTT","90","Connect Command"
"697740","4581.791982041","192.168.15.4","192.168.15.3","MQTT","97","Publish Message (id=4517) [Deviceb'Device - 2']"
"697741","4581.792400682","192.168.15.3","192.168.15.4","MQTT","70","Connect Ack"
"697744","4581.795020275","192.168.15.3","192.168.15.4","MQTT","70","Publish Ack (id=4517)"
"697746","4581.795830456","192.168.15.4","192.168.15.3","MQTT","68","Disconnect Req"
"699743","4582.799988492","192.168.15.4","192.168.15.3","MQTT","90","Connect Command"
"699745","4582.803006848","192.168.15.4","192.168.15.3","MQTT","97","Publish Message (id=4518) [Deviceb'Device - 2']"
"699746","4582.803444796","192.168.15.3","192.168.15.4","MQTT","70","Connect Ack"
"699749","4582.805994637","192.168.15.3","192.168.15.4","MQTT","70","Publish Ack (id=4518)"
"699751","4582.806435661","192.168.15.4","192.168.15.3","MQTT","68","Disconnect Req"
"699763","4583.810405781","192.168.15.4","192.168.15.3","MQTT","90","Connect Command"
"699765","4583.815325742","192.168.15.4","192.168.15.3","MQTT","97","Publish Message (id=4519) [Deviceb'Device - 2']"
"699766","4583.815703917","192.168.15.3","192.168.15.4","MQTT","70","Connect Ack"
"699769","4583.818324832","192.168.15.3","192.168.15.4","MQTT","70","Publish Ack (id=4519)"
"699771","4583.818621062","192.168.15.4","192.168.15.3","MQTT","68","Disconnect Req"
"699800","4584.822252391","192.168.15.4","192.168.15.3","MQTT","90","Connect Command"
"699802","4584.825161892","192.168.15.4","192.168.15.3","MQTT","97","Publish Message (id=4520) [Deviceb'Device - 2']"
"699803","4584.825618264","192.168.15.3","192.168.15.4","MQTT","70","Connect Ack"
"699806","4584.829458795","192.168.15.3","192.168.15.4","MQTT","70","Publish Ack (id=4520)"
"699808","4584.830209485","192.168.15.4","192.168.15.3","MQTT","68","Disconnect Req"
"699833","4585.834411141","192.168.15.4","192.168.15.3","MQTT","90","Connect Command"
"699835","4585.837376377","192.168.15.4","192.168.15.3","MQTT","97","Publish Message (id=4521) [Deviceb'Device - 2']"
"699837","4585.841700352","192.168.15.3","192.168.15.4","MQTT","70","Connect Ack"
"699839","4585.844155995","192.168.15.3","192.168.15.4","MQTT","70","Publish Ack (id=4521)"
"699841","4585.844936831","192.168.15.4","192.168.15.3","MQTT","68","Disconnect Req"
"700142","4586.849796911","192.168.15.4","192.168.15.3","MQTT","90","Connect Command"
"700144","4586.852679961","192.168.15.4","192.168.15.3","MQTT","97","Publish Message (id=4522) [Deviceb'Device - 2']"
"700145","4586.853143227","192.168.15.3","192.168.15.4","MQTT","70","Connect Ack"
"700148","4586.855655407","192.168.15.3","192.168.15.4","MQTT","70","Publish Ack (id=4522)"
"700150","4586.856055273","192.168.15.4","192.168.15.3","MQTT","68","Disconnect Req"
"701538","4587.859929238","192.168.15.4","192.168.15.3","MQTT","90","Connect Command"
"701542","4587.862925262","192.168.15.4","192.168.15.3","MQTT","97","Publish Message (id=4523) [Deviceb'Device - 2']"
"701543","4587.863299440","192.168.15.3","192.168.15.4","MQTT","70","Connect Ack"
"701549","4587.865884808","192.168.15.3","192.168.15.4","MQTT","70","Publish Ack (id=4523)"
"701551","4587.866577628","192.168.15.4","192.168.15.3","MQTT","68","Disconnect Req"
"701564","4588.870703458","192.168.15.4","192.168.15.3","MQTT","90","Connect Command"
"701566","4588.873542977","192.168.15.4","192.168.15.3","MQTT","97","Publish Message (id=4524) [Deviceb'Device - 2']"
"701567","4588.873934297","192.168.15.3","192.168.15.4","MQTT","70","Connect Ack"
"701570","4588.876611569","192.168.15.3","192.168.15.4","MQTT","70","Publish Ack (id=4524)"
"701572","4588.877443802","192.168.15.4","192.168.15.3","MQTT","68","Disconnect Req"
"701584","4589.881593727","192.168.15.4","192.168.15.3","MQTT","90","Connect Command"
"701586","4589.884149379","192.168.15.4","192.168.15.3","MQTT","97","Publish Message (id=4525) [Deviceb'Device - 2']"
"701587","4589.884519379","192.168.15.3","192.168.15.4","MQTT","70","Connect Ack"
"701590","4589.887022702","192.168.15.3","192.168.15.4","MQTT","70","Publish Ack (id=4525)"
"701592","4589.887515364","192.168.15.4","192.168.15.3","MQTT","68","Disconnect Req"
"702853","4590.892111932","192.168.15.4","192.168.15.3","MQTT","90","Connect Command"
"702855","4590.895026423","192.168.15.4","192.168.15.3","MQTT","97","Publish Message (id=4526) [Deviceb'Device - 2']"
"702857","4590.899446991","192.168.15.3","192.168.15.4","MQTT","70","Connect Ack"
"702859","4590.902118772","192.168.15.3","192.168.15.4","MQTT","70","Publish Ack (id=4526)"
"702861","4590.902444788","192.168.15.4","192.168.15.3","MQTT","68","Disconnect Req"
"702891","4591.906945726","192.168.15.4","192.168.15.3","MQTT","90","Connect Command"
"702893","4591.909893640","192.168.15.4","192.168.15.3","MQTT","97","Publish Message (id=4527) [Deviceb'Device - 2']"
"702894","4591.910300128","192.168.15.3","192.168.15.4","MQTT","70","Connect Ack"
"702897","4591.912881328","192.168.15.3","192.168.15.4","MQTT","70","Publish Ack (id=4527)"
"702899","4591.913585460","192.168.15.4","192.168.15.3","MQTT","68","Disconnect Req"
"702911","4592.918476915","192.168.15.4","192.168.15.3","MQTT","90","Connect Command"
"702913","4592.923237145","192.168.15.4","192.168.15.3","MQTT","97","Publish Message (id=4528) [Deviceb'Device - 2']"
"702914","4592.923618095","192.168.15.3","192.168.15.4","MQTT","70","Connect Ack"
"702917","4592.926645779","192.168.15.3","192.168.15.4","MQTT","70","Publish Ack (id=4528)"
"702919","4592.926981144","192.168.15.4","192.168.15.3","MQTT","68","Disconnect Req"
"702953","4593.930851528","192.168.15.4","192.168.15.3","MQTT","90","Connect Command"
"702955","4593.933700134","192.168.15.4","192.168.15.3","MQTT","97","Publish Message (id=4529) [Deviceb'Device - 2']"
"702956","4593.934132782","192.168.15.3","192.168.15.4","MQTT","70","Connect Ack"
"702959","4593.936618762","192.168.15.3","192.168.15.4","MQTT","70","Publish Ack (id=4529)"
"702961","4593.937030190","192.168.15.4","192.168.15.3","MQTT","68","Disconnect Req"
"703028","4594.940952291","192.168.15.4","192.168.15.3","MQTT","90","Connect Command"
"703031","4594.943830483","192.168.15.4","192.168.15.3","MQTT","97","Publish Message (id=4530) [Deviceb'Device - 2']"
"703032","4594.944231050","192.168.15.3","192.168.15.4","MQTT","70","Connect Ack"
"703035","4594.946818723","192.168.15.3","192.168.15.4","MQTT","70","Publish Ack (id=4530)"
"703037","4594.947160368","192.168.15.4","192.168.15.3","MQTT","68","Disconnect Req"
"705065","4595.950750602","192.168.15.4","192.168.15.3","MQTT","90","Connect Command"
"705067","4595.953701742","192.168.15.4","192.168.15.3","MQTT","97","Publish Message (id=4531) [Deviceb'Device - 2']"
"705069","4595.957989999","192.168.15.3","192.168.15.4","MQTT","70","Connect Ack"
"705071","4595.960647514","192.168.15.3","192.168.15.4","MQTT","70","Publish Ack (id=4531)"
"705073","4595.960938594","192.168.15.4","192.168.15.3","MQTT","68","Disconnect Req"
"705095","4596.965092883","192.168.15.4","192.168.15.3","MQTT","90","Connect Command"
"705097","4596.968105339","192.168.15.4","192.168.15.3","MQTT","97","Publish Message (id=4532) [Deviceb'Device - 2']"
"705098","4596.968478955","192.168.15.3","192.168.15.4","MQTT","70","Connect Ack"
"705101","4596.971205049","192.168.15.3","192.168.15.4","MQTT","70","Publish Ack (id=4532)"
"705103","4596.972051379","192.168.15.4","192.168.15.3","MQTT","68","Disconnect Req"
"705123","4597.976126278","192.168.15.4","192.168.15.3","MQTT","90","Connect Command"
"705125","4597.979020249","192.168.15.4","192.168.15.3","MQTT","97","Publish Message (id=4533) [Deviceb'Device - 2']"
"705126","4597.979405968","192.168.15.3","192.168.15.4","MQTT","70","Connect Ack"
"705129","4597.982103118","192.168.15.3","192.168.15.4","MQTT","70","Publish Ack (id=4533)"
"705131","4597.982777583","192.168.15.4","192.168.15.3","MQTT","68","Disconnect Req"
"706956","4598.986598591","192.168.15.4","192.168.15.3","MQTT","90","Connect Command"
"706958","4598.989448520","192.168.15.4","192.168.15.3","MQTT","97","Publish Message (id=4534) [Deviceb'Device - 2']"
"706959","4598.989890676","192.168.15.3","192.168.15.4","MQTT","70","Connect Ack"
"706962","4598.992311913","192.168.15.3","192.168.15.4","MQTT","70","Publish Ack (id=4534)"
"706964","4598.992667746","192.168.15.4","192.168.15.3","MQTT","68","Disconnect Req"
"706980","4599.996494664","192.168.15.4","192.168.15.3","MQTT","90","Connect Command"
"706982","4599.999474989","192.168.15.4","192.168.15.3","MQTT","97","Publish Message (id=4535) [Deviceb'Device - 2']"
"706983","4599.999905603","192.168.15.3","192.168.15.4","MQTT","70","Connect Ack"
"706986","4600.002334355","192.168.15.3","192.168.15.4","MQTT","70","Publish Ack (id=4535)"
"706988","4600.003326281","192.168.15.4","192.168.15.3","MQTT","68","Disconnect Req"
"707000","4601.008090651","192.168.15.4","192.168.15.3","MQTT","90","Connect Command"
"707002","4601.011004069","192.168.15.4","192.168.15.3","MQTT","97","Publish Message (id=4536) [Deviceb'Device - 2']"
"707004","4601.015357189","192.168.15.3","192.168.15.4","MQTT","70","Connect Ack"
"707006","4601.018003823","192.168.15.3","192.168.15.4","MQTT","70","Publish Ack (id=4536)"
"707008","4601.018609368","192.168.15.4","192.168.15.3","MQTT","68","Disconnect Req"
"707023","4602.023297834","192.168.15.4","192.168.15.3","MQTT","90","Connect Command"
"707025","4602.026197176","192.168.15.4","192.168.15.3","MQTT","97","Publish Message (id=4537) [Deviceb'Device - 2']"
"707026","4602.026619594","192.168.15.3","192.168.15.4","MQTT","70","Connect Ack"
"707029","4602.029092339","192.168.15.3","192.168.15.4","MQTT","70","Publish Ack (id=4537)"
"707031","4602.029887513","192.168.15.4","192.168.15.3","MQTT","68","Disconnect Req"
"707043","4603.034485377","192.168.15.4","192.168.15.3","MQTT","90","Connect Command"
"707045","4603.037312542","192.168.15.4","192.168.15.3","MQTT","97","Publish Message (id=4538) [Deviceb'Device - 2']"
"707046","4603.037726104","192.168.15.3","192.168.15.4","MQTT","70","Connect Ack"
"707049","4603.040215381","192.168.15.3","192.168.15.4","MQTT","70","Publish Ack (id=4538)"
"707051","4603.040813912","192.168.15.4","192.168.15.3","MQTT","68","Disconnect Req"
"707063","4604.044738293","192.168.15.4","192.168.15.3","MQTT","90","Connect Command"
"707065","4604.047755968","192.168.15.4","192.168.15.3","MQTT","97","Publish Message (id=4539) [Deviceb'Device - 2']"
"707066","4604.048163479","192.168.15.3","192.168.15.4","MQTT","70","Connect Ack"
"707069","4604.050826083","192.168.15.3","192.168.15.4","MQTT","70","Publish Ack (id=4539)"
"707071","4604.051415647","192.168.15.4","192.168.15.3","MQTT","68","Disconnect Req"
"707083","4605.054923319","192.168.15.4","192.168.15.3","MQTT","90","Connect Command"
"707085","4605.057943299","192.168.15.4","192.168.15.3","MQTT","97","Publish Message (id=4540) [Deviceb'Device - 2']"
"707086","4605.058346711","192.168.15.3","192.168.15.4","MQTT","70","Connect Ack"
"707089","4605.060855665","192.168.15.3","192.168.15.4","MQTT","70","Publish Ack (id=4540)"
"707091","4605.061264638","192.168.15.4","192.168.15.3","MQTT","68","Disconnect Req"
"707101","4606.065333300","192.168.15.4","192.168.15.3","MQTT","90","Connect Command"
"707104","4606.068212183","192.168.15.4","192.168.15.3","MQTT","97","Publish Message (id=4541) [Deviceb'Device - 2']"
"707105","4606.068638990","192.168.15.3","192.168.15.4","MQTT","70","Connect Ack"
"707108","4606.071079865","192.168.15.3","192.168.15.4","MQTT","70","Publish Ack (id=4541)"
"707110","4606.071898904","192.168.15.4","192.168.15.3","MQTT","68","Disconnect Req"
"707127","4607.075654684","192.168.15.4","192.168.15.3","MQTT","90","Connect Command"
"707129","4607.080570027","192.168.15.4","192.168.15.3","MQTT","97","Publish Message (id=4542) [Deviceb'Device - 2']"
"707130","4607.080920399","192.168.15.3","192.168.15.4","MQTT","70","Connect Ack"
"707133","4607.083513171","192.168.15.3","192.168.15.4","MQTT","70","Publish Ack (id=4542)"
"707135","4607.083862982","192.168.15.4","192.168.15.3","MQTT","68","Disconnect Req"
"707155","4608.088213756","192.168.15.4","192.168.15.3","MQTT","90","Connect Command"
"707157","4608.091130571","192.168.15.4","192.168.15.3","MQTT","97","Publish Message (id=4543) [Deviceb'Device - 2']"
"707158","4608.091740414","192.168.15.3","192.168.15.4","MQTT","70","Connect Ack"
"707161","4608.094054258","192.168.15.3","192.168.15.4","MQTT","70","Publish Ack (id=4543)"
"707163","4608.094362962","192.168.15.4","192.168.15.3","MQTT","68","Disconnect Req"
"707175","4609.098795079","192.168.15.4","192.168.15.3","MQTT","90","Connect Command"
"707177","4609.101871676","192.168.15.4","192.168.15.3","MQTT","97","Publish Message (id=4544) [Deviceb'Device - 2']"
"707178","4609.102347165","192.168.15.3","192.168.15.4","MQTT","70","Connect Ack"
"707181","4609.105073119","192.168.15.3","192.168.15.4","MQTT","70","Publish Ack (id=4544)"
"707183","4609.105796998","192.168.15.4","192.168.15.3","MQTT","68","Disconnect Req"
"707195","4610.109709131","192.168.15.4","192.168.15.3","MQTT","90","Connect Command"
"707197","4610.112665670","192.168.15.4","192.168.15.3","MQTT","97","Publish Message (id=4545) [Deviceb'Device - 2']"
"707198","4610.113116593","192.168.15.3","192.168.15.4","MQTT","70","Connect Ack"
"707201","4610.115697082","192.168.15.3","192.168.15.4","MQTT","70","Publish Ack (id=4545)"
"707203","4610.116005615","192.168.15.4","192.168.15.3","MQTT","68","Disconnect Req"
"707211","4611.119630595","192.168.15.4","192.168.15.3","MQTT","90","Connect Command"
"707213","4611.122493458","192.168.15.4","192.168.15.3","MQTT","97","Publish Message (id=4546) [Deviceb'Device - 2']"
"707214","4611.122896721","192.168.15.3","192.168.15.4","MQTT","70","Connect Ack"
"707217","4611.125335862","192.168.15.3","192.168.15.4","MQTT","70","Publish Ack (id=4546)"
"707219","4611.125578982","192.168.15.4","192.168.15.3","MQTT","68","Disconnect Req"
"707234","4612.129315171","192.168.15.4","192.168.15.3","MQTT","90","Connect Command"
"707236","4612.132216857","192.168.15.4","192.168.15.3","MQTT","97","Publish Message (id=4547) [Deviceb'Device - 2']"
"707237","4612.132628776","192.168.15.3","192.168.15.4","MQTT","70","Connect Ack"
"707240","4612.135143741","192.168.15.3","192.168.15.4","MQTT","70","Publish Ack (id=4547)"
"707242","4612.135996924","192.168.15.4","192.168.15.3","MQTT","68","Disconnect Req"
"707254","4613.139731410","192.168.15.4","192.168.15.3","MQTT","90","Connect Command"
"707256","4613.142638316","192.168.15.4","192.168.15.3","MQTT","97","Publish Message (id=4548) [Deviceb'Device - 2']"
"707258","4613.146981026","192.168.15.3","192.168.15.4","MQTT","70","Connect Ack"
"707260","4613.149405380","192.168.15.3","192.168.15.4","MQTT","70","Publish Ack (id=4548)"
"707262","4613.149741435","192.168.15.4","192.168.15.3","MQTT","68","Disconnect Req"
"707274","4614.154109488","192.168.15.4","192.168.15.3","MQTT","90","Connect Command"
"707276","4614.157046080","192.168.15.4","192.168.15.3","MQTT","97","Publish Message (id=4549) [Deviceb'Device - 2']"
"707277","4614.157463680","192.168.15.3","192.168.15.4","MQTT","70","Connect Ack"
"707280","4614.159877514","192.168.15.3","192.168.15.4","MQTT","70","Publish Ack (id=4549)"
"707282","4614.160208559","192.168.15.4","192.168.15.3","MQTT","68","Disconnect Req"
"707294","4615.164389157","192.168.15.4","192.168.15.3","MQTT","90","Connect Command"
"707296","4615.167289831","192.168.15.4","192.168.15.3","MQTT","97","Publish Message (id=4550) [Deviceb'Device - 2']"
"707297","4615.167706399","192.168.15.3","192.168.15.4","MQTT","70","Connect Ack"
"707300","4615.170151532","192.168.15.3","192.168.15.4","MQTT","70","Publish Ack (id=4550)"
"707302","4615.170815938","192.168.15.4","192.168.15.3","MQTT","68","Disconnect Req"
"707326","4616.175051490","192.168.15.4","192.168.15.3","MQTT","90","Connect Command"
"707328","4616.177940642","192.168.15.4","192.168.15.3","MQTT","97","Publish Message (id=4551) [Deviceb'Device - 2']"
"707329","4616.178356929","192.168.15.3","192.168.15.4","MQTT","70","Connect Ack"
"707332","4616.180841506","192.168.15.3","192.168.15.4","MQTT","70","Publish Ack (id=4551)"
"707334","4616.181240430","192.168.15.4","192.168.15.3","MQTT","68","Disconnect Req"
"707350","4617.185250615","192.168.15.4","192.168.15.3","MQTT","90","Connect Command"
"707352","4617.188187568","192.168.15.4","192.168.15.3","MQTT","97","Publish Message (id=4552) [Deviceb'Device - 2']"
"707353","4617.188596141","192.168.15.3","192.168.15.4","MQTT","70","Connect Ack"
"707356","4617.191584280","192.168.15.3","192.168.15.4","MQTT","70","Publish Ack (id=4552)"
"707358","4617.191900187","192.168.15.4","192.168.15.3","MQTT","68","Disconnect Req"
"707371","4618.195698090","192.168.15.4","192.168.15.3","MQTT","90","Connect Command"
"707373","4618.198717148","192.168.15.4","192.168.15.3","MQTT","97","Publish Message (id=4553) [Deviceb'Device - 2']"
"707375","4618.203107098","192.168.15.3","192.168.15.4","MQTT","70","Connect Ack"
"707377","4618.205693818","192.168.15.3","192.168.15.4","MQTT","70","Publish Ack (id=4553)"
"707379","4618.205982264","192.168.15.4","192.168.15.3","MQTT","68","Disconnect Req"
"707392","4619.209757122","192.168.15.4","192.168.15.3","MQTT","90","Connect Command"
"707394","4619.212664189","192.168.15.4","192.168.15.3","MQTT","97","Publish Message (id=4554) [Deviceb'Device - 2']"
"707395","4619.213097838","192.168.15.3","192.168.15.4","MQTT","70","Connect Ack"
"707398","4619.215618795","192.168.15.3","192.168.15.4","MQTT","70","Publish Ack (id=4554)"
"707400","4619.216029070","192.168.15.4","192.168.15.3","MQTT","68","Disconnect Req"
"707413","4620.220309534","192.168.15.4","192.168.15.3","MQTT","90","Connect Command"
"707415","4620.223144204","192.168.15.4","192.168.15.3","MQTT","97","Publish Message (id=4555) [Deviceb'Device - 2']"
"707416","4620.223556122","192.168.15.3","192.168.15.4","MQTT","70","Connect Ack"
"707419","4620.226101064","192.168.15.3","192.168.15.4","MQTT","70","Publish Ack (id=4555)"
"707421","4620.226847495","192.168.15.4","192.168.15.3","MQTT","68","Disconnect Req"
"707441","4621.231083695","192.168.15.4","192.168.15.3","MQTT","90","Connect Command"
"707443","4621.234088856","192.168.15.4","192.168.15.3","MQTT","97","Publish Message (id=4556) [Deviceb'Device - 2']"
"707444","4621.234483693","192.168.15.3","192.168.15.4","MQTT","70","Connect Ack"
"707447","4621.237062188","192.168.15.3","192.168.15.4","MQTT","70","Publish Ack (id=4556)"
"707449","4621.237547095","192.168.15.4","192.168.15.3","MQTT","68","Disconnect Req"
"707460","4622.241705387","192.168.15.4","192.168.15.3","MQTT","90","Connect Command"
"707462","4622.244727330","192.168.15.4","192.168.15.3","MQTT","97","Publish Message (id=4557) [Deviceb'Device - 2']"
"707463","4622.245127286","192.168.15.3","192.168.15.4","MQTT","70","Connect Ack"
"707466","4622.248442283","192.168.15.3","192.168.15.4","MQTT","70","Publish Ack (id=4557)"
"707468","4622.248887235","192.168.15.4","192.168.15.3","MQTT","68","Disconnect Req"
"707480","4623.252401128","192.168.15.4","192.168.15.3","MQTT","90","Connect Command"
"707482","4623.255372615","192.168.15.4","192.168.15.3","MQTT","97","Publish Message (id=4558) [Deviceb'Device - 2']"
"707483","4623.256095462","192.168.15.3","192.168.15.4","MQTT","70","Connect Ack"
"707486","4623.258451667","192.168.15.3","192.168.15.4","MQTT","70","Publish Ack (id=4558)"
"707488","4623.258798643","192.168.15.4","192.168.15.3","MQTT","68","Disconnect Req"
"707500","4624.263113219","192.168.15.4","192.168.15.3","MQTT","90","Connect Command"
"707502","4624.266054399","192.168.15.4","192.168.15.3","MQTT","97","Publish Message (id=4559) [Deviceb'Device - 2']"
"707503","4624.266498299","192.168.15.3","192.168.15.4","MQTT","70","Connect Ack"
"707506","4624.269005079","192.168.15.3","192.168.15.4","MQTT","70","Publish Ack (id=4559)"
"707508","4624.269961076","192.168.15.4","192.168.15.3","MQTT","68","Disconnect Req"
"707529","4625.274532798","192.168.15.4","192.168.15.3","MQTT","90","Connect Command"
"707531","4625.278400290","192.168.15.4","192.168.15.3","MQTT","97","Publish Message (id=4560) [Deviceb'Device - 2']"
"707532","4625.278717329","192.168.15.3","192.168.15.4","MQTT","70","Connect Ack"
"707535","4625.281285224","192.168.15.3","192.168.15.4","MQTT","70","Publish Ack (id=4560)"
"707537","4625.282055360","192.168.15.4","192.168.15.3","MQTT","68","Disconnect Req"
"707552","4626.286172582","192.168.15.4","192.168.15.3","MQTT","90","Connect Command"
"707554","4626.288984267","192.168.15.4","192.168.15.3","MQTT","97","Publish Message (id=4561) [Deviceb'Device - 2']"
"707555","4626.289374575","192.168.15.3","192.168.15.4","MQTT","70","Connect Ack"
"707558","4626.291977486","192.168.15.3","192.168.15.4","MQTT","70","Publish Ack (id=4561)"
"707560","4626.292356733","192.168.15.4","192.168.15.3","MQTT","68","Disconnect Req"
"707576","4627.295823726","192.168.15.4","192.168.15.3","MQTT","90","Connect Command"
"707578","4627.298832534","192.168.15.4","192.168.15.3","MQTT","97","Publish Message (id=4562) [Deviceb'Device - 2']"
"707579","4627.299210609","192.168.15.3","192.168.15.4","MQTT","70","Connect Ack"
"707582","4627.301891778","192.168.15.3","192.168.15.4","MQTT","70","Publish Ack (id=4562)"
"707584","4627.302704645","192.168.15.4","192.168.15.3","MQTT","68","Disconnect Req"
"707592","4628.306562375","192.168.15.4","192.168.15.3","MQTT","90","Connect Command"
"707594","4628.309549512","192.168.15.4","192.168.15.3","MQTT","97","Publish Message (id=4563) [Deviceb'Device - 2']"
"707596","4628.314000227","192.168.15.3","192.168.15.4","MQTT","70","Connect Ack"
"707598","4628.316424590","192.168.15.3","192.168.15.4","MQTT","70","Publish Ack (id=4563)"
"707600","4628.316964441","192.168.15.4","192.168.15.3","MQTT","68","Disconnect Req"
"707623","4629.321184035","192.168.15.4","192.168.15.3","MQTT","90","Connect Command"
"707625","4629.325931591","192.168.15.4","192.168.15.3","MQTT","97","Publish Message (id=4564) [Deviceb'Device - 2']"
"707626","4629.326336266","192.168.15.3","192.168.15.4","MQTT","70","Connect Ack"
"707629","4629.328887860","192.168.15.3","192.168.15.4","MQTT","70","Publish Ack (id=4564)"
"707631","4629.329483366","192.168.15.4","192.168.15.3","MQTT","68","Disconnect Req"
"707647","4630.333665959","192.168.15.4","192.168.15.3","MQTT","90","Connect Command"
"707649","4630.336648308","192.168.15.4","192.168.15.3","MQTT","97","Publish Message (id=4565) [Deviceb'Device - 2']"
"707650","4630.337069394","192.168.15.3","192.168.15.4","MQTT","70","Connect Ack"
"707653","4630.339659801","192.168.15.3","192.168.15.4","MQTT","70","Publish Ack (id=4565)"
"707655","4630.340047434","192.168.15.4","192.168.15.3","MQTT","68","Disconnect Req"
"707737","4631.344372866","192.168.15.4","192.168.15.3","MQTT","90","Connect Command"
"707739","4631.347375904","192.168.15.4","192.168.15.3","MQTT","97","Publish Message (id=4566) [Deviceb'Device - 2']"
"707740","4631.347789336","192.168.15.3","192.168.15.4","MQTT","70","Connect Ack"
"707744","4631.351181459","192.168.15.3","192.168.15.4","MQTT","70","Publish Ack (id=4566)"
"707746","4631.351775663","192.168.15.4","192.168.15.3","MQTT","68","Disconnect Req"
"707788","4632.355238974","192.168.15.4","192.168.15.3","MQTT","90","Connect Command"
"707790","4632.358200894","192.168.15.4","192.168.15.3","MQTT","97","Publish Message (id=4567) [Deviceb'Device - 2']"
"707791","4632.358626068","192.168.15.3","192.168.15.4","MQTT","70","Connect Ack"
"707794","4632.361068045","192.168.15.3","192.168.15.4","MQTT","70","Publish Ack (id=4567)"
"707796","4632.361308780","192.168.15.4","192.168.15.3","MQTT","68","Disconnect Req"
"707806","4633.364675950","192.168.15.4","192.168.15.3","MQTT","90","Connect Command"
"707808","4633.367941123","192.168.15.4","192.168.15.3","MQTT","97","Publish Message (id=4568) [Deviceb'Device - 2']"
"707810","4633.372018592","192.168.15.3","192.168.15.4","MQTT","70","Connect Ack"
"707812","4633.374760306","192.168.15.3","192.168.15.4","MQTT","70","Publish Ack (id=4568)"
"707814","4633.375045205","192.168.15.4","192.168.15.3","MQTT","68","Disconnect Req"
"707834","4634.378718943","192.168.15.4","192.168.15.3","MQTT","90","Connect Command"
"707836","4634.381734344","192.168.15.4","192.168.15.3","MQTT","97","Publish Message (id=4569) [Deviceb'Device - 2']"
"707837","4634.382192010","192.168.15.3","192.168.15.4","MQTT","70","Connect Ack"
"707840","4634.384626222","192.168.15.3","192.168.15.4","MQTT","70","Publish Ack (id=4569)"
"707842","4634.385088506","192.168.15.4","192.168.15.3","MQTT","68","Disconnect Req"
"707854","4635.389083642","192.168.15.4","192.168.15.3","MQTT","90","Connect Command"
"707856","4635.392082742","192.168.15.4","192.168.15.3","MQTT","97","Publish Message (id=4570) [Deviceb'Device - 2']"
"707857","4635.392557840","192.168.15.3","192.168.15.4","MQTT","70","Connect Ack"
"707860","4635.395126777","192.168.15.3","192.168.15.4","MQTT","70","Publish Ack (id=4570)"
"707862","4635.395383833","192.168.15.4","192.168.15.3","MQTT","68","Disconnect Req"
"707876","4636.399464760","192.168.15.4","192.168.15.3","MQTT","90","Connect Command"
"707878","4636.402490861","192.168.15.4","192.168.15.3","MQTT","97","Publish Message (id=4571) [Deviceb'Device - 2']"
"707879","4636.402875749","192.168.15.3","192.168.15.4","MQTT","70","Connect Ack"
"707882","4636.405601051","192.168.15.3","192.168.15.4","MQTT","70","Publish Ack (id=4571)"
"707884","4636.405904395","192.168.15.4","192.168.15.3","MQTT","68","Disconnect Req"
"707907","4637.409824518","192.168.15.4","192.168.15.3","MQTT","90","Connect Command"
"707909","4637.412712137","192.168.15.4","192.168.15.3","MQTT","97","Publish Message (id=4572) [Deviceb'Device - 2']"
"707910","4637.413147610","192.168.15.3","192.168.15.4","MQTT","70","Connect Ack"
"707913","4637.415611268","192.168.15.3","192.168.15.4","MQTT","70","Publish Ack (id=4572)"
"707915","4637.416194561","192.168.15.4","192.168.15.3","MQTT","68","Disconnect Req"
"707937","4638.420138158","192.168.15.4","192.168.15.3","MQTT","90","Connect Command"
"707939","4638.423144702","192.168.15.4","192.168.15.3","MQTT","97","Publish Message (id=4573) [Deviceb'Device - 2']"
"707941","4638.427492292","192.168.15.3","192.168.15.4","MQTT","70","Connect Ack"
"707943","4638.429938216","192.168.15.3","192.168.15.4","MQTT","70","Publish Ack (id=4573)"
"707945","4638.430323855","192.168.15.4","192.168.15.3","MQTT","68","Disconnect Req"
"707957","4639.434073294","192.168.15.4","192.168.15.3","MQTT","90","Connect Command"
"707959","4639.437028391","192.168.15.4","192.168.15.3","MQTT","97","Publish Message (id=4574) [Deviceb'Device - 2']"
"707960","4639.437380166","192.168.15.3","192.168.15.4","MQTT","70","Connect Ack"
"707963","4639.440009908","192.168.15.3","192.168.15.4","MQTT","70","Publish Ack (id=4574)"
"707965","4639.440302431","192.168.15.4","192.168.15.3","MQTT","68","Disconnect Req"
"707977","4640.444167288","192.168.15.4","192.168.15.3","MQTT","90","Connect Command"
"707979","4640.447114850","192.168.15.4","192.168.15.3","MQTT","97","Publish Message (id=4575) [Deviceb'Device - 2']"
"707980","4640.447518113","192.168.15.3","192.168.15.4","MQTT","70","Connect Ack"
"707983","4640.450055911","192.168.15.3","192.168.15.4","MQTT","70","Publish Ack (id=4575)"
"707985","4640.450345438","192.168.15.4","192.168.15.3","MQTT","68","Disconnect Req"
"708076","4641.454419279","192.168.15.4","192.168.15.3","MQTT","90","Connect Command"
"708078","4641.457579074","192.168.15.4","192.168.15.3","MQTT","97","Publish Message (id=4576) [Deviceb'Device - 2']"
"708079","4641.457929085","192.168.15.3","192.168.15.4","MQTT","70","Connect Ack"
"708082","4641.460633719","192.168.15.3","192.168.15.4","MQTT","70","Publish Ack (id=4576)"
"708084","4641.460960276","192.168.15.4","192.168.15.3","MQTT","68","Disconnect Req"
"708101","4642.464542467","192.168.15.4","192.168.15.3","MQTT","90","Connect Command"
"708103","4642.467539202","192.168.15.4","192.168.15.3","MQTT","97","Publish Message (id=4577) [Deviceb'Device - 2']"
"708104","4642.467974125","192.168.15.3","192.168.15.4","MQTT","70","Connect Ack"
"708107","4642.470399490","192.168.15.3","192.168.15.4","MQTT","70","Publish Ack (id=4577)"
"708109","4642.470949821","192.168.15.4","192.168.15.3","MQTT","68","Disconnect Req"
"708117","4643.475164948","192.168.15.4","192.168.15.3","MQTT","90","Connect Command"
"708119","4643.478002352","192.168.15.4","192.168.15.3","MQTT","97","Publish Message (id=4578) [Deviceb'Device - 2']"
"708121","4643.482526475","192.168.15.3","192.168.15.4","MQTT","70","Connect Ack"
"708123","4643.485000202","192.168.15.3","192.168.15.4","MQTT","70","Publish Ack (id=4578)"
"708125","4643.485388607","192.168.15.4","192.168.15.3","MQTT","68","Disconnect Req"
"708137","4644.488979062","192.168.15.4","192.168.15.3","MQTT","90","Connect Command"
"708139","4644.491866131","192.168.15.4","192.168.15.3","MQTT","97","Publish Message (id=4579) [Deviceb'Device - 2']"
"708140","4644.492356147","192.168.15.3","192.168.15.4","MQTT","70","Connect Ack"
"708143","4644.494752307","192.168.15.3","192.168.15.4","MQTT","70","Publish Ack (id=4579)"
"708145","4644.495488749","192.168.15.4","192.168.15.3","MQTT","68","Disconnect Req"
"708163","4645.499792243","192.168.15.4","192.168.15.3","MQTT","90","Connect Command"
"708165","4645.502798056","192.168.15.4","192.168.15.3","MQTT","97","Publish Message (id=4580) [Deviceb'Device - 2']"
"708166","4645.503194205","192.168.15.3","192.168.15.4","MQTT","70","Connect Ack"
"708169","4645.505760006","192.168.15.3","192.168.15.4","MQTT","70","Publish Ack (id=4580)"
"708171","4645.506211680","192.168.15.4","192.168.15.3","MQTT","68","Disconnect Req"
"708602","4646.510499604","192.168.15.4","192.168.15.3","MQTT","90","Connect Command"
"708604","4646.513390339","192.168.15.4","192.168.15.3","MQTT","97","Publish Message (id=4581) [Deviceb'Device - 2']"
"708605","4646.514088198","192.168.15.3","192.168.15.4","MQTT","70","Connect Ack"
"708608","4646.516254985","192.168.15.3","192.168.15.4","MQTT","70","Publish Ack (id=4581)"
"708610","4646.516802630","192.168.15.4","192.168.15.3","MQTT","68","Disconnect Req"
"708625","4647.520413743","192.168.15.4","192.168.15.3","MQTT","90","Connect Command"
"708627","4647.523418965","192.168.15.4","192.168.15.3","MQTT","97","Publish Message (id=4582) [Deviceb'Device - 2']"
"708628","4647.523830533","192.168.15.3","192.168.15.4","MQTT","70","Connect Ack"
"708631","4647.526268582","192.168.15.3","192.168.15.4","MQTT","70","Publish Ack (id=4582)"
"708633","4647.526862144","192.168.15.4","192.168.15.3","MQTT","68","Disconnect Req"
"708649","4648.530373028","192.168.15.4","192.168.15.3","MQTT","90","Connect Command"
"708651","4648.533414929","192.168.15.4","192.168.15.3","MQTT","97","Publish Message (id=4583) [Deviceb'Device - 2']"
"708653","4648.537790541","192.168.15.3","192.168.15.4","MQTT","70","Connect Ack"
"708655","4648.540233580","192.168.15.3","192.168.15.4","MQTT","70","Publish Ack (id=4583)"
"708657","4648.540849254","192.168.15.4","192.168.15.3","MQTT","68","Disconnect Req"
"708666","4649.544740766","192.168.15.4","192.168.15.3","MQTT","90","Connect Command"
"708668","4649.549615382","192.168.15.4","192.168.15.3","MQTT","97","Publish Message (id=4584) [Deviceb'Device - 2']"
"708669","4649.550039013","192.168.15.3","192.168.15.4","MQTT","70","Connect Ack"
"708672","4649.552587601","192.168.15.3","192.168.15.4","MQTT","70","Publish Ack (id=4584)"
"708674","4649.553285440","192.168.15.4","192.168.15.3","MQTT","68","Disconnect Req"
"710115","4650.557970172","192.168.15.4","192.168.15.3","MQTT","90","Connect Command"
"710117","4650.562962009","192.168.15.4","192.168.15.3","MQTT","97","Publish Message (id=4585) [Deviceb'Device - 2']"
"710118","4650.563270292","192.168.15.3","192.168.15.4","MQTT","70","Connect Ack"
"710121","4650.565946963","192.168.15.3","192.168.15.4","MQTT","70","Publish Ack (id=4585)"
"710123","4650.566361707","192.168.15.4","192.168.15.3","MQTT","68","Disconnect Req"
"710135","4651.570375860","192.168.15.4","192.168.15.3","MQTT","90","Connect Command"
"710137","4651.575146419","192.168.15.4","192.168.15.3","MQTT","97","Publish Message (id=4586) [Deviceb'Device - 2']"
"710138","4651.575562315","192.168.15.3","192.168.15.4","MQTT","70","Connect Ack"
"710141","4651.578072391","192.168.15.3","192.168.15.4","MQTT","70","Publish Ack (id=4586)"
"710143","4651.578675932","192.168.15.4","192.168.15.3","MQTT","68","Disconnect Req"
"710158","4652.583064081","192.168.15.4","192.168.15.3","MQTT","90","Connect Command"
"710160","4652.585927335","192.168.15.4","192.168.15.3","MQTT","97","Publish Message (id=4587) [Deviceb'Device - 2']"
"710161","4652.586308656","192.168.15.3","192.168.15.4","MQTT","70","Connect Ack"
"710164","4652.588986869","192.168.15.3","192.168.15.4","MQTT","70","Publish Ack (id=4587)"
"710166","4652.589676302","192.168.15.4","192.168.15.3","MQTT","68","Disconnect Req"
"710178","4653.593626072","192.168.15.4","192.168.15.3","MQTT","90","Connect Command"
"710180","4653.596524342","192.168.15.4","192.168.15.3","MQTT","97","Publish Message (id=4588) [Deviceb'Device - 2']"
"710182","4653.600899013","192.168.15.3","192.168.15.4","MQTT","70","Connect Ack"
"710184","4653.603335429","192.168.15.3","192.168.15.4","MQTT","70","Publish Ack (id=4588)"
"710186","4653.603970089","192.168.15.4","192.168.15.3","MQTT","68","Disconnect Req"
"710228","4654.606915970","192.168.15.4","192.168.15.3","MQTT","90","Connect Command"
"710230","4654.609832204","192.168.15.4","192.168.15.3","MQTT","97","Publish Message (id=4589) [Deviceb'Device - 2']"
"710231","4654.610230597","192.168.15.3","192.168.15.4","MQTT","70","Connect Ack"
"710234","4654.612838357","192.168.15.3","192.168.15.4","MQTT","70","Publish Ack (id=4589)"
"710236","4654.613450174","192.168.15.4","192.168.15.3","MQTT","68","Disconnect Req"
"711937","4655.617674662","192.168.15.4","192.168.15.3","MQTT","90","Connect Command"
"711939","4655.620518669","192.168.15.4","192.168.15.3","MQTT","97","Publish Message (id=4590) [Deviceb'Device - 2']"
"711940","4655.620928023","192.168.15.3","192.168.15.4","MQTT","70","Connect Ack"
"711943","4655.623548046","192.168.15.3","192.168.15.4","MQTT","70","Publish Ack (id=4590)"
"711945","4655.624148882","192.168.15.4","192.168.15.3","MQTT","68","Disconnect Req"
"711957","4656.628074554","192.168.15.4","192.168.15.3","MQTT","90","Connect Command"
"711959","4656.630925845","192.168.15.4","192.168.15.3","MQTT","97","Publish Message (id=4591) [Deviceb'Device - 2']"
"711960","4656.631335019","192.168.15.3","192.168.15.4","MQTT","70","Connect Ack"
"711963","4656.634286058","192.168.15.3","192.168.15.4","MQTT","70","Publish Ack (id=4591)"
"711966","4656.634866075","192.168.15.4","192.168.15.3","MQTT","68","Disconnect Req"
"711980","4657.639552535","192.168.15.4","192.168.15.3","MQTT","90","Connect Command"
"711982","4657.642484539","192.168.15.4","192.168.15.3","MQTT","97","Publish Message (id=4592) [Deviceb'Device - 2']"
"711983","4657.643266557","192.168.15.3","192.168.15.4","MQTT","70","Connect Ack"
"711986","4657.645391965","192.168.15.3","192.168.15.4","MQTT","70","Publish Ack (id=4592)"
"711988","4657.646006387","192.168.15.4","192.168.15.3","MQTT","68","Disconnect Req"
"712000","4658.650407247","192.168.15.4","192.168.15.3","MQTT","90","Connect Command"
"712002","4658.653271823","192.168.15.4","192.168.15.3","MQTT","97","Publish Message (id=4593) [Deviceb'Device - 2']"
"712004","4658.657725974","192.168.15.3","192.168.15.4","MQTT","70","Connect Ack"
"712006","4658.661108639","192.168.15.3","192.168.15.4","MQTT","70","Publish Ack (id=4593)"
"712008","4658.661436519","192.168.15.4","192.168.15.3","MQTT","68","Disconnect Req"
"712020","4659.665245008","192.168.15.4","192.168.15.3","MQTT","90","Connect Command"
"712022","4659.668068747","192.168.15.4","192.168.15.3","MQTT","97","Publish Message (id=4594) [Deviceb'Device - 2']"
"712023","4659.668471939","192.168.15.3","192.168.15.4","MQTT","70","Connect Ack"
"712026","4659.670966726","192.168.15.3","192.168.15.4","MQTT","70","Publish Ack (id=4594)"
"712028","4659.671251795","192.168.15.4","192.168.15.3","MQTT","68","Disconnect Req"
"712069","4660.675372093","192.168.15.4","192.168.15.3","MQTT","90","Connect Command"
"712071","4660.678368188","192.168.15.4","192.168.15.3","MQTT","97","Publish Message (id=4595) [Deviceb'Device - 2']"
"712072","4660.678778063","192.168.15.3","192.168.15.4","MQTT","70","Connect Ack"
"712075","4660.681385923","192.168.15.3","192.168.15.4","MQTT","70","Publish Ack (id=4595)"
"712077","4660.681630475","192.168.15.4","192.168.15.3","MQTT","68","Disconnect Req"
"712153","4661.685944439","192.168.15.4","192.168.15.3","MQTT","90","Connect Command"
"712155","4661.688799648","192.168.15.4","192.168.15.3","MQTT","97","Publish Message (id=4596) [Deviceb'Device - 2']"
"712156","4661.689258585","192.168.15.3","192.168.15.4","MQTT","70","Connect Ack"
"712159","4661.691692236","192.168.15.3","192.168.15.4","MQTT","70","Publish Ack (id=4596)"
"712161","4661.691976434","192.168.15.4","192.168.15.3","MQTT","68","Disconnect Req"
"712714","4662.701161166","192.168.15.4","192.168.15.3","MQTT","90","Connect Command"
"712765","4662.705979817","192.168.15.4","192.168.15.3","MQTT","97","Publish Message (id=4597) [Deviceb'Device - 2']"
"712774","4662.706819033","192.168.15.3","192.168.15.4","MQTT","70","Connect Ack"
"712786","4662.708853900","192.168.15.3","192.168.15.4","MQTT","70","Publish Ack (id=4597)"
"712788","4662.709228669","192.168.15.4","192.168.15.3","MQTT","68","Disconnect Req"
"714947","4663.713272401","192.168.15.4","192.168.15.3","MQTT","90","Connect Command"
"714949","4663.716309112","192.168.15.4","192.168.15.3","MQTT","97","Publish Message (id=4598) [Deviceb'Device - 2']"
"714951","4663.720644869","192.168.15.3","192.168.15.4","MQTT","70","Connect Ack"
"714953","4663.723039056","192.168.15.3","192.168.15.4","MQTT","70","Publish Ack (id=4598)"
"714955","4663.723368599","192.168.15.4","192.168.15.3","MQTT","68","Disconnect Req"
"714967","4664.727419373","192.168.15.4","192.168.15.3","MQTT","90","Connect Command"
"714969","4664.730085183","192.168.15.4","192.168.15.3","MQTT","97","Publish Message (id=4599) [Deviceb'Device - 2']"
"714970","4664.730508353","192.168.15.3","192.168.15.4","MQTT","70","Connect Ack"
"714973","4664.732958375","192.168.15.3","192.168.15.4","MQTT","70","Publish Ack (id=4599)"
"714975","4664.733390812","192.168.15.4","192.168.15.3","MQTT","68","Disconnect Req"
"714987","4665.736774526","192.168.15.4","192.168.15.3","MQTT","90","Connect Command"
"714989","4665.739553089","192.168.15.4","192.168.15.3","MQTT","97","Publish Message (id=4600) [Deviceb'Device - 2']"
"714990","4665.740000164","192.168.15.3","192.168.15.4","MQTT","70","Connect Ack"
"714993","4665.742448363","192.168.15.3","192.168.15.4","MQTT","70","Publish Ack (id=4600)"
"714995","4665.742720918","192.168.15.4","192.168.15.3","MQTT","68","Disconnect Req"
"716703","4666.746508214","192.168.15.4","192.168.15.3","MQTT","90","Connect Command"
"716705","4666.751999976","192.168.15.4","192.168.15.3","MQTT","97","Publish Message (id=4601) [Deviceb'Device - 2']"
"716706","4666.752480525","192.168.15.3","192.168.15.4","MQTT","70","Connect Ack"
"716709","4666.754934254","192.168.15.3","192.168.15.4","MQTT","70","Publish Ack (id=4601)"
"716711","4666.755181081","192.168.15.4","192.168.15.3","MQTT","68","Disconnect Req"
"716737","4667.759337864","192.168.15.4","192.168.15.3","MQTT","90","Connect Command"
"716739","4667.762376619","192.168.15.4","192.168.15.3","MQTT","97","Publish Message (id=4602) [Deviceb'Device - 2']"
"716740","4667.762758642","192.168.15.3","192.168.15.4","MQTT","70","Connect Ack"
"716743","4667.765390027","192.168.15.3","192.168.15.4","MQTT","70","Publish Ack (id=4602)"
"716745","4667.765671238","192.168.15.4","192.168.15.3","MQTT","68","Disconnect Req"
"716759","4668.769529477","192.168.15.4","192.168.15.3","MQTT","90","Connect Command"
"716761","4668.772413369","192.168.15.4","192.168.15.3","MQTT","97","Publish Message (id=4603) [Deviceb'Device - 2']"
"716763","4668.776776909","192.168.15.3","192.168.15.4","MQTT","70","Connect Ack"
"716765","4668.779213896","192.168.15.3","192.168.15.4","MQTT","70","Publish Ack (id=4603)"
"716767","4668.779804473","192.168.15.4","192.168.15.3","MQTT","68","Disconnect Req"
"716779","4669.783711423","192.168.15.4","192.168.15.3","MQTT","90","Connect Command"
"716781","4669.786641643","192.168.15.4","192.168.15.3","MQTT","97","Publish Message (id=4604) [Deviceb'Device - 2']"
"716782","4669.787057699","192.168.15.3","192.168.15.4","MQTT","70","Connect Ack"
"716785","4669.789487624","192.168.15.3","192.168.15.4","MQTT","70","Publish Ack (id=4604)"
"716787","4669.789765008","192.168.15.4","192.168.15.3","MQTT","68","Disconnect Req"
"716799","4670.793187662","192.168.15.4","192.168.15.3","MQTT","90","Connect Command"
"716801","4670.796129193","192.168.15.4","192.168.15.3","MQTT","97","Publish Message (id=4605) [Deviceb'Device - 2']"
"716802","4670.796579985","192.168.15.3","192.168.15.4","MQTT","70","Connect Ack"
"716805","4670.799172026","192.168.15.3","192.168.15.4","MQTT","70","Publish Ack (id=4605)"
"716807","4670.799552405","192.168.15.4","192.168.15.3","MQTT","68","Disconnect Req"
"716825","4671.803700180","192.168.15.4","192.168.15.3","MQTT","90","Connect Command"
"716827","4671.806705832","192.168.15.4","192.168.15.3","MQTT","97","Publish Message (id=4606) [Deviceb'Device - 2']"
"716828","4671.807134793","192.168.15.3","192.168.15.4","MQTT","70","Connect Ack"
"716831","4671.809609562","192.168.15.3","192.168.15.4","MQTT","70","Publish Ack (id=4606)"
"716833","4671.809960716","192.168.15.4","192.168.15.3","MQTT","68","Disconnect Req"
"716874","4672.814548882","192.168.15.4","192.168.15.3","MQTT","90","Connect Command"
"716876","4672.817469694","192.168.15.4","192.168.15.3","MQTT","97","Publish Message (id=4607) [Deviceb'Device - 2']"
"716877","4672.817879960","192.168.15.3","192.168.15.4","MQTT","70","Connect Ack"
"716880","4672.820457072","192.168.15.3","192.168.15.4","MQTT","70","Publish Ack (id=4607)"
"716882","4672.821135775","192.168.15.4","192.168.15.3","MQTT","68","Disconnect Req"
"716902","4673.824810254","192.168.15.4","192.168.15.3","MQTT","90","Connect Command"
"716904","4673.827835985","192.168.15.4","192.168.15.3","MQTT","97","Publish Message (id=4608) [Deviceb'Device - 2']"
"716905","4673.828462279","192.168.15.3","192.168.15.4","MQTT","70","Connect Ack"
"716908","4673.830754192","192.168.15.3","192.168.15.4","MQTT","70","Publish Ack (id=4608)"
"716910","4673.831124422","192.168.15.4","192.168.15.3","MQTT","68","Disconnect Req"
"717211","4674.834855216","192.168.15.4","192.168.15.3","MQTT","90","Connect Command"
"717234","4674.838550362","192.168.15.4","192.168.15.3","MQTT","97","Publish Message (id=4609) [Deviceb'Device - 2']"
"717235","4674.838560792","192.168.15.3","192.168.15.4","MQTT","70","Connect Ack"
"717238","4674.841552017","192.168.15.3","192.168.15.4","MQTT","70","Publish Ack (id=4609)"
"717240","4674.842024420","192.168.15.4","192.168.15.3","MQTT","68","Disconnect Req"
"717603","4675.845291768","192.168.15.4","192.168.15.3","MQTT","90","Connect Command"
"717641","4675.848838173","192.168.15.4","192.168.15.3","MQTT","97","Publish Message (id=4610) [Deviceb'Device - 2']"
"717642","4675.848849194","192.168.15.3","192.168.15.4","MQTT","70","Connect Ack"
"717674","4675.852246637","192.168.15.3","192.168.15.4","MQTT","70","Publish Ack (id=4610)"
"717676","4675.852725562","192.168.15.4","192.168.15.3","MQTT","68","Disconnect Req"
"718941","4676.856592303","192.168.15.4","192.168.15.3","MQTT","90","Connect Command"
"718943","4676.859587626","192.168.15.4","192.168.15.3","MQTT","97","Publish Message (id=4611) [Deviceb'Device - 2']"
"718944","4676.860023911","192.168.15.3","192.168.15.4","MQTT","70","Connect Ack"
"718947","4676.862512465","192.168.15.3","192.168.15.4","MQTT","70","Publish Ack (id=4611)"
"718949","4676.862960983","192.168.15.4","192.168.15.3","MQTT","68","Disconnect Req"
"718973","4677.867107022","192.168.15.4","192.168.15.3","MQTT","90","Connect Command"
"718975","4677.870012996","192.168.15.4","192.168.15.3","MQTT","97","Publish Message (id=4612) [Deviceb'Device - 2']"
"718976","4677.870440754","192.168.15.3","192.168.15.4","MQTT","70","Connect Ack"
"718979","4677.872952303","192.168.15.3","192.168.15.4","MQTT","70","Publish Ack (id=4612)"
"718981","4677.873435346","192.168.15.4","192.168.15.3","MQTT","68","Disconnect Req"
"718989","4678.877408998","192.168.15.4","192.168.15.3","MQTT","90","Connect Command"
"718991","4678.880357832","192.168.15.4","192.168.15.3","MQTT","97","Publish Message (id=4613) [Deviceb'Device - 2']"
"718993","4678.884711173","192.168.15.3","192.168.15.4","MQTT","70","Connect Ack"
"718995","4678.887085782","192.168.15.3","192.168.15.4","MQTT","70","Publish Ack (id=4613)"
"718997","4678.887761800","192.168.15.4","192.168.15.3","MQTT","68","Disconnect Req"
"719009","4679.891435655","192.168.15.4","192.168.15.3","MQTT","90","Connect Command"
"719011","4679.896250007","192.168.15.4","192.168.15.3","MQTT","97","Publish Message (id=4614) [Deviceb'Device - 2']"
"719012","4679.896666173","192.168.15.3","192.168.15.4","MQTT","70","Connect Ack"
"719015","4679.899208019","192.168.15.3","192.168.15.4","MQTT","70","Publish Ack (id=4614)"
"719017","4679.899599489","192.168.15.4","192.168.15.3","MQTT","68","Disconnect Req"
"719029","4680.902984146","192.168.15.4","192.168.15.3","MQTT","90","Connect Command"
"719031","4680.905992053","192.168.15.4","192.168.15.3","MQTT","97","Publish Message (id=4615) [Deviceb'Device - 2']"
"719032","4680.906437345","192.168.15.3","192.168.15.4","MQTT","70","Connect Ack"
"719035","4680.908948112","192.168.15.3","192.168.15.4","MQTT","70","Publish Ack (id=4615)"
"719037","4680.909354119","192.168.15.4","192.168.15.3","MQTT","68","Disconnect Req"
"719054","4681.913820841","192.168.15.4","192.168.15.3","MQTT","90","Connect Command"
"719056","4681.916800695","192.168.15.4","192.168.15.3","MQTT","97","Publish Message (id=4616) [Deviceb'Device - 2']"
"719057","4681.917195361","192.168.15.3","192.168.15.4","MQTT","70","Connect Ack"
"719060","4681.919756864","192.168.15.3","192.168.15.4","MQTT","70","Publish Ack (id=4616)"
"719062","4681.920022306","192.168.15.4","192.168.15.3","MQTT","68","Disconnect Req"
"719078","4682.923909081","192.168.15.4","192.168.15.3","MQTT","90","Connect Command"
"719080","4682.926936024","192.168.15.4","192.168.15.3","MQTT","97","Publish Message (id=4617) [Deviceb'Device - 2']"
"719081","4682.927371307","192.168.15.3","192.168.15.4","MQTT","70","Connect Ack"
"719084","4682.929754272","192.168.15.3","192.168.15.4","MQTT","70","Publish Ack (id=4617)"
"719086","4682.930017499","192.168.15.4","192.168.15.3","MQTT","68","Disconnect Req"
"719106","4683.933828050","192.168.15.4","192.168.15.3","MQTT","90","Connect Command"
"719108","4683.936755024","192.168.15.4","192.168.15.3","MQTT","97","Publish Message (id=4618) [Deviceb'Device - 2']"
"719110","4683.941139423","192.168.15.3","192.168.15.4","MQTT","70","Connect Ack"
"719112","4683.943574938","192.168.15.3","192.168.15.4","MQTT","70","Publish Ack (id=4618)"
"719114","4683.943858334","192.168.15.4","192.168.15.3","MQTT","68","Disconnect Req"
"719128","4684.948033292","192.168.15.4","192.168.15.3","MQTT","90","Connect Command"
"719130","4684.951069573","192.168.15.4","192.168.15.3","MQTT","97","Publish Message (id=4619) [Deviceb'Device - 2']"
"719131","4684.951475450","192.168.15.3","192.168.15.4","MQTT","70","Connect Ack"
"719134","4684.954105783","192.168.15.3","192.168.15.4","MQTT","70","Publish Ack (id=4619)"
"719136","4684.954557697","192.168.15.4","192.168.15.3","MQTT","68","Disconnect Req"
"721372","4685.958784614","192.168.15.4","192.168.15.3","MQTT","90","Connect Command"
"721374","4685.961784997","192.168.15.4","192.168.15.3","MQTT","97","Publish Message (id=4620) [Deviceb'Device - 2']"
"721375","4685.962180715","192.168.15.3","192.168.15.4","MQTT","70","Connect Ack"
"721378","4685.964790659","192.168.15.3","192.168.15.4","MQTT","70","Publish Ack (id=4620)"
"721380","4685.965248585","192.168.15.4","192.168.15.3","MQTT","68","Disconnect Req"
"721396","4686.968975305","192.168.15.4","192.168.15.3","MQTT","90","Connect Command"
"721398","4686.971953636","192.168.15.4","192.168.15.3","MQTT","97","Publish Message (id=4621) [Deviceb'Device - 2']"
"721399","4686.972337322","192.168.15.3","192.168.15.4","MQTT","70","Connect Ack"
"721402","4686.974853298","192.168.15.3","192.168.15.4","MQTT","70","Publish Ack (id=4621)"
"721404","4686.975134059","192.168.15.4","192.168.15.3","MQTT","68","Disconnect Req"
"721420","4687.978558337","192.168.15.4","192.168.15.3","MQTT","90","Connect Command"
"721422","4687.981544052","192.168.15.4","192.168.15.3","MQTT","97","Publish Message (id=4622) [Deviceb'Device - 2']"
"721423","4687.981952294","192.168.15.3","192.168.15.4","MQTT","70","Connect Ack"
"721426","4687.984513356","192.168.15.3","192.168.15.4","MQTT","70","Publish Ack (id=4622)"
"721428","4687.985166531","192.168.15.4","192.168.15.3","MQTT","68","Disconnect Req"
"721438","4688.989520106","192.168.15.4","192.168.15.3","MQTT","90","Connect Command"
"721440","4688.993551127","192.168.15.4","192.168.15.3","MQTT","97","Publish Message (id=4623) [Deviceb'Device - 2']"
"721442","4688.996840826","192.168.15.3","192.168.15.4","MQTT","70","Connect Ack"
"721444","4688.999277823","192.168.15.3","192.168.15.4","MQTT","70","Publish Ack (id=4623)"
"721446","4688.999732473","192.168.15.4","192.168.15.3","MQTT","68","Disconnect Req"
"721458","4690.003779347","192.168.15.4","192.168.15.3","MQTT","90","Connect Command"
"721460","4690.006686423","192.168.15.4","192.168.15.3","MQTT","97","Publish Message (id=4624) [Deviceb'Device - 2']"
"721461","4690.007131525","192.168.15.3","192.168.15.4","MQTT","70","Connect Ack"
"721464","4690.009635018","192.168.15.3","192.168.15.4","MQTT","70","Publish Ack (id=4624)"
"721466","4690.010191660","192.168.15.4","192.168.15.3","MQTT","68","Disconnect Req"
"721478","4691.014427501","192.168.15.4","192.168.15.3","MQTT","90","Connect Command"
"721480","4691.018000747","192.168.15.3","192.168.15.4","MQTT","70","Connect Ack"
"721481","4691.018037616","192.168.15.4","192.168.15.3","MQTT","97","Publish Message (id=4625) [Deviceb'Device - 2']"
"721484","4691.021016789","192.168.15.3","192.168.15.4","MQTT","70","Publish Ack (id=4625)"
"721486","4691.021718085","192.168.15.4","192.168.15.3","MQTT","68","Disconnect Req"
"721523","4692.025635463","192.168.15.4","192.168.15.3","MQTT","90","Connect Command"
"721525","4692.028629503","192.168.15.4","192.168.15.3","MQTT","97","Publish Message (id=4626) [Deviceb'Device - 2']"
"721526","4692.029048235","192.168.15.3","192.168.15.4","MQTT","70","Connect Ack"
"721529","4692.031479421","192.168.15.3","192.168.15.4","MQTT","70","Publish Ack (id=4626)"
"721531","4692.032316624","192.168.15.4","192.168.15.3","MQTT","68","Disconnect Req"
"721573","4693.036998798","192.168.15.4","192.168.15.3","MQTT","90","Connect Command"
"721575","4693.039875557","192.168.15.4","192.168.15.3","MQTT","97","Publish Message (id=4627) [Deviceb'Device - 2']"
"721576","4693.040290711","192.168.15.3","192.168.15.4","MQTT","70","Connect Ack"
"721579","4693.042669869","192.168.15.3","192.168.15.4","MQTT","70","Publish Ack (id=4627)"
"721581","4693.043064015","192.168.15.4","192.168.15.3","MQTT","68","Disconnect Req"
"721601","4694.046860053","192.168.15.4","192.168.15.3","MQTT","90","Connect Command"
"721603","4694.049756960","192.168.15.4","192.168.15.3","MQTT","97","Publish Message (id=4628) [Deviceb'Device - 2']"
"721605","4694.054174051","192.168.15.3","192.168.15.4","MQTT","70","Connect Ack"
"721607","4694.056729783","192.168.15.3","192.168.15.4","MQTT","70","Publish Ack (id=4628)"
"721609","4694.057079914","192.168.15.4","192.168.15.3","MQTT","68","Disconnect Req"
"721621","4695.060723684","192.168.15.4","192.168.15.3","MQTT","90","Connect Command"
"721623","4695.063177513","192.168.15.4","192.168.15.3","MQTT","97","Publish Message (id=4629) [Deviceb'Device - 2']"
"721624","4695.063572340","192.168.15.3","192.168.15.4","MQTT","70","Connect Ack"
"721627","4695.066050916","192.168.15.3","192.168.15.4","MQTT","70","Publish Ack (id=4629)"
"721629","4695.067066776","192.168.15.4","192.168.15.3","MQTT","68","Disconnect Req"
"723523","4696.070786359","192.168.15.4","192.168.15.3","MQTT","90","Connect Command"
"723525","4696.073785449","192.168.15.4","192.168.15.3","MQTT","97","Publish Message (id=4630) [Deviceb'Device - 2']"
"723526","4696.074224990","192.168.15.3","192.168.15.4","MQTT","70","Connect Ack"
"723529","4696.076748030","192.168.15.3","192.168.15.4","MQTT","70","Publish Ack (id=4630)"
"723531","4696.077056052","192.168.15.4","192.168.15.3","MQTT","68","Disconnect Req"
"723546","4697.081168146","192.168.15.4","192.168.15.3","MQTT","90","Connect Command"
"723548","4697.084044674","192.168.15.4","192.168.15.3","MQTT","97","Publish Message (id=4631) [Deviceb'Device - 2']"
"723549","4697.084451563","192.168.15.3","192.168.15.4","MQTT","70","Connect Ack"
"723552","4697.086878061","192.168.15.3","192.168.15.4","MQTT","70","Publish Ack (id=4631)"
"723554","4697.087654549","192.168.15.4","192.168.15.3","MQTT","68","Disconnect Req"
"723574","4698.091951933","192.168.15.4","192.168.15.3","MQTT","90","Connect Command"
"723576","4698.094959939","192.168.15.4","192.168.15.3","MQTT","97","Publish Message (id=4632) [Deviceb'Device - 2']"
"723577","4698.095344737","192.168.15.3","192.168.15.4","MQTT","70","Connect Ack"
"723580","4698.098052215","192.168.15.3","192.168.15.4","MQTT","70","Publish Ack (id=4632)"
"723582","4698.098659463","192.168.15.4","192.168.15.3","MQTT","68","Disconnect Req"
"723597","4699.102205998","192.168.15.4","192.168.15.3","MQTT","90","Connect Command"
"723599","4699.105232409","192.168.15.4","192.168.15.3","MQTT","97","Publish Message (id=4633) [Deviceb'Device - 2']"
"723601","4699.109587794","192.168.15.3","192.168.15.4","MQTT","70","Connect Ack"
"723603","4699.112178050","192.168.15.3","192.168.15.4","MQTT","70","Publish Ack (id=4633)"
"723605","4699.112481273","192.168.15.4","192.168.15.3","MQTT","68","Disconnect Req"
"723617","4700.116474491","192.168.15.4","192.168.15.3","MQTT","90","Connect Command"
"723619","4700.119230672","192.168.15.4","192.168.15.3","MQTT","97","Publish Message (id=4634) [Deviceb'Device - 2']"
"723620","4700.119626711","192.168.15.3","192.168.15.4","MQTT","70","Connect Ack"
"723623","4700.122034934","192.168.15.3","192.168.15.4","MQTT","70","Publish Ack (id=4634)"
"723625","4700.122809749","192.168.15.4","192.168.15.3","MQTT","68","Disconnect Req"
"723995","4701.126839806","192.168.15.4","192.168.15.3","MQTT","90","Connect Command"
"723997","4701.129713259","192.168.15.4","192.168.15.3","MQTT","97","Publish Message (id=4635) [Deviceb'Device - 2']"
"723998","4701.130141518","192.168.15.3","192.168.15.4","MQTT","70","Connect Ack"
"724001","4701.132788622","192.168.15.3","192.168.15.4","MQTT","70","Publish Ack (id=4635)"
"724003","4701.133756352","192.168.15.4","192.168.15.3","MQTT","68","Disconnect Req"
"724014","4702.138476793","192.168.15.4","192.168.15.3","MQTT","90","Connect Command"
"724016","4702.141391664","192.168.15.4","192.168.15.3","MQTT","97","Publish Message (id=4636) [Deviceb'Device - 2']"
"724017","4702.141815496","192.168.15.3","192.168.15.4","MQTT","70","Connect Ack"
"724020","4702.144410151","192.168.15.3","192.168.15.4","MQTT","70","Publish Ack (id=4636)"
"724022","4702.144663720","192.168.15.4","192.168.15.3","MQTT","68","Disconnect Req"
"724038","4703.148907921","192.168.15.4","192.168.15.3","MQTT","90","Connect Command"
"724040","4703.151654654","192.168.15.4","192.168.15.3","MQTT","97","Publish Message (id=4637) [Deviceb'Device - 2']"
"724041","4703.152056243","192.168.15.3","192.168.15.4","MQTT","70","Connect Ack"
"724044","4703.154633626","192.168.15.3","192.168.15.4","MQTT","70","Publish Ack (id=4637)"
"724046","4703.155176913","192.168.15.4","192.168.15.3","MQTT","68","Disconnect Req"
"724059","4704.159301147","192.168.15.4","192.168.15.3","MQTT","90","Connect Command"
"724061","4704.162239722","192.168.15.4","192.168.15.3","MQTT","97","Publish Message (id=4638) [Deviceb'Device - 2']"
"724063","4704.166663586","192.168.15.3","192.168.15.4","MQTT","70","Connect Ack"
"724065","4704.169229046","192.168.15.3","192.168.15.4","MQTT","70","Publish Ack (id=4638)"
"724067","4704.169968825","192.168.15.4","192.168.15.3","MQTT","68","Disconnect Req"
"724079","4705.174347880","192.168.15.4","192.168.15.3","MQTT","90","Connect Command"
"724081","4705.177302105","192.168.15.4","192.168.15.3","MQTT","97","Publish Message (id=4639) [Deviceb'Device - 2']"
"724082","4705.177702933","192.168.15.3","192.168.15.4","MQTT","70","Connect Ack"
"724085","4705.180173734","192.168.15.3","192.168.15.4","MQTT","70","Publish Ack (id=4639)"
"724087","4705.180870852","192.168.15.4","192.168.15.3","MQTT","68","Disconnect Req"
"724099","4706.185053725","192.168.15.4","192.168.15.3","MQTT","90","Connect Command"
"724101","4706.187894867","192.168.15.4","192.168.15.3","MQTT","97","Publish Message (id=4640) [Deviceb'Device - 2']"
"724102","4706.188329528","192.168.15.3","192.168.15.4","MQTT","70","Connect Ack"
"724105","4706.190813384","192.168.15.3","192.168.15.4","MQTT","70","Publish Ack (id=4640)"
"724107","4706.191298101","192.168.15.4","192.168.15.3","MQTT","68","Disconnect Req"
"724133","4707.195088051","192.168.15.4","192.168.15.3","MQTT","90","Connect Command"
"724135","4707.200524990","192.168.15.4","192.168.15.3","MQTT","97","Publish Message (id=4641) [Deviceb'Device - 2']"
"724136","4707.200963299","192.168.15.3","192.168.15.4","MQTT","70","Connect Ack"
"724139","4707.203478554","192.168.15.3","192.168.15.4","MQTT","70","Publish Ack (id=4641)"
"724141","4707.204089088","192.168.15.4","192.168.15.3","MQTT","68","Disconnect Req"
"724153","4708.208189505","192.168.15.4","192.168.15.3","MQTT","90","Connect Command"
"724155","4708.211094968","192.168.15.4","192.168.15.3","MQTT","97","Publish Message (id=4642) [Deviceb'Device - 2']"
"724156","4708.211487720","192.168.15.3","192.168.15.4","MQTT","70","Connect Ack"
"724159","4708.214105059","192.168.15.3","192.168.15.4","MQTT","70","Publish Ack (id=4642)"
"724161","4708.214971907","192.168.15.4","192.168.15.3","MQTT","68","Disconnect Req"
"725933","4709.219432866","192.168.15.4","192.168.15.3","MQTT","90","Connect Command"
"725935","4709.222353538","192.168.15.4","192.168.15.3","MQTT","97","Publish Message (id=4643) [Deviceb'Device - 2']"
"725937","4709.226816084","192.168.15.3","192.168.15.4","MQTT","70","Connect Ack"
"725939","4709.229402284","192.168.15.3","192.168.15.4","MQTT","70","Publish Ack (id=4643)"
"725941","4709.229770069","192.168.15.4","192.168.15.3","MQTT","68","Disconnect Req"
"725954","4710.234031309","192.168.15.4","192.168.15.3","MQTT","90","Connect Command"
"725956","4710.236916974","192.168.15.4","192.168.15.3","MQTT","97","Publish Message (id=4644) [Deviceb'Device - 2']"
"725957","4710.237339473","192.168.15.3","192.168.15.4","MQTT","70","Connect Ack"
"725960","4710.239919901","192.168.15.3","192.168.15.4","MQTT","70","Publish Ack (id=4644)"
"725962","4710.240428333","192.168.15.4","192.168.15.3","MQTT","68","Disconnect Req"
"725974","4711.244317287","192.168.15.4","192.168.15.3","MQTT","90","Connect Command"
"725976","4711.247286761","192.168.15.4","192.168.15.3","MQTT","97","Publish Message (id=4645) [Deviceb'Device - 2']"
"725977","4711.247662621","192.168.15.3","192.168.15.4","MQTT","70","Connect Ack"
"725980","4711.250239754","192.168.15.3","192.168.15.4","MQTT","70","Publish Ack (id=4645)"
"725982","4711.251146758","192.168.15.4","192.168.15.3","MQTT","68","Disconnect Req"
"726012","4712.254991109","192.168.15.4","192.168.15.3","MQTT","90","Connect Command"
"726014","4712.257923883","192.168.15.4","192.168.15.3","MQTT","97","Publish Message (id=4646) [Deviceb'Device - 2']"
"726015","4712.258367883","192.168.15.3","192.168.15.4","MQTT","70","Connect Ack"
"726018","4712.260938072","192.168.15.3","192.168.15.4","MQTT","70","Publish Ack (id=4646)"
"726020","4712.261349540","192.168.15.4","192.168.15.3","MQTT","68","Disconnect Req"
"726044","4713.265309718","192.168.15.4","192.168.15.3","MQTT","90","Connect Command"
"726046","4713.268151832","192.168.15.4","192.168.15.3","MQTT","97","Publish Message (id=4647) [Deviceb'Device - 2']"
"726047","4713.268555876","192.168.15.3","192.168.15.4","MQTT","70","Connect Ack"
"726050","4713.271267372","192.168.15.3","192.168.15.4","MQTT","70","Publish Ack (id=4647)"
"726052","4713.271881864","192.168.15.4","192.168.15.3","MQTT","68","Disconnect Req"
"726064","4714.276374709","192.168.15.4","192.168.15.3","MQTT","90","Connect Command"
"726066","4714.279294067","192.168.15.4","192.168.15.3","MQTT","97","Publish Message (id=4648) [Deviceb'Device - 2']"
"726068","4714.285888805","192.168.15.3","192.168.15.4","MQTT","70","Connect Ack"
"726070","4714.288417646","192.168.15.3","192.168.15.4","MQTT","70","Publish Ack (id=4648)"
"726072","4714.288934123","192.168.15.4","192.168.15.3","MQTT","68","Disconnect Req"
"726106","4715.293360712","192.168.15.4","192.168.15.3","MQTT","90","Connect Command"
"726108","4715.298265245","192.168.15.4","192.168.15.3","MQTT","97","Publish Message (id=4649) [Deviceb'Device - 2']"
"726109","4715.298688625","192.168.15.3","192.168.15.4","MQTT","70","Connect Ack"
"726112","4715.301135541","192.168.15.3","192.168.15.4","MQTT","70","Publish Ack (id=4649)"
"726114","4715.301667326","192.168.15.4","192.168.15.3","MQTT","68","Disconnect Req"
"726481","4716.305885982","192.168.15.4","192.168.15.3","MQTT","90","Connect Command"
"726483","4716.308894570","192.168.15.4","192.168.15.3","MQTT","97","Publish Message (id=4650) [Deviceb'Device - 2']"
"726484","4716.309393363","192.168.15.3","192.168.15.4","MQTT","70","Connect Ack"
"726487","4716.312783783","192.168.15.3","192.168.15.4","MQTT","70","Publish Ack (id=4650)"
"726489","4716.313132652","192.168.15.4","192.168.15.3","MQTT","68","Disconnect Req"
"726505","4717.317480772","192.168.15.4","192.168.15.3","MQTT","90","Connect Command"
"726507","4717.320400282","192.168.15.4","192.168.15.3","MQTT","97","Publish Message (id=4651) [Deviceb'Device - 2']"
"726508","4717.320830385","192.168.15.3","192.168.15.4","MQTT","70","Connect Ack"
"726511","4717.323494672","192.168.15.3","192.168.15.4","MQTT","70","Publish Ack (id=4651)"
"726513","4717.324035936","192.168.15.4","192.168.15.3","MQTT","68","Disconnect Req"
"726525","4718.327918736","192.168.15.4","192.168.15.3","MQTT","90","Connect Command"
"726527","4718.330865256","192.168.15.4","192.168.15.3","MQTT","97","Publish Message (id=4652) [Deviceb'Device - 2']"
"726528","4718.331263439","192.168.15.3","192.168.15.4","MQTT","70","Connect Ack"
"726531","4718.335339064","192.168.15.3","192.168.15.4","MQTT","70","Publish Ack (id=4652)"
"726533","4718.335901888","192.168.15.4","192.168.15.3","MQTT","68","Disconnect Req"
"726545","4719.340036604","192.168.15.4","192.168.15.3","MQTT","90","Connect Command"
"726547","4719.343093915","192.168.15.4","192.168.15.3","MQTT","97","Publish Message (id=4653) [Deviceb'Device - 2']"
"726549","4719.347432036","192.168.15.3","192.168.15.4","MQTT","70","Connect Ack"
"726551","4719.349879253","192.168.15.3","192.168.15.4","MQTT","70","Publish Ack (id=4653)"
"726553","4719.350181013","192.168.15.4","192.168.15.3","MQTT","68","Disconnect Req"
"726565","4720.354182276","192.168.15.4","192.168.15.3","MQTT","90","Connect Command"
"726567","4720.357085955","192.168.15.4","192.168.15.3","MQTT","97","Publish Message (id=4654) [Deviceb'Device - 2']"
"726568","4720.357504146","192.168.15.3","192.168.15.4","MQTT","70","Connect Ack"
"726571","4720.359882192","192.168.15.3","192.168.15.4","MQTT","70","Publish Ack (id=4654)"
"726573","4720.360183602","192.168.15.4","192.168.15.3","MQTT","68","Disconnect Req"
"728491","4721.364082641","192.168.15.4","192.168.15.3","MQTT","90","Connect Command"
"728493","4721.368907372","192.168.15.4","192.168.15.3","MQTT","97","Publish Message (id=4655) [Deviceb'Device - 2']"
"728494","4721.369289114","192.168.15.3","192.168.15.4","MQTT","70","Connect Ack"
"728497","4721.371851619","192.168.15.3","192.168.15.4","MQTT","70","Publish Ack (id=4655)"
"728499","4721.372216158","192.168.15.4","192.168.15.3","MQTT","68","Disconnect Req"
"728516","4722.376047428","192.168.15.4","192.168.15.3","MQTT","90","Connect Command"
"728518","4722.379043212","192.168.15.4","192.168.15.3","MQTT","97","Publish Message (id=4656) [Deviceb'Device - 2']"
"728519","4722.379533659","192.168.15.3","192.168.15.4","MQTT","70","Connect Ack"
"728522","4722.381910142","192.168.15.3","192.168.15.4","MQTT","70","Publish Ack (id=4656)"
"728524","4722.382376424","192.168.15.4","192.168.15.3","MQTT","68","Disconnect Req"
"728536","4723.387009310","192.168.15.4","192.168.15.3","MQTT","90","Connect Command"
"728538","4723.390002459","192.168.15.4","192.168.15.3","MQTT","97","Publish Message (id=4657) [Deviceb'Device - 2']"
"728539","4723.390408426","192.168.15.3","192.168.15.4","MQTT","70","Connect Ack"
"728542","4723.392970510","192.168.15.3","192.168.15.4","MQTT","70","Publish Ack (id=4657)"
"728544","4723.393263994","192.168.15.4","192.168.15.3","MQTT","68","Disconnect Req"
"728558","4724.397159536","192.168.15.4","192.168.15.3","MQTT","90","Connect Command"
"728560","4724.400938250","192.168.15.4","192.168.15.3","MQTT","97","Publish Message (id=4658) [Deviceb'Device - 2']"
"728562","4724.404572040","192.168.15.3","192.168.15.4","MQTT","70","Connect Ack"
"728564","4724.407636634","192.168.15.3","192.168.15.4","MQTT","70","Publish Ack (id=4658)"
"728566","4724.408202624","192.168.15.4","192.168.15.3","MQTT","68","Disconnect Req"
"728586","4725.412019205","192.168.15.4","192.168.15.3","MQTT","90","Connect Command"
"728588","4725.415051949","192.168.15.4","192.168.15.3","MQTT","97","Publish Message (id=4659) [Deviceb'Device - 2']"
"728589","4725.415433090","192.168.15.3","192.168.15.4","MQTT","70","Connect Ack"
"728592","4725.417976699","192.168.15.3","192.168.15.4","MQTT","70","Publish Ack (id=4659)"
"728594","4725.418884415","192.168.15.4","192.168.15.3","MQTT","68","Disconnect Req"
"728626","4726.423077968","192.168.15.4","192.168.15.3","MQTT","90","Connect Command"
"728628","4726.426135308","192.168.15.4","192.168.15.3","MQTT","97","Publish Message (id=4660) [Deviceb'Device - 2']"
"728629","4726.426579367","192.168.15.3","192.168.15.4","MQTT","70","Connect Ack"
"728632","4726.429137464","192.168.15.3","192.168.15.4","MQTT","70","Publish Ack (id=4660)"
"728634","4726.429688045","192.168.15.4","192.168.15.3","MQTT","68","Disconnect Req"
"729035","4727.434117694","192.168.15.4","192.168.15.3","MQTT","90","Connect Command"
"729037","4727.436938537","192.168.15.4","192.168.15.3","MQTT","97","Publish Message (id=4661) [Deviceb'Device - 2']"
"729038","4727.437352249","192.168.15.3","192.168.15.4","MQTT","70","Connect Ack"
"729041","4727.439979336","192.168.15.3","192.168.15.4","MQTT","70","Publish Ack (id=4661)"
"729043","4727.440449745","192.168.15.4","192.168.15.3","MQTT","68","Disconnect Req"
"729059","4728.444776259","192.168.15.4","192.168.15.3","MQTT","90","Connect Command"
"729061","4728.447762745","192.168.15.4","192.168.15.3","MQTT","97","Publish Message (id=4662) [Deviceb'Device - 2']"
"729062","4728.448181657","192.168.15.3","192.168.15.4","MQTT","70","Connect Ack"
"729065","4728.450598667","192.168.15.3","192.168.15.4","MQTT","70","Publish Ack (id=4662)"
"729067","4728.451319490","192.168.15.4","192.168.15.3","MQTT","68","Disconnect Req"
"729079","4729.455804192","192.168.15.4","192.168.15.3","MQTT","90","Connect Command"
"729081","4729.458783214","192.168.15.4","192.168.15.3","MQTT","97","Publish Message (id=4663) [Deviceb'Device - 2']"
"729083","4729.463144349","192.168.15.3","192.168.15.4","MQTT","70","Connect Ack"
"729085","4729.465639727","192.168.15.3","192.168.15.4","MQTT","70","Publish Ack (id=4663)"
"729087","4729.465984970","192.168.15.4","192.168.15.3","MQTT","68","Disconnect Req"
"729099","4730.469632239","192.168.15.4","192.168.15.3","MQTT","90","Connect Command"
"729101","4730.472674321","192.168.15.4","192.168.15.3","MQTT","97","Publish Message (id=4664) [Deviceb'Device - 2']"
"729102","4730.473090788","192.168.15.3","192.168.15.4","MQTT","70","Connect Ack"
"729105","4730.475464065","192.168.15.3","192.168.15.4","MQTT","70","Publish Ack (id=4664)"
"729107","4730.475739315","192.168.15.4","192.168.15.3","MQTT","68","Disconnect Req"
"729123","4731.479398987","192.168.15.4","192.168.15.3","MQTT","90","Connect Command"
"729125","4731.482285093","192.168.15.4","192.168.15.3","MQTT","97","Publish Message (id=4665) [Deviceb'Device - 2']"
"729126","4731.482717781","192.168.15.3","192.168.15.4","MQTT","70","Connect Ack"
"729129","4731.485140061","192.168.15.3","192.168.15.4","MQTT","70","Publish Ack (id=4665)"
"729131","4731.485808835","192.168.15.4","192.168.15.3","MQTT","68","Disconnect Req"
"729146","4732.489962511","192.168.15.4","192.168.15.3","MQTT","90","Connect Command"
"729148","4732.494672185","192.168.15.4","192.168.15.3","MQTT","97","Publish Message (id=4666) [Deviceb'Device - 2']"
"729149","4732.495096517","192.168.15.3","192.168.15.4","MQTT","70","Connect Ack"
"729152","4732.497625558","192.168.15.3","192.168.15.4","MQTT","70","Publish Ack (id=4666)"
"729154","4732.498537703","192.168.15.4","192.168.15.3","MQTT","68","Disconnect Req"
"729213","4733.503166015","192.168.15.4","192.168.15.3","MQTT","90","Connect Command"
"729215","4733.506109178","192.168.15.4","192.168.15.3","MQTT","97","Publish Message (id=4667) [Deviceb'Device - 2']"
"729216","4733.506492202","192.168.15.3","192.168.15.4","MQTT","70","Connect Ack"
"729219","4733.509117185","192.168.15.3","192.168.15.4","MQTT","70","Publish Ack (id=4667)"
"729221","4733.509648139","192.168.15.4","192.168.15.3","MQTT","68","Disconnect Req"
"729231","4734.513902665","192.168.15.4","192.168.15.3","MQTT","90","Connect Command"
"729233","4734.516693350","192.168.15.4","192.168.15.3","MQTT","97","Publish Message (id=4668) [Deviceb'Device - 2']"
"729235","4734.521044817","192.168.15.3","192.168.15.4","MQTT","70","Connect Ack"
"729237","4734.523468499","192.168.15.3","192.168.15.4","MQTT","70","Publish Ack (id=4668)"
"729239","4734.523840823","192.168.15.4","192.168.15.3","MQTT","68","Disconnect Req"
"729269","4735.527558654","192.168.15.4","192.168.15.3","MQTT","90","Connect Command"
"729271","4735.530558505","192.168.15.4","192.168.15.3","MQTT","97","Publish Message (id=4669) [Deviceb'Device - 2']"
"729272","4735.530971576","192.168.15.3","192.168.15.4","MQTT","70","Connect Ack"
"729275","4735.533613110","192.168.15.3","192.168.15.4","MQTT","70","Publish Ack (id=4669)"
"729277","4735.534364791","192.168.15.4","192.168.15.3","MQTT","68","Disconnect Req"
"729379","4736.538823632","192.168.15.4","192.168.15.3","MQTT","90","Connect Command"
"729381","4736.541844132","192.168.15.4","192.168.15.3","MQTT","97","Publish Message (id=4670) [Deviceb'Device - 2']"
"729382","4736.542255390","192.168.15.3","192.168.15.4","MQTT","70","Connect Ack"
"729385","4736.544867899","192.168.15.3","192.168.15.4","MQTT","70","Publish Ack (id=4670)"
"729387","4736.545222049","192.168.15.4","192.168.15.3","MQTT","68","Disconnect Req"
"729418","4737.549001845","192.168.15.4","192.168.15.3","MQTT","90","Connect Command"
"729420","4737.551883393","192.168.15.4","192.168.15.3","MQTT","97","Publish Message (id=4671) [Deviceb'Device - 2']"
"729421","4737.552289380","192.168.15.3","192.168.15.4","MQTT","70","Connect Ack"
"729424","4737.554971400","192.168.15.3","192.168.15.4","MQTT","70","Publish Ack (id=4671)"
"729426","4737.555252361","192.168.15.4","192.168.15.3","MQTT","68","Disconnect Req"
"729439","4738.559219752","192.168.15.4","192.168.15.3","MQTT","90","Connect Command"
"729441","4738.562088285","192.168.15.4","192.168.15.3","MQTT","97","Publish Message (id=4672) [Deviceb'Device - 2']"
"729442","4738.562495746","192.168.15.3","192.168.15.4","MQTT","70","Connect Ack"
"729445","4738.565159912","192.168.15.3","192.168.15.4","MQTT","70","Publish Ack (id=4672)"
"729447","4738.565459899","192.168.15.4","192.168.15.3","MQTT","68","Disconnect Req"
"729465","4739.569798070","192.168.15.4","192.168.15.3","MQTT","90","Connect Command"
"729467","4739.572729743","192.168.15.4","192.168.15.3","MQTT","97","Publish Message (id=4673) [Deviceb'Device - 2']"
"729468","4739.573395702","192.168.15.3","192.168.15.4","MQTT","70","Connect Ack"
"729471","4739.575707733","192.168.15.3","192.168.15.4","MQTT","70","Publish Ack (id=4673)"
"729473","4739.576011307","192.168.15.4","192.168.15.3","MQTT","68","Disconnect Req"
"729491","4740.580470025","192.168.15.4","192.168.15.3","MQTT","90","Connect Command"
"729493","4740.583346232","192.168.15.4","192.168.15.3","MQTT","97","Publish Message (id=4674) [Deviceb'Device - 2']"
"729494","4740.583745297","192.168.15.3","192.168.15.4","MQTT","70","Connect Ack"
"729497","4740.586271302","192.168.15.3","192.168.15.4","MQTT","70","Publish Ack (id=4674)"
"729499","4740.586986985","192.168.15.4","192.168.15.3","MQTT","68","Disconnect Req"
"729510","4741.591147089","192.168.15.4","192.168.15.3","MQTT","90","Connect Command"
"729513","4741.594050578","192.168.15.4","192.168.15.3","MQTT","97","Publish Message (id=4675) [Deviceb'Device - 2']"
"729514","4741.594465583","192.168.15.3","192.168.15.4","MQTT","70","Connect Ack"
"729517","4741.596895076","192.168.15.3","192.168.15.4","MQTT","70","Publish Ack (id=4675)"
"729519","4741.597529776","192.168.15.4","192.168.15.3","MQTT","68","Disconnect Req"
"729538","4742.601777343","192.168.15.4","192.168.15.3","MQTT","90","Connect Command"
"729540","4742.604696312","192.168.15.4","192.168.15.3","MQTT","97","Publish Message (id=4676) [Deviceb'Device - 2']"
"729541","4742.605078585","192.168.15.3","192.168.15.4","MQTT","70","Connect Ack"
"729544","4742.607614579","192.168.15.3","192.168.15.4","MQTT","70","Publish Ack (id=4676)"
"729547","4742.608544758","192.168.15.4","192.168.15.3","MQTT","68","Disconnect Req"
"729561","4743.612460378","192.168.15.4","192.168.15.3","MQTT","90","Connect Command"
"729563","4743.615352035","192.168.15.4","192.168.15.3","MQTT","97","Publish Message (id=4677) [Deviceb'Device - 2']"
"729564","4743.615730871","192.168.15.3","192.168.15.4","MQTT","70","Connect Ack"
"729567","4743.618215398","192.168.15.3","192.168.15.4","MQTT","70","Publish Ack (id=4677)"
"729569","4743.619071336","192.168.15.4","192.168.15.3","MQTT","68","Disconnect Req"
"729685","4744.623333241","192.168.15.4","192.168.15.3","MQTT","90","Connect Command"
"729687","4744.626328724","192.168.15.4","192.168.15.3","MQTT","97","Publish Message (id=4678) [Deviceb'Device - 2']"
"729689","4744.630625377","192.168.15.3","192.168.15.4","MQTT","70","Connect Ack"
"729691","4744.633183443","192.168.15.3","192.168.15.4","MQTT","70","Publish Ack (id=4678)"
"729693","4744.633756928","192.168.15.4","192.168.15.3","MQTT","68","Disconnect Req"
"729707","4745.637805486","192.168.15.4","192.168.15.3","MQTT","90","Connect Command"
"729709","4745.640693125","192.168.15.4","192.168.15.3","MQTT","97","Publish Message (id=4679) [Deviceb'Device - 2']"
"729710","4745.641087751","192.168.15.3","192.168.15.4","MQTT","70","Connect Ack"
"729713","4745.643767277","192.168.15.3","192.168.15.4","MQTT","70","Publish Ack (id=4679)"
"729715","4745.644397318","192.168.15.4","192.168.15.3","MQTT","68","Disconnect Req"
"729728","4746.648885720","192.168.15.4","192.168.15.3","MQTT","90","Connect Command"
"729730","4746.651774922","192.168.15.4","192.168.15.3","MQTT","97","Publish Message (id=4680) [Deviceb'Device - 2']"
"729731","4746.652171602","192.168.15.3","192.168.15.4","MQTT","70","Connect Ack"
"729734","4746.654761228","192.168.15.3","192.168.15.4","MQTT","70","Publish Ack (id=4680)"
"729736","4746.655356303","192.168.15.4","192.168.15.3","MQTT","68","Disconnect Req"
"729757","4747.659341332","192.168.15.4","192.168.15.3","MQTT","90","Connect Command"
"729759","4747.662198163","192.168.15.4","192.168.15.3","MQTT","97","Publish Message (id=4681) [Deviceb'Device - 2']"
"729760","4747.662592378","192.168.15.3","192.168.15.4","MQTT","70","Connect Ack"
"729763","4747.665235445","192.168.15.3","192.168.15.4","MQTT","70","Publish Ack (id=4681)"
"729765","4747.665895914","192.168.15.4","192.168.15.3","MQTT","68","Disconnect Req"
"729778","4748.670582399","192.168.15.4","192.168.15.3","MQTT","90","Connect Command"
"729780","4748.673431115","192.168.15.4","192.168.15.3","MQTT","97","Publish Message (id=4682) [Deviceb'Device - 2']"
"729781","4748.673827504","192.168.15.3","192.168.15.4","MQTT","70","Connect Ack"
"729784","4748.676234053","192.168.15.3","192.168.15.4","MQTT","70","Publish Ack (id=4682)"
"729786","4748.676899782","192.168.15.4","192.168.15.3","MQTT","68","Disconnect Req"
"729807","4749.681431323","192.168.15.4","192.168.15.3","MQTT","90","Connect Command"
"729809","4749.684286841","192.168.15.4","192.168.15.3","MQTT","97","Publish Message (id=4683) [Deviceb'Device - 2']"
"729811","4749.688676851","192.168.15.3","192.168.15.4","MQTT","70","Connect Ack"
"729813","4749.691102367","192.168.15.3","192.168.15.4","MQTT","70","Publish Ack (id=4683)"
"729815","4749.691770920","192.168.15.4","192.168.15.3","MQTT","68","Disconnect Req"
"729848","4750.696090331","192.168.15.4","192.168.15.3","MQTT","90","Connect Command"
"729850","4750.699020260","192.168.15.4","192.168.15.3","MQTT","97","Publish Message (id=4684) [Deviceb'Device - 2']"
"729851","4750.699399116","192.168.15.3","192.168.15.4","MQTT","70","Connect Ack"
"729854","4750.702013008","192.168.15.3","192.168.15.4","MQTT","70","Publish Ack (id=4684)"
"729856","4750.702697843","192.168.15.4","192.168.15.3","MQTT","68","Disconnect Req"
"729902","4751.706734677","192.168.15.4","192.168.15.3","MQTT","90","Connect Command"
"729904","4751.709678373","192.168.15.4","192.168.15.3","MQTT","97","Publish Message (id=4685) [Deviceb'Device - 2']"
"729905","4751.710077257","192.168.15.3","192.168.15.4","MQTT","70","Connect Ack"
"729908","4751.712620124","192.168.15.3","192.168.15.4","MQTT","70","Publish Ack (id=4685)"
"729910","4751.713258662","192.168.15.4","192.168.15.3","MQTT","68","Disconnect Req"
"729947","4752.716941797","192.168.15.4","192.168.15.3","MQTT","90","Connect Command"
"729949","4752.719827082","192.168.15.4","192.168.15.3","MQTT","97","Publish Message (id=4686) [Deviceb'Device - 2']"
"729950","4752.720245873","192.168.15.3","192.168.15.4","MQTT","70","Connect Ack"
"729953","4752.722684594","192.168.15.3","192.168.15.4","MQTT","70","Publish Ack (id=4686)"
"729955","4752.723322850","192.168.15.4","192.168.15.3","MQTT","68","Disconnect Req"
"729967","4753.727851885","192.168.15.4","192.168.15.3","MQTT","90","Connect Command"
"729969","4753.730718074","192.168.15.4","192.168.15.3","MQTT","97","Publish Message (id=4687) [Deviceb'Device - 2']"
"729970","4753.731133409","192.168.15.3","192.168.15.4","MQTT","70","Connect Ack"
"729973","4753.733735688","192.168.15.3","192.168.15.4","MQTT","70","Publish Ack (id=4687)"
"729975","4753.734563594","192.168.15.4","192.168.15.3","MQTT","68","Disconnect Req"
"729987","4754.740063532","192.168.15.4","192.168.15.3","MQTT","90","Connect Command"
"729989","4754.743881541","192.168.15.4","192.168.15.3","MQTT","97","Publish Message (id=4688) [Deviceb'Device - 2']"
"729991","4754.748550056","192.168.15.3","192.168.15.4","MQTT","70","Connect Ack"
"729993","4754.750937109","192.168.15.3","192.168.15.4","MQTT","70","Publish Ack (id=4688)"
"729995","4754.751778500","192.168.15.4","192.168.15.3","MQTT","68","Disconnect Req"
"730007","4755.756081766","192.168.15.4","192.168.15.3","MQTT","90","Connect Command"
"730009","4755.759011275","192.168.15.4","192.168.15.3","MQTT","97","Publish Message (id=4689) [Deviceb'Device - 2']"
"730010","4755.759394890","192.168.15.3","192.168.15.4","MQTT","70","Connect Ack"
"730013","4755.762385093","192.168.15.3","192.168.15.4","MQTT","70","Publish Ack (id=4689)"
"730015","4755.763303920","192.168.15.4","192.168.15.3","MQTT","68","Disconnect Req"
"730029","4756.769319472","192.168.15.4","192.168.15.3","MQTT","90","Connect Command"
"730031","4756.772223332","192.168.15.4","192.168.15.3","MQTT","97","Publish Message (id=4690) [Deviceb'Device - 2']"
"730032","4756.772634419","192.168.15.3","192.168.15.4","MQTT","70","Connect Ack"
"730035","4756.775125428","192.168.15.3","192.168.15.4","MQTT","70","Publish Ack (id=4690)"
"730037","4756.775921573","192.168.15.4","192.168.15.3","MQTT","68","Disconnect Req"
"730052","4757.780045559","192.168.15.4","192.168.15.3","MQTT","90","Connect Command"
"730054","4757.783664551","192.168.15.3","192.168.15.4","MQTT","70","Connect Ack"
"730055","4757.783692854","192.168.15.4","192.168.15.3","MQTT","97","Publish Message (id=4691) [Deviceb'Device - 2']"
"730058","4757.786610490","192.168.15.3","192.168.15.4","MQTT","70","Publish Ack (id=4691)"
"730060","4757.787191358","192.168.15.4","192.168.15.3","MQTT","68","Disconnect Req"
"730068","4758.791505272","192.168.15.4","192.168.15.3","MQTT","90","Connect Command"
"730070","4758.794456742","192.168.15.4","192.168.15.3","MQTT","97","Publish Message (id=4692) [Deviceb'Device - 2']"
"730071","4758.794855917","192.168.15.3","192.168.15.4","MQTT","70","Connect Ack"
"730074","4758.797517028","192.168.15.3","192.168.15.4","MQTT","70","Publish Ack (id=4692)"
"730076","4758.798035989","192.168.15.4","192.168.15.3","MQTT","68","Disconnect Req"
"730088","4759.802412042","192.168.15.4","192.168.15.3","MQTT","90","Connect Command"
"730090","4759.805299821","192.168.15.4","192.168.15.3","MQTT","97","Publish Message (id=4693) [Deviceb'Device - 2']"
"730092","4759.809821630","192.168.15.3","192.168.15.4","MQTT","70","Connect Ack"
"730094","4759.812226426","192.168.15.3","192.168.15.4","MQTT","70","Publish Ack (id=4693)"
"730096","4759.812785654","192.168.15.4","192.168.15.3","MQTT","68","Disconnect Req"
"730114","4760.817193725","192.168.15.4","192.168.15.3","MQTT","90","Connect Command"
"730116","4760.820073399","192.168.15.4","192.168.15.3","MQTT","97","Publish Message (id=4694) [Deviceb'Device - 2']"
"730117","4760.820463015","192.168.15.3","192.168.15.4","MQTT","70","Connect Ack"
"730120","4760.822995574","192.168.15.3","192.168.15.4","MQTT","70","Publish Ack (id=4694)"
"730122","4760.823512471","192.168.15.4","192.168.15.3","MQTT","68","Disconnect Req"
"730134","4761.827282977","192.168.15.4","192.168.15.3","MQTT","90","Connect Command"
"730136","4761.830166649","192.168.15.4","192.168.15.3","MQTT","97","Publish Message (id=4695) [Deviceb'Device - 2']"
"730137","4761.830566755","192.168.15.3","192.168.15.4","MQTT","70","Connect Ack"
"730140","4761.833222486","192.168.15.3","192.168.15.4","MQTT","70","Publish Ack (id=4695)"
"730142","4761.833839703","192.168.15.4","192.168.15.3","MQTT","68","Disconnect Req"
"730157","4762.837652039","192.168.15.4","192.168.15.3","MQTT","90","Connect Command"
"730159","4762.842468314","192.168.15.4","192.168.15.3","MQTT","97","Publish Message (id=4696) [Deviceb'Device - 2']"
"730160","4762.842937020","192.168.15.3","192.168.15.4","MQTT","70","Connect Ack"
"730163","4762.845471412","192.168.15.3","192.168.15.4","MQTT","70","Publish Ack (id=4696)"
"730165","4762.846055656","192.168.15.4","192.168.15.3","MQTT","68","Disconnect Req"
"730183","4763.849835751","192.168.15.4","192.168.15.3","MQTT","90","Connect Command"
"730185","4763.852968965","192.168.15.4","192.168.15.3","MQTT","97","Publish Message (id=4697) [Deviceb'Device - 2']"
"730186","4763.853297366","192.168.15.3","192.168.15.4","MQTT","70","Connect Ack"
"730189","4763.855930384","192.168.15.3","192.168.15.4","MQTT","70","Publish Ack (id=4697)"
"730191","4763.856527272","192.168.15.4","192.168.15.3","MQTT","68","Disconnect Req"
"731661","4764.860978495","192.168.15.4","192.168.15.3","MQTT","90","Connect Command"
"731663","4764.863852589","192.168.15.4","192.168.15.3","MQTT","97","Publish Message (id=4698) [Deviceb'Device - 2']"
"731665","4764.868037251","192.168.15.3","192.168.15.4","MQTT","70","Connect Ack"
"731667","4764.870408463","192.168.15.3","192.168.15.4","MQTT","70","Publish Ack (id=4698)"
"731669","4764.871193187","192.168.15.4","192.168.15.3","MQTT","68","Disconnect Req"
"731681","4765.875658597","192.168.15.4","192.168.15.3","MQTT","90","Connect Command"
"731683","4765.879992290","192.168.15.4","192.168.15.3","MQTT","97","Publish Message (id=4699) [Deviceb'Device - 2']"
"731684","4765.880354104","192.168.15.3","192.168.15.4","MQTT","70","Connect Ack"
"731687","4765.882996970","192.168.15.3","192.168.15.4","MQTT","70","Publish Ack (id=4699)"
"731689","4765.883721229","192.168.15.4","192.168.15.3","MQTT","68","Disconnect Req"
"731979","4766.887413066","192.168.15.4","192.168.15.3","MQTT","90","Connect Command"
"731981","4766.890361520","192.168.15.4","192.168.15.3","MQTT","97","Publish Message (id=4700) [Deviceb'Device - 2']"
"731982","4766.890768700","192.168.15.3","192.168.15.4","MQTT","70","Connect Ack"
"731985","4766.893295858","192.168.15.3","192.168.15.4","MQTT","70","Publish Ack (id=4700)"
"731987","4766.893809368","192.168.15.4","192.168.15.3","MQTT","68","Disconnect Req"
"732035","4767.897878136","192.168.15.4","192.168.15.3","MQTT","90","Connect Command"
"732037","4767.900824176","192.168.15.4","192.168.15.3","MQTT","97","Publish Message (id=4701) [Deviceb'Device - 2']"
"732038","4767.901231796","192.168.15.3","192.168.15.4","MQTT","70","Connect Ack"
"732041","4767.903800433","192.168.15.3","192.168.15.4","MQTT","70","Publish Ack (id=4701)"
"732043","4767.904571871","192.168.15.4","192.168.15.3","MQTT","68","Disconnect Req"
"732081","4768.908249147","192.168.15.4","192.168.15.3","MQTT","90","Connect Command"
"732083","4768.911202130","192.168.15.4","192.168.15.3","MQTT","97","Publish Message (id=4702) [Deviceb'Device - 2']"
"732084","4768.911552683","192.168.15.3","192.168.15.4","MQTT","70","Connect Ack"
"732087","4768.914232960","192.168.15.3","192.168.15.4","MQTT","70","Publish Ack (id=4702)"
"732089","4768.914914168","192.168.15.4","192.168.15.3","MQTT","68","Disconnect Req"
"732097","4769.919537234","192.168.15.4","192.168.15.3","MQTT","90","Connect Command"
"732099","4769.922422679","192.168.15.4","192.168.15.3","MQTT","97","Publish Message (id=4703) [Deviceb'Device - 2']"
"732101","4769.926783814","192.168.15.3","192.168.15.4","MQTT","70","Connect Ack"
"732103","4769.929411191","192.168.15.3","192.168.15.4","MQTT","70","Publish Ack (id=4703)"
"732105","4769.930429717","192.168.15.4","192.168.15.3","MQTT","68","Disconnect Req"
"732121","4770.935191063","192.168.15.4","192.168.15.3","MQTT","90","Connect Command"
"732123","4770.937890737","192.168.15.4","192.168.15.3","MQTT","97","Publish Message (id=4704) [Deviceb'Device - 2']"
"732124","4770.938304129","192.168.15.3","192.168.15.4","MQTT","70","Connect Ack"
"732127","4770.940865211","192.168.15.3","192.168.15.4","MQTT","70","Publish Ack (id=4704)"
"732129","4770.941542551","192.168.15.4","192.168.15.3","MQTT","68","Disconnect Req"
"732144","4771.945374650","192.168.15.4","192.168.15.3","MQTT","90","Connect Command"
"732146","4771.948263792","192.168.15.4","192.168.15.3","MQTT","97","Publish Message (id=4705) [Deviceb'Device - 2']"
"732147","4771.948659961","192.168.15.3","192.168.15.4","MQTT","70","Connect Ack"
"732150","4771.951220102","192.168.15.3","192.168.15.4","MQTT","70","Publish Ack (id=4705)"
"732152","4771.951958357","192.168.15.4","192.168.15.3","MQTT","68","Disconnect Req"
"732164","4772.956071077","192.168.15.4","192.168.15.3","MQTT","90","Connect Command"
"732166","4772.958956913","192.168.15.4","192.168.15.3","MQTT","97","Publish Message (id=4706) [Deviceb'Device - 2']"
"732167","4772.959345878","192.168.15.3","192.168.15.4","MQTT","70","Connect Ack"
"732170","4772.962897172","192.168.15.3","192.168.15.4","MQTT","70","Publish Ack (id=4706)"
"732172","4772.963644926","192.168.15.4","192.168.15.3","MQTT","68","Disconnect Req"
"733520","4773.967975278","192.168.15.4","192.168.15.3","MQTT","90","Connect Command"
"733522","4773.971216605","192.168.15.4","192.168.15.3","MQTT","97","Publish Message (id=4707) [Deviceb'Device - 2']"
"733523","4773.971235301","192.168.15.3","192.168.15.4","MQTT","70","Connect Ack"
"733526","4773.974204274","192.168.15.3","192.168.15.4","MQTT","70","Publish Ack (id=4707)"
"733528","4773.974849724","192.168.15.4","192.168.15.3","MQTT","68","Disconnect Req"
"733559","4774.979234157","192.168.15.4","192.168.15.3","MQTT","90","Connect Command"
"733561","4774.982042155","192.168.15.4","192.168.15.3","MQTT","97","Publish Message (id=4708) [Deviceb'Device - 2']"
"733563","4774.987155362","192.168.15.3","192.168.15.4","MQTT","70","Connect Ack"
"733565","4774.989635691","192.168.15.3","192.168.15.4","MQTT","70","Publish Ack (id=4708)"
"733567","4774.990361664","192.168.15.4","192.168.15.3","MQTT","68","Disconnect Req"
"733746","4775.994202889","192.168.15.4","192.168.15.3","MQTT","90","Connect Command"
"733748","4775.997143188","192.168.15.4","192.168.15.3","MQTT","97","Publish Message (id=4709) [Deviceb'Device - 2']"
"733749","4775.997538255","192.168.15.3","192.168.15.4","MQTT","70","Connect Ack"
"733752","4776.000132248","192.168.15.3","192.168.15.4","MQTT","70","Publish Ack (id=4709)"
"733754","4776.001011000","192.168.15.4","192.168.15.3","MQTT","68","Disconnect Req"
"733771","4777.005301243","192.168.15.4","192.168.15.3","MQTT","90","Connect Command"
"733773","4777.010036065","192.168.15.4","192.168.15.3","MQTT","97","Publish Message (id=4710) [Deviceb'Device - 2']"
"733774","4777.010412647","192.168.15.3","192.168.15.4","MQTT","70","Connect Ack"
"733777","4777.013007693","192.168.15.3","192.168.15.4","MQTT","70","Publish Ack (id=4710)"
"733779","4777.013770225","192.168.15.4","192.168.15.3","MQTT","68","Disconnect Req"
"734285","4778.019238495","192.168.15.4","192.168.15.3","MQTT","90","Connect Command"
"734337","4778.025664173","192.168.15.4","192.168.15.3","MQTT","97","Publish Message (id=4711) [Deviceb'Device - 2']"
"734342","4778.025935216","192.168.15.3","192.168.15.4","MQTT","70","Connect Ack"
"734378","4778.029105479","192.168.15.3","192.168.15.4","MQTT","70","Publish Ack (id=4711)"
"734391","4778.030267185","192.168.15.4","192.168.15.3","MQTT","68","Disconnect Req"
"734666","4779.034939340","192.168.15.4","192.168.15.3","MQTT","90","Connect Command"
"734690","4779.037821790","192.168.15.4","192.168.15.3","MQTT","97","Publish Message (id=4712) [Deviceb'Device - 2']"
"734691","4779.038239950","192.168.15.3","192.168.15.4","MQTT","70","Connect Ack"
"734697","4779.040797105","192.168.15.3","192.168.15.4","MQTT","70","Publish Ack (id=4712)"
"734699","4779.041481789","192.168.15.4","192.168.15.3","MQTT","68","Disconnect Req"
"737343","4780.045694435","192.168.15.4","192.168.15.3","MQTT","90","Connect Command"
"737345","4780.048466475","192.168.15.4","192.168.15.3","MQTT","97","Publish Message (id=4713) [Deviceb'Device - 2']"
"737347","4780.052859510","192.168.15.3","192.168.15.4","MQTT","70","Connect Ack"
"737349","4780.055269928","192.168.15.3","192.168.15.4","MQTT","70","Publish Ack (id=4713)"
"737351","4780.055958660","192.168.15.4","192.168.15.3","MQTT","68","Disconnect Req"
"737483","4781.060210970","192.168.15.4","192.168.15.3","MQTT","90","Connect Command"
"737485","4781.063256457","192.168.15.4","192.168.15.3","MQTT","97","Publish Message (id=4714) [Deviceb'Device - 2']"
"737486","4781.063665390","192.168.15.3","192.168.15.4","MQTT","70","Connect Ack"
"737489","4781.066137093","192.168.15.3","192.168.15.4","MQTT","70","Publish Ack (id=4714)"
"737491","4781.066739993","192.168.15.4","192.168.15.3","MQTT","68","Disconnect Req"
"737671","4782.070341954","192.168.15.4","192.168.15.3","MQTT","90","Connect Command"
"737673","4782.073357344","192.168.15.4","192.168.15.3","MQTT","97","Publish Message (id=4715) [Deviceb'Device - 2']"
"737674","4782.073785594","192.168.15.3","192.168.15.4","MQTT","70","Connect Ack"
"737677","4782.076534330","192.168.15.3","192.168.15.4","MQTT","70","Publish Ack (id=4715)"
"737679","4782.076811885","192.168.15.4","192.168.15.3","MQTT","68","Disconnect Req"
"737703","4783.080585079","192.168.15.4","192.168.15.3","MQTT","90","Connect Command"
"737705","4783.083513435","192.168.15.4","192.168.15.3","MQTT","97","Publish Message (id=4716) [Deviceb'Device - 2']"
"737706","4783.083911728","192.168.15.3","192.168.15.4","MQTT","70","Connect Ack"
"737709","4783.086875241","192.168.15.3","192.168.15.4","MQTT","70","Publish Ack (id=4716)"
"737711","4783.087386908","192.168.15.4","192.168.15.3","MQTT","68","Disconnect Req"
"738185","4784.091819417","192.168.15.4","192.168.15.3","MQTT","90","Connect Command"
"738213","4784.094868412","192.168.15.4","192.168.15.3","MQTT","97","Publish Message (id=4717) [Deviceb'Device - 2']"
"738214","4784.094963081","192.168.15.3","192.168.15.4","MQTT","70","Connect Ack"
"738247","4784.099025551","192.168.15.3","192.168.15.4","MQTT","70","Publish Ack (id=4717)"
"738253","4784.099534704","192.168.15.4","192.168.15.3","MQTT","68","Disconnect Req"
"739653","4785.103842247","192.168.15.4","192.168.15.3","MQTT","90","Connect Command"
"739655","4785.106833792","192.168.15.4","192.168.15.3","MQTT","97","Publish Message (id=4718) [Deviceb'Device - 2']"
"739657","4785.111201950","192.168.15.3","192.168.15.4","MQTT","70","Connect Ack"
"739659","4785.113713398","192.168.15.3","192.168.15.4","MQTT","70","Publish Ack (id=4718)"
"739661","4785.114226508","192.168.15.4","192.168.15.3","MQTT","68","Disconnect Req"
"739671","4786.118360152","192.168.15.4","192.168.15.3","MQTT","90","Connect Command"
"739674","4786.121308867","192.168.15.4","192.168.15.3","MQTT","97","Publish Message (id=4719) [Deviceb'Device - 2']"
"739675","4786.121704054","192.168.15.3","192.168.15.4","MQTT","70","Connect Ack"
"739679","4786.124278200","192.168.15.3","192.168.15.4","MQTT","70","Publish Ack (id=4719)"
"739681","4786.124704236","192.168.15.4","192.168.15.3","MQTT","68","Disconnect Req"
"739697","4787.128447381","192.168.15.4","192.168.15.3","MQTT","90","Connect Command"
"739699","4787.131257704","192.168.15.4","192.168.15.3","MQTT","97","Publish Message (id=4720) [Deviceb'Device - 2']"
"739700","4787.131649444","192.168.15.3","192.168.15.4","MQTT","70","Connect Ack"
"739703","4787.134070141","192.168.15.3","192.168.15.4","MQTT","70","Publish Ack (id=4720)"
"739705","4787.134533998","192.168.15.4","192.168.15.3","MQTT","68","Disconnect Req"
"739958","4788.138597959","192.168.15.4","192.168.15.3","MQTT","90","Connect Command"
"739960","4788.141482422","192.168.15.4","192.168.15.3","MQTT","97","Publish Message (id=4721) [Deviceb'Device - 2']"
"739961","4788.141975063","192.168.15.3","192.168.15.4","MQTT","70","Connect Ack"
"739964","4788.144364591","192.168.15.3","192.168.15.4","MQTT","70","Publish Ack (id=4721)"
"739966","4788.144950018","192.168.15.4","192.168.15.3","MQTT","68","Disconnect Req"
"739981","4789.149375011","192.168.15.4","192.168.15.3","MQTT","90","Connect Command"
"739983","4789.152413115","192.168.15.4","192.168.15.3","MQTT","97","Publish Message (id=4722) [Deviceb'Device - 2']"
"739984","4789.152795728","192.168.15.3","192.168.15.4","MQTT","70","Connect Ack"
"739987","4789.155407636","192.168.15.3","192.168.15.4","MQTT","70","Publish Ack (id=4722)"
"739989","4789.156292209","192.168.15.4","192.168.15.3","MQTT","68","Disconnect Req"
"740006","4790.160289242","192.168.15.4","192.168.15.3","MQTT","90","Connect Command"
"740008","4790.163228669","192.168.15.4","192.168.15.3","MQTT","97","Publish Message (id=4723) [Deviceb'Device - 2']"
"740010","4790.167649036","192.168.15.3","192.168.15.4","MQTT","70","Connect Ack"
"740012","4790.170077557","192.168.15.3","192.168.15.4","MQTT","70","Publish Ack (id=4723)"
"740014","4790.170473486","192.168.15.4","192.168.15.3","MQTT","68","Disconnect Req"
"740037","4791.174977748","192.168.15.4","192.168.15.3","MQTT","90","Connect Command"
"740039","4791.177908479","192.168.15.4","192.168.15.3","MQTT","97","Publish Message (id=4724) [Deviceb'Device - 2']"
"740040","4791.178264362","192.168.15.3","192.168.15.4","MQTT","70","Connect Ack"
"740043","4791.180821937","192.168.15.3","192.168.15.4","MQTT","70","Publish Ack (id=4724)"
"740045","4791.181414126","192.168.15.4","192.168.15.3","MQTT","68","Disconnect Req"
"740065","4792.185768875","192.168.15.4","192.168.15.3","MQTT","90","Connect Command"
"740067","4792.188772704","192.168.15.4","192.168.15.3","MQTT","97","Publish Message (id=4725) [Deviceb'Device - 2']"
"740068","4792.189217816","192.168.15.3","192.168.15.4","MQTT","70","Connect Ack"
"740071","4792.192434177","192.168.15.3","192.168.15.4","MQTT","70","Publish Ack (id=4725)"
"740073","4792.192737150","192.168.15.4","192.168.15.3","MQTT","68","Disconnect Req"
"740093","4793.196421991","192.168.15.4","192.168.15.3","MQTT","90","Connect Command"
"740095","4793.199285615","192.168.15.4","192.168.15.3","MQTT","97","Publish Message (id=4726) [Deviceb'Device - 2']"
"740096","4793.199698997","192.168.15.3","192.168.15.4","MQTT","70","Connect Ack"
"740099","4793.202309943","192.168.15.3","192.168.15.4","MQTT","70","Publish Ack (id=4726)"
"740101","4793.202798487","192.168.15.4","192.168.15.3","MQTT","68","Disconnect Req"
"740119","4794.206961934","192.168.15.4","192.168.15.3","MQTT","90","Connect Command"
"740122","4794.209913894","192.168.15.4","192.168.15.3","MQTT","97","Publish Message (id=4727) [Deviceb'Device - 2']"
"740123","4794.210317838","192.168.15.3","192.168.15.4","MQTT","70","Connect Ack"
"740126","4794.212917893","192.168.15.3","192.168.15.4","MQTT","70","Publish Ack (id=4727)"
"740128","4794.213581338","192.168.15.4","192.168.15.3","MQTT","68","Disconnect Req"
"741690","4795.218644605","192.168.15.4","192.168.15.3","MQTT","90","Connect Command"
"741710","4795.221291409","192.168.15.4","192.168.15.3","MQTT","97","Publish Message (id=4728) [Deviceb'Device - 2']"
"741755","4795.226177055","192.168.15.3","192.168.15.4","MQTT","70","Connect Ack"
"741796","4795.229976218","192.168.15.3","192.168.15.4","MQTT","70","Publish Ack (id=4728)"
"741803","4795.230508224","192.168.15.4","192.168.15.3","MQTT","68","Disconnect Req"
"741917","4796.234427448","192.168.15.4","192.168.15.3","MQTT","90","Connect Command"
"741919","4796.237391822","192.168.15.4","192.168.15.3","MQTT","97","Publish Message (id=4729) [Deviceb'Device - 2']"
"741920","4796.237826033","192.168.15.3","192.168.15.4","MQTT","70","Connect Ack"
"741924","4796.240389289","192.168.15.3","192.168.15.4","MQTT","70","Publish Ack (id=4729)"
"741926","4796.241038316","192.168.15.4","192.168.15.3","MQTT","68","Disconnect Req"
"741941","4797.244427568","192.168.15.4","192.168.15.3","MQTT","90","Connect Command"
"741943","4797.247350974","192.168.15.4","192.168.15.3","MQTT","97","Publish Message (id=4730) [Deviceb'Device - 2']"
"741944","4797.247758825","192.168.15.3","192.168.15.4","MQTT","70","Connect Ack"
"741947","4797.250252279","192.168.15.3","192.168.15.4","MQTT","70","Publish Ack (id=4730)"
"741949","4797.250562977","192.168.15.4","192.168.15.3","MQTT","68","Disconnect Req"
"742304","4798.254561140","192.168.15.4","192.168.15.3","MQTT","90","Connect Command"
"742306","4798.257421197","192.168.15.4","192.168.15.3","MQTT","97","Publish Message (id=4731) [Deviceb'Device - 2']"
"742307","4798.257870056","192.168.15.3","192.168.15.4","MQTT","70","Connect Ack"
"742310","4798.260276605","192.168.15.3","192.168.15.4","MQTT","70","Publish Ack (id=4731)"
"742312","4798.261005613","192.168.15.4","192.168.15.3","MQTT","68","Disconnect Req"
"742324","4799.265683170","192.168.15.4","192.168.15.3","MQTT","90","Connect Command"
"742326","4799.268103676","192.168.15.4","192.168.15.3","MQTT","97","Publish Message (id=4732) [Deviceb'Device - 2']"
"742327","4799.268441234","192.168.15.3","192.168.15.4","MQTT","70","Connect Ack"
"742330","4799.270980815","192.168.15.3","192.168.15.4","MQTT","70","Publish Ack (id=4732)"
"742332","4799.271525264","192.168.15.4","192.168.15.3","MQTT","68","Disconnect Req"
"742344","4800.276095467","192.168.15.4","192.168.15.3","MQTT","90","Connect Command"
"742346","4800.279000830","192.168.15.4","192.168.15.3","MQTT","97","Publish Message (id=4733) [Deviceb'Device - 2']"
"742348","4800.283322069","192.168.15.3","192.168.15.4","MQTT","70","Connect Ack"
"742350","4800.286218616","192.168.15.3","192.168.15.4","MQTT","70","Publish Ack (id=4733)"
"742352","4800.286785578","192.168.15.4","192.168.15.3","MQTT","68","Disconnect Req"
"742396","4801.290686415","192.168.15.4","192.168.15.3","MQTT","90","Connect Command"
"742398","4801.293602127","192.168.15.4","192.168.15.3","MQTT","97","Publish Message (id=4734) [Deviceb'Device - 2']"
"742399","4801.293982506","192.168.15.3","192.168.15.4","MQTT","70","Connect Ack"
"742402","4801.296545702","192.168.15.3","192.168.15.4","MQTT","70","Publish Ack (id=4734)"
"742404","4801.296991104","192.168.15.4","192.168.15.3","MQTT","68","Disconnect Req"
"742419","4802.300978645","192.168.15.4","192.168.15.3","MQTT","90","Connect Command"
"742421","4802.303871835","192.168.15.4","192.168.15.3","MQTT","97","Publish Message (id=4735) [Deviceb'Device - 2']"
"742422","4802.304281770","192.168.15.3","192.168.15.4","MQTT","70","Connect Ack"
"742425","4802.306768812","192.168.15.3","192.168.15.4","MQTT","70","Publish Ack (id=4735)"
"742427","4802.307166814","192.168.15.4","192.168.15.3","MQTT","68","Disconnect Req"
"742442","4803.311040739","192.168.15.4","192.168.15.3","MQTT","90","Connect Command"
"742444","4803.313970709","192.168.15.4","192.168.15.3","MQTT","97","Publish Message (id=4736) [Deviceb'Device - 2']"
"742445","4803.314394560","192.168.15.3","192.168.15.4","MQTT","70","Connect Ack"
"742448","4803.316944321","192.168.15.3","192.168.15.4","MQTT","70","Publish Ack (id=4736)"
"742450","4803.317196688","192.168.15.4","192.168.15.3","MQTT","68","Disconnect Req"
"742470","4804.320869272","192.168.15.4","192.168.15.3","MQTT","90","Connect Command"
"742472","4804.323789302","192.168.15.4","192.168.15.3","MQTT","97","Publish Message (id=4737) [Deviceb'Device - 2']"
"742473","4804.324221539","192.168.15.3","192.168.15.4","MQTT","70","Connect Ack"
"742476","4804.326644089","192.168.15.3","192.168.15.4","MQTT","70","Publish Ack (id=4737)"
"742478","4804.327115741","192.168.15.4","192.168.15.3","MQTT","68","Disconnect Req"
"743996","4805.331316744","192.168.15.4","192.168.15.3","MQTT","90","Connect Command"
"743998","4805.334258786","192.168.15.4","192.168.15.3","MQTT","97","Publish Message (id=4738) [Deviceb'Device - 2']"
"744000","4805.338616655","192.168.15.3","192.168.15.4","MQTT","70","Connect Ack"
"744002","4805.341037101","192.168.15.3","192.168.15.4","MQTT","70","Publish Ack (id=4738)"
"744004","4805.341548959","192.168.15.4","192.168.15.3","MQTT","68","Disconnect Req"
"744012","4806.345169404","192.168.15.4","192.168.15.3","MQTT","90","Connect Command"
"744014","4806.348083934","192.168.15.4","192.168.15.3","MQTT","97","Publish Message (id=4739) [Deviceb'Device - 2']"
"744015","4806.348476856","192.168.15.3","192.168.15.4","MQTT","70","Connect Ack"
"744018","4806.350997482","192.168.15.3","192.168.15.4","MQTT","70","Publish Ack (id=4739)"
"744021","4806.351877816","192.168.15.4","192.168.15.3","MQTT","68","Disconnect Req"
"744044","4807.355927011","192.168.15.4","192.168.15.3","MQTT","90","Connect Command"
"744046","4807.358974052","192.168.15.4","192.168.15.3","MQTT","97","Publish Message (id=4740) [Deviceb'Device - 2']"
"744047","4807.359395278","192.168.15.3","192.168.15.4","MQTT","70","Connect Ack"
"744050","4807.361991166","192.168.15.3","192.168.15.4","MQTT","70","Publish Ack (id=4740)"
"744052","4807.362971620","192.168.15.4","192.168.15.3","MQTT","68","Disconnect Req"
"744135","4808.367073664","192.168.15.4","192.168.15.3","MQTT","90","Connect Command"
"744137","4808.370093403","192.168.15.4","192.168.15.3","MQTT","97","Publish Message (id=4741) [Deviceb'Device - 2']"
"744138","4808.370524368","192.168.15.3","192.168.15.4","MQTT","70","Connect Ack"
"744141","4808.373141766","192.168.15.3","192.168.15.4","MQTT","70","Publish Ack (id=4741)"
"744143","4808.373565087","192.168.15.4","192.168.15.3","MQTT","68","Disconnect Req"
"744159","4809.376914408","192.168.15.4","192.168.15.3","MQTT","90","Connect Command"
"744161","4809.379922925","192.168.15.4","192.168.15.3","MQTT","97","Publish Message (id=4742) [Deviceb'Device - 2']"
"744162","4809.380323753","192.168.15.3","192.168.15.4","MQTT","70","Connect Ack"
"744165","4809.382932365","192.168.15.3","192.168.15.4","MQTT","70","Publish Ack (id=4742)"
"744167","4809.383280874","192.168.15.4","192.168.15.3","MQTT","68","Disconnect Req"
"744181","4810.386905956","192.168.15.4","192.168.15.3","MQTT","90","Connect Command"
"744183","4810.391818824","192.168.15.4","192.168.15.3","MQTT","97","Publish Message (id=4743) [Deviceb'Device - 2']"
"744185","4810.396188435","192.168.15.3","192.168.15.4","MQTT","70","Connect Ack"
"744187","4810.398709441","192.168.15.3","192.168.15.4","MQTT","70","Publish Ack (id=4743)"
"744189","4810.399028715","192.168.15.4","192.168.15.3","MQTT","68","Disconnect Req"
"744225","4811.402344873","192.168.15.4","192.168.15.3","MQTT","90","Connect Command"
"744227","4811.405340767","192.168.15.4","192.168.15.3","MQTT","97","Publish Message (id=4744) [Deviceb'Device - 2']"
"744228","4811.405774136","192.168.15.3","192.168.15.4","MQTT","70","Connect Ack"
"744231","4811.408278320","192.168.15.3","192.168.15.4","MQTT","70","Publish Ack (id=4744)"
"744233","4811.408561005","192.168.15.4","192.168.15.3","MQTT","68","Disconnect Req"
"745004","4812.412108910","192.168.15.4","192.168.15.3","MQTT","90","Connect Command"
"745090","4812.421083647","192.168.15.4","192.168.15.3","MQTT","97","Publish Message (id=4745) [Deviceb'Device - 2']"
"745099","4812.421811704","192.168.15.3","192.168.15.4","MQTT","70","Connect Ack"
"745132","4812.424674997","192.168.15.3","192.168.15.4","MQTT","70","Publish Ack (id=4745)"
"745135","4812.425001935","192.168.15.4","192.168.15.3","MQTT","68","Disconnect Req"
"746554","4813.429139805","192.168.15.4","192.168.15.3","MQTT","90","Connect Command"
"746556","4813.432085484","192.168.15.4","192.168.15.3","MQTT","97","Publish Message (id=4746) [Deviceb'Device - 2']"
"746557","4813.432480110","192.168.15.3","192.168.15.4","MQTT","70","Connect Ack"
"746560","4813.434934511","192.168.15.3","192.168.15.4","MQTT","70","Publish Ack (id=4746)"
"746562","4813.435269795","192.168.15.4","192.168.15.3","MQTT","68","Disconnect Req"
"746579","4814.439173432","192.168.15.4","192.168.15.3","MQTT","90","Connect Command"
"746581","4814.442173393","192.168.15.4","192.168.15.3","MQTT","97","Publish Message (id=4747) [Deviceb'Device - 2']"
"746582","4814.442594449","192.168.15.3","192.168.15.4","MQTT","70","Connect Ack"
"746585","4814.445281148","192.168.15.3","192.168.15.4","MQTT","70","Publish Ack (id=4747)"
"746587","4814.445870893","192.168.15.4","192.168.15.3","MQTT","68","Disconnect Req"
"746627","4815.449996380","192.168.15.4","192.168.15.3","MQTT","90","Connect Command"
"746636","4815.453041276","192.168.15.4","192.168.15.3","MQTT","97","Publish Message (id=4748) [Deviceb'Device - 2']"
"746639","4815.457400137","192.168.15.3","192.168.15.4","MQTT","70","Connect Ack"
"746641","4815.460580499","192.168.15.3","192.168.15.4","MQTT","70","Publish Ack (id=4748)"
"746643","4815.461084061","192.168.15.4","192.168.15.3","MQTT","68","Disconnect Req"
"746662","4816.465600797","192.168.15.4","192.168.15.3","MQTT","90","Connect Command"
"746664","4816.468962803","192.168.15.4","192.168.15.3","MQTT","97","Publish Message (id=4749) [Deviceb'Device - 2']"
"746665","4816.469338443","192.168.15.3","192.168.15.4","MQTT","70","Connect Ack"
"746668","4816.471928089","192.168.15.3","192.168.15.4","MQTT","70","Publish Ack (id=4749)"
"746670","4816.472287478","192.168.15.4","192.168.15.3","MQTT","68","Disconnect Req"
"746697","4817.475764427","192.168.15.4","192.168.15.3","MQTT","90","Connect Command"
"746699","4817.478757596","192.168.15.4","192.168.15.3","MQTT","97","Publish Message (id=4750) [Deviceb'Device - 2']"
"746700","4817.479192989","192.168.15.3","192.168.15.4","MQTT","70","Connect Ack"
"746703","4817.481789118","192.168.15.3","192.168.15.4","MQTT","70","Publish Ack (id=4750)"
"746705","4817.482117649","192.168.15.4","192.168.15.3","MQTT","68","Disconnect Req"
"746732","4818.486071449","192.168.15.4","192.168.15.3","MQTT","90","Connect Command"
"746734","4818.488976331","192.168.15.4","192.168.15.3","MQTT","97","Publish Message (id=4751) [Deviceb'Device - 2']"
"746735","4818.489460005","192.168.15.3","192.168.15.4","MQTT","70","Connect Ack"
"746738","4818.491798496","192.168.15.3","192.168.15.4","MQTT","70","Publish Ack (id=4751)"
"746740","4818.492262854","192.168.15.4","192.168.15.3","MQTT","68","Disconnect Req"
"746760","4819.496983905","192.168.15.4","192.168.15.3","MQTT","90","Connect Command"
"746762","4819.499897864","192.168.15.4","192.168.15.3","MQTT","97","Publish Message (id=4752) [Deviceb'Device - 2']"
"746763","4819.500285146","192.168.15.3","192.168.15.4","MQTT","70","Connect Ack"
"746766","4819.502930918","192.168.15.3","192.168.15.4","MQTT","70","Publish Ack (id=4752)"
"746768","4819.503651169","192.168.15.4","192.168.15.3","MQTT","68","Disconnect Req"
"746780","4820.507706811","192.168.15.4","192.168.15.3","MQTT","90","Connect Command"
"746782","4820.510670514","192.168.15.4","192.168.15.3","MQTT","97","Publish Message (id=4753) [Deviceb'Device - 2']"
"746784","4820.515005620","192.168.15.3","192.168.15.4","MQTT","70","Connect Ack"
"746786","4820.517598983","192.168.15.3","192.168.15.4","MQTT","70","Publish Ack (id=4753)"
"746788","4820.518319395","192.168.15.4","192.168.15.3","MQTT","68","Disconnect Req"
"746808","4821.522164348","192.168.15.4","192.168.15.3","MQTT","90","Connect Command"
"746810","4821.525149412","192.168.15.4","192.168.15.3","MQTT","97","Publish Message (id=4754) [Deviceb'Device - 2']"
"746811","4821.525559006","192.168.15.3","192.168.15.4","MQTT","70","Connect Ack"
"746814","4821.528201532","192.168.15.3","192.168.15.4","MQTT","70","Publish Ack (id=4754)"
"746816","4821.529001704","192.168.15.4","192.168.15.3","MQTT","68","Disconnect Req"
"746840","4822.533022620","192.168.15.4","192.168.15.3","MQTT","90","Connect Command"
"746842","4822.535976234","192.168.15.4","192.168.15.3","MQTT","97","Publish Message (id=4755) [Deviceb'Device - 2']"
"746843","4822.536403703","192.168.15.3","192.168.15.4","MQTT","70","Connect Ack"
"746846","4822.538871478","192.168.15.3","192.168.15.4","MQTT","70","Publish Ack (id=4755)"
"746848","4822.539706417","192.168.15.4","192.168.15.3","MQTT","68","Disconnect Req"
"748318","4823.543958639","192.168.15.4","192.168.15.3","MQTT","90","Connect Command"
"748320","4823.547992175","192.168.15.4","192.168.15.3","MQTT","97","Publish Message (id=4756) [Deviceb'Device - 2']"
"748321","4823.549448698","192.168.15.3","192.168.15.4","MQTT","70","Connect Ack"
"748324","4823.550831653","192.168.15.3","192.168.15.4","MQTT","70","Publish Ack (id=4756)"
"748326","4823.551236078","192.168.15.4","192.168.15.3","MQTT","68","Disconnect Req"
"748340","4824.555153727","192.168.15.4","192.168.15.3","MQTT","90","Connect Command"
"748342","4824.558512327","192.168.15.4","192.168.15.3","MQTT","97","Publish Message (id=4757) [Deviceb'Device - 2']"
"748343","4824.558766086","192.168.15.3","192.168.15.4","MQTT","70","Connect Ack"
"748346","4824.561599212","192.168.15.3","192.168.15.4","MQTT","70","Publish Ack (id=4757)"
"748348","4824.563076545","192.168.15.4","192.168.15.3","MQTT","68","Disconnect Req"
"748362","4825.567155610","192.168.15.4","192.168.15.3","MQTT","90","Connect Command"
"748364","4825.570229872","192.168.15.4","192.168.15.3","MQTT","97","Publish Message (id=4758) [Deviceb'Device - 2']"
"748366","4825.574462364","192.168.15.3","192.168.15.4","MQTT","70","Connect Ack"
"748368","4825.576940619","192.168.15.3","192.168.15.4","MQTT","70","Publish Ack (id=4758)"
"748370","4825.577401530","192.168.15.4","192.168.15.3","MQTT","68","Disconnect Req"
"748380","4826.581723193","192.168.15.4","192.168.15.3","MQTT","90","Connect Command"
"748382","4826.586456922","192.168.15.4","192.168.15.3","MQTT","97","Publish Message (id=4759) [Deviceb'Device - 2']"
"748383","4826.586895752","192.168.15.3","192.168.15.4","MQTT","70","Connect Ack"
"748386","4826.589476861","192.168.15.3","192.168.15.4","MQTT","70","Publish Ack (id=4759)"
"748388","4826.589891946","192.168.15.4","192.168.15.3","MQTT","68","Disconnect Req"
"748424","4827.593652087","192.168.15.4","192.168.15.3","MQTT","90","Connect Command"
"748426","4827.596628524","192.168.15.4","192.168.15.3","MQTT","97","Publish Message (id=4760) [Deviceb'Device - 2']"
"748427","4827.597055681","192.168.15.3","192.168.15.4","MQTT","70","Connect Ack"
"748430","4827.599518387","192.168.15.3","192.168.15.4","MQTT","70","Publish Ack (id=4760)"
"748432","4827.599862928","192.168.15.4","192.168.15.3","MQTT","68","Disconnect Req"
"748786","4828.603542887","192.168.15.4","192.168.15.3","MQTT","90","Connect Command"
"748788","4828.606608453","192.168.15.4","192.168.15.3","MQTT","97","Publish Message (id=4761) [Deviceb'Device - 2']"
"748789","4828.606994503","192.168.15.3","192.168.15.4","MQTT","70","Connect Ack"
"748792","4828.609589027","192.168.15.3","192.168.15.4","MQTT","70","Publish Ack (id=4761)"
"748794","4828.609948788","192.168.15.4","192.168.15.3","MQTT","68","Disconnect Req"
"748806","4829.614105528","192.168.15.4","192.168.15.3","MQTT","90","Connect Command"
"748808","4829.617140736","192.168.15.4","192.168.15.3","MQTT","97","Publish Message (id=4762) [Deviceb'Device - 2']"
"748809","4829.617575868","192.168.15.3","192.168.15.4","MQTT","70","Connect Ack"
"748812","4829.620072278","192.168.15.3","192.168.15.4","MQTT","70","Publish Ack (id=4762)"
"748814","4829.620387454","192.168.15.4","192.168.15.3","MQTT","68","Disconnect Req"
"748831","4830.624107478","192.168.15.4","192.168.15.3","MQTT","90","Connect Command"
"748833","4830.627022549","192.168.15.4","192.168.15.3","MQTT","97","Publish Message (id=4763) [Deviceb'Device - 2']"
"748835","4830.631282362","192.168.15.3","192.168.15.4","MQTT","70","Connect Ack"
"748837","4830.633724589","192.168.15.3","192.168.15.4","MQTT","70","Publish Ack (id=4763)"
"748839","4830.634436144","192.168.15.4","192.168.15.3","MQTT","68","Disconnect Req"
"748863","4831.638833408","192.168.15.4","192.168.15.3","MQTT","90","Connect Command"
"748865","4831.641844009","192.168.15.4","192.168.15.3","MQTT","97","Publish Message (id=4764) [Deviceb'Device - 2']"
"748866","4831.642260657","192.168.15.3","192.168.15.4","MQTT","70","Connect Ack"
"748869","4831.644744303","192.168.15.3","192.168.15.4","MQTT","70","Publish Ack (id=4764)"
"748871","4831.645533555","192.168.15.4","192.168.15.3","MQTT","68","Disconnect Req"
"748887","4832.649765956","192.168.15.4","192.168.15.3","MQTT","90","Connect Command"
"748889","4832.652714130","192.168.15.4","192.168.15.3","MQTT","97","Publish Message (id=4765) [Deviceb'Device - 2']"
"748890","4832.653100220","192.168.15.3","192.168.15.4","MQTT","70","Connect Ack"
"748893","4832.655488365","192.168.15.3","192.168.15.4","MQTT","70","Publish Ack (id=4765)"
"748895","4832.656334935","192.168.15.4","192.168.15.3","MQTT","68","Disconnect Req"
"749125","4833.663146442","192.168.15.4","192.168.15.3","MQTT","90","Connect Command"
"749213","4833.671357465","192.168.15.4","192.168.15.3","MQTT","97","Publish Message (id=4766) [Deviceb'Device - 2']"
"749214","4833.671367714","192.168.15.3","192.168.15.4","MQTT","70","Connect Ack"
"749296","4833.678938998","192.168.15.3","192.168.15.4","MQTT","70","Publish Ack (id=4766)"
"749308","4833.679904143","192.168.15.4","192.168.15.3","MQTT","68","Disconnect Req"
"750885","4834.690325424","192.168.15.4","192.168.15.3","MQTT","90","Connect Command"
"751010","4834.702068705","192.168.15.4","192.168.15.3","MQTT","97","Publish Message (id=4767) [Deviceb'Device - 2']"
"751011","4834.702080978","192.168.15.3","192.168.15.4","MQTT","70","Connect Ack"
"751104","4834.710714550","192.168.15.3","192.168.15.4","MQTT","70","Publish Ack (id=4767)"
"751122","4834.712360943","192.168.15.4","192.168.15.3","MQTT","68","Disconnect Req"
"751719","4835.716263029","192.168.15.4","192.168.15.3","MQTT","90","Connect Command"
"751721","4835.719213406","192.168.15.4","192.168.15.3","MQTT","97","Publish Message (id=4768) [Deviceb'Device - 2']"
"751723","4835.723472839","192.168.15.3","192.168.15.4","MQTT","70","Connect Ack"
"751725","4835.725895369","192.168.15.3","192.168.15.4","MQTT","70","Publish Ack (id=4768)"
"751727","4835.726850344","192.168.15.4","192.168.15.3","MQTT","68","Disconnect Req"
"751749","4836.730904858","192.168.15.4","192.168.15.3","MQTT","90","Connect Command"
"751751","4836.733936780","192.168.15.4","192.168.15.3","MQTT","97","Publish Message (id=4769) [Deviceb'Device - 2']"
"751752","4836.735236548","192.168.15.3","192.168.15.4","MQTT","70","Connect Ack"
"751755","4836.737104309","192.168.15.3","192.168.15.4","MQTT","70","Publish Ack (id=4769)"
"751757","4836.738519534","192.168.15.4","192.168.15.3","MQTT","68","Disconnect Req"
"751770","4837.741968784","192.168.15.4","192.168.15.3","MQTT","90","Connect Command"
"751772","4837.745007218","192.168.15.4","192.168.15.3","MQTT","97","Publish Message (id=4770) [Deviceb'Device - 2']"
"751773","4837.745415820","192.168.15.3","192.168.15.4","MQTT","70","Connect Ack"
"751776","4837.747793656","192.168.15.3","192.168.15.4","MQTT","70","Publish Ack (id=4770)"
"751778","4837.748129060","192.168.15.4","192.168.15.3","MQTT","68","Disconnect Req"
"751790","4838.752271158","192.168.15.4","192.168.15.3","MQTT","90","Connect Command"
"751792","4838.755247265","192.168.15.4","192.168.15.3","MQTT","97","Publish Message (id=4771) [Deviceb'Device - 2']"
"751793","4838.755669102","192.168.15.3","192.168.15.4","MQTT","70","Connect Ack"
"751796","4838.758155082","192.168.15.3","192.168.15.4","MQTT","70","Publish Ack (id=4771)"
"751798","4838.758434460","192.168.15.4","192.168.15.3","MQTT","68","Disconnect Req"
"751826","4839.761962086","192.168.15.4","192.168.15.3","MQTT","90","Connect Command"
"751828","4839.764933644","192.168.15.4","192.168.15.3","MQTT","97","Publish Message (id=4772) [Deviceb'Device - 2']"
"751829","4839.765399595","192.168.15.3","192.168.15.4","MQTT","70","Connect Ack"
"751832","4839.767981647","192.168.15.3","192.168.15.4","MQTT","70","Publish Ack (id=4772)"
"751834","4839.768260284","192.168.15.4","192.168.15.3","MQTT","68","Disconnect Req"
"751854","4840.772677571","192.168.15.4","192.168.15.3","MQTT","90","Connect Command"
"751856","4840.775580209","192.168.15.4","192.168.15.3","MQTT","97","Publish Message (id=4773) [Deviceb'Device - 2']"
"751858","4840.780058014","192.168.15.3","192.168.15.4","MQTT","70","Connect Ack"
"751860","4840.782523626","192.168.15.3","192.168.15.4","MQTT","70","Publish Ack (id=4773)"
"751862","4840.782943610","192.168.15.4","192.168.15.3","MQTT","68","Disconnect Req"
"751909","4841.787189633","192.168.15.4","192.168.15.3","MQTT","90","Connect Command"
"751911","4841.790180778","192.168.15.4","192.168.15.3","MQTT","97","Publish Message (id=4774) [Deviceb'Device - 2']"
"751912","4841.790591555","192.168.15.3","192.168.15.4","MQTT","70","Connect Ack"
"751915","4841.793002272","192.168.15.3","192.168.15.4","MQTT","70","Publish Ack (id=4774)"
"751917","4841.793371280","192.168.15.4","192.168.15.3","MQTT","68","Disconnect Req"
"754116","4842.796620940","192.168.15.4","192.168.15.3","MQTT","90","Connect Command"
"754118","4842.800060533","192.168.15.4","192.168.15.3","MQTT","97","Publish Message (id=4775) [Deviceb'Device - 2']"
"754119","4842.800405405","192.168.15.3","192.168.15.4","MQTT","70","Connect Ack"
"754122","4842.802890092","192.168.15.3","192.168.15.4","MQTT","70","Publish Ack (id=4775)"
"754124","4842.803151526","192.168.15.4","192.168.15.3","MQTT","68","Disconnect Req"
"754172","4843.806881454","192.168.15.4","192.168.15.3","MQTT","90","Connect Command"
"754174","4843.810682119","192.168.15.4","192.168.15.3","MQTT","97","Publish Message (id=4776) [Deviceb'Device - 2']"
"754175","4843.810694032","192.168.15.3","192.168.15.4","MQTT","70","Connect Ack"
"754178","4843.813825171","192.168.15.3","192.168.15.4","MQTT","70","Publish Ack (id=4776)"
"754180","4843.814115841","192.168.15.4","192.168.15.3","MQTT","68","Disconnect Req"
"754204","4844.818316228","192.168.15.4","192.168.15.3","MQTT","90","Connect Command"
"754206","4844.821126521","192.168.15.4","192.168.15.3","MQTT","97","Publish Message (id=4777) [Deviceb'Device - 2']"
"754207","4844.821527990","192.168.15.3","192.168.15.4","MQTT","70","Connect Ack"
"754210","4844.824929430","192.168.15.3","192.168.15.4","MQTT","70","Publish Ack (id=4777)"
"754212","4844.825345256","192.168.15.4","192.168.15.3","MQTT","68","Disconnect Req"
"754224","4845.829144804","192.168.15.4","192.168.15.3","MQTT","90","Connect Command"
"754226","4845.833898992","192.168.15.4","192.168.15.3","MQTT","97","Publish Message (id=4778) [Deviceb'Device - 2']"
"754228","4845.838246561","192.168.15.3","192.168.15.4","MQTT","70","Connect Ack"
"754230","4845.840891512","192.168.15.3","192.168.15.4","MQTT","70","Publish Ack (id=4778)"
"754232","4845.841212659","192.168.15.4","192.168.15.3","MQTT","68","Disconnect Req"
"754241","4846.844675630","192.168.15.4","192.168.15.3","MQTT","90","Connect Command"
"754243","4846.847666394","192.168.15.4","192.168.15.3","MQTT","97","Publish Message (id=4779) [Deviceb'Device - 2']"
"754244","4846.848041313","192.168.15.3","192.168.15.4","MQTT","70","Connect Ack"
"754248","4846.850606823","192.168.15.3","192.168.15.4","MQTT","70","Publish Ack (id=4779)"
"754250","4846.850997612","192.168.15.4","192.168.15.3","MQTT","68","Disconnect Req"
"754276","4847.855186635","192.168.15.4","192.168.15.3","MQTT","90","Connect Command"
"754278","4847.858153725","192.168.15.4","192.168.15.3","MQTT","97","Publish Message (id=4780) [Deviceb'Device - 2']"
"754279","4847.858573348","192.168.15.3","192.168.15.4","MQTT","70","Connect Ack"
"754282","4847.861158415","192.168.15.3","192.168.15.4","MQTT","70","Publish Ack (id=4780)"
"754284","4847.861465105","192.168.15.4","192.168.15.3","MQTT","68","Disconnect Req"
"754293","4848.865552095","192.168.15.4","192.168.15.3","MQTT","90","Connect Command"
"754295","4848.868391012","192.168.15.4","192.168.15.3","MQTT","97","Publish Message (id=4781) [Deviceb'Device - 2']"
"754296","4848.868784767","192.168.15.3","192.168.15.4","MQTT","70","Connect Ack"
"754299","4848.871533443","192.168.15.3","192.168.15.4","MQTT","70","Publish Ack (id=4781)"
"754301","4848.871870130","192.168.15.4","192.168.15.3","MQTT","68","Disconnect Req"
"754309","4849.875802277","192.168.15.4","192.168.15.3","MQTT","90","Connect Command"
"754311","4849.878652325","192.168.15.4","192.168.15.3","MQTT","97","Publish Message (id=4782) [Deviceb'Device - 2']"
"754312","4849.879026172","192.168.15.3","192.168.15.4","MQTT","70","Connect Ack"
"754315","4849.881648079","192.168.15.3","192.168.15.4","MQTT","70","Publish Ack (id=4782)"
"754317","4849.882251589","192.168.15.4","192.168.15.3","MQTT","68","Disconnect Req"
"754329","4850.886041367","192.168.15.4","192.168.15.3","MQTT","90","Connect Command"
"754331","4850.889046879","192.168.15.4","192.168.15.3","MQTT","97","Publish Message (id=4783) [Deviceb'Device - 2']"
"754333","4850.893470843","192.168.15.3","192.168.15.4","MQTT","70","Connect Ack"
"754335","4850.895906408","192.168.15.3","192.168.15.4","MQTT","70","Publish Ack (id=4783)"
"754337","4850.896265757","192.168.15.4","192.168.15.3","MQTT","68","Disconnect Req"
"756225","4851.899670888","192.168.15.4","192.168.15.3","MQTT","90","Connect Command"
"756227","4851.902671300","192.168.15.4","192.168.15.3","MQTT","97","Publish Message (id=4784) [Deviceb'Device - 2']"
"756228","4851.903106593","192.168.15.3","192.168.15.4","MQTT","70","Connect Ack"
"756231","4851.905617890","192.168.15.3","192.168.15.4","MQTT","70","Publish Ack (id=4784)"
"756233","4851.906251068","192.168.15.4","192.168.15.3","MQTT","68","Disconnect Req"
"756256","4852.910131816","192.168.15.4","192.168.15.3","MQTT","90","Connect Command"
"756258","4852.913040696","192.168.15.4","192.168.15.3","MQTT","97","Publish Message (id=4785) [Deviceb'Device - 2']"
"756259","4852.913529219","192.168.15.3","192.168.15.4","MQTT","70","Connect Ack"
"756262","4852.916551853","192.168.15.3","192.168.15.4","MQTT","70","Publish Ack (id=4785)"
"756264","4852.916874744","192.168.15.4","192.168.15.3","MQTT","68","Disconnect Req"
"756276","4853.921282348","192.168.15.4","192.168.15.3","MQTT","90","Connect Command"
"756278","4853.924296677","192.168.15.4","192.168.15.3","MQTT","97","Publish Message (id=4786) [Deviceb'Device - 2']"
"756279","4853.924708516","192.168.15.3","192.168.15.4","MQTT","70","Connect Ack"
"756282","4853.927291890","192.168.15.3","192.168.15.4","MQTT","70","Publish Ack (id=4786)"
"756284","4853.927645098","192.168.15.4","192.168.15.3","MQTT","68","Disconnect Req"
"756296","4854.931357057","192.168.15.4","192.168.15.3","MQTT","90","Connect Command"
"756298","4854.934347200","192.168.15.4","192.168.15.3","MQTT","97","Publish Message (id=4787) [Deviceb'Device - 2']"
"756299","4854.934759760","192.168.15.3","192.168.15.4","MQTT","70","Connect Ack"
"756302","4854.937408899","192.168.15.3","192.168.15.4","MQTT","70","Publish Ack (id=4787)"
"756304","4854.937692184","192.168.15.4","192.168.15.3","MQTT","68","Disconnect Req"
"756318","4855.941451031","192.168.15.4","192.168.15.3","MQTT","90","Connect Command"
"756320","4855.944339472","192.168.15.4","192.168.15.3","MQTT","97","Publish Message (id=4788) [Deviceb'Device - 2']"
"756322","4855.948756552","192.168.15.3","192.168.15.4","MQTT","70","Connect Ack"
"756324","4855.951135400","192.168.15.3","192.168.15.4","MQTT","70","Publish Ack (id=4788)"
"756326","4855.951685931","192.168.15.4","192.168.15.3","MQTT","68","Disconnect Req"
"756703","4856.955467311","192.168.15.4","192.168.15.3","MQTT","90","Connect Command"
"756705","4856.958372543","192.168.15.4","192.168.15.3","MQTT","97","Publish Message (id=4789) [Deviceb'Device - 2']"
"756706","4856.958798749","192.168.15.3","192.168.15.4","MQTT","70","Connect Ack"
"756709","4856.961260272","192.168.15.3","192.168.15.4","MQTT","70","Publish Ack (id=4789)"
"756711","4856.961992246","192.168.15.4","192.168.15.3","MQTT","68","Disconnect Req"
"756727","4857.966557147","192.168.15.4","192.168.15.3","MQTT","90","Connect Command"
"756729","4857.969461938","192.168.15.4","192.168.15.3","MQTT","97","Publish Message (id=4790) [Deviceb'Device - 2']"
"756730","4857.969868256","192.168.15.3","192.168.15.4","MQTT","70","Connect Ack"
"756733","4857.972352313","192.168.15.3","192.168.15.4","MQTT","70","Publish Ack (id=4790)"
"756735","4857.973132598","192.168.15.4","192.168.15.3","MQTT","68","Disconnect Req"
"756748","4858.977622616","192.168.15.4","192.168.15.3","MQTT","90","Connect Command"
"756750","4858.980531145","192.168.15.4","192.168.15.3","MQTT","97","Publish Message (id=4791) [Deviceb'Device - 2']"
"756751","4858.980957080","192.168.15.3","192.168.15.4","MQTT","70","Connect Ack"
"756754","4858.983390140","192.168.15.3","192.168.15.4","MQTT","70","Publish Ack (id=4791)"
"756756","4858.983912918","192.168.15.4","192.168.15.3","MQTT","68","Disconnect Req"
"756769","4859.988525518","192.168.15.4","192.168.15.3","MQTT","90","Connect Command"
"756771","4859.991565806","192.168.15.4","192.168.15.3","MQTT","97","Publish Message (id=4792) [Deviceb'Device - 2']"
"756772","4859.991995007","192.168.15.3","192.168.15.4","MQTT","70","Connect Ack"
"756775","4859.994481969","192.168.15.3","192.168.15.4","MQTT","70","Publish Ack (id=4792)"
"756777","4859.994853231","192.168.15.4","192.168.15.3","MQTT","68","Disconnect Req"
"756793","4860.999264240","192.168.15.4","192.168.15.3","MQTT","90","Connect Command"
"756795","4861.002223434","192.168.15.4","192.168.15.3","MQTT","97","Publish Message (id=4793) [Deviceb'Device - 2']"
"756797","4861.007648541","192.168.15.3","192.168.15.4","MQTT","70","Connect Ack"
"756799","4861.013201268","192.168.15.3","192.168.15.4","MQTT","70","Publish Ack (id=4793)"
"756801","4861.013505964","192.168.15.4","192.168.15.3","MQTT","68","Disconnect Req"
"756816","4862.018045876","192.168.15.4","192.168.15.3","MQTT","90","Connect Command"
"756818","4862.020938124","192.168.15.4","192.168.15.3","MQTT","97","Publish Message (id=4794) [Deviceb'Device - 2']"
"756819","4862.021336637","192.168.15.3","192.168.15.4","MQTT","70","Connect Ack"
"756822","4862.023970086","192.168.15.3","192.168.15.4","MQTT","70","Publish Ack (id=4794)"
"756824","4862.024766010","192.168.15.4","192.168.15.3","MQTT","68","Disconnect Req"
"758341","4863.029333544","192.168.15.4","192.168.15.3","MQTT","90","Connect Command"
"758343","4863.034432193","192.168.15.4","192.168.15.3","MQTT","97","Publish Message (id=4795) [Deviceb'Device - 2']"
"758344","4863.034802523","192.168.15.3","192.168.15.4","MQTT","70","Connect Ack"
"758347","4863.037431854","192.168.15.3","192.168.15.4","MQTT","70","Publish Ack (id=4795)"
"758349","4863.038308912","192.168.15.4","192.168.15.3","MQTT","68","Disconnect Req"
"758361","4864.042774212","192.168.15.4","192.168.15.3","MQTT","90","Connect Command"
"758363","4864.045609512","192.168.15.4","192.168.15.3","MQTT","97","Publish Message (id=4796) [Deviceb'Device - 2']"
"758364","4864.046013857","192.168.15.3","192.168.15.4","MQTT","70","Connect Ack"
"758369","4864.048940289","192.168.15.3","192.168.15.4","MQTT","70","Publish Ack (id=4796)"
"758371","4864.049261306","192.168.15.4","192.168.15.3","MQTT","68","Disconnect Req"
"758383","4865.052984833","192.168.15.4","192.168.15.3","MQTT","90","Connect Command"
"758385","4865.056021393","192.168.15.4","192.168.15.3","MQTT","97","Publish Message (id=4797) [Deviceb'Device - 2']"
"758386","4865.056965788","192.168.15.3","192.168.15.4","MQTT","70","Connect Ack"
"758389","4865.059028368","192.168.15.3","192.168.15.4","MQTT","70","Publish Ack (id=4797)"
"758391","4865.059669129","192.168.15.4","192.168.15.3","MQTT","68","Disconnect Req"
"758403","4866.063987942","192.168.15.4","192.168.15.3","MQTT","90","Connect Command"
"758405","4866.066917991","192.168.15.4","192.168.15.3","MQTT","97","Publish Message (id=4798) [Deviceb'Device - 2']"
"758407","4866.071255191","192.168.15.3","192.168.15.4","MQTT","70","Connect Ack"
"758409","4866.073676108","192.168.15.3","192.168.15.4","MQTT","70","Publish Ack (id=4798)"
"758411","4866.074018134","192.168.15.4","192.168.15.3","MQTT","68","Disconnect Req"
"758427","4867.077524010","192.168.15.4","192.168.15.3","MQTT","90","Connect Command"
"758429","4867.080543558","192.168.15.4","192.168.15.3","MQTT","97","Publish Message (id=4799) [Deviceb'Device - 2']"
"758430","4867.080976747","192.168.15.3","192.168.15.4","MQTT","70","Connect Ack"
"758433","4867.083410619","192.168.15.3","192.168.15.4","MQTT","70","Publish Ack (id=4799)"
"758435","4867.083755160","192.168.15.4","192.168.15.3","MQTT","68","Disconnect Req"
"758447","4868.087545420","192.168.15.4","192.168.15.3","MQTT","90","Connect Command"
"758449","4868.090352998","192.168.15.4","192.168.15.3","MQTT","97","Publish Message (id=4800) [Deviceb'Device - 2']"
"758450","4868.090778753","192.168.15.3","192.168.15.4","MQTT","70","Connect Ack"
"758453","4868.094458600","192.168.15.3","192.168.15.4","MQTT","70","Publish Ack (id=4800)"
"758455","4868.094783564","192.168.15.4","192.168.15.3","MQTT","68","Disconnect Req"
"758467","4869.099157478","192.168.15.4","192.168.15.3","MQTT","90","Connect Command"
"758469","4869.102151769","192.168.15.4","192.168.15.3","MQTT","97","Publish Message (id=4801) [Deviceb'Device - 2']"
"758470","4869.103017475","192.168.15.3","192.168.15.4","MQTT","70","Connect Ack"
"758473","4869.105260866","192.168.15.3","192.168.15.4","MQTT","70","Publish Ack (id=4801)"
"758475","4869.105826115","192.168.15.4","192.168.15.3","MQTT","68","Disconnect Req"
"758651","4870.110415618","192.168.15.4","192.168.15.3","MQTT","90","Connect Command"
"758653","4870.113307666","192.168.15.4","192.168.15.3","MQTT","97","Publish Message (id=4802) [Deviceb'Device - 2']"
"758654","4870.113802942","192.168.15.3","192.168.15.4","MQTT","70","Connect Ack"
"758657","4870.116393299","192.168.15.3","192.168.15.4","MQTT","70","Publish Ack (id=4802)"
"758659","4870.117202619","192.168.15.4","192.168.15.3","MQTT","68","Disconnect Req"
"758691","4871.120569548","192.168.15.4","192.168.15.3","MQTT","90","Connect Command"
"758693","4871.124164044","192.168.15.4","192.168.15.3","MQTT","97","Publish Message (id=4803) [Deviceb'Device - 2']"
"758695","4871.128031586","192.168.15.3","192.168.15.4","MQTT","70","Connect Ack"
"758697","4871.130577519","192.168.15.3","192.168.15.4","MQTT","70","Publish Ack (id=4803)"
"758699","4871.130920688","192.168.15.4","192.168.15.3","MQTT","68","Disconnect Req"
"758755","4872.135181900","192.168.15.4","192.168.15.3","MQTT","90","Connect Command"
"758757","4872.138047547","192.168.15.4","192.168.15.3","MQTT","97","Publish Message (id=4804) [Deviceb'Device - 2']"
"758758","4872.138470116","192.168.15.3","192.168.15.4","MQTT","70","Connect Ack"
"758761","4872.141058089","192.168.15.3","192.168.15.4","MQTT","70","Publish Ack (id=4804)"
"758763","4872.141421165","192.168.15.4","192.168.15.3","MQTT","68","Disconnect Req"
"758779","4873.145407458","192.168.15.4","192.168.15.3","MQTT","90","Connect Command"
"758781","4873.148307781","192.168.15.4","192.168.15.3","MQTT","97","Publish Message (id=4805) [Deviceb'Device - 2']"
"758782","4873.148716213","192.168.15.3","192.168.15.4","MQTT","70","Connect Ack"
"758785","4873.151371743","192.168.15.3","192.168.15.4","MQTT","70","Publish Ack (id=4805)"
"758787","4873.151769445","192.168.15.4","192.168.15.3","MQTT","68","Disconnect Req"
"760999","4874.155450970","192.168.15.4","192.168.15.3","MQTT","90","Connect Command"
"761001","4874.158351003","192.168.15.4","192.168.15.3","MQTT","97","Publish Message (id=4806) [Deviceb'Device - 2']"
"761002","4874.158754506","192.168.15.3","192.168.15.4","MQTT","70","Connect Ack"
"761005","4874.161348340","192.168.15.3","192.168.15.4","MQTT","70","Publish Ack (id=4806)"
"761007","4874.162123174","192.168.15.4","192.168.15.3","MQTT","68","Disconnect Req"
"761023","4875.166471079","192.168.15.4","192.168.15.3","MQTT","90","Connect Command"
"761025","4875.169373175","192.168.15.4","192.168.15.3","MQTT","97","Publish Message (id=4807) [Deviceb'Device - 2']"
"761026","4875.169816162","192.168.15.3","192.168.15.4","MQTT","70","Connect Ack"
"761029","4875.172242009","192.168.15.3","192.168.15.4","MQTT","70","Publish Ack (id=4807)"
"761031","4875.173048714","192.168.15.4","192.168.15.3","MQTT","68","Disconnect Req"
"761043","4876.177120275","192.168.15.4","192.168.15.3","MQTT","90","Connect Command"
"761045","4876.180010780","192.168.15.4","192.168.15.3","MQTT","97","Publish Message (id=4808) [Deviceb'Device - 2']"
"761046","4876.181369889","192.168.15.3","192.168.15.4","MQTT","70","Connect Ack"
"761049","4876.182931161","192.168.15.3","192.168.15.4","MQTT","70","Publish Ack (id=4808)"
"761051","4876.183706246","192.168.15.4","192.168.15.3","MQTT","68","Disconnect Req"
"761072","4877.187445078","192.168.15.4","192.168.15.3","MQTT","90","Connect Command"
"761074","4877.190378865","192.168.15.4","192.168.15.3","MQTT","97","Publish Message (id=4809) [Deviceb'Device - 2']"
"761075","4877.190776336","192.168.15.3","192.168.15.4","MQTT","70","Connect Ack"
"761078","4877.193332669","192.168.15.3","192.168.15.4","MQTT","70","Publish Ack (id=4809)"
"761080","4877.193736833","192.168.15.4","192.168.15.3","MQTT","68","Disconnect Req"
"761092","4878.197547100","192.168.15.4","192.168.15.3","MQTT","90","Connect Command"
"761094","4878.200568091","192.168.15.4","192.168.15.3","MQTT","97","Publish Message (id=4810) [Deviceb'Device - 2']"
"761095","4878.200968458","192.168.15.3","192.168.15.4","MQTT","70","Connect Ack"
"761098","4878.203553736","192.168.15.3","192.168.15.4","MQTT","70","Publish Ack (id=4810)"
"761100","4878.203844195","192.168.15.4","192.168.15.3","MQTT","68","Disconnect Req"
"761117","4879.207930173","192.168.15.4","192.168.15.3","MQTT","90","Connect Command"
"761119","4879.210802703","192.168.15.4","192.168.15.3","MQTT","97","Publish Message (id=4811) [Deviceb'Device - 2']"
"761120","4879.211193893","192.168.15.3","192.168.15.4","MQTT","70","Connect Ack"
"761123","4879.213596846","192.168.15.3","192.168.15.4","MQTT","70","Publish Ack (id=4811)"
"761125","4879.214462743","192.168.15.4","192.168.15.3","MQTT","68","Disconnect Req"
"761146","4880.218550963","192.168.15.4","192.168.15.3","MQTT","90","Connect Command"
"761148","4880.221386744","192.168.15.4","192.168.15.3","MQTT","97","Publish Message (id=4812) [Deviceb'Device - 2']"
"761149","4880.221817950","192.168.15.3","192.168.15.4","MQTT","70","Connect Ack"
"761152","4880.224222836","192.168.15.3","192.168.15.4","MQTT","70","Publish Ack (id=4812)"
"761154","4880.225051192","192.168.15.4","192.168.15.3","MQTT","68","Disconnect Req"
"762698","4881.229155453","192.168.15.4","192.168.15.3","MQTT","90","Connect Command"
"762700","4881.232106653","192.168.15.4","192.168.15.3","MQTT","97","Publish Message (id=4813) [Deviceb'Device - 2']"
"762702","4881.236357088","192.168.15.3","192.168.15.4","MQTT","70","Connect Ack"
"762704","4881.238853257","192.168.15.3","192.168.15.4","MQTT","70","Publish Ack (id=4813)"
"762706","4881.239637319","192.168.15.4","192.168.15.3","MQTT","68","Disconnect Req"
"762721","4882.243832282","192.168.15.4","192.168.15.3","MQTT","90","Connect Command"
"762723","4882.246756500","192.168.15.4","192.168.15.3","MQTT","97","Publish Message (id=4814) [Deviceb'Device - 2']"
"762724","4882.247206030","192.168.15.3","192.168.15.4","MQTT","70","Connect Ack"
"762727","4882.249637136","192.168.15.3","192.168.15.4","MQTT","70","Publish Ack (id=4814)"
"762729","4882.250034938","192.168.15.4","192.168.15.3","MQTT","68","Disconnect Req"
"762737","4883.254615007","192.168.15.4","192.168.15.3","MQTT","90","Connect Command"
"762739","4883.257484242","192.168.15.4","192.168.15.3","MQTT","97","Publish Message (id=4815) [Deviceb'Device - 2']"
"762740","4883.257850163","192.168.15.3","192.168.15.4","MQTT","70","Connect Ack"
"762743","4883.260448045","192.168.15.3","192.168.15.4","MQTT","70","Publish Ack (id=4815)"
"762745","4883.260811522","192.168.15.4","192.168.15.3","MQTT","68","Disconnect Req"
"762765","4884.264309476","192.168.15.4","192.168.15.3","MQTT","90","Connect Command"
"762767","4884.267273499","192.168.15.4","192.168.15.3","MQTT","97","Publish Message (id=4816) [Deviceb'Device - 2']"
"762768","4884.267708101","192.168.15.3","192.168.15.4","MQTT","70","Connect Ack"
"762771","4884.272464312","192.168.15.3","192.168.15.4","MQTT","70","Publish Ack (id=4816)"
"762773","4884.272779749","192.168.15.4","192.168.15.3","MQTT","68","Disconnect Req"
"762785","4885.276889138","192.168.15.4","192.168.15.3","MQTT","90","Connect Command"
"762787","4885.279944394","192.168.15.4","192.168.15.3","MQTT","97","Publish Message (id=4817) [Deviceb'Device - 2']"
"762788","4885.280282704","192.168.15.3","192.168.15.4","MQTT","70","Connect Ack"
"762791","4885.282911784","192.168.15.3","192.168.15.4","MQTT","70","Publish Ack (id=4817)"
"762793","4885.283283176","192.168.15.4","192.168.15.3","MQTT","68","Disconnect Req"
"762805","4886.287499898","192.168.15.4","192.168.15.3","MQTT","90","Connect Command"
"762807","4886.290687274","192.168.15.3","192.168.15.4","MQTT","70","Connect Ack"
"762808","4886.290720487","192.168.15.4","192.168.15.3","MQTT","97","Publish Message (id=4818) [Deviceb'Device - 2']"
"762811","4886.294685683","192.168.15.3","192.168.15.4","MQTT","70","Publish Ack (id=4818)"
"762813","4886.295013763","192.168.15.4","192.168.15.3","MQTT","68","Disconnect Req"
"762829","4887.299404652","192.168.15.4","192.168.15.3","MQTT","90","Connect Command"
"762831","4887.302265641","192.168.15.4","192.168.15.3","MQTT","97","Publish Message (id=4819) [Deviceb'Device - 2']"
"762832","4887.302622546","192.168.15.3","192.168.15.4","MQTT","70","Connect Ack"
"762835","4887.305313653","192.168.15.3","192.168.15.4","MQTT","70","Publish Ack (id=4819)"
"762837","4887.305750850","192.168.15.4","192.168.15.3","MQTT","68","Disconnect Req"
"762849","4888.309881940","192.168.15.4","192.168.15.3","MQTT","90","Connect Command"
"762851","4888.312640776","192.168.15.4","192.168.15.3","MQTT","97","Publish Message (id=4820) [Deviceb'Device - 2']"
"762852","4888.313071030","192.168.15.3","192.168.15.4","MQTT","70","Connect Ack"
"762855","4888.315559714","192.168.15.3","192.168.15.4","MQTT","70","Publish Ack (id=4820)"
"762857","4888.315899296","192.168.15.4","192.168.15.3","MQTT","68","Disconnect Req"
"762880","4889.319819117","192.168.15.4","192.168.15.3","MQTT","90","Connect Command"
"762882","4889.322872039","192.168.15.4","192.168.15.3","MQTT","97","Publish Message (id=4821) [Deviceb'Device - 2']"
"762883","4889.323253570","192.168.15.3","192.168.15.4","MQTT","70","Connect Ack"
"762886","4889.325854186","192.168.15.3","192.168.15.4","MQTT","70","Publish Ack (id=4821)"
"762888","4889.326330507","192.168.15.4","192.168.15.3","MQTT","68","Disconnect Req"
"763257","4890.330784577","192.168.15.4","192.168.15.3","MQTT","90","Connect Command"
"763259","4890.333811700","192.168.15.4","192.168.15.3","MQTT","97","Publish Message (id=4822) [Deviceb'Device - 2']"
"763260","4890.334201827","192.168.15.3","192.168.15.4","MQTT","70","Connect Ack"
"763263","4890.336828333","192.168.15.3","192.168.15.4","MQTT","70","Publish Ack (id=4822)"
"763265","4890.337540219","192.168.15.4","192.168.15.3","MQTT","68","Disconnect Req"
"763277","4891.341930998","192.168.15.4","192.168.15.3","MQTT","90","Connect Command"
"763279","4891.344854064","192.168.15.4","192.168.15.3","MQTT","97","Publish Message (id=4823) [Deviceb'Device - 2']"
"763281","4891.349180624","192.168.15.3","192.168.15.4","MQTT","70","Connect Ack"
"763283","4891.351638761","192.168.15.3","192.168.15.4","MQTT","70","Publish Ack (id=4823)"
"763285","4891.352415800","192.168.15.4","192.168.15.3","MQTT","68","Disconnect Req"
"763307","4892.355910645","192.168.15.4","192.168.15.3","MQTT","90","Connect Command"
"763309","4892.358923200","192.168.15.4","192.168.15.3","MQTT","97","Publish Message (id=4824) [Deviceb'Device - 2']"
"763310","4892.359327645","192.168.15.3","192.168.15.4","MQTT","70","Connect Ack"
"763313","4892.362618537","192.168.15.3","192.168.15.4","MQTT","70","Publish Ack (id=4824)"
"763315","4892.363053299","192.168.15.4","192.168.15.3","MQTT","68","Disconnect Req"
"764821","4893.367378974","192.168.15.4","192.168.15.3","MQTT","90","Connect Command"
"764823","4893.370417719","192.168.15.4","192.168.15.3","MQTT","97","Publish Message (id=4825) [Deviceb'Device - 2']"
"764824","4893.371221108","192.168.15.3","192.168.15.4","MQTT","70","Connect Ack"
"764827","4893.373954595","192.168.15.3","192.168.15.4","MQTT","70","Publish Ack (id=4825)"
"764829","4893.374331197","192.168.15.4","192.168.15.3","MQTT","68","Disconnect Req"
"764858","4894.378277385","192.168.15.4","192.168.15.3","MQTT","90","Connect Command"
"764860","4894.381196825","192.168.15.4","192.168.15.3","MQTT","97","Publish Message (id=4826) [Deviceb'Device - 2']"
"764861","4894.381922467","192.168.15.3","192.168.15.4","MQTT","70","Connect Ack"
"764864","4894.384138746","192.168.15.3","192.168.15.4","MQTT","70","Publish Ack (id=4826)"
"764866","4894.384874718","192.168.15.4","192.168.15.3","MQTT","68","Disconnect Req"
"764891","4895.389468730","192.168.15.4","192.168.15.3","MQTT","90","Connect Command"
"764893","4895.392331061","192.168.15.4","192.168.15.3","MQTT","97","Publish Message (id=4827) [Deviceb'Device - 2']"
"764894","4895.392720518","192.168.15.3","192.168.15.4","MQTT","70","Connect Ack"
"764897","4895.395585073","192.168.15.3","192.168.15.4","MQTT","70","Publish Ack (id=4827)"
"764899","4895.395956616","192.168.15.4","192.168.15.3","MQTT","68","Disconnect Req"
"764911","4896.400158055","192.168.15.4","192.168.15.3","MQTT","90","Connect Command"
"764913","4896.403141936","192.168.15.4","192.168.15.3","MQTT","97","Publish Message (id=4828) [Deviceb'Device - 2']"
"764915","4896.407481510","192.168.15.3","192.168.15.4","MQTT","70","Connect Ack"
"764917","4896.409935069","192.168.15.3","192.168.15.4","MQTT","70","Publish Ack (id=4828)"
"764919","4896.410487363","192.168.15.4","192.168.15.3","MQTT","68","Disconnect Req"
"764935","4897.414198115","192.168.15.4","192.168.15.3","MQTT","90","Connect Command"
"764937","4897.419532770","192.168.15.4","192.168.15.3","MQTT","97","Publish Message (id=4829) [Deviceb'Device - 2']"
"764938","4897.419954357","192.168.15.3","192.168.15.4","MQTT","70","Connect Ack"
"764941","4897.422497485","192.168.15.3","192.168.15.4","MQTT","70","Publish Ack (id=4829)"
"764943","4897.422807832","192.168.15.4","192.168.15.3","MQTT","68","Disconnect Req"
"764955","4898.426314468","192.168.15.4","192.168.15.3","MQTT","90","Connect Command"
"764957","4898.429232314","192.168.15.4","192.168.15.3","MQTT","97","Publish Message (id=4830) [Deviceb'Device - 2']"
"764958","4898.429704527","192.168.15.3","192.168.15.4","MQTT","70","Connect Ack"
"764961","4898.432033270","192.168.15.3","192.168.15.4","MQTT","70","Publish Ack (id=4830)"
"764963","4898.432917862","192.168.15.4","192.168.15.3","MQTT","68","Disconnect Req"
"765003","4899.438840094","192.168.15.4","192.168.15.3","MQTT","90","Connect Command"
"765005","4899.441730749","192.168.15.4","192.168.15.3","MQTT","97","Publish Message (id=4831) [Deviceb'Device - 2']"
"765006","4899.442129352","192.168.15.3","192.168.15.4","MQTT","70","Connect Ack"
"765009","4899.444771938","192.168.15.3","192.168.15.4","MQTT","70","Publish Ack (id=4831)"
"765011","4899.445181623","192.168.15.4","192.168.15.3","MQTT","68","Disconnect Req"
"765041","4900.448564314","192.168.15.4","192.168.15.3","MQTT","90","Connect Command"
"765043","4900.451968690","192.168.15.4","192.168.15.3","MQTT","97","Publish Message (id=4832) [Deviceb'Device - 2']"
"765044","4900.452579395","192.168.15.3","192.168.15.4","MQTT","70","Connect Ack"
"765047","4900.454951419","192.168.15.3","192.168.15.4","MQTT","70","Publish Ack (id=4832)"
"765049","4900.455303424","192.168.15.4","192.168.15.3","MQTT","68","Disconnect Req"
"765066","4901.459867507","192.168.15.4","192.168.15.3","MQTT","90","Connect Command"
"765068","4901.462553695","192.168.15.4","192.168.15.3","MQTT","97","Publish Message (id=4833) [Deviceb'Device - 2']"
"765070","4901.466916774","192.168.15.3","192.168.15.4","MQTT","70","Connect Ack"
"765072","4901.469379880","192.168.15.3","192.168.15.4","MQTT","70","Publish Ack (id=4833)"
"765074","4901.469847524","192.168.15.4","192.168.15.3","MQTT","68","Disconnect Req"
"765102","4902.473631393","192.168.15.4","192.168.15.3","MQTT","90","Connect Command"
"765105","4902.477874454","192.168.15.4","192.168.15.3","MQTT","97","Publish Message (id=4834) [Deviceb'Device - 2']"
"765106","4902.478201913","192.168.15.3","192.168.15.4","MQTT","70","Connect Ack"
"765109","4902.480846844","192.168.15.3","192.168.15.4","MQTT","70","Publish Ack (id=4834)"
"765112","4902.481388818","192.168.15.4","192.168.15.3","MQTT","68","Disconnect Req"
"765138","4903.485293213","192.168.15.4","192.168.15.3","MQTT","90","Connect Command"
"765140","4903.488292803","192.168.15.4","192.168.15.3","MQTT","97","Publish Message (id=4835) [Deviceb'Device - 2']"
"765141","4903.488724580","192.168.15.3","192.168.15.4","MQTT","70","Connect Ack"
"765144","4903.491117734","192.168.15.3","192.168.15.4","MQTT","70","Publish Ack (id=4835)"
"765146","4903.491511038","192.168.15.4","192.168.15.3","MQTT","68","Disconnect Req"
"765158","4904.494980100","192.168.15.4","192.168.15.3","MQTT","90","Connect Command"
"765160","4904.497942240","192.168.15.4","192.168.15.3","MQTT","97","Publish Message (id=4836) [Deviceb'Device - 2']"
"765161","4904.498358737","192.168.15.3","192.168.15.4","MQTT","70","Connect Ack"
"765164","4904.500947421","192.168.15.3","192.168.15.4","MQTT","70","Publish Ack (id=4836)"
"765166","4904.501343781","192.168.15.4","192.168.15.3","MQTT","68","Disconnect Req"
"765189","4905.505400634","192.168.15.4","192.168.15.3","MQTT","90","Connect Command"
"765191","4905.508389594","192.168.15.4","192.168.15.3","MQTT","97","Publish Message (id=4837) [Deviceb'Device - 2']"
"765192","4905.508801142","192.168.15.3","192.168.15.4","MQTT","70","Connect Ack"
"765195","4905.511352957","192.168.15.3","192.168.15.4","MQTT","70","Publish Ack (id=4837)"
"765197","4905.511799310","192.168.15.4","192.168.15.3","MQTT","68","Disconnect Req"
"765212","4906.515476275","192.168.15.4","192.168.15.3","MQTT","90","Connect Command"
"765214","4906.518480825","192.168.15.4","192.168.15.3","MQTT","97","Publish Message (id=4838) [Deviceb'Device - 2']"
"765216","4906.522898036","192.168.15.3","192.168.15.4","MQTT","70","Connect Ack"
"765218","4906.526106912","192.168.15.3","192.168.15.4","MQTT","70","Publish Ack (id=4838)"
"765220","4906.526738626","192.168.15.4","192.168.15.3","MQTT","68","Disconnect Req"
"765236","4907.530800047","192.168.15.4","192.168.15.3","MQTT","90","Connect Command"
"765238","4907.533799999","192.168.15.4","192.168.15.3","MQTT","97","Publish Message (id=4839) [Deviceb'Device - 2']"
"765239","4907.534164869","192.168.15.3","192.168.15.4","MQTT","70","Connect Ack"
"765242","4907.536701043","192.168.15.3","192.168.15.4","MQTT","70","Publish Ack (id=4839)"
"765244","4907.537270700","192.168.15.4","192.168.15.3","MQTT","68","Disconnect Req"
"765260","4908.541965941","192.168.15.4","192.168.15.3","MQTT","90","Connect Command"
"765262","4908.544983115","192.168.15.4","192.168.15.3","MQTT","97","Publish Message (id=4840) [Deviceb'Device - 2']"
"765263","4908.545383512","192.168.15.3","192.168.15.4","MQTT","70","Connect Ack"
"765266","4908.547955414","192.168.15.3","192.168.15.4","MQTT","70","Publish Ack (id=4840)"
"765268","4908.548201128","192.168.15.4","192.168.15.3","MQTT","68","Disconnect Req"
"765284","4909.552247052","192.168.15.4","192.168.15.3","MQTT","90","Connect Command"
"765286","4909.555212818","192.168.15.4","192.168.15.3","MQTT","97","Publish Message (id=4841) [Deviceb'Device - 2']"
"765287","4909.555609238","192.168.15.3","192.168.15.4","MQTT","70","Connect Ack"
"765290","4909.558094817","192.168.15.3","192.168.15.4","MQTT","70","Publish Ack (id=4841)"
"765292","4909.558475667","192.168.15.4","192.168.15.3","MQTT","68","Disconnect Req"
"765308","4910.563255043","192.168.15.4","192.168.15.3","MQTT","90","Connect Command"
"765310","4910.567235779","192.168.15.3","192.168.15.4","MQTT","70","Connect Ack"
"765311","4910.567261959","192.168.15.4","192.168.15.3","MQTT","97","Publish Message (id=4842) [Deviceb'Device - 2']"
"765314","4910.570140470","192.168.15.3","192.168.15.4","MQTT","70","Publish Ack (id=4842)"
"765316","4910.570546428","192.168.15.4","192.168.15.3","MQTT","68","Disconnect Req"
"765347","4911.574055282","192.168.15.4","192.168.15.3","MQTT","90","Connect Command"
"765350","4911.577015058","192.168.15.4","192.168.15.3","MQTT","97","Publish Message (id=4843) [Deviceb'Device - 2']"
"765352","4911.581395088","192.168.15.3","192.168.15.4","MQTT","70","Connect Ack"
"765354","4911.583965347","192.168.15.3","192.168.15.4","MQTT","70","Publish Ack (id=4843)"
"765356","4911.584282316","192.168.15.4","192.168.15.3","MQTT","68","Disconnect Req"
"766947","4912.587965141","192.168.15.4","192.168.15.3","MQTT","90","Connect Command"
"766949","4912.591040585","192.168.15.4","192.168.15.3","MQTT","97","Publish Message (id=4844) [Deviceb'Device - 2']"
"766950","4912.591439750","192.168.15.3","192.168.15.4","MQTT","70","Connect Ack"
"766953","4912.594031299","192.168.15.3","192.168.15.4","MQTT","70","Publish Ack (id=4844)"
"766955","4912.594803689","192.168.15.4","192.168.15.3","MQTT","68","Disconnect Req"
"766971","4913.599351067","192.168.15.4","192.168.15.3","MQTT","90","Connect Command"
"766973","4913.602198941","192.168.15.4","192.168.15.3","MQTT","97","Publish Message (id=4845) [Deviceb'Device - 2']"
"766974","4913.602568489","192.168.15.3","192.168.15.4","MQTT","70","Connect Ack"
"766977","4913.605119402","192.168.15.3","192.168.15.4","MQTT","70","Publish Ack (id=4845)"
"766979","4913.605556819","192.168.15.4","192.168.15.3","MQTT","68","Disconnect Req"
"766991","4914.609930869","192.168.15.4","192.168.15.3","MQTT","90","Connect Command"
"766993","4914.613026982","192.168.15.4","192.168.15.3","MQTT","97","Publish Message (id=4846) [Deviceb'Device - 2']"
"766994","4914.613436877","192.168.15.3","192.168.15.4","MQTT","70","Connect Ack"
"766997","4914.615685508","192.168.15.3","192.168.15.4","MQTT","70","Publish Ack (id=4846)"
"766999","4914.616320008","192.168.15.4","192.168.15.3","MQTT","68","Disconnect Req"
"767011","4915.620026515","192.168.15.4","192.168.15.3","MQTT","90","Connect Command"
"767013","4915.622930565","192.168.15.4","192.168.15.3","MQTT","97","Publish Message (id=4847) [Deviceb'Device - 2']"
"767014","4915.623329199","192.168.15.3","192.168.15.4","MQTT","70","Connect Ack"
"767017","4915.625802334","192.168.15.3","192.168.15.4","MQTT","70","Publish Ack (id=4847)"
"767019","4915.626260300","192.168.15.4","192.168.15.3","MQTT","68","Disconnect Req"
"767031","4916.632469429","192.168.15.4","192.168.15.3","MQTT","90","Connect Command"
"767033","4916.635473158","192.168.15.4","192.168.15.3","MQTT","97","Publish Message (id=4848) [Deviceb'Device - 2']"
"767035","4916.639821829","192.168.15.3","192.168.15.4","MQTT","70","Connect Ack"
"767037","4916.642393801","192.168.15.3","192.168.15.4","MQTT","70","Publish Ack (id=4848)"
"767039","4916.642856616","192.168.15.4","192.168.15.3","MQTT","68","Disconnect Req"
"767060","4917.647481480","192.168.15.4","192.168.15.3","MQTT","90","Connect Command"
"767062","4917.650374108","192.168.15.4","192.168.15.3","MQTT","97","Publish Message (id=4849) [Deviceb'Device - 2']"
"767063","4917.650785396","192.168.15.3","192.168.15.4","MQTT","70","Connect Ack"
"767066","4917.654066429","192.168.15.3","192.168.15.4","MQTT","70","Publish Ack (id=4849)"
"767068","4917.654397585","192.168.15.4","192.168.15.3","MQTT","68","Disconnect Req"
"767094","4918.658150680","192.168.15.4","192.168.15.3","MQTT","90","Connect Command"
"767096","4918.661095267","192.168.15.4","192.168.15.3","MQTT","97","Publish Message (id=4850) [Deviceb'Device - 2']"
"767097","4918.661531642","192.168.15.3","192.168.15.4","MQTT","70","Connect Ack"
"767100","4918.664531624","192.168.15.3","192.168.15.4","MQTT","70","Publish Ack (id=4850)"
"767102","4918.664868711","192.168.15.4","192.168.15.3","MQTT","68","Disconnect Req"
"767115","4919.668797337","192.168.15.4","192.168.15.3","MQTT","90","Connect Command"
"767117","4919.671782891","192.168.15.4","192.168.15.3","MQTT","97","Publish Message (id=4851) [Deviceb'Device - 2']"
"767118","4919.672213395","192.168.15.3","192.168.15.4","MQTT","70","Connect Ack"
"767121","4919.674867112","192.168.15.3","192.168.15.4","MQTT","70","Publish Ack (id=4851)"
"767123","4919.675189462","192.168.15.4","192.168.15.3","MQTT","68","Disconnect Req"
"767140","4920.679635005","192.168.15.4","192.168.15.3","MQTT","90","Connect Command"
"767142","4920.682643062","192.168.15.4","192.168.15.3","MQTT","97","Publish Message (id=4852) [Deviceb'Device - 2']"
"767143","4920.683055662","192.168.15.3","192.168.15.4","MQTT","70","Connect Ack"
"767146","4920.685725760","192.168.15.3","192.168.15.4","MQTT","70","Publish Ack (id=4852)"
"767148","4920.686075731","192.168.15.4","192.168.15.3","MQTT","68","Disconnect Req"
"767162","4921.689619550","192.168.15.4","192.168.15.3","MQTT","90","Connect Command"
"767164","4921.692469157","192.168.15.4","192.168.15.3","MQTT","97","Publish Message (id=4853) [Deviceb'Device - 2']"
"767166","4921.696894604","192.168.15.3","192.168.15.4","MQTT","70","Connect Ack"
"767168","4921.699474070","192.168.15.3","192.168.15.4","MQTT","70","Publish Ack (id=4853)"
"767170","4921.700069946","192.168.15.4","192.168.15.3","MQTT","68","Disconnect Req"
"767540","4922.703729553","192.168.15.4","192.168.15.3","MQTT","90","Connect Command"
"767542","4922.706706492","192.168.15.4","192.168.15.3","MQTT","97","Publish Message (id=4854) [Deviceb'Device - 2']"
"767543","4922.707171511","192.168.15.3","192.168.15.4","MQTT","70","Connect Ack"
"767546","4922.709564114","192.168.15.3","192.168.15.4","MQTT","70","Publish Ack (id=4854)"
"767548","4922.710181040","192.168.15.4","192.168.15.3","MQTT","68","Disconnect Req"
"767571","4923.714419000","192.168.15.4","192.168.15.3","MQTT","90","Connect Command"
"767573","4923.717295558","192.168.15.4","192.168.15.3","MQTT","97","Publish Message (id=4855) [Deviceb'Device - 2']"
"767574","4923.717728707","192.168.15.3","192.168.15.4","MQTT","70","Connect Ack"
"767577","4923.720292534","192.168.15.3","192.168.15.4","MQTT","70","Publish Ack (id=4855)"
"767579","4923.720583784","192.168.15.4","192.168.15.3","MQTT","68","Disconnect Req"
"768525","4924.727386521","192.168.15.4","192.168.15.3","MQTT","90","Connect Command"
"768614","4924.735696441","192.168.15.4","192.168.15.3","MQTT","97","Publish Message (id=4856) [Deviceb'Device - 2']"
"768615","4924.735709917","192.168.15.3","192.168.15.4","MQTT","70","Connect Ack"
"768692","4924.742848021","192.168.15.3","192.168.15.4","MQTT","70","Publish Ack (id=4856)"
"768698","4924.743251053","192.168.15.4","192.168.15.3","MQTT","68","Disconnect Req"
"769537","4925.746643986","192.168.15.4","192.168.15.3","MQTT","90","Connect Command"
"769539","4925.749575618","192.168.15.4","192.168.15.3","MQTT","97","Publish Message (id=4857) [Deviceb'Device - 2']"
"769540","4925.749996864","192.168.15.3","192.168.15.4","MQTT","70","Connect Ack"
"769543","4925.752573435","192.168.15.3","192.168.15.4","MQTT","70","Publish Ack (id=4857)"
"769545","4925.752806937","192.168.15.4","192.168.15.3","MQTT","68","Disconnect Req"
"769561","4926.756728778","192.168.15.4","192.168.15.3","MQTT","90","Connect Command"
"769563","4926.761599345","192.168.15.4","192.168.15.3","MQTT","97","Publish Message (id=4858) [Deviceb'Device - 2']"
"769565","4926.765989475","192.168.15.3","192.168.15.4","MQTT","70","Connect Ack"
"769567","4926.768499109","192.168.15.3","192.168.15.4","MQTT","70","Publish Ack (id=4858)"
"769569","4926.768764752","192.168.15.4","192.168.15.3","MQTT","68","Disconnect Req"
"769588","4927.772836747","192.168.15.4","192.168.15.3","MQTT","90","Connect Command"
"769590","4927.775757439","192.168.15.4","192.168.15.3","MQTT","97","Publish Message (id=4859) [Deviceb'Device - 2']"
"769591","4927.776126206","192.168.15.3","192.168.15.4","MQTT","70","Connect Ack"
"769594","4927.778940085","192.168.15.3","192.168.15.4","MQTT","70","Publish Ack (id=4859)"
"769596","4927.779194115","192.168.15.4","192.168.15.3","MQTT","68","Disconnect Req"
"769614","4928.783720490","192.168.15.4","192.168.15.3","MQTT","90","Connect Command"
"769616","4928.786686958","192.168.15.4","192.168.15.3","MQTT","97","Publish Message (id=4860) [Deviceb'Device - 2']"
"769617","4928.787118394","192.168.15.3","192.168.15.4","MQTT","70","Connect Ack"
"769620","4928.789752454","192.168.15.3","192.168.15.4","MQTT","70","Publish Ack (id=4860)"
"769622","4928.790316420","192.168.15.4","192.168.15.3","MQTT","68","Disconnect Req"
"769669","4929.794117161","192.168.15.4","192.168.15.3","MQTT","90","Connect Command"
"769671","4929.797144424","192.168.15.4","192.168.15.3","MQTT","97","Publish Message (id=4861) [Deviceb'Device - 2']"
"769672","4929.797527498","192.168.15.3","192.168.15.4","MQTT","70","Connect Ack"
"769675","4929.800222523","192.168.15.3","192.168.15.4","MQTT","70","Publish Ack (id=4861)"
"769677","4929.800520958","192.168.15.4","192.168.15.3","MQTT","68","Disconnect Req"
"769689","4930.803972609","192.168.15.4","192.168.15.3","MQTT","90","Connect Command"
"769691","4930.807008328","192.168.15.4","192.168.15.3","MQTT","97","Publish Message (id=4862) [Deviceb'Device - 2']"
"769692","4930.807484869","192.168.15.3","192.168.15.4","MQTT","70","Connect Ack"
"769695","4930.809976379","192.168.15.3","192.168.15.4","MQTT","70","Publish Ack (id=4862)"
"769697","4930.810301944","192.168.15.4","192.168.15.3","MQTT","68","Disconnect Req"
"769740","4931.813638067","192.168.15.4","192.168.15.3","MQTT","90","Connect Command"
"769742","4931.816665560","192.168.15.4","192.168.15.3","MQTT","97","Publish Message (id=4863) [Deviceb'Device - 2']"
"769744","4931.821030813","192.168.15.3","192.168.15.4","MQTT","70","Connect Ack"
"769746","4931.823588899","192.168.15.3","192.168.15.4","MQTT","70","Publish Ack (id=4863)"
"769748","4931.824090547","192.168.15.4","192.168.15.3","MQTT","68","Disconnect Req"
"769765","4932.828551306","192.168.15.4","192.168.15.3","MQTT","90","Connect Command"
"769767","4932.831467088","192.168.15.4","192.168.15.3","MQTT","97","Publish Message (id=4864) [Deviceb'Device - 2']"
"769768","4932.831885439","192.168.15.3","192.168.15.4","MQTT","70","Connect Ack"
"769771","4932.834401575","192.168.15.3","192.168.15.4","MQTT","70","Publish Ack (id=4864)"
"769773","4932.835213129","192.168.15.4","192.168.15.3","MQTT","68","Disconnect Req"
"769804","4933.838824071","192.168.15.4","192.168.15.3","MQTT","90","Connect Command"
"769806","4933.841688968","192.168.15.4","192.168.15.3","MQTT","97","Publish Message (id=4865) [Deviceb'Device - 2']"
"769807","4933.842083443","192.168.15.3","192.168.15.4","MQTT","70","Connect Ack"
"769810","4933.844436131","192.168.15.3","192.168.15.4","MQTT","70","Publish Ack (id=4865)"
"769812","4933.844785862","192.168.15.4","192.168.15.3","MQTT","68","Disconnect Req"
"769831","4934.848726186","192.168.15.4","192.168.15.3","MQTT","90","Connect Command"
"769833","4934.851768508","192.168.15.4","192.168.15.3","MQTT","97","Publish Message (id=4866) [Deviceb'Device - 2']"
"769834","4934.852178653","192.168.15.3","192.168.15.4","MQTT","70","Connect Ack"
"769837","4934.854634506","192.168.15.3","192.168.15.4","MQTT","70","Publish Ack (id=4866)"
"769839","4934.854931818","192.168.15.4","192.168.15.3","MQTT","68","Disconnect Req"
"769851","4935.858605818","192.168.15.4","192.168.15.3","MQTT","90","Connect Command"
"769853","4935.861407624","192.168.15.4","192.168.15.3","MQTT","97","Publish Message (id=4867) [Deviceb'Device - 2']"
"769854","4935.861823340","192.168.15.3","192.168.15.4","MQTT","70","Connect Ack"
"769857","4935.864348424","192.168.15.3","192.168.15.4","MQTT","70","Publish Ack (id=4867)"
"769859","4935.864908763","192.168.15.4","192.168.15.3","MQTT","68","Disconnect Req"
"769902","4936.868626536","192.168.15.4","192.168.15.3","MQTT","90","Connect Command"
"769904","4936.871656073","192.168.15.4","192.168.15.3","MQTT","97","Publish Message (id=4868) [Deviceb'Device - 2']"
"769906","4936.876068014","192.168.15.3","192.168.15.4","MQTT","70","Connect Ack"
"769908","4936.878695270","192.168.15.3","192.168.15.4","MQTT","70","Publish Ack (id=4868)"
"769910","4936.879083113","192.168.15.4","192.168.15.3","MQTT","68","Disconnect Req"
"769943","4937.882855679","192.168.15.4","192.168.15.3","MQTT","90","Connect Command"
"769945","4937.885735413","192.168.15.4","192.168.15.3","MQTT","97","Publish Message (id=4869) [Deviceb'Device - 2']"
"769946","4937.886174994","192.168.15.3","192.168.15.4","MQTT","70","Connect Ack"
"769949","4937.888713554","192.168.15.3","192.168.15.4","MQTT","70","Publish Ack (id=4869)"
"769951","4937.889472108","192.168.15.4","192.168.15.3","MQTT","68","Disconnect Req"
"769972","4938.894128534","192.168.15.4","192.168.15.3","MQTT","90","Connect Command"
"769974","4938.897017866","192.168.15.4","192.168.15.3","MQTT","97","Publish Message (id=4870) [Deviceb'Device - 2']"
"769975","4938.897495218","192.168.15.3","192.168.15.4","MQTT","70","Connect Ack"
"769978","4938.900015703","192.168.15.3","192.168.15.4","MQTT","70","Publish Ack (id=4870)"
"769980","4938.900670642","192.168.15.4","192.168.15.3","MQTT","68","Disconnect Req"
"769999","4939.904566840","192.168.15.4","192.168.15.3","MQTT","90","Connect Command"
"770001","4939.907504955","192.168.15.4","192.168.15.3","MQTT","97","Publish Message (id=4871) [Deviceb'Device - 2']"
"770002","4939.907908377","192.168.15.3","192.168.15.4","MQTT","70","Connect Ack"
"770005","4939.910507090","192.168.15.3","192.168.15.4","MQTT","70","Publish Ack (id=4871)"
"770007","4939.911144936","192.168.15.4","192.168.15.3","MQTT","68","Disconnect Req"
"770047","4940.915195556","192.168.15.4","192.168.15.3","MQTT","90","Connect Command"
"770049","4940.918053269","192.168.15.4","192.168.15.3","MQTT","97","Publish Message (id=4872) [Deviceb'Device - 2']"
"770050","4940.918473504","192.168.15.3","192.168.15.4","MQTT","70","Connect Ack"
"770053","4940.920984521","192.168.15.3","192.168.15.4","MQTT","70","Publish Ack (id=4872)"
"770055","4940.921688552","192.168.15.4","192.168.15.3","MQTT","68","Disconnect Req"
"770072","4941.925695239","192.168.15.4","192.168.15.3","MQTT","90","Connect Command"
"770074","4941.928700219","192.168.15.4","192.168.15.3","MQTT","97","Publish Message (id=4873) [Deviceb'Device - 2']"
"770076","4941.933053870","192.168.15.3","192.168.15.4","MQTT","70","Connect Ack"
"770078","4941.935484886","192.168.15.3","192.168.15.4","MQTT","70","Publish Ack (id=4873)"
"770080","4941.936147248","192.168.15.4","192.168.15.3","MQTT","68","Disconnect Req"
"770105","4942.939940511","192.168.15.4","192.168.15.3","MQTT","90","Connect Command"
"770107","4942.942787494","192.168.15.4","192.168.15.3","MQTT","97","Publish Message (id=4874) [Deviceb'Device - 2']"
"770108","4942.943195385","192.168.15.3","192.168.15.4","MQTT","70","Connect Ack"
"770111","4942.945636059","192.168.15.3","192.168.15.4","MQTT","70","Publish Ack (id=4874)"
"770113","4942.945966153","192.168.15.4","192.168.15.3","MQTT","68","Disconnect Req"
"770125","4943.949601016","192.168.15.4","192.168.15.3","MQTT","90","Connect Command"
"770127","4943.952580098","192.168.15.4","192.168.15.3","MQTT","97","Publish Message (id=4875) [Deviceb'Device - 2']"
"770128","4943.953003729","192.168.15.3","192.168.15.4","MQTT","70","Connect Ack"
"770131","4943.955428653","192.168.15.3","192.168.15.4","MQTT","70","Publish Ack (id=4875)"
"770133","4943.955800226","192.168.15.4","192.168.15.3","MQTT","68","Disconnect Req"
"770182","4944.960219261","192.168.15.4","192.168.15.3","MQTT","90","Connect Command"
"770184","4944.963129803","192.168.15.4","192.168.15.3","MQTT","97","Publish Message (id=4876) [Deviceb'Device - 2']"
"770185","4944.963539929","192.168.15.3","192.168.15.4","MQTT","70","Connect Ack"
"770188","4944.966250694","192.168.15.3","192.168.15.4","MQTT","70","Publish Ack (id=4876)"
"770190","4944.966757832","192.168.15.4","192.168.15.3","MQTT","68","Disconnect Req"
"772150","4945.970908530","192.168.15.4","192.168.15.3","MQTT","90","Connect Command"
"772152","4945.973813913","192.168.15.4","192.168.15.3","MQTT","97","Publish Message (id=4877) [Deviceb'Device - 2']"
"772153","4945.974264394","192.168.15.3","192.168.15.4","MQTT","70","Connect Ack"
"772156","4945.976806931","192.168.15.3","192.168.15.4","MQTT","70","Publish Ack (id=4877)"
"772158","4945.977448284","192.168.15.4","192.168.15.3","MQTT","68","Disconnect Req"
"772176","4946.981464148","192.168.15.4","192.168.15.3","MQTT","90","Connect Command"
"772178","4946.984381894","192.168.15.4","192.168.15.3","MQTT","97","Publish Message (id=4878) [Deviceb'Device - 2']"
"772180","4946.988740584","192.168.15.3","192.168.15.4","MQTT","70","Connect Ack"
"772182","4946.991169996","192.168.15.3","192.168.15.4","MQTT","70","Publish Ack (id=4878)"
"772184","4946.991743481","192.168.15.4","192.168.15.3","MQTT","68","Disconnect Req"
"772200","4947.996430322","192.168.15.4","192.168.15.3","MQTT","90","Connect Command"
"772202","4947.999285259","192.168.15.4","192.168.15.3","MQTT","97","Publish Message (id=4879) [Deviceb'Device - 2']"
"772203","4947.999698501","192.168.15.3","192.168.15.4","MQTT","70","Connect Ack"
"772206","4948.002304528","192.168.15.3","192.168.15.4","MQTT","70","Publish Ack (id=4879)"
"772208","4948.003049726","192.168.15.4","192.168.15.3","MQTT","68","Disconnect Req"
"772220","4949.007665091","192.168.15.4","192.168.15.3","MQTT","90","Connect Command"
"772222","4949.010542430","192.168.15.4","192.168.15.3","MQTT","97","Publish Message (id=4880) [Deviceb'Device - 2']"
"772223","4949.010961673","192.168.15.3","192.168.15.4","MQTT","70","Connect Ack"
"772226","4949.013626030","192.168.15.3","192.168.15.4","MQTT","70","Publish Ack (id=4880)"
"772228","4949.014151283","192.168.15.4","192.168.15.3","MQTT","68","Disconnect Req"
"772242","4950.018249343","192.168.15.4","192.168.15.3","MQTT","90","Connect Command"
"772244","4950.021148974","192.168.15.4","192.168.15.3","MQTT","97","Publish Message (id=4881) [Deviceb'Device - 2']"
"772245","4950.021538921","192.168.15.3","192.168.15.4","MQTT","70","Connect Ack"
"772248","4950.023937255","192.168.15.3","192.168.15.4","MQTT","70","Publish Ack (id=4881)"
"772250","4950.024422753","192.168.15.4","192.168.15.3","MQTT","68","Disconnect Req"
"772262","4951.028765464","192.168.15.4","192.168.15.3","MQTT","90","Connect Command"
"772264","4951.031655959","192.168.15.4","192.168.15.3","MQTT","97","Publish Message (id=4882) [Deviceb'Device - 2']"
"772265","4951.032035717","192.168.15.3","192.168.15.4","MQTT","70","Connect Ack"
"772268","4951.034646512","192.168.15.3","192.168.15.4","MQTT","70","Publish Ack (id=4882)"
"772270","4951.035125889","192.168.15.4","192.168.15.3","MQTT","68","Disconnect Req"
"772295","4952.039869184","192.168.15.4","192.168.15.3","MQTT","90","Connect Command"
"772297","4952.042799323","192.168.15.4","192.168.15.3","MQTT","97","Publish Message (id=4883) [Deviceb'Device - 2']"
"772298","4952.043402253","192.168.15.3","192.168.15.4","MQTT","70","Connect Ack"
"772301","4952.045810476","192.168.15.3","192.168.15.4","MQTT","70","Publish Ack (id=4883)"
"772303","4952.046392316","192.168.15.4","192.168.15.3","MQTT","68","Disconnect Req"
"772670","4953.050677225","192.168.15.4","192.168.15.3","MQTT","90","Connect Command"
"772672","4953.053566037","192.168.15.4","192.168.15.3","MQTT","97","Publish Message (id=4884) [Deviceb'Device - 2']"
"772673","4953.054029994","192.168.15.3","192.168.15.4","MQTT","70","Connect Ack"
"772676","4953.056571539","192.168.15.3","192.168.15.4","MQTT","70","Publish Ack (id=4884)"
"772678","4953.057300036","192.168.15.4","192.168.15.3","MQTT","68","Disconnect Req"
"772693","4954.061118555","192.168.15.4","192.168.15.3","MQTT","90","Connect Command"
"772695","4954.064036561","192.168.15.4","192.168.15.3","MQTT","97","Publish Message (id=4885) [Deviceb'Device - 2']"
"772696","4954.064463548","192.168.15.3","192.168.15.4","MQTT","70","Connect Ack"
"772699","4954.067041141","192.168.15.3","192.168.15.4","MQTT","70","Publish Ack (id=4885)"
"772701","4954.067682273","192.168.15.4","192.168.15.3","MQTT","68","Disconnect Req"
"772787","4955.072171180","192.168.15.4","192.168.15.3","MQTT","90","Connect Command"
"772789","4955.075030104","192.168.15.4","192.168.15.3","MQTT","97","Publish Message (id=4886) [Deviceb'Device - 2']"
"772790","4955.075457743","192.168.15.3","192.168.15.4","MQTT","70","Connect Ack"
"772793","4955.078352285","192.168.15.3","192.168.15.4","MQTT","70","Publish Ack (id=4886)"
"772795","4955.079005470","192.168.15.4","192.168.15.3","MQTT","68","Disconnect Req"
"772821","4956.083122091","192.168.15.4","192.168.15.3","MQTT","90","Connect Command"
"772823","4956.085920120","192.168.15.4","192.168.15.3","MQTT","97","Publish Message (id=4887) [Deviceb'Device - 2']"
"772824","4956.086310158","192.168.15.3","192.168.15.4","MQTT","70","Connect Ack"
"772827","4956.089001235","192.168.15.3","192.168.15.4","MQTT","70","Publish Ack (id=4887)"
"772829","4956.089585109","192.168.15.4","192.168.15.3","MQTT","68","Disconnect Req"
"772894","4957.093395220","192.168.15.4","192.168.15.3","MQTT","90","Connect Command"
"772896","4957.096300482","192.168.15.4","192.168.15.3","MQTT","97","Publish Message (id=4888) [Deviceb'Device - 2']"
"772898","4957.100792604","192.168.15.3","192.168.15.4","MQTT","70","Connect Ack"
"772900","4957.103396988","192.168.15.3","192.168.15.4","MQTT","70","Publish Ack (id=4888)"
"772902","4957.103769362","192.168.15.4","192.168.15.3","MQTT","68","Disconnect Req"
"772921","4958.107552110","192.168.15.4","192.168.15.3","MQTT","90","Connect Command"
"772923","4958.110405384","192.168.15.4","192.168.15.3","MQTT","97","Publish Message (id=4889) [Deviceb'Device - 2']"
"772924","4958.110873970","192.168.15.3","192.168.15.4","MQTT","70","Connect Ack"
"772927","4958.113204796","192.168.15.3","192.168.15.4","MQTT","70","Publish Ack (id=4889)"
"772929","4958.113500876","192.168.15.4","192.168.15.3","MQTT","68","Disconnect Req"
"772941","4959.117691375","192.168.15.4","192.168.15.3","MQTT","90","Connect Command"
"772943","4959.120631233","192.168.15.4","192.168.15.3","MQTT","97","Publish Message (id=4890) [Deviceb'Device - 2']"
"772944","4959.121088237","192.168.15.3","192.168.15.4","MQTT","70","Connect Ack"
"772947","4959.123466433","192.168.15.3","192.168.15.4","MQTT","70","Publish Ack (id=4890)"
"772949","4959.123972890","192.168.15.4","192.168.15.3","MQTT","68","Disconnect Req"
"772967","4960.129335125","192.168.15.4","192.168.15.3","MQTT","90","Connect Command"
"772971","4960.132240358","192.168.15.4","192.168.15.3","MQTT","97","Publish Message (id=4891) [Deviceb'Device - 2']"
"772972","4960.132668537","192.168.15.3","192.168.15.4","MQTT","70","Connect Ack"
"772975","4960.135219249","192.168.15.3","192.168.15.4","MQTT","70","Publish Ack (id=4891)"
"772977","4960.135804375","192.168.15.4","192.168.15.3","MQTT","68","Disconnect Req"
"772999","4961.140082059","192.168.15.4","192.168.15.3","MQTT","90","Connect Command"
"773001","4961.142943729","192.168.15.4","192.168.15.3","MQTT","97","Publish Message (id=4892) [Deviceb'Device - 2']"
"773002","4961.143359124","192.168.15.3","192.168.15.4","MQTT","70","Connect Ack"
"773005","4961.145764772","192.168.15.3","192.168.15.4","MQTT","70","Publish Ack (id=4892)"
"773007","4961.146365848","192.168.15.4","192.168.15.3","MQTT","68","Disconnect Req"
"773024","4962.150216586","192.168.15.4","192.168.15.3","MQTT","90","Connect Command"
"773026","4962.153009026","192.168.15.4","192.168.15.3","MQTT","97","Publish Message (id=4893) [Deviceb'Device - 2']"
"773028","4962.157386080","192.168.15.3","192.168.15.4","MQTT","70","Connect Ack"
"773030","4962.159830491","192.168.15.3","192.168.15.4","MQTT","70","Publish Ack (id=4893)"
"773032","4962.160442669","192.168.15.4","192.168.15.3","MQTT","68","Disconnect Req"
"773056","4963.164842793","192.168.15.4","192.168.15.3","MQTT","90","Connect Command"
"773058","4963.167718710","192.168.15.4","192.168.15.3","MQTT","97","Publish Message (id=4894) [Deviceb'Device - 2']"
"773059","4963.168162539","192.168.15.3","192.168.15.4","MQTT","70","Connect Ack"
"773062","4963.170707932","192.168.15.3","192.168.15.4","MQTT","70","Publish Ack (id=4894)"
"773064","4963.171045941","192.168.15.4","192.168.15.3","MQTT","68","Disconnect Req"
"773080","4964.175405458","192.168.15.4","192.168.15.3","MQTT","90","Connect Command"
"773082","4964.178030852","192.168.15.4","192.168.15.3","MQTT","97","Publish Message (id=4895) [Deviceb'Device - 2']"
"773083","4964.178467978","192.168.15.3","192.168.15.4","MQTT","70","Connect Ack"
"773086","4964.180916978","192.168.15.3","192.168.15.4","MQTT","70","Publish Ack (id=4895)"
"773088","4964.181158635","192.168.15.4","192.168.15.3","MQTT","68","Disconnect Req"
"774908","4965.184619614","192.168.15.4","192.168.15.3","MQTT","90","Connect Command"
"774910","4965.187594738","192.168.15.4","192.168.15.3","MQTT","97","Publish Message (id=4896) [Deviceb'Device - 2']"
"774911","4965.188029470","192.168.15.3","192.168.15.4","MQTT","70","Connect Ack"
"774914","4965.190402416","192.168.15.3","192.168.15.4","MQTT","70","Publish Ack (id=4896)"
"774916","4965.190904595","192.168.15.4","192.168.15.3","MQTT","68","Disconnect Req"
"774941","4966.195224509","192.168.15.4","192.168.15.3","MQTT","90","Connect Command"
"774943","4966.198213810","192.168.15.4","192.168.15.3","MQTT","97","Publish Message (id=4897) [Deviceb'Device - 2']"
"774944","4966.198634866","192.168.15.3","192.168.15.4","MQTT","70","Connect Ack"
"774947","4966.201111849","192.168.15.3","192.168.15.4","MQTT","70","Publish Ack (id=4897)"
"774949","4966.201383402","192.168.15.4","192.168.15.3","MQTT","68","Disconnect Req"
"775035","4967.205225923","192.168.15.4","192.168.15.3","MQTT","90","Connect Command"
"775037","4967.211010458","192.168.15.4","192.168.15.3","MQTT","97","Publish Message (id=4898) [Deviceb'Device - 2']"
"775039","4967.215930971","192.168.15.3","192.168.15.4","MQTT","70","Connect Ack"
"775041","4967.218504215","192.168.15.3","192.168.15.4","MQTT","70","Publish Ack (id=4898)"
"775043","4967.219080575","192.168.15.4","192.168.15.3","MQTT","68","Disconnect Req"
"775060","4968.222878722","192.168.15.4","192.168.15.3","MQTT","90","Connect Command"
"775062","4968.225749019","192.168.15.4","192.168.15.3","MQTT","97","Publish Message (id=4899) [Deviceb'Device - 2']"
"775063","4968.226979294","192.168.15.3","192.168.15.4","MQTT","70","Connect Ack"
"775066","4968.228619675","192.168.15.3","192.168.15.4","MQTT","70","Publish Ack (id=4899)"
"775068","4968.229127616","192.168.15.4","192.168.15.3","MQTT","68","Disconnect Req"
"775083","4969.233016755","192.168.15.4","192.168.15.3","MQTT","90","Connect Command"
"775085","4969.235844882","192.168.15.4","192.168.15.3","MQTT","97","Publish Message (id=4900) [Deviceb'Device - 2']"
"775086","4969.236251240","192.168.15.3","192.168.15.4","MQTT","70","Connect Ack"
"775089","4969.238895589","192.168.15.3","192.168.15.4","MQTT","70","Publish Ack (id=4900)"
"775091","4969.239562300","192.168.15.4","192.168.15.3","MQTT","68","Disconnect Req"
"775108","4970.243770641","192.168.15.4","192.168.15.3","MQTT","90","Connect Command"
"775110","4970.246613806","192.168.15.4","192.168.15.3","MQTT","97","Publish Message (id=4901) [Deviceb'Device - 2']"
"775111","4970.247026686","192.168.15.3","192.168.15.4","MQTT","70","Connect Ack"
"775114","4970.249514880","192.168.15.3","192.168.15.4","MQTT","70","Publish Ack (id=4901)"
"775116","4970.250118381","192.168.15.4","192.168.15.3","MQTT","68","Disconnect Req"
"775128","4971.253986237","192.168.15.4","192.168.15.3","MQTT","90","Connect Command"
"775130","4971.256896609","192.168.15.4","192.168.15.3","MQTT","97","Publish Message (id=4902) [Deviceb'Device - 2']"
"775131","4971.257277900","192.168.15.3","192.168.15.4","MQTT","70","Connect Ack"
"775134","4971.259823903","192.168.15.3","192.168.15.4","MQTT","70","Publish Ack (id=4902)"
"775136","4971.260753390","192.168.15.4","192.168.15.3","MQTT","68","Disconnect Req"
"775167","4972.264717637","192.168.15.4","192.168.15.3","MQTT","90","Connect Command"
"775169","4972.267284971","192.168.15.4","192.168.15.3","MQTT","97","Publish Message (id=4903) [Deviceb'Device - 2']"
"775171","4972.271757997","192.168.15.3","192.168.15.4","MQTT","70","Connect Ack"
"775173","4972.274296456","192.168.15.3","192.168.15.4","MQTT","70","Publish Ack (id=4903)"
"775175","4972.275074958","192.168.15.4","192.168.15.3","MQTT","68","Disconnect Req"
"775192","4973.279319525","192.168.15.4","192.168.15.3","MQTT","90","Connect Command"
"775194","4973.282191825","192.168.15.4","192.168.15.3","MQTT","97","Publish Message (id=4904) [Deviceb'Device - 2']"
"775195","4973.282551885","192.168.15.3","192.168.15.4","MQTT","70","Connect Ack"
"775198","4973.284995805","192.168.15.3","192.168.15.4","MQTT","70","Publish Ack (id=4904)"
"775200","4973.285762825","192.168.15.4","192.168.15.3","MQTT","68","Disconnect Req"
"775212","4974.290592700","192.168.15.4","192.168.15.3","MQTT","90","Connect Command"
"775214","4974.293500026","192.168.15.4","192.168.15.3","MQTT","97","Publish Message (id=4905) [Deviceb'Device - 2']"
"775215","4974.293932864","192.168.15.3","192.168.15.4","MQTT","70","Connect Ack"
"775218","4974.296561724","192.168.15.3","192.168.15.4","MQTT","70","Publish Ack (id=4905)"
"775220","4974.297268831","192.168.15.4","192.168.15.3","MQTT","68","Disconnect Req"
"775252","4975.301407669","192.168.15.4","192.168.15.3","MQTT","90","Connect Command"
"775254","4975.304414764","192.168.15.4","192.168.15.3","MQTT","97","Publish Message (id=4906) [Deviceb'Device - 2']"
"775255","4975.305785555","192.168.15.3","192.168.15.4","MQTT","70","Connect Ack"
"775258","4975.307339062","192.168.15.3","192.168.15.4","MQTT","70","Publish Ack (id=4906)"
"775260","4975.307658205","192.168.15.4","192.168.15.3","MQTT","68","Disconnect Req"
"775272","4976.311541989","192.168.15.4","192.168.15.3","MQTT","90","Connect Command"
"775274","4976.314347854","192.168.15.4","192.168.15.3","MQTT","97","Publish Message (id=4907) [Deviceb'Device - 2']"
"775275","4976.314750445","192.168.15.3","192.168.15.4","MQTT","70","Connect Ack"
"775278","4976.317384504","192.168.15.3","192.168.15.4","MQTT","70","Publish Ack (id=4907)"
"775280","4976.318067285","192.168.15.4","192.168.15.3","MQTT","68","Disconnect Req"
"775310","4977.321850089","192.168.15.4","192.168.15.3","MQTT","90","Connect Command"
"775312","4977.324847516","192.168.15.4","192.168.15.3","MQTT","97","Publish Message (id=4908) [Deviceb'Device - 2']"
"775314","4977.329223178","192.168.15.3","192.168.15.4","MQTT","70","Connect Ack"
"775316","4977.333095298","192.168.15.3","192.168.15.4","MQTT","70","Publish Ack (id=4908)"
"775318","4977.333529489","192.168.15.4","192.168.15.3","MQTT","68","Disconnect Req"
"775336","4978.337219715","192.168.15.4","192.168.15.3","MQTT","90","Connect Command"
"775338","4978.340085142","192.168.15.4","192.168.15.3","MQTT","97","Publish Message (id=4909) [Deviceb'Device - 2']"
"775339","4978.340495047","192.168.15.3","192.168.15.4","MQTT","70","Connect Ack"
"775342","4978.343205972","192.168.15.3","192.168.15.4","MQTT","70","Publish Ack (id=4909)"
"775344","4978.343515688","192.168.15.4","192.168.15.3","MQTT","68","Disconnect Req"
"775357","4979.347454605","192.168.15.4","192.168.15.3","MQTT","90","Connect Command"
"775359","4979.350348185","192.168.15.4","192.168.15.3","MQTT","97","Publish Message (id=4910) [Deviceb'Device - 2']"
"775360","4979.350817232","192.168.15.3","192.168.15.4","MQTT","70","Connect Ack"
"775363","4979.353179618","192.168.15.3","192.168.15.4","MQTT","70","Publish Ack (id=4910)"
"775365","4979.353707205","192.168.15.4","192.168.15.3","MQTT","68","Disconnect Req"
"775391","4980.357594656","192.168.15.4","192.168.15.3","MQTT","90","Connect Command"
"775393","4980.360587063","192.168.15.4","192.168.15.3","MQTT","97","Publish Message (id=4911) [Deviceb'Device - 2']"
"775394","4980.361073102","192.168.15.3","192.168.15.4","MQTT","70","Connect Ack"
"775397","4980.364107138","192.168.15.3","192.168.15.4","MQTT","70","Publish Ack (id=4911)"
"775399","4980.364363413","192.168.15.4","192.168.15.3","MQTT","68","Disconnect Req"
"775426","4981.368388672","192.168.15.4","192.168.15.3","MQTT","90","Connect Command"
"775428","4981.371390557","192.168.15.4","192.168.15.3","MQTT","97","Publish Message (id=4912) [Deviceb'Device - 2']"
"775429","4981.372028313","192.168.15.3","192.168.15.4","MQTT","70","Connect Ack"
"775432","4981.374293315","192.168.15.3","192.168.15.4","MQTT","70","Publish Ack (id=4912)"
"775434","4981.374541995","192.168.15.4","192.168.15.3","MQTT","68","Disconnect Req"
"775457","4982.378273198","192.168.15.4","192.168.15.3","MQTT","90","Connect Command"
"775459","4982.381238564","192.168.15.4","192.168.15.3","MQTT","97","Publish Message (id=4913) [Deviceb'Device - 2']"
"775461","4982.385581524","192.168.15.3","192.168.15.4","MQTT","70","Connect Ack"
"775463","4982.388097671","192.168.15.3","192.168.15.4","MQTT","70","Publish Ack (id=4913)"
"775465","4982.388344608","192.168.15.4","192.168.15.3","MQTT","68","Disconnect Req"
"775495","4983.392493180","192.168.15.4","192.168.15.3","MQTT","90","Connect Command"
"775497","4983.395487631","192.168.15.4","192.168.15.3","MQTT","97","Publish Message (id=4914) [Deviceb'Device - 2']"
"775498","4983.395880413","192.168.15.3","192.168.15.4","MQTT","70","Connect Ack"
"775501","4983.398995683","192.168.15.3","192.168.15.4","MQTT","70","Publish Ack (id=4914)"
"775503","4983.399242740","192.168.15.4","192.168.15.3","MQTT","68","Disconnect Req"
"775714","4984.403220060","192.168.15.4","192.168.15.3","MQTT","90","Connect Command"
"775716","4984.406191638","192.168.15.4","192.168.15.3","MQTT","97","Publish Message (id=4915) [Deviceb'Device - 2']"
"775717","4984.406657589","192.168.15.3","192.168.15.4","MQTT","70","Connect Ack"
"775720","4984.409069839","192.168.15.3","192.168.15.4","MQTT","70","Publish Ack (id=4915)"
"775722","4984.409310554","192.168.15.4","192.168.15.3","MQTT","68","Disconnect Req"
"777372","4985.414351322","192.168.15.4","192.168.15.3","MQTT","90","Connect Command"
"777375","4985.419129926","192.168.15.4","192.168.15.3","MQTT","97","Publish Message (id=4916) [Deviceb'Device - 2']"
"777376","4985.419518971","192.168.15.3","192.168.15.4","MQTT","70","Connect Ack"
"777379","4985.422541686","192.168.15.3","192.168.15.4","MQTT","70","Publish Ack (id=4916)"
"777381","4985.423039076","192.168.15.4","192.168.15.3","MQTT","68","Disconnect Req"
"777399","4986.426803672","192.168.15.4","192.168.15.3","MQTT","90","Connect Command"
"777401","4986.429751094","192.168.15.4","192.168.15.3","MQTT","97","Publish Message (id=4917) [Deviceb'Device - 2']"
"777402","4986.430193901","192.168.15.3","192.168.15.4","MQTT","70","Connect Ack"
"777405","4986.432767196","192.168.15.3","192.168.15.4","MQTT","70","Publish Ack (id=4917)"
"777407","4986.433454015","192.168.15.4","192.168.15.3","MQTT","68","Disconnect Req"
"777439","4987.437795690","192.168.15.4","192.168.15.3","MQTT","90","Connect Command"
"777441","4987.440843843","192.168.15.4","192.168.15.3","MQTT","97","Publish Message (id=4918) [Deviceb'Device - 2']"
"777443","4987.445248710","192.168.15.3","192.168.15.4","MQTT","70","Connect Ack"
"777445","4987.447741924","192.168.15.3","192.168.15.4","MQTT","70","Publish Ack (id=4918)"
"777447","4987.448044646","192.168.15.4","192.168.15.3","MQTT","68","Disconnect Req"
"777461","4988.452823259","192.168.15.4","192.168.15.3","MQTT","90","Connect Command"
"777463","4988.455817580","192.168.15.4","192.168.15.3","MQTT","97","Publish Message (id=4919) [Deviceb'Device - 2']"
"777464","4988.456224830","192.168.15.3","192.168.15.4","MQTT","70","Connect Ack"
"777467","4988.458705750","192.168.15.3","192.168.15.4","MQTT","70","Publish Ack (id=4919)"
"777469","4988.458988444","192.168.15.4","192.168.15.3","MQTT","68","Disconnect Req"
"777503","4989.462649744","192.168.15.4","192.168.15.3","MQTT","90","Connect Command"
"777505","4989.465461710","192.168.15.4","192.168.15.3","MQTT","97","Publish Message (id=4920) [Deviceb'Device - 2']"
"777506","4989.465871204","192.168.15.3","192.168.15.4","MQTT","70","Connect Ack"
"777509","4989.468654085","192.168.15.3","192.168.15.4","MQTT","70","Publish Ack (id=4920)"
"777511","4989.469220917","192.168.15.4","192.168.15.3","MQTT","68","Disconnect Req"
"777868","4990.473419263","192.168.15.4","192.168.15.3","MQTT","90","Connect Command"
"777870","4990.476303205","192.168.15.4","192.168.15.3","MQTT","97","Publish Message (id=4921) [Deviceb'Device - 2']"
"777871","4990.476713391","192.168.15.3","192.168.15.4","MQTT","70","Connect Ack"
"777874","4990.479232503","192.168.15.3","192.168.15.4","MQTT","70","Publish Ack (id=4921)"
"777876","4990.479619355","192.168.15.4","192.168.15.3","MQTT","68","Disconnect Req"
"777925","4991.486372319","192.168.15.4","192.168.15.3","MQTT","90","Connect Command"
"777927","4991.489382089","192.168.15.4","192.168.15.3","MQTT","97","Publish Message (id=4922) [Deviceb'Device - 2']"
"777928","4991.489778629","192.168.15.3","192.168.15.4","MQTT","70","Connect Ack"
"777931","4991.492503430","192.168.15.3","192.168.15.4","MQTT","70","Publish Ack (id=4922)"
"777933","4991.492851097","192.168.15.4","192.168.15.3","MQTT","68","Disconnect Req"
"777954","4992.498154941","192.168.15.4","192.168.15.3","MQTT","90","Connect Command"
"777958","4992.501160723","192.168.15.4","192.168.15.3","MQTT","97","Publish Message (id=4923) [Deviceb'Device - 2']"
"777961","4992.505527218","192.168.15.3","192.168.15.4","MQTT","70","Connect Ack"
"777964","4992.507993220","192.168.15.3","192.168.15.4","MQTT","70","Publish Ack (id=4923)"
"777966","4992.508401882","192.168.15.4","192.168.15.3","MQTT","68","Disconnect Req"
"777988","4993.512610987","192.168.15.4","192.168.15.3","MQTT","90","Connect Command"
"777990","4993.515481814","192.168.15.4","192.168.15.3","MQTT","97","Publish Message (id=4924) [Deviceb'Device - 2']"
"777991","4993.515852405","192.168.15.3","192.168.15.4","MQTT","70","Connect Ack"
"777994","4993.518420881","192.168.15.3","192.168.15.4","MQTT","70","Publish Ack (id=4924)"
"777996","4993.519106687","192.168.15.4","192.168.15.3","MQTT","68","Disconnect Req"
"778020","4994.522857374","192.168.15.4","192.168.15.3","MQTT","90","Connect Command"
"778022","4994.525706480","192.168.15.4","192.168.15.3","MQTT","97","Publish Message (id=4925) [Deviceb'Device - 2']"
"778023","4994.526105013","192.168.15.3","192.168.15.4","MQTT","70","Connect Ack"
"778026","4994.528527884","192.168.15.3","192.168.15.4","MQTT","70","Publish Ack (id=4925)"
"778028","4994.529123470","192.168.15.4","192.168.15.3","MQTT","68","Disconnect Req"
"778064","4995.536489343","192.168.15.4","192.168.15.3","MQTT","90","Connect Command"
"778066","4995.539017983","192.168.15.4","192.168.15.3","MQTT","97","Publish Message (id=4926) [Deviceb'Device - 2']"
"778067","4995.539411927","192.168.15.3","192.168.15.4","MQTT","70","Connect Ack"
"778070","4995.542603632","192.168.15.3","192.168.15.4","MQTT","70","Publish Ack (id=4926)"
"778072","4995.543297233","192.168.15.4","192.168.15.3","MQTT","68","Disconnect Req"
"778096","4996.547995081","192.168.15.4","192.168.15.3","MQTT","90","Connect Command"
"778098","4996.551044125","192.168.15.4","192.168.15.3","MQTT","97","Publish Message (id=4927) [Deviceb'Device - 2']"
"778099","4996.551445995","192.168.15.3","192.168.15.4","MQTT","70","Connect Ack"
"778102","4996.553914462","192.168.15.3","192.168.15.4","MQTT","70","Publish Ack (id=4927)"
"778104","4996.554303257","192.168.15.4","192.168.15.3","MQTT","68","Disconnect Req"
"778142","4997.558327940","192.168.15.4","192.168.15.3","MQTT","90","Connect Command"
"778144","4997.561343400","192.168.15.4","192.168.15.3","MQTT","97","Publish Message (id=4928) [Deviceb'Device - 2']"
"778146","4997.565700547","192.168.15.3","192.168.15.4","MQTT","70","Connect Ack"
"778148","4997.568294892","192.168.15.3","192.168.15.4","MQTT","70","Publish Ack (id=4928)"
"778150","4997.568915375","192.168.15.4","192.168.15.3","MQTT","68","Disconnect Req"
"778226","4998.573043746","192.168.15.4","192.168.15.3","MQTT","90","Connect Command"
"778229","4998.575822539","192.168.15.4","192.168.15.3","MQTT","97","Publish Message (id=4929) [Deviceb'Device - 2']"
"778230","4998.576218337","192.168.15.3","192.168.15.4","MQTT","70","Connect Ack"
"778234","4998.578775472","192.168.15.3","192.168.15.4","MQTT","70","Publish Ack (id=4929)"
"778236","4998.579599670","192.168.15.4","192.168.15.3","MQTT","68","Disconnect Req"
"778271","4999.583289521","192.168.15.4","192.168.15.3","MQTT","90","Connect Command"
"778273","4999.586210763","192.168.15.4","192.168.15.3","MQTT","97","Publish Message (id=4930) [Deviceb'Device - 2']"
"778274","4999.586660403","192.168.15.3","192.168.15.4","MQTT","70","Connect Ack"
"778277","4999.589004825","192.168.15.3","192.168.15.4","MQTT","70","Publish Ack (id=4930)"
"778279","4999.589347463","192.168.15.4","192.168.15.3","MQTT","68","Disconnect Req"
"780086","5000.592853115","192.168.15.4","192.168.15.3","MQTT","90","Connect Command"
"780088","5000.595838188","192.168.15.4","192.168.15.3","MQTT","97","Publish Message (id=4931) [Deviceb'Device - 2']"
"780089","5000.596280735","192.168.15.3","192.168.15.4","MQTT","70","Connect Ack"
"780092","5000.600784229","192.168.15.3","192.168.15.4","MQTT","70","Publish Ack (id=4931)"
"780094","5000.601349247","192.168.15.4","192.168.15.3","MQTT","68","Disconnect Req"
"780125","5001.605737789","192.168.15.4","192.168.15.3","MQTT","90","Connect Command"
"780127","5001.609569632","192.168.15.4","192.168.15.3","MQTT","97","Publish Message (id=4932) [Deviceb'Device - 2']"
"780128","5001.609875992","192.168.15.3","192.168.15.4","MQTT","70","Connect Ack"
"780131","5001.612636641","192.168.15.3","192.168.15.4","MQTT","70","Publish Ack (id=4932)"
"780133","5001.613002623","192.168.15.4","192.168.15.3","MQTT","68","Disconnect Req"
"780166","5002.617335037","192.168.15.4","192.168.15.3","MQTT","90","Connect Command"
"780168","5002.620211826","192.168.15.4","192.168.15.3","MQTT","97","Publish Message (id=4933) [Deviceb'Device - 2']"
"780170","5002.625737902","192.168.15.3","192.168.15.4","MQTT","70","Connect Ack"
"780172","5002.628245573","192.168.15.3","192.168.15.4","MQTT","70","Publish Ack (id=4933)"
"780174","5002.628738054","192.168.15.4","192.168.15.3","MQTT","68","Disconnect Req"
"780185","5003.632865412","192.168.15.4","192.168.15.3","MQTT","90","Connect Command"
"780188","5003.635873699","192.168.15.4","192.168.15.3","MQTT","97","Publish Message (id=4934) [Deviceb'Device - 2']"
"780189","5003.636788449","192.168.15.3","192.168.15.4","MQTT","70","Connect Ack"
"780192","5003.638921090","192.168.15.3","192.168.15.4","MQTT","70","Publish Ack (id=4934)"
"780194","5003.639369027","192.168.15.4","192.168.15.3","MQTT","68","Disconnect Req"
"780202","5004.642875401","192.168.15.4","192.168.15.3","MQTT","90","Connect Command"
"780204","5004.645871245","192.168.15.4","192.168.15.3","MQTT","97","Publish Message (id=4935) [Deviceb'Device - 2']"
"780205","5004.646302560","192.168.15.3","192.168.15.4","MQTT","70","Connect Ack"
"780208","5004.648772560","192.168.15.3","192.168.15.4","MQTT","70","Publish Ack (id=4935)"
"780210","5004.649457164","192.168.15.4","192.168.15.3","MQTT","68","Disconnect Req"
"780224","5005.653331883","192.168.15.4","192.168.15.3","MQTT","90","Connect Command"
"780226","5005.656310353","192.168.15.4","192.168.15.3","MQTT","97","Publish Message (id=4936) [Deviceb'Device - 2']"
"780227","5005.656729055","192.168.15.3","192.168.15.4","MQTT","70","Connect Ack"
"780230","5005.659134002","192.168.15.3","192.168.15.4","MQTT","70","Publish Ack (id=4936)"
"780232","5005.659403992","192.168.15.4","192.168.15.3","MQTT","68","Disconnect Req"
"780246","5006.663472969","192.168.15.4","192.168.15.3","MQTT","90","Connect Command"
"780248","5006.666174125","192.168.15.4","192.168.15.3","MQTT","97","Publish Message (id=4937) [Deviceb'Device - 2']"
"780249","5006.666590072","192.168.15.3","192.168.15.4","MQTT","70","Connect Ack"
"780252","5006.669119664","192.168.15.3","192.168.15.4","MQTT","70","Publish Ack (id=4937)"
"780254","5006.669405454","192.168.15.4","192.168.15.3","MQTT","68","Disconnect Req"
"780276","5007.673471704","192.168.15.4","192.168.15.3","MQTT","90","Connect Command"
"780278","5007.676436529","192.168.15.4","192.168.15.3","MQTT","97","Publish Message (id=4938) [Deviceb'Device - 2']"
"780281","5007.680796492","192.168.15.3","192.168.15.4","MQTT","70","Connect Ack"
"780283","5007.683244680","192.168.15.3","192.168.15.4","MQTT","70","Publish Ack (id=4938)"
"780285","5007.683757349","192.168.15.4","192.168.15.3","MQTT","68","Disconnect Req"
"780303","5008.687219187","192.168.15.4","192.168.15.3","MQTT","90","Connect Command"
"780305","5008.690260446","192.168.15.4","192.168.15.3","MQTT","97","Publish Message (id=4939) [Deviceb'Device - 2']"
"780306","5008.691088772","192.168.15.3","192.168.15.4","MQTT","70","Connect Ack"
"780309","5008.693231292","192.168.15.3","192.168.15.4","MQTT","70","Publish Ack (id=4939)"
"780311","5008.693652839","192.168.15.4","192.168.15.3","MQTT","68","Disconnect Req"
"780325","5009.698022002","192.168.15.4","192.168.15.3","MQTT","90","Connect Command"
"780327","5009.703553779","192.168.15.4","192.168.15.3","MQTT","97","Publish Message (id=4940) [Deviceb'Device - 2']"
"780328","5009.703931243","192.168.15.3","192.168.15.4","MQTT","70","Connect Ack"
"780331","5009.706362459","192.168.15.3","192.168.15.4","MQTT","70","Publish Ack (id=4940)"
"780333","5009.706868256","192.168.15.4","192.168.15.3","MQTT","68","Disconnect Req"
"780355","5010.710970614","192.168.15.4","192.168.15.3","MQTT","90","Connect Command"
"780357","5010.714005461","192.168.15.4","192.168.15.3","MQTT","97","Publish Message (id=4941) [Deviceb'Device - 2']"
"780358","5010.715624842","192.168.15.3","192.168.15.4","MQTT","70","Connect Ack"
"780361","5010.718219668","192.168.15.3","192.168.15.4","MQTT","70","Publish Ack (id=4941)"
"780363","5010.719117195","192.168.15.4","192.168.15.3","MQTT","68","Disconnect Req"
"780377","5011.723236123","192.168.15.4","192.168.15.3","MQTT","90","Connect Command"
"780379","5011.726113834","192.168.15.4","192.168.15.3","MQTT","97","Publish Message (id=4942) [Deviceb'Device - 2']"
"780380","5011.726482801","192.168.15.3","192.168.15.4","MQTT","70","Connect Ack"
"780383","5011.729141568","192.168.15.3","192.168.15.4","MQTT","70","Publish Ack (id=4942)"
"780385","5011.729978019","192.168.15.4","192.168.15.3","MQTT","68","Disconnect Req"
"780428","5012.733741616","192.168.15.4","192.168.15.3","MQTT","90","Connect Command"
"780430","5012.736733953","192.168.15.4","192.168.15.3","MQTT","97","Publish Message (id=4943) [Deviceb'Device - 2']"
"780432","5012.741163306","192.168.15.3","192.168.15.4","MQTT","70","Connect Ack"
"780434","5012.743729989","192.168.15.3","192.168.15.4","MQTT","70","Publish Ack (id=4943)"
"780436","5012.744023664","192.168.15.4","192.168.15.3","MQTT","68","Disconnect Req"
"780459","5013.748164484","192.168.15.4","192.168.15.3","MQTT","90","Connect Command"
"780462","5013.751154927","192.168.15.4","192.168.15.3","MQTT","97","Publish Message (id=4944) [Deviceb'Device - 2']"
"780463","5013.751562848","192.168.15.3","192.168.15.4","MQTT","70","Connect Ack"
"780466","5013.754006709","192.168.15.3","192.168.15.4","MQTT","70","Publish Ack (id=4944)"
"780468","5013.754257913","192.168.15.4","192.168.15.3","MQTT","68","Disconnect Req"
"780501","5014.758248198","192.168.15.4","192.168.15.3","MQTT","90","Connect Command"
"780503","5014.761197213","192.168.15.4","192.168.15.3","MQTT","97","Publish Message (id=4945) [Deviceb'Device - 2']"
"780504","5014.761612178","192.168.15.3","192.168.15.4","MQTT","70","Connect Ack"
"780507","5014.764311781","192.168.15.3","192.168.15.4","MQTT","70","Publish Ack (id=4945)"
"780509","5014.764576311","192.168.15.4","192.168.15.3","MQTT","68","Disconnect Req"
"780523","5015.768398518","192.168.15.4","192.168.15.3","MQTT","90","Connect Command"
"780525","5015.773514730","192.168.15.4","192.168.15.3","MQTT","97","Publish Message (id=4946) [Deviceb'Device - 2']"
"780526","5015.773770203","192.168.15.3","192.168.15.4","MQTT","70","Connect Ack"
"780529","5015.776517006","192.168.15.3","192.168.15.4","MQTT","70","Publish Ack (id=4946)"
"780531","5015.777006241","192.168.15.4","192.168.15.3","MQTT","68","Disconnect Req"
"780543","5016.781187205","192.168.15.4","192.168.15.3","MQTT","90","Connect Command"
"780545","5016.784135699","192.168.15.4","192.168.15.3","MQTT","97","Publish Message (id=4947) [Deviceb'Device - 2']"
"780546","5016.784617991","192.168.15.3","192.168.15.4","MQTT","70","Connect Ack"
"780549","5016.787410640","192.168.15.3","192.168.15.4","MQTT","70","Publish Ack (id=4947)"
"780551","5016.787998041","192.168.15.4","192.168.15.3","MQTT","68","Disconnect Req"
"780567","5017.792825768","192.168.15.4","192.168.15.3","MQTT","90","Connect Command"
"780569","5017.795546592","192.168.15.4","192.168.15.3","MQTT","97","Publish Message (id=4948) [Deviceb'Device - 2']"
"780570","5017.796149251","192.168.15.3","192.168.15.4","MQTT","70","Connect Ack"
"780573","5017.798460731","192.168.15.3","192.168.15.4","MQTT","70","Publish Ack (id=4948)"
"780575","5017.799141468","192.168.15.4","192.168.15.3","MQTT","68","Disconnect Req"
"780590","5018.802851902","192.168.15.4","192.168.15.3","MQTT","90","Connect Command"
"780592","5018.805828079","192.168.15.4","192.168.15.3","MQTT","97","Publish Message (id=4949) [Deviceb'Device - 2']"
"780593","5018.806317444","192.168.15.3","192.168.15.4","MQTT","70","Connect Ack"
"780596","5018.808664952","192.168.15.3","192.168.15.4","MQTT","70","Publish Ack (id=4949)"
"780598","5018.808922920","192.168.15.4","192.168.15.3","MQTT","68","Disconnect Req"
"781024","5019.812748120","192.168.15.4","192.168.15.3","MQTT","90","Connect Command"
"781073","5019.816683360","192.168.15.4","192.168.15.3","MQTT","97","Publish Message (id=4950) [Deviceb'Device - 2']"
"781082","5019.817304234","192.168.15.3","192.168.15.4","MQTT","70","Connect Ack"
"781134","5019.821611606","192.168.15.3","192.168.15.4","MQTT","70","Publish Ack (id=4950)"
"781141","5019.822241086","192.168.15.4","192.168.15.3","MQTT","68","Disconnect Req"
"782920","5020.826513043","192.168.15.4","192.168.15.3","MQTT","90","Connect Command"
"782922","5020.829282999","192.168.15.4","192.168.15.3","MQTT","97","Publish Message (id=4951) [Deviceb'Device - 2']"
"782923","5020.829685119","192.168.15.3","192.168.15.4","MQTT","70","Connect Ack"
"782926","5020.832242775","192.168.15.3","192.168.15.4","MQTT","70","Publish Ack (id=4951)"
"782928","5020.832580162","192.168.15.4","192.168.15.3","MQTT","68","Disconnect Req"
"782942","5021.836921930","192.168.15.4","192.168.15.3","MQTT","90","Connect Command"
"782944","5021.840188896","192.168.15.4","192.168.15.3","MQTT","97","Publish Message (id=4952) [Deviceb'Device - 2']"
"782945","5021.840199326","192.168.15.3","192.168.15.4","MQTT","70","Connect Ack"
"782948","5021.843619923","192.168.15.3","192.168.15.4","MQTT","70","Publish Ack (id=4952)"
"782950","5021.844126050","192.168.15.4","192.168.15.3","MQTT","68","Disconnect Req"
"782987","5022.848009139","192.168.15.4","192.168.15.3","MQTT","90","Connect Command"
"782989","5022.851065247","192.168.15.4","192.168.15.3","MQTT","97","Publish Message (id=4953) [Deviceb'Device - 2']"
"782991","5022.855441981","192.168.15.3","192.168.15.4","MQTT","70","Connect Ack"
"782993","5022.857857217","192.168.15.3","192.168.15.4","MQTT","70","Publish Ack (id=4953)"
"782995","5022.858420321","192.168.15.4","192.168.15.3","MQTT","68","Disconnect Req"
"783016","5023.862376991","192.168.15.4","192.168.15.3","MQTT","90","Connect Command"
"783018","5023.865314725","192.168.15.4","192.168.15.3","MQTT","97","Publish Message (id=4954) [Deviceb'Device - 2']"
"783019","5023.865744087","192.168.15.3","192.168.15.4","MQTT","70","Connect Ack"
"783022","5023.868258260","192.168.15.3","192.168.15.4","MQTT","70","Publish Ack (id=4954)"
"783024","5023.868826945","192.168.15.4","192.168.15.3","MQTT","68","Disconnect Req"
"783042","5024.872399527","192.168.15.4","192.168.15.3","MQTT","90","Connect Command"
"783044","5024.875309107","192.168.15.4","192.168.15.3","MQTT","97","Publish Message (id=4955) [Deviceb'Device - 2']"
"783045","5024.875732878","192.168.15.3","192.168.15.4","MQTT","70","Connect Ack"
"783049","5024.878209801","192.168.15.3","192.168.15.4","MQTT","70","Publish Ack (id=4955)"
"783051","5024.878624335","192.168.15.4","192.168.15.3","MQTT","68","Disconnect Req"
"783063","5025.882640536","192.168.15.4","192.168.15.3","MQTT","90","Connect Command"
"783065","5025.885579262","192.168.15.4","192.168.15.3","MQTT","97","Publish Message (id=4956) [Deviceb'Device - 2']"
"783066","5025.886006269","192.168.15.3","192.168.15.4","MQTT","70","Connect Ack"
"783069","5025.888532295","192.168.15.3","192.168.15.4","MQTT","70","Publish Ack (id=4956)"
"783071","5025.888897926","192.168.15.4","192.168.15.3","MQTT","68","Disconnect Req"
"783083","5026.892740909","192.168.15.4","192.168.15.3","MQTT","90","Connect Command"
"783085","5026.897729430","192.168.15.4","192.168.15.3","MQTT","97","Publish Message (id=4957) [Deviceb'Device - 2']"
"783086","5026.898080633","192.168.15.3","192.168.15.4","MQTT","70","Connect Ack"
"783089","5026.900709934","192.168.15.3","192.168.15.4","MQTT","70","Publish Ack (id=4957)"
"783091","5026.901021793","192.168.15.4","192.168.15.3","MQTT","68","Disconnect Req"
"783109","5027.904567203","192.168.15.4","192.168.15.3","MQTT","90","Connect Command"
"783111","5027.907493855","192.168.15.4","192.168.15.3","MQTT","97","Publish Message (id=4958) [Deviceb'Device - 2']"
"783112","5027.908140909","192.168.15.3","192.168.15.4","MQTT","70","Connect Ack"
"783115","5027.910390161","192.168.15.3","192.168.15.4","MQTT","70","Publish Ack (id=4958)"
"783117","5027.910719333","192.168.15.4","192.168.15.3","MQTT","68","Disconnect Req"
"783129","5028.914786269","192.168.15.4","192.168.15.3","MQTT","90","Connect Command"
"783131","5028.918241901","192.168.15.4","192.168.15.3","MQTT","97","Publish Message (id=4959) [Deviceb'Device - 2']"
"783132","5028.918619475","192.168.15.3","192.168.15.4","MQTT","70","Connect Ack"
"783135","5028.921159627","192.168.15.3","192.168.15.4","MQTT","70","Publish Ack (id=4959)"
"783137","5028.921714406","192.168.15.4","192.168.15.3","MQTT","68","Disconnect Req"
"783149","5029.926488860","192.168.15.4","192.168.15.3","MQTT","90","Connect Command"
"783151","5029.929191129","192.168.15.4","192.168.15.3","MQTT","97","Publish Message (id=4960) [Deviceb'Device - 2']"
"783152","5029.929625440","192.168.15.3","192.168.15.4","MQTT","70","Connect Ack"
"783155","5029.932017963","192.168.15.3","192.168.15.4","MQTT","70","Publish Ack (id=4960)"
"783157","5029.932427136","192.168.15.4","192.168.15.3","MQTT","68","Disconnect Req"
"783165","5030.936272493","192.168.15.4","192.168.15.3","MQTT","90","Connect Command"
"783167","5030.939080331","192.168.15.4","192.168.15.3","MQTT","97","Publish Message (id=4961) [Deviceb'Device - 2']"
"783168","5030.939512579","192.168.15.3","192.168.15.4","MQTT","70","Connect Ack"
"783171","5030.942008507","192.168.15.3","192.168.15.4","MQTT","70","Publish Ack (id=4961)"
"783173","5030.942396921","192.168.15.4","192.168.15.3","MQTT","68","Disconnect Req"
"783197","5031.946633998","192.168.15.4","192.168.15.3","MQTT","90","Connect Command"
"783199","5031.949542957","192.168.15.4","192.168.15.3","MQTT","97","Publish Message (id=4962) [Deviceb'Device - 2']"
"783200","5031.949914660","192.168.15.3","192.168.15.4","MQTT","70","Connect Ack"
"783203","5031.952465051","192.168.15.3","192.168.15.4","MQTT","70","Publish Ack (id=4962)"
"783205","5031.953138173","192.168.15.4","192.168.15.3","MQTT","68","Disconnect Req"
"783233","5032.956749488","192.168.15.4","192.168.15.3","MQTT","90","Connect Command"
"783235","5032.960317593","192.168.15.4","192.168.15.3","MQTT","97","Publish Message (id=4963) [Deviceb'Device - 2']"
"783238","5032.964141673","192.168.15.3","192.168.15.4","MQTT","70","Connect Ack"
"783240","5032.966583890","192.168.15.3","192.168.15.4","MQTT","70","Publish Ack (id=4963)"
"783242","5032.966855604","192.168.15.4","192.168.15.3","MQTT","68","Disconnect Req"
"783255","5033.971017890","192.168.15.4","192.168.15.3","MQTT","90","Connect Command"
"783257","5033.973983777","192.168.15.4","192.168.15.3","MQTT","97","Publish Message (id=4964) [Deviceb'Device - 2']"
"783258","5033.974453585","192.168.15.3","192.168.15.4","MQTT","70","Connect Ack"
"783261","5033.976828755","192.168.15.3","192.168.15.4","MQTT","70","Publish Ack (id=4964)"
"783263","5033.977134764","192.168.15.4","192.168.15.3","MQTT","68","Disconnect Req"
"783277","5034.981670925","192.168.15.4","192.168.15.3","MQTT","90","Connect Command"
"783279","5034.984594171","192.168.15.4","192.168.15.3","MQTT","97","Publish Message (id=4965) [Deviceb'Device - 2']"
"783280","5034.984989348","192.168.15.3","192.168.15.4","MQTT","70","Connect Ack"
"783283","5034.987617958","192.168.15.3","192.168.15.4","MQTT","70","Publish Ack (id=4965)"
"783285","5034.988313903","192.168.15.4","192.168.15.3","MQTT","68","Disconnect Req"
"783297","5035.992332798","192.168.15.4","192.168.15.3","MQTT","90","Connect Command"
"783299","5035.995193366","192.168.15.4","192.168.15.3","MQTT","97","Publish Message (id=4966) [Deviceb'Device - 2']"
"783300","5035.995594354","192.168.15.3","192.168.15.4","MQTT","70","Connect Ack"
"783303","5035.998309327","192.168.15.3","192.168.15.4","MQTT","70","Publish Ack (id=4966)"
"783305","5035.998923928","192.168.15.4","192.168.15.3","MQTT","68","Disconnect Req"
"783317","5037.003477231","192.168.15.4","192.168.15.3","MQTT","90","Connect Command"
"783319","5037.006450061","192.168.15.4","192.168.15.3","MQTT","97","Publish Message (id=4967) [Deviceb'Device - 2']"
"783320","5037.006833686","192.168.15.3","192.168.15.4","MQTT","70","Connect Ack"
"783323","5037.009433351","192.168.15.3","192.168.15.4","MQTT","70","Publish Ack (id=4967)"
"783325","5037.009976417","192.168.15.4","192.168.15.3","MQTT","68","Disconnect Req"
"783342","5038.013989912","192.168.15.4","192.168.15.3","MQTT","90","Connect Command"
"783344","5038.016860168","192.168.15.4","192.168.15.3","MQTT","97","Publish Message (id=4968) [Deviceb'Device - 2']"
"783346","5038.021373531","192.168.15.3","192.168.15.4","MQTT","70","Connect Ack"
"783348","5038.023847387","192.168.15.3","192.168.15.4","MQTT","70","Publish Ack (id=4968)"
"783350","5038.024508407","192.168.15.4","192.168.15.3","MQTT","68","Disconnect Req"
"783366","5039.028824212","192.168.15.4","192.168.15.3","MQTT","90","Connect Command"
"783368","5039.031671876","192.168.15.4","192.168.15.3","MQTT","97","Publish Message (id=4969) [Deviceb'Device - 2']"
"783369","5039.032268724","192.168.15.3","192.168.15.4","MQTT","70","Connect Ack"
"783372","5039.034625760","192.168.15.3","192.168.15.4","MQTT","70","Publish Ack (id=4969)"
"783374","5039.035282521","192.168.15.4","192.168.15.3","MQTT","68","Disconnect Req"
"783386","5040.039031384","192.168.15.4","192.168.15.3","MQTT","90","Connect Command"
"783388","5040.041927478","192.168.15.4","192.168.15.3","MQTT","97","Publish Message (id=4970) [Deviceb'Device - 2']"
"783389","5040.042331192","192.168.15.3","192.168.15.4","MQTT","70","Connect Ack"
"783392","5040.044922871","192.168.15.3","192.168.15.4","MQTT","70","Publish Ack (id=4970)"
"783394","5040.045444206","192.168.15.4","192.168.15.3","MQTT","68","Disconnect Req"
"783411","5041.049314258","192.168.15.4","192.168.15.3","MQTT","90","Connect Command"
"783413","5041.052218929","192.168.15.4","192.168.15.3","MQTT","97","Publish Message (id=4971) [Deviceb'Device - 2']"
"783414","5041.052593888","192.168.15.3","192.168.15.4","MQTT","70","Connect Ack"
"783417","5041.055043699","192.168.15.3","192.168.15.4","MQTT","70","Publish Ack (id=4971)"
"783419","5041.055666356","192.168.15.4","192.168.15.3","MQTT","68","Disconnect Req"
"783428","5042.059575561","192.168.15.4","192.168.15.3","MQTT","90","Connect Command"
"783430","5042.062440808","192.168.15.4","192.168.15.3","MQTT","97","Publish Message (id=4972) [Deviceb'Device - 2']"
"783431","5042.062795659","192.168.15.3","192.168.15.4","MQTT","70","Connect Ack"
"783434","5042.065228237","192.168.15.3","192.168.15.4","MQTT","70","Publish Ack (id=4972)"
"783436","5042.065849642","192.168.15.4","192.168.15.3","MQTT","68","Disconnect Req"
"783453","5043.070453529","192.168.15.4","192.168.15.3","MQTT","90","Connect Command"
"783455","5043.074261328","192.168.15.4","192.168.15.3","MQTT","97","Publish Message (id=4973) [Deviceb'Device - 2']"
"783457","5043.077719876","192.168.15.3","192.168.15.4","MQTT","70","Connect Ack"
"783459","5043.080099404","192.168.15.3","192.168.15.4","MQTT","70","Publish Ack (id=4973)"
"783461","5043.080653381","192.168.15.4","192.168.15.3","MQTT","68","Disconnect Req"
"785018","5044.084771470","192.168.15.4","192.168.15.3","MQTT","90","Connect Command"
"785020","5044.087611058","192.168.15.4","192.168.15.3","MQTT","97","Publish Message (id=4974) [Deviceb'Device - 2']"
"785021","5044.088092128","192.168.15.3","192.168.15.4","MQTT","70","Connect Ack"
"785024","5044.090675010","192.168.15.3","192.168.15.4","MQTT","70","Publish Ack (id=4974)"
"785026","5044.091283451","192.168.15.4","192.168.15.3","MQTT","68","Disconnect Req"
"785038","5045.095802516","192.168.15.4","192.168.15.3","MQTT","90","Connect Command"
"785040","5045.098662063","192.168.15.4","192.168.15.3","MQTT","97","Publish Message (id=4975) [Deviceb'Device - 2']"
"785041","5045.099081045","192.168.15.3","192.168.15.4","MQTT","70","Connect Ack"
"785044","5045.101710015","192.168.15.3","192.168.15.4","MQTT","70","Publish Ack (id=4975)"
"785046","5045.102322853","192.168.15.4","192.168.15.3","MQTT","68","Disconnect Req"
"785058","5046.106626051","192.168.15.4","192.168.15.3","MQTT","90","Connect Command"
"785060","5046.109530783","192.168.15.4","192.168.15.3","MQTT","97","Publish Message (id=4976) [Deviceb'Device - 2']"
"785061","5046.109928715","192.168.15.3","192.168.15.4","MQTT","70","Connect Ack"
"785064","5046.112505777","192.168.15.3","192.168.15.4","MQTT","70","Publish Ack (id=4976)"
"785066","5046.113076676","192.168.15.4","192.168.15.3","MQTT","68","Disconnect Req"
"785080","5047.117010466","192.168.15.4","192.168.15.3","MQTT","90","Connect Command"
"785082","5047.119921459","192.168.15.4","192.168.15.3","MQTT","97","Publish Message (id=4977) [Deviceb'Device - 2']"
"785083","5047.120326134","192.168.15.3","192.168.15.4","MQTT","70","Connect Ack"
"785086","5047.122733505","192.168.15.3","192.168.15.4","MQTT","70","Publish Ack (id=4977)"
"785088","5047.123361492","192.168.15.4","192.168.15.3","MQTT","68","Disconnect Req"
"785104","5048.127106243","192.168.15.4","192.168.15.3","MQTT","90","Connect Command"
"785106","5048.129991137","192.168.15.4","192.168.15.3","MQTT","97","Publish Message (id=4978) [Deviceb'Device - 2']"
"785108","5048.134335170","192.168.15.3","192.168.15.4","MQTT","70","Connect Ack"
"785110","5048.136792655","192.168.15.3","192.168.15.4","MQTT","70","Publish Ack (id=4978)"
"785112","5048.137383913","192.168.15.4","192.168.15.3","MQTT","68","Disconnect Req"
"785133","5049.141392053","192.168.15.4","192.168.15.3","MQTT","90","Connect Command"
"785135","5049.144251709","192.168.15.4","192.168.15.3","MQTT","97","Publish Message (id=4979) [Deviceb'Device - 2']"
"785136","5049.144748889","192.168.15.3","192.168.15.4","MQTT","70","Connect Ack"
"785140","5049.147153585","192.168.15.3","192.168.15.4","MQTT","70","Publish Ack (id=4979)"
"785142","5049.147645415","192.168.15.4","192.168.15.3","MQTT","68","Disconnect Req"
"785160","5050.152007153","192.168.15.4","192.168.15.3","MQTT","90","Connect Command"
"785162","5050.155118335","192.168.15.4","192.168.15.3","MQTT","97","Publish Message (id=4980) [Deviceb'Device - 2']"
"785163","5050.155538780","192.168.15.3","192.168.15.4","MQTT","70","Connect Ack"
"785166","5050.158131030","192.168.15.3","192.168.15.4","MQTT","70","Publish Ack (id=4980)"
"785168","5050.158740112","192.168.15.4","192.168.15.3","MQTT","68","Disconnect Req"
"785181","5051.163924636","192.168.15.4","192.168.15.3","MQTT","90","Connect Command"
"785183","5051.166703469","192.168.15.4","192.168.15.3","MQTT","97","Publish Message (id=4981) [Deviceb'Device - 2']"
"785184","5051.167092594","192.168.15.3","192.168.15.4","MQTT","70","Connect Ack"
"785188","5051.169643136","192.168.15.3","192.168.15.4","MQTT","70","Publish Ack (id=4981)"
"785190","5051.170328983","192.168.15.4","192.168.15.3","MQTT","68","Disconnect Req"
"785237","5052.174343052","192.168.15.4","192.168.15.3","MQTT","90","Connect Command"
"785239","5052.177204362","192.168.15.4","192.168.15.3","MQTT","97","Publish Message (id=4982) [Deviceb'Device - 2']"
"785240","5052.177607985","192.168.15.3","192.168.15.4","MQTT","70","Connect Ack"
"785243","5052.180182402","192.168.15.3","192.168.15.4","MQTT","70","Publish Ack (id=4982)"
"785245","5052.180991561","192.168.15.4","192.168.15.3","MQTT","68","Disconnect Req"
"785621","5053.184525594","192.168.15.4","192.168.15.3","MQTT","90","Connect Command"
"785623","5053.187461674","192.168.15.4","192.168.15.3","MQTT","97","Publish Message (id=4983) [Deviceb'Device - 2']"
"785625","5053.191933788","192.168.15.3","192.168.15.4","MQTT","70","Connect Ack"
"785627","5053.194483659","192.168.15.3","192.168.15.4","MQTT","70","Publish Ack (id=4983)"
"785629","5053.195232053","192.168.15.4","192.168.15.3","MQTT","68","Disconnect Req"
"785645","5054.199702826","192.168.15.4","192.168.15.3","MQTT","90","Connect Command"
"785647","5054.202563765","192.168.15.4","192.168.15.3","MQTT","97","Publish Message (id=4984) [Deviceb'Device - 2']"
"785648","5054.202961938","192.168.15.3","192.168.15.4","MQTT","70","Connect Ack"
"785651","5054.205600035","192.168.15.3","192.168.15.4","MQTT","70","Publish Ack (id=4984)"
"785653","5054.206401099","192.168.15.4","192.168.15.3","MQTT","68","Disconnect Req"
"787187","5055.210733170","192.168.15.4","192.168.15.3","MQTT","90","Connect Command"
"787189","5055.213580112","192.168.15.4","192.168.15.3","MQTT","97","Publish Message (id=4985) [Deviceb'Device - 2']"
"787190","5055.214009975","192.168.15.3","192.168.15.4","MQTT","70","Connect Ack"
"787193","5055.216489693","192.168.15.3","192.168.15.4","MQTT","70","Publish Ack (id=4985)"
"787195","5055.217262434","192.168.15.4","192.168.15.3","MQTT","68","Disconnect Req"
"787211","5056.221581608","192.168.15.4","192.168.15.3","MQTT","90","Connect Command"
"787213","5056.224419984","192.168.15.4","192.168.15.3","MQTT","97","Publish Message (id=4986) [Deviceb'Device - 2']"
"787214","5056.225066536","192.168.15.3","192.168.15.4","MQTT","70","Connect Ack"
"787217","5056.227321950","192.168.15.3","192.168.15.4","MQTT","70","Publish Ack (id=4986)"
"787220","5056.228146859","192.168.15.4","192.168.15.3","MQTT","68","Disconnect Req"
"787237","5057.231982621","192.168.15.4","192.168.15.3","MQTT","90","Connect Command"
"787239","5057.234813363","192.168.15.4","192.168.15.3","MQTT","97","Publish Message (id=4987) [Deviceb'Device - 2']"
"787240","5057.235218549","192.168.15.3","192.168.15.4","MQTT","70","Connect Ack"
"787243","5057.237722592","192.168.15.3","192.168.15.4","MQTT","70","Publish Ack (id=4987)"
"787245","5057.238484082","192.168.15.4","192.168.15.3","MQTT","68","Disconnect Req"
"787258","5058.243049713","192.168.15.4","192.168.15.3","MQTT","90","Connect Command"
"787260","5058.245897737","192.168.15.4","192.168.15.3","MQTT","97","Publish Message (id=4988) [Deviceb'Device - 2']"
"787262","5058.253257019","192.168.15.3","192.168.15.4","MQTT","70","Connect Ack"
"787264","5058.256006958","192.168.15.3","192.168.15.4","MQTT","70","Publish Ack (id=4988)"
"787266","5058.256597114","192.168.15.4","192.168.15.3","MQTT","68","Disconnect Req"
"787282","5059.260263014","192.168.15.4","192.168.15.3","MQTT","90","Connect Command"
"787284","5059.265065633","192.168.15.4","192.168.15.3","MQTT","97","Publish Message (id=4989) [Deviceb'Device - 2']"
"787285","5059.265492991","192.168.15.3","192.168.15.4","MQTT","70","Connect Ack"
"787288","5059.268110039","192.168.15.3","192.168.15.4","MQTT","70","Publish Ack (id=4989)"
"787290","5059.268406790","192.168.15.4","192.168.15.3","MQTT","68","Disconnect Req"
"787318","5060.272570520","192.168.15.4","192.168.15.3","MQTT","90","Connect Command"
"787320","5060.275475933","192.168.15.4","192.168.15.3","MQTT","97","Publish Message (id=4990) [Deviceb'Device - 2']"
"787321","5060.275868997","192.168.15.3","192.168.15.4","MQTT","70","Connect Ack"
"787324","5060.278556287","192.168.15.3","192.168.15.4","MQTT","70","Publish Ack (id=4990)"
"787326","5060.278867285","192.168.15.4","192.168.15.3","MQTT","68","Disconnect Req"
"787342","5061.282992412","192.168.15.4","192.168.15.3","MQTT","90","Connect Command"
"787344","5061.285897704","192.168.15.4","192.168.15.3","MQTT","97","Publish Message (id=4991) [Deviceb'Device - 2']"
"787345","5061.286295767","192.168.15.3","192.168.15.4","MQTT","70","Connect Ack"
"787348","5061.288704971","192.168.15.3","192.168.15.4","MQTT","70","Publish Ack (id=4991)"
"787350","5061.289200037","192.168.15.4","192.168.15.3","MQTT","68","Disconnect Req"
"787379","5062.293209415","192.168.15.4","192.168.15.3","MQTT","90","Connect Command"
"787381","5062.296133102","192.168.15.4","192.168.15.3","MQTT","97","Publish Message (id=4992) [Deviceb'Device - 2']"
"787382","5062.296514273","192.168.15.3","192.168.15.4","MQTT","70","Connect Ack"
"787385","5062.299253662","192.168.15.3","192.168.15.4","MQTT","70","Publish Ack (id=4992)"
"787387","5062.299816576","192.168.15.4","192.168.15.3","MQTT","68","Disconnect Req"
"787404","5063.304569239","192.168.15.4","192.168.15.3","MQTT","90","Connect Command"
"787406","5063.307449464","192.168.15.4","192.168.15.3","MQTT","97","Publish Message (id=4993) [Deviceb'Device - 2']"
"787408","5063.311813334","192.168.15.3","192.168.15.4","MQTT","70","Connect Ack"
"787410","5063.314172294","192.168.15.3","192.168.15.4","MQTT","70","Publish Ack (id=4993)"
"787412","5063.314796764","192.168.15.4","192.168.15.3","MQTT","68","Disconnect Req"
"787426","5064.321008776","192.168.15.4","192.168.15.3","MQTT","90","Connect Command"
"787428","5064.323874454","192.168.15.4","192.168.15.3","MQTT","97","Publish Message (id=4994) [Deviceb'Device - 2']"
"787429","5064.324240987","192.168.15.3","192.168.15.4","MQTT","70","Connect Ack"
"787432","5064.326464440","192.168.15.3","192.168.15.4","MQTT","70","Publish Ack (id=4994)"
"787434","5064.327062240","192.168.15.4","192.168.15.3","MQTT","68","Disconnect Req"
"787449","5065.330991747","192.168.15.4","192.168.15.3","MQTT","90","Connect Command"
"787451","5065.333918049","192.168.15.4","192.168.15.3","MQTT","97","Publish Message (id=4995) [Deviceb'Device - 2']"
"787452","5065.334572246","192.168.15.3","192.168.15.4","MQTT","70","Connect Ack"
"787455","5065.336924984","192.168.15.3","192.168.15.4","MQTT","70","Publish Ack (id=4995)"
"787457","5065.337517784","192.168.15.4","192.168.15.3","MQTT","68","Disconnect Req"
"787471","5066.341879008","192.168.15.4","192.168.15.3","MQTT","90","Connect Command"
"787473","5066.344778369","192.168.15.4","192.168.15.3","MQTT","97","Publish Message (id=4996) [Deviceb'Device - 2']"
"787474","5066.345216817","192.168.15.3","192.168.15.4","MQTT","70","Connect Ack"
"787477","5066.347580175","192.168.15.3","192.168.15.4","MQTT","70","Publish Ack (id=4996)"
"787479","5066.348125486","192.168.15.4","192.168.15.3","MQTT","68","Disconnect Req"
"787496","5067.352909548","192.168.15.4","192.168.15.3","MQTT","90","Connect Command"
"787498","5067.355812496","192.168.15.4","192.168.15.3","MQTT","97","Publish Message (id=4997) [Deviceb'Device - 2']"
"787499","5067.356218854","192.168.15.3","192.168.15.4","MQTT","70","Connect Ack"
"787502","5067.358708991","192.168.15.3","192.168.15.4","MQTT","70","Publish Ack (id=4997)"
"787504","5067.359331098","192.168.15.4","192.168.15.3","MQTT","68","Disconnect Req"
"787521","5068.364247500","192.168.15.4","192.168.15.3","MQTT","90","Connect Command"
"787523","5068.367134618","192.168.15.4","192.168.15.3","MQTT","97","Publish Message (id=4998) [Deviceb'Device - 2']"
"787525","5068.371546278","192.168.15.3","192.168.15.4","MQTT","70","Connect Ack"
"787527","5068.374042547","192.168.15.3","192.168.15.4","MQTT","70","Publish Ack (id=4998)"
"787529","5068.374575465","192.168.15.4","192.168.15.3","MQTT","68","Disconnect Req"
"787555","5069.378530761","192.168.15.4","192.168.15.3","MQTT","90","Connect Command"
"787557","5069.381560559","192.168.15.4","192.168.15.3","MQTT","97","Publish Message (id=4999) [Deviceb'Device - 2']"
"787558","5069.381966466","192.168.15.3","192.168.15.4","MQTT","70","Connect Ack"
"787561","5069.384662002","192.168.15.3","192.168.15.4","MQTT","70","Publish Ack (id=4999)"
"787563","5069.385251125","192.168.15.4","192.168.15.3","MQTT","68","Disconnect Req"
"787578","5070.389566480","192.168.15.4","192.168.15.3","MQTT","90","Connect Command"
"787580","5070.392422069","192.168.15.4","192.168.15.3","MQTT","97","Publish Message (id=5000) [Deviceb'Device - 2']"
"787581","5070.392817075","192.168.15.3","192.168.15.4","MQTT","70","Connect Ack"
"787584","5070.395454291","192.168.15.3","192.168.15.4","MQTT","70","Publish Ack (id=5000)"
"787586","5070.395994542","192.168.15.4","192.168.15.3","MQTT","68","Disconnect Req"
"787606","5071.400315116","192.168.15.4","192.168.15.3","MQTT","90","Connect Command"
"787608","5071.403257339","192.168.15.4","192.168.15.3","MQTT","97","Publish Message (id=5001) [Deviceb'Device - 2']"
"787609","5071.403650482","192.168.15.3","192.168.15.4","MQTT","70","Connect Ack"
"787612","5071.406241059","192.168.15.3","192.168.15.4","MQTT","70","Publish Ack (id=5001)"
"787614","5071.406739662","192.168.15.4","192.168.15.3","MQTT","68","Disconnect Req"
"789561","5072.409859948","192.168.15.4","192.168.15.3","MQTT","90","Connect Command"
"789563","5072.412836405","192.168.15.4","192.168.15.3","MQTT","97","Publish Message (id=5002) [Deviceb'Device - 2']"
"789564","5072.413266197","192.168.15.3","192.168.15.4","MQTT","70","Connect Ack"
"789567","5072.415774950","192.168.15.3","192.168.15.4","MQTT","70","Publish Ack (id=5002)"
"789569","5072.416432433","192.168.15.4","192.168.15.3","MQTT","68","Disconnect Req"
"789583","5073.420829141","192.168.15.4","192.168.15.3","MQTT","90","Connect Command"
"789585","5073.423686383","192.168.15.4","192.168.15.3","MQTT","97","Publish Message (id=5003) [Deviceb'Device - 2']"
"789587","5073.428105867","192.168.15.3","192.168.15.4","MQTT","70","Connect Ack"
"789589","5073.430564746","192.168.15.3","192.168.15.4","MQTT","70","Publish Ack (id=5003)"
"789591","5073.431111870","192.168.15.4","192.168.15.3","MQTT","68","Disconnect Req"
"789624","5074.434900761","192.168.15.4","192.168.15.3","MQTT","90","Connect Command"
"789626","5074.437825069","192.168.15.4","192.168.15.3","MQTT","97","Publish Message (id=5004) [Deviceb'Device - 2']"
"789627","5074.438496067","192.168.15.3","192.168.15.4","MQTT","70","Connect Ack"
"789630","5074.440822535","192.168.15.3","192.168.15.4","MQTT","70","Publish Ack (id=5004)"
"789632","5074.441325095","192.168.15.4","192.168.15.3","MQTT","68","Disconnect Req"
"789655","5075.446238741","192.168.15.4","192.168.15.3","MQTT","90","Connect Command"
"789657","5075.449066407","192.168.15.4","192.168.15.3","MQTT","97","Publish Message (id=5005) [Deviceb'Device - 2']"
"789658","5075.449434773","192.168.15.3","192.168.15.4","MQTT","70","Connect Ack"
"789661","5075.451939338","192.168.15.3","192.168.15.4","MQTT","70","Publish Ack (id=5005)"
"789663","5075.452546456","192.168.15.4","192.168.15.3","MQTT","68","Disconnect Req"
"789673","5076.457000012","192.168.15.4","192.168.15.3","MQTT","90","Connect Command"
"789675","5076.459900826","192.168.15.4","192.168.15.3","MQTT","97","Publish Message (id=5006) [Deviceb'Device - 2']"
"789676","5076.460248653","192.168.15.3","192.168.15.4","MQTT","70","Connect Ack"
"789679","5076.462749992","192.168.15.3","192.168.15.4","MQTT","70","Publish Ack (id=5006)"
"789681","5076.463465084","192.168.15.4","192.168.15.3","MQTT","68","Disconnect Req"
"789696","5077.467521217","192.168.15.4","192.168.15.3","MQTT","90","Connect Command"
"789698","5077.470422792","192.168.15.4","192.168.15.3","MQTT","97","Publish Message (id=5007) [Deviceb'Device - 2']"
"789699","5077.470773846","192.168.15.3","192.168.15.4","MQTT","70","Connect Ack"
"789702","5077.473420740","192.168.15.3","192.168.15.4","MQTT","70","Publish Ack (id=5007)"
"789704","5077.473937697","192.168.15.4","192.168.15.3","MQTT","68","Disconnect Req"
"789720","5078.478003538","192.168.15.4","192.168.15.3","MQTT","90","Connect Command"
"789722","5078.480996907","192.168.15.4","192.168.15.3","MQTT","97","Publish Message (id=5008) [Deviceb'Device - 2']"
"789724","5078.485462810","192.168.15.3","192.168.15.4","MQTT","70","Connect Ack"
"789726","5078.488202419","192.168.15.3","192.168.15.4","MQTT","70","Publish Ack (id=5008)"
"789728","5078.488810037","192.168.15.4","192.168.15.3","MQTT","68","Disconnect Req"
"789750","5079.493210873","192.168.15.4","192.168.15.3","MQTT","90","Connect Command"
"789752","5079.496105495","192.168.15.4","192.168.15.3","MQTT","97","Publish Message (id=5009) [Deviceb'Device - 2']"
"789753","5079.496496634","192.168.15.3","192.168.15.4","MQTT","70","Connect Ack"
"789756","5079.499113000","192.168.15.3","192.168.15.4","MQTT","70","Publish Ack (id=5009)"
"789758","5079.499731770","192.168.15.4","192.168.15.3","MQTT","68","Disconnect Req"
"790122","5080.503816417","192.168.15.4","192.168.15.3","MQTT","90","Connect Command"
"790124","5080.506683507","192.168.15.4","192.168.15.3","MQTT","97","Publish Message (id=5010) [Deviceb'Device - 2']"
"790125","5080.507108721","192.168.15.3","192.168.15.4","MQTT","70","Connect Ack"
"790128","5080.509629677","192.168.15.3","192.168.15.4","MQTT","70","Publish Ack (id=5010)"
"790130","5080.510111217","192.168.15.4","192.168.15.3","MQTT","68","Disconnect Req"
"790174","5081.514667154","192.168.15.4","192.168.15.3","MQTT","90","Connect Command"
"790176","5081.517602202","192.168.15.4","192.168.15.3","MQTT","97","Publish Message (id=5011) [Deviceb'Device - 2']"
"790177","5081.518108379","192.168.15.3","192.168.15.4","MQTT","70","Connect Ack"
"790180","5081.520641127","192.168.15.3","192.168.15.4","MQTT","70","Publish Ack (id=5011)"
"790182","5081.521123269","192.168.15.4","192.168.15.3","MQTT","68","Disconnect Req"
"790206","5082.525472836","192.168.15.4","192.168.15.3","MQTT","90","Connect Command"
"790208","5082.528434675","192.168.15.4","192.168.15.3","MQTT","97","Publish Message (id=5012) [Deviceb'Device - 2']"
"790209","5082.528834781","192.168.15.3","192.168.15.4","MQTT","70","Connect Ack"
"790212","5082.531186748","192.168.15.3","192.168.15.4","MQTT","70","Publish Ack (id=5012)"
"790214","5082.531563349","192.168.15.4","192.168.15.3","MQTT","68","Disconnect Req"
"790259","5083.535190821","192.168.15.4","192.168.15.3","MQTT","90","Connect Command"
"790261","5083.538092236","192.168.15.4","192.168.15.3","MQTT","97","Publish Message (id=5013) [Deviceb'Device - 2']"
"790263","5083.542962443","192.168.15.3","192.168.15.4","MQTT","70","Connect Ack"
"790265","5083.545583789","192.168.15.3","192.168.15.4","MQTT","70","Publish Ack (id=5013)"
"790267","5083.546251992","192.168.15.4","192.168.15.3","MQTT","68","Disconnect Req"
"790284","5084.550728067","192.168.15.4","192.168.15.3","MQTT","90","Connect Command"
"790286","5084.553566132","192.168.15.4","192.168.15.3","MQTT","97","Publish Message (id=5014) [Deviceb'Device - 2']"
"790287","5084.554549922","192.168.15.3","192.168.15.4","MQTT","70","Connect Ack"
"790290","5084.556811778","192.168.15.3","192.168.15.4","MQTT","70","Publish Ack (id=5014)"
"790292","5084.557443282","192.168.15.4","192.168.15.3","MQTT","68","Disconnect Req"
"790304","5085.561867139","192.168.15.4","192.168.15.3","MQTT","90","Connect Command"
"790306","5085.564799392","192.168.15.4","192.168.15.3","MQTT","97","Publish Message (id=5015) [Deviceb'Device - 2']"
"790307","5085.565447848","192.168.15.3","192.168.15.4","MQTT","70","Connect Ack"
"790310","5085.567589967","192.168.15.3","192.168.15.4","MQTT","70","Publish Ack (id=5015)"
"790312","5085.568270874","192.168.15.4","192.168.15.3","MQTT","68","Disconnect Req"
"790320","5086.573193173","192.168.15.4","192.168.15.3","MQTT","90","Connect Command"
"790322","5086.576559467","192.168.15.4","192.168.15.3","MQTT","97","Publish Message (id=5016) [Deviceb'Device - 2']"
"790323","5086.576831671","192.168.15.3","192.168.15.4","MQTT","70","Connect Ack"
"790326","5086.579565500","192.168.15.3","192.168.15.4","MQTT","70","Publish Ack (id=5016)"
"790328","5086.580174261","192.168.15.4","192.168.15.3","MQTT","68","Disconnect Req"
"790345","5087.584016017","192.168.15.4","192.168.15.3","MQTT","90","Connect Command"
"790347","5087.586403130","192.168.15.4","192.168.15.3","MQTT","97","Publish Message (id=5017) [Deviceb'Device - 2']"
"790348","5087.586812414","192.168.15.3","192.168.15.4","MQTT","70","Connect Ack"
"790351","5087.589516876","192.168.15.3","192.168.15.4","MQTT","70","Publish Ack (id=5017)"
"790353","5087.590147268","192.168.15.4","192.168.15.3","MQTT","68","Disconnect Req"
"790366","5088.594359084","192.168.15.4","192.168.15.3","MQTT","90","Connect Command"
"790368","5088.597207379","192.168.15.4","192.168.15.3","MQTT","97","Publish Message (id=5018) [Deviceb'Device - 2']"
"790370","5088.601609250","192.168.15.3","192.168.15.4","MQTT","70","Connect Ack"
"790372","5088.604140024","192.168.15.3","192.168.15.4","MQTT","70","Publish Ack (id=5018)"
"790374","5088.604806785","192.168.15.4","192.168.15.3","MQTT","68","Disconnect Req"
"790390","5089.609380844","192.168.15.4","192.168.15.3","MQTT","90","Connect Command"
"790392","5089.612260739","192.168.15.4","192.168.15.3","MQTT","97","Publish Message (id=5019) [Deviceb'Device - 2']"
"790393","5089.612658941","192.168.15.3","192.168.15.4","MQTT","70","Connect Ack"
"790396","5089.615260320","192.168.15.3","192.168.15.4","MQTT","70","Publish Ack (id=5019)"
"790398","5089.615895380","192.168.15.4","192.168.15.3","MQTT","68","Disconnect Req"
"790414","5090.620823217","192.168.15.4","192.168.15.3","MQTT","90","Connect Command"
"790416","5090.623693874","192.168.15.4","192.168.15.3","MQTT","97","Publish Message (id=5020) [Deviceb'Device - 2']"
"790417","5090.624095233","192.168.15.3","192.168.15.4","MQTT","70","Connect Ack"
"790420","5090.626711639","192.168.15.3","192.168.15.4","MQTT","70","Publish Ack (id=5020)"
"790422","5090.627470003","192.168.15.4","192.168.15.3","MQTT","68","Disconnect Req"
"790437","5091.632045414","192.168.15.4","192.168.15.3","MQTT","90","Connect Command"
"790439","5091.634887116","192.168.15.4","192.168.15.3","MQTT","97","Publish Message (id=5021) [Deviceb'Device - 2']"
"790440","5091.635300087","192.168.15.3","192.168.15.4","MQTT","70","Connect Ack"
"790443","5091.637734118","192.168.15.3","192.168.15.4","MQTT","70","Publish Ack (id=5021)"
"790445","5091.638469729","192.168.15.4","192.168.15.3","MQTT","68","Disconnect Req"
"792241","5092.642412865","192.168.15.4","192.168.15.3","MQTT","90","Connect Command"
"792243","5092.645945824","192.168.15.4","192.168.15.3","MQTT","97","Publish Message (id=5022) [Deviceb'Device - 2']"
"792244","5092.645955693","192.168.15.3","192.168.15.4","MQTT","70","Connect Ack"
"792247","5092.649284886","192.168.15.3","192.168.15.4","MQTT","70","Publish Ack (id=5022)"
"792249","5092.649933452","192.168.15.4","192.168.15.3","MQTT","68","Disconnect Req"
"792268","5093.654422981","192.168.15.4","192.168.15.3","MQTT","90","Connect Command"
"792270","5093.657325679","192.168.15.4","192.168.15.3","MQTT","97","Publish Message (id=5023) [Deviceb'Device - 2']"
"792272","5093.661675071","192.168.15.3","192.168.15.4","MQTT","70","Connect Ack"
"792274","5093.664215083","192.168.15.3","192.168.15.4","MQTT","70","Publish Ack (id=5023)"
"792276","5093.664994376","192.168.15.4","192.168.15.3","MQTT","68","Disconnect Req"
"792294","5094.669226899","192.168.15.4","192.168.15.3","MQTT","90","Connect Command"
"792296","5094.672115940","192.168.15.4","192.168.15.3","MQTT","97","Publish Message (id=5024) [Deviceb'Device - 2']"
"792297","5094.672518862","192.168.15.3","192.168.15.4","MQTT","70","Connect Ack"
"792300","5094.675170515","192.168.15.3","192.168.15.4","MQTT","70","Publish Ack (id=5024)"
"792302","5094.675726606","192.168.15.4","192.168.15.3","MQTT","68","Disconnect Req"
"792318","5095.680018220","192.168.15.4","192.168.15.3","MQTT","90","Connect Command"
"792320","5095.684910609","192.168.15.4","192.168.15.3","MQTT","97","Publish Message (id=5025) [Deviceb'Device - 2']"
"792321","5095.685262634","192.168.15.3","192.168.15.4","MQTT","70","Connect Ack"
"792324","5095.687767940","192.168.15.3","192.168.15.4","MQTT","70","Publish Ack (id=5025)"
"792326","5095.688403492","192.168.15.4","192.168.15.3","MQTT","68","Disconnect Req"
"792338","5096.693237692","192.168.15.4","192.168.15.3","MQTT","90","Connect Command"
"792341","5096.695974555","192.168.15.4","192.168.15.3","MQTT","97","Publish Message (id=5026) [Deviceb'Device - 2']"
"792342","5096.696401282","192.168.15.3","192.168.15.4","MQTT","70","Connect Ack"
"792345","5096.698807391","192.168.15.3","192.168.15.4","MQTT","70","Publish Ack (id=5026)"
"792347","5096.699432312","192.168.15.4","192.168.15.3","MQTT","68","Disconnect Req"
"792371","5097.703551370","192.168.15.4","192.168.15.3","MQTT","90","Connect Command"
"792373","5097.706213092","192.168.15.4","192.168.15.3","MQTT","97","Publish Message (id=5027) [Deviceb'Device - 2']"
"792374","5097.706583612","192.168.15.3","192.168.15.4","MQTT","70","Connect Ack"
"792377","5097.709101592","192.168.15.3","192.168.15.4","MQTT","70","Publish Ack (id=5027)"
"792379","5097.709731283","192.168.15.4","192.168.15.3","MQTT","68","Disconnect Req"
"792400","5098.713502753","192.168.15.4","192.168.15.3","MQTT","90","Connect Command"
"792402","5098.718153996","192.168.15.4","192.168.15.3","MQTT","97","Publish Message (id=5028) [Deviceb'Device - 2']"
"792403","5098.718773307","192.168.15.3","192.168.15.4","MQTT","70","Connect Ack"
"792406","5098.721096328","192.168.15.3","192.168.15.4","MQTT","70","Publish Ack (id=5028)"
"792408","5098.721886422","192.168.15.4","192.168.15.3","MQTT","68","Disconnect Req"
"792418","5099.726691657","192.168.15.4","192.168.15.3","MQTT","90","Connect Command"
"792420","5099.729585908","192.168.15.4","192.168.15.3","MQTT","97","Publish Message (id=5029) [Deviceb'Device - 2']"
"792421","5099.730009759","192.168.15.3","192.168.15.4","MQTT","70","Connect Ack"
"792424","5099.732580249","192.168.15.3","192.168.15.4","MQTT","70","Publish Ack (id=5029)"
"792426","5099.733248713","192.168.15.4","192.168.15.3","MQTT","68","Disconnect Req"
"792447","5100.738262220","192.168.15.4","192.168.15.3","MQTT","90","Connect Command"
"792449","5100.740862707","192.168.15.4","192.168.15.3","MQTT","97","Publish Message (id=5030) [Deviceb'Device - 2']"
"792450","5100.741152154","192.168.15.3","192.168.15.4","MQTT","70","Connect Ack"
"792453","5100.743887896","192.168.15.3","192.168.15.4","MQTT","70","Publish Ack (id=5030)"
"792455","5100.744535209","192.168.15.4","192.168.15.3","MQTT","68","Disconnect Req"
"792467","5101.748983288","192.168.15.4","192.168.15.3","MQTT","90","Connect Command"
"792469","5101.751945608","192.168.15.4","192.168.15.3","MQTT","97","Publish Message (id=5031) [Deviceb'Device - 2']"
"792470","5101.752373547","192.168.15.3","192.168.15.4","MQTT","70","Connect Ack"
"792473","5101.754929299","192.168.15.3","192.168.15.4","MQTT","70","Publish Ack (id=5031)"
"792475","5101.755308285","192.168.15.4","192.168.15.3","MQTT","68","Disconnect Req"
"792490","5102.759672395","192.168.15.4","192.168.15.3","MQTT","90","Connect Command"
"792492","5102.762537802","192.168.15.4","192.168.15.3","MQTT","97","Publish Message (id=5032) [Deviceb'Device - 2']"
"792493","5102.762919594","192.168.15.3","192.168.15.4","MQTT","70","Connect Ack"
"792496","5102.765513758","192.168.15.3","192.168.15.4","MQTT","70","Publish Ack (id=5032)"
"792498","5102.766410072","192.168.15.4","192.168.15.3","MQTT","68","Disconnect Req"
"792512","5103.770483092","192.168.15.4","192.168.15.3","MQTT","90","Connect Command"
"792514","5103.773389676","192.168.15.4","192.168.15.3","MQTT","97","Publish Message (id=5033) [Deviceb'Device - 2']"
"792516","5103.777772061","192.168.15.3","192.168.15.4","MQTT","70","Connect Ack"
"792518","5103.780368800","192.168.15.3","192.168.15.4","MQTT","70","Publish Ack (id=5033)"
"792520","5103.781139687","192.168.15.4","192.168.15.3","MQTT","68","Disconnect Req"
"792532","5104.785541879","192.168.15.4","192.168.15.3","MQTT","90","Connect Command"
"792534","5104.788410402","192.168.15.4","192.168.15.3","MQTT","97","Publish Message (id=5034) [Deviceb'Device - 2']"
"792535","5104.788846165","192.168.15.3","192.168.15.4","MQTT","70","Connect Ack"
"792538","5104.791221305","192.168.15.3","192.168.15.4","MQTT","70","Publish Ack (id=5034)"
"792540","5104.791839474","192.168.15.4","192.168.15.3","MQTT","68","Disconnect Req"
"794370","5105.796409812","192.168.15.4","192.168.15.3","MQTT","90","Connect Command"
"794372","5105.799292892","192.168.15.4","192.168.15.3","MQTT","97","Publish Message (id=5035) [Deviceb'Device - 2']"
"794373","5105.799625421","192.168.15.3","192.168.15.4","MQTT","70","Connect Ack"
"794376","5105.802400918","192.168.15.3","192.168.15.4","MQTT","70","Publish Ack (id=5035)"
"794378","5105.803349712","192.168.15.4","192.168.15.3","MQTT","68","Disconnect Req"
"794390","5106.807653226","192.168.15.4","192.168.15.3","MQTT","90","Connect Command"
"794392","5106.810522460","192.168.15.4","192.168.15.3","MQTT","97","Publish Message (id=5036) [Deviceb'Device - 2']"
"794393","5106.810951852","192.168.15.3","192.168.15.4","MQTT","70","Connect Ack"
"794396","5106.813449985","192.168.15.3","192.168.15.4","MQTT","70","Publish Ack (id=5036)"
"794398","5106.814192438","192.168.15.4","192.168.15.3","MQTT","68","Disconnect Req"
"794431","5107.818149077","192.168.15.4","192.168.15.3","MQTT","90","Connect Command"
"794433","5107.820991189","192.168.15.4","192.168.15.3","MQTT","97","Publish Message (id=5037) [Deviceb'Device - 2']"
"794434","5107.821481987","192.168.15.3","192.168.15.4","MQTT","70","Connect Ack"
"794437","5107.823798446","192.168.15.3","192.168.15.4","MQTT","70","Publish Ack (id=5037)"
"794439","5107.824367923","192.168.15.4","192.168.15.3","MQTT","68","Disconnect Req"
"794452","5108.828516744","192.168.15.4","192.168.15.3","MQTT","90","Connect Command"
"794454","5108.831284476","192.168.15.4","192.168.15.3","MQTT","97","Publish Message (id=5038) [Deviceb'Device - 2']"
"794455","5108.831896172","192.168.15.3","192.168.15.4","MQTT","70","Connect Ack"
"794458","5108.834297843","192.168.15.3","192.168.15.4","MQTT","70","Publish Ack (id=5038)"
"794460","5108.834823286","192.168.15.4","192.168.15.3","MQTT","68","Disconnect Req"
"794482","5109.838733545","192.168.15.4","192.168.15.3","MQTT","90","Connect Command"
"794484","5109.841742975","192.168.15.4","192.168.15.3","MQTT","97","Publish Message (id=5039) [Deviceb'Device - 2']"
"794485","5109.842125298","192.168.15.3","192.168.15.4","MQTT","70","Connect Ack"
"794488","5109.844776439","192.168.15.3","192.168.15.4","MQTT","70","Publish Ack (id=5039)"
"794490","5109.845387314","192.168.15.4","192.168.15.3","MQTT","68","Disconnect Req"
"794514","5110.849399156","192.168.15.4","192.168.15.3","MQTT","90","Connect Command"
"794516","5110.852144736","192.168.15.4","192.168.15.3","MQTT","97","Publish Message (id=5040) [Deviceb'Device - 2']"
"794517","5110.852536897","192.168.15.3","192.168.15.4","MQTT","70","Connect Ack"
"794520","5110.854947154","192.168.15.3","192.168.15.4","MQTT","70","Publish Ack (id=5040)"
"794522","5110.855548781","192.168.15.4","192.168.15.3","MQTT","68","Disconnect Req"
"794543","5111.859606790","192.168.15.4","192.168.15.3","MQTT","90","Connect Command"
"794545","5111.862631808","192.168.15.4","192.168.15.3","MQTT","97","Publish Message (id=5041) [Deviceb'Device - 2']"
"794546","5111.863054618","192.168.15.3","192.168.15.4","MQTT","70","Connect Ack"
"794549","5111.865596373","192.168.15.3","192.168.15.4","MQTT","70","Publish Ack (id=5041)"
"794551","5111.865812110","192.168.15.4","192.168.15.3","MQTT","68","Disconnect Req"
"794919","5112.870408096","192.168.15.4","192.168.15.3","MQTT","90","Connect Command"
"794921","5112.873278973","192.168.15.4","192.168.15.3","MQTT","97","Publish Message (id=5042) [Deviceb'Device - 2']"
"794922","5112.873717482","192.168.15.3","192.168.15.4","MQTT","70","Connect Ack"
"794925","5112.876264146","192.168.15.3","192.168.15.4","MQTT","70","Publish Ack (id=5042)"
"794927","5112.876886643","192.168.15.4","192.168.15.3","MQTT","68","Disconnect Req"
"794939","5113.881021757","192.168.15.4","192.168.15.3","MQTT","90","Connect Command"
"794941","5113.883893465","192.168.15.4","192.168.15.3","MQTT","97","Publish Message (id=5043) [Deviceb'Device - 2']"
"794943","5113.888259600","192.168.15.3","192.168.15.4","MQTT","70","Connect Ack"
"794945","5113.890707087","192.168.15.3","192.168.15.4","MQTT","70","Publish Ack (id=5043)"
"794947","5113.891451825","192.168.15.4","192.168.15.3","MQTT","68","Disconnect Req"
"794959","5114.895363475","192.168.15.4","192.168.15.3","MQTT","90","Connect Command"
"794961","5114.898387081","192.168.15.4","192.168.15.3","MQTT","97","Publish Message (id=5044) [Deviceb'Device - 2']"
"794962","5114.898810592","192.168.15.3","192.168.15.4","MQTT","70","Connect Ack"
"794965","5114.901446344","192.168.15.3","192.168.15.4","MQTT","70","Publish Ack (id=5044)"
"794967","5114.902237871","192.168.15.4","192.168.15.3","MQTT","68","Disconnect Req"
"795002","5115.906031288","192.168.15.4","192.168.15.3","MQTT","90","Connect Command"
"795004","5115.909002926","192.168.15.4","192.168.15.3","MQTT","97","Publish Message (id=5045) [Deviceb'Device - 2']"
"795005","5115.909430494","192.168.15.3","192.168.15.4","MQTT","70","Connect Ack"
"795008","5115.911858615","192.168.15.3","192.168.15.4","MQTT","70","Publish Ack (id=5045)"
"795010","5115.912664669","192.168.15.4","192.168.15.3","MQTT","68","Disconnect Req"
"795023","5116.916843605","192.168.15.4","192.168.15.3","MQTT","90","Connect Command"
"795025","5116.919825091","192.168.15.4","192.168.15.3","MQTT","97","Publish Message (id=5046) [Deviceb'Device - 2']"
"795026","5116.920231860","192.168.15.3","192.168.15.4","MQTT","70","Connect Ack"
"795029","5116.922778564","192.168.15.3","192.168.15.4","MQTT","70","Publish Ack (id=5046)"
"795031","5116.923178540","192.168.15.4","192.168.15.3","MQTT","68","Disconnect Req"
"795047","5117.926876809","192.168.15.4","192.168.15.3","MQTT","90","Connect Command"
"795049","5117.929781330","192.168.15.4","192.168.15.3","MQTT","97","Publish Message (id=5047) [Deviceb'Device - 2']"
"795050","5117.930209710","192.168.15.3","192.168.15.4","MQTT","70","Connect Ack"
"795053","5117.932695258","192.168.15.3","192.168.15.4","MQTT","70","Publish Ack (id=5047)"
"795055","5117.933052644","192.168.15.4","192.168.15.3","MQTT","68","Disconnect Req"
"795070","5118.936834490","192.168.15.4","192.168.15.3","MQTT","90","Connect Command"
"795072","5118.939709926","192.168.15.4","192.168.15.3","MQTT","97","Publish Message (id=5048) [Deviceb'Device - 2']"
"795074","5118.944166200","192.168.15.3","192.168.15.4","MQTT","70","Connect Ack"
"795076","5118.946604981","192.168.15.3","192.168.15.4","MQTT","70","Publish Ack (id=5048)"
"795078","5118.947023041","192.168.15.4","192.168.15.3","MQTT","68","Disconnect Req"
"795086","5119.950911969","192.168.15.4","192.168.15.3","MQTT","90","Connect Command"
"795089","5119.953912712","192.168.15.4","192.168.15.3","MQTT","97","Publish Message (id=5049) [Deviceb'Device - 2']"
"795090","5119.954351441","192.168.15.3","192.168.15.4","MQTT","70","Connect Ack"
"795093","5119.956900420","192.168.15.3","192.168.15.4","MQTT","70","Publish Ack (id=5049)"
"795095","5119.957240593","192.168.15.4","192.168.15.3","MQTT","68","Disconnect Req"
"795116","5120.961337594","192.168.15.4","192.168.15.3","MQTT","90","Connect Command"
"795118","5120.966167505","192.168.15.4","192.168.15.3","MQTT","97","Publish Message (id=5050) [Deviceb'Device - 2']"
"795119","5120.966554376","192.168.15.3","192.168.15.4","MQTT","70","Connect Ack"
"795122","5120.969125076","192.168.15.3","192.168.15.4","MQTT","70","Publish Ack (id=5050)"
"795124","5120.969669064","192.168.15.4","192.168.15.3","MQTT","68","Disconnect Req"
"795153","5121.974001510","192.168.15.4","192.168.15.3","MQTT","90","Connect Command"
"795155","5121.976657310","192.168.15.4","192.168.15.3","MQTT","97","Publish Message (id=5051) [Deviceb'Device - 2']"
"795156","5121.977078927","192.168.15.3","192.168.15.4","MQTT","70","Connect Ack"
"795159","5121.980076594","192.168.15.3","192.168.15.4","MQTT","70","Publish Ack (id=5051)"
"795161","5121.980646462","192.168.15.4","192.168.15.3","MQTT","68","Disconnect Req"
"795180","5122.985208220","192.168.15.4","192.168.15.3","MQTT","90","Connect Command"
"795182","5122.988098003","192.168.15.4","192.168.15.3","MQTT","97","Publish Message (id=5052) [Deviceb'Device - 2']"
"795183","5122.988538355","192.168.15.3","192.168.15.4","MQTT","70","Connect Ack"
"795186","5122.991091502","192.168.15.3","192.168.15.4","MQTT","70","Publish Ack (id=5052)"
"795188","5122.991836470","192.168.15.4","192.168.15.3","MQTT","68","Disconnect Req"
"795202","5123.996315194","192.168.15.4","192.168.15.3","MQTT","90","Connect Command"
"795204","5123.999174289","192.168.15.4","192.168.15.3","MQTT","97","Publish Message (id=5053) [Deviceb'Device - 2']"
"795206","5124.003565831","192.168.15.3","192.168.15.4","MQTT","70","Connect Ack"
"795208","5124.006020311","192.168.15.3","192.168.15.4","MQTT","70","Publish Ack (id=5053)"
"795210","5124.006791970","192.168.15.4","192.168.15.3","MQTT","68","Disconnect Req"
"795223","5125.011181573","192.168.15.4","192.168.15.3","MQTT","90","Connect Command"
"795225","5125.014078800","192.168.15.4","192.168.15.3","MQTT","97","Publish Message (id=5054) [Deviceb'Device - 2']"
"795226","5125.014505507","192.168.15.3","192.168.15.4","MQTT","70","Connect Ack"
"795229","5125.017331699","192.168.15.3","192.168.15.4","MQTT","70","Publish Ack (id=5054)"
"795231","5125.017701198","192.168.15.4","192.168.15.3","MQTT","68","Disconnect Req"
"796927","5126.022099948","192.168.15.4","192.168.15.3","MQTT","90","Connect Command"
"796929","5126.025083147","192.168.15.4","192.168.15.3","MQTT","97","Publish Message (id=5055) [Deviceb'Device - 2']"
"796930","5126.025525494","192.168.15.3","192.168.15.4","MQTT","70","Connect Ack"
"796933","5126.029357378","192.168.15.3","192.168.15.4","MQTT","70","Publish Ack (id=5055)"
"796935","5126.029642066","192.168.15.4","192.168.15.3","MQTT","68","Disconnect Req"
"796947","5127.033340503","192.168.15.4","192.168.15.3","MQTT","90","Connect Command"
"796949","5127.036268358","192.168.15.4","192.168.15.3","MQTT","97","Publish Message (id=5056) [Deviceb'Device - 2']"
"796950","5127.036668915","192.168.15.3","192.168.15.4","MQTT","70","Connect Ack"
"796953","5127.039324866","192.168.15.3","192.168.15.4","MQTT","70","Publish Ack (id=5056)"
"796955","5127.039676881","192.168.15.4","192.168.15.3","MQTT","68","Disconnect Req"
"797001","5128.043908124","192.168.15.4","192.168.15.3","MQTT","90","Connect Command"
"797003","5128.046873250","192.168.15.4","192.168.15.3","MQTT","97","Publish Message (id=5057) [Deviceb'Device - 2']"
"797004","5128.047294927","192.168.15.3","192.168.15.4","MQTT","70","Connect Ack"
"797007","5128.049763905","192.168.15.3","192.168.15.4","MQTT","70","Publish Ack (id=5057)"
"797009","5128.050541425","192.168.15.4","192.168.15.3","MQTT","68","Disconnect Req"
"797101","5129.054533134","192.168.15.4","192.168.15.3","MQTT","90","Connect Command"
"797103","5129.057503078","192.168.15.4","192.168.15.3","MQTT","97","Publish Message (id=5058) [Deviceb'Device - 2']"
"797105","5129.061894830","192.168.15.3","192.168.15.4","MQTT","70","Connect Ack"
"797107","5129.064320476","192.168.15.3","192.168.15.4","MQTT","70","Publish Ack (id=5058)"
"797109","5129.064580167","192.168.15.4","192.168.15.3","MQTT","68","Disconnect Req"
"797176","5130.069074166","192.168.15.4","192.168.15.3","MQTT","90","Connect Command"
"797178","5130.071961755","192.168.15.4","192.168.15.3","MQTT","97","Publish Message (id=5059) [Deviceb'Device - 2']"
"797179","5130.072389313","192.168.15.3","192.168.15.4","MQTT","70","Connect Ack"
"797182","5130.074840687","192.168.15.3","192.168.15.4","MQTT","70","Publish Ack (id=5059)"
"797184","5130.075228991","192.168.15.4","192.168.15.3","MQTT","68","Disconnect Req"
"797200","5131.079807660","192.168.15.4","192.168.15.3","MQTT","90","Connect Command"
"797202","5131.082878205","192.168.15.4","192.168.15.3","MQTT","97","Publish Message (id=5060) [Deviceb'Device - 2']"
"797203","5131.083209762","192.168.15.3","192.168.15.4","MQTT","70","Connect Ack"
"797206","5131.085967245","192.168.15.3","192.168.15.4","MQTT","70","Publish Ack (id=5060)"
"797208","5131.086321925","192.168.15.4","192.168.15.3","MQTT","68","Disconnect Req"
"797220","5132.090451787","192.168.15.4","192.168.15.3","MQTT","90","Connect Command"
"797222","5132.093442651","192.168.15.4","192.168.15.3","MQTT","97","Publish Message (id=5061) [Deviceb'Device - 2']"
"797223","5132.093872744","192.168.15.3","192.168.15.4","MQTT","70","Connect Ack"
"797226","5132.096353103","192.168.15.3","192.168.15.4","MQTT","70","Publish Ack (id=5061)"
"797228","5132.096630838","192.168.15.4","192.168.15.3","MQTT","68","Disconnect Req"
"797275","5133.100447497","192.168.15.4","192.168.15.3","MQTT","90","Connect Command"
"797277","5133.103291944","192.168.15.4","192.168.15.3","MQTT","97","Publish Message (id=5062) [Deviceb'Device - 2']"
"797278","5133.103724923","192.168.15.3","192.168.15.4","MQTT","70","Connect Ack"
"797281","5133.106912118","192.168.15.3","192.168.15.4","MQTT","70","Publish Ack (id=5062)"
"797283","5133.107195383","192.168.15.4","192.168.15.3","MQTT","68","Disconnect Req"
"797392","5134.110606856","192.168.15.4","192.168.15.3","MQTT","90","Connect Command"
"797394","5134.113557384","192.168.15.4","192.168.15.3","MQTT","97","Publish Message (id=5063) [Deviceb'Device - 2']"
"797396","5134.118017225","192.168.15.3","192.168.15.4","MQTT","70","Connect Ack"
"797398","5134.120500810","192.168.15.3","192.168.15.4","MQTT","70","Publish Ack (id=5063)"
"797400","5134.120764328","192.168.15.4","192.168.15.3","MQTT","68","Disconnect Req"
"797450","5135.124808876","192.168.15.4","192.168.15.3","MQTT","90","Connect Command"
"797452","5135.127709781","192.168.15.4","192.168.15.3","MQTT","97","Publish Message (id=5064) [Deviceb'Device - 2']"
"797453","5135.128119685","192.168.15.3","192.168.15.4","MQTT","70","Connect Ack"
"797456","5135.130673373","192.168.15.3","192.168.15.4","MQTT","70","Publish Ack (id=5064)"
"797458","5135.131058120","192.168.15.4","192.168.15.3","MQTT","68","Disconnect Req"
"797475","5136.135464742","192.168.15.4","192.168.15.3","MQTT","90","Connect Command"
"797477","5136.138186958","192.168.15.4","192.168.15.3","MQTT","97","Publish Message (id=5065) [Deviceb'Device - 2']"
"797478","5136.138646557","192.168.15.3","192.168.15.4","MQTT","70","Connect Ack"
"797481","5136.141089675","192.168.15.3","192.168.15.4","MQTT","70","Publish Ack (id=5065)"
"797483","5136.141414529","192.168.15.4","192.168.15.3","MQTT","68","Disconnect Req"
"797495","5137.145246645","192.168.15.4","192.168.15.3","MQTT","90","Connect Command"
"797497","5137.148231227","192.168.15.4","192.168.15.3","MQTT","97","Publish Message (id=5066) [Deviceb'Device - 2']"
"797498","5137.148659657","192.168.15.3","192.168.15.4","MQTT","70","Connect Ack"
"797501","5137.151237701","192.168.15.3","192.168.15.4","MQTT","70","Publish Ack (id=5066)"
"797503","5137.152011674","192.168.15.4","192.168.15.3","MQTT","68","Disconnect Req"
"797521","5138.155577267","192.168.15.4","192.168.15.3","MQTT","90","Connect Command"
"797523","5138.158601384","192.168.15.4","192.168.15.3","MQTT","97","Publish Message (id=5067) [Deviceb'Device - 2']"
"797524","5138.159022359","192.168.15.3","192.168.15.4","MQTT","70","Connect Ack"
"797527","5138.161438587","192.168.15.3","192.168.15.4","MQTT","70","Publish Ack (id=5067)"
"797529","5138.161843563","192.168.15.4","192.168.15.3","MQTT","68","Disconnect Req"
"797543","5139.166124256","192.168.15.4","192.168.15.3","MQTT","90","Connect Command"
"797545","5139.169045127","192.168.15.4","192.168.15.3","MQTT","97","Publish Message (id=5068) [Deviceb'Device - 2']"
"797547","5139.173426570","192.168.15.3","192.168.15.4","MQTT","70","Connect Ack"
"797549","5139.175846095","192.168.15.3","192.168.15.4","MQTT","70","Publish Ack (id=5068)"
"797551","5139.176190626","192.168.15.4","192.168.15.3","MQTT","68","Disconnect Req"
"797563","5140.179476369","192.168.15.4","192.168.15.3","MQTT","90","Connect Command"
"797565","5140.182472943","192.168.15.4","192.168.15.3","MQTT","97","Publish Message (id=5069) [Deviceb'Device - 2']"
"797566","5140.182876276","192.168.15.3","192.168.15.4","MQTT","70","Connect Ack"
"797569","5140.185398584","192.168.15.3","192.168.15.4","MQTT","70","Publish Ack (id=5069)"
"797571","5140.185747163","192.168.15.4","192.168.15.3","MQTT","68","Disconnect Req"
"797623","5141.189715436","192.168.15.4","192.168.15.3","MQTT","90","Connect Command"
"797625","5141.192549985","192.168.15.4","192.168.15.3","MQTT","97","Publish Message (id=5070) [Deviceb'Device - 2']"
"797626","5141.192942036","192.168.15.3","192.168.15.4","MQTT","70","Connect Ack"
"797629","5141.195474603","192.168.15.3","192.168.15.4","MQTT","70","Publish Ack (id=5070)"
"797631","5141.195897302","192.168.15.4","192.168.15.3","MQTT","68","Disconnect Req"
"798127","5142.201036468","192.168.15.4","192.168.15.3","MQTT","90","Connect Command"
"798155","5142.203812226","192.168.15.4","192.168.15.3","MQTT","97","Publish Message (id=5071) [Deviceb'Device - 2']"
"798156","5142.203896265","192.168.15.3","192.168.15.4","MQTT","70","Connect Ack"
"798203","5142.208981057","192.168.15.3","192.168.15.4","MQTT","70","Publish Ack (id=5071)"
"798211","5142.209577916","192.168.15.4","192.168.15.3","MQTT","68","Disconnect Req"
"800021","5143.213266790","192.168.15.4","192.168.15.3","MQTT","90","Connect Command"
"800023","5143.215864451","192.168.15.4","192.168.15.3","MQTT","97","Publish Message (id=5072) [Deviceb'Device - 2']"
"800024","5143.216239079","192.168.15.3","192.168.15.4","MQTT","70","Connect Ack"
"800027","5143.218727914","192.168.15.3","192.168.15.4","MQTT","70","Publish Ack (id=5072)"
"800029","5143.219248088","192.168.15.4","192.168.15.3","MQTT","68","Disconnect Req"
"800058","5144.223227730","192.168.15.4","192.168.15.3","MQTT","90","Connect Command"
"800060","5144.226081435","192.168.15.4","192.168.15.3","MQTT","97","Publish Message (id=5073) [Deviceb'Device - 2']"
"800062","5144.230435235","192.168.15.3","192.168.15.4","MQTT","70","Connect Ack"
"800064","5144.232912418","192.168.15.3","192.168.15.4","MQTT","70","Publish Ack (id=5073)"
"800066","5144.233528142","192.168.15.4","192.168.15.3","MQTT","68","Disconnect Req"
"800074","5145.237834264","192.168.15.4","192.168.15.3","MQTT","90","Connect Command"
"800076","5145.240667460","192.168.15.4","192.168.15.3","MQTT","97","Publish Message (id=5074) [Deviceb'Device - 2']"
"800077","5145.241074409","192.168.15.3","192.168.15.4","MQTT","70","Connect Ack"
"800080","5145.243674234","192.168.15.3","192.168.15.4","MQTT","70","Publish Ack (id=5074)"
"800082","5145.244272395","192.168.15.4","192.168.15.3","MQTT","68","Disconnect Req"
"800092","5146.248641905","192.168.15.4","192.168.15.3","MQTT","90","Connect Command"
"800094","5146.251494868","192.168.15.4","192.168.15.3","MQTT","97","Publish Message (id=5075) [Deviceb'Device - 2']"
"800095","5146.251951722","192.168.15.3","192.168.15.4","MQTT","70","Connect Ack"
"800098","5146.254420469","192.168.15.3","192.168.15.4","MQTT","70","Publish Ack (id=5075)"
"800100","5146.255022607","192.168.15.4","192.168.15.3","MQTT","68","Disconnect Req"
"800116","5147.259001079","192.168.15.4","192.168.15.3","MQTT","90","Connect Command"
"800118","5147.261950795","192.168.15.4","192.168.15.3","MQTT","97","Publish Message (id=5076) [Deviceb'Device - 2']"
"800119","5147.262343647","192.168.15.3","192.168.15.4","MQTT","70","Connect Ack"
"800122","5147.265393653","192.168.15.3","192.168.15.4","MQTT","70","Publish Ack (id=5076)"
"800124","5147.266003476","192.168.15.4","192.168.15.3","MQTT","68","Disconnect Req"
"800143","5148.269826674","192.168.15.4","192.168.15.3","MQTT","90","Connect Command"
"800145","5148.272747495","192.168.15.4","192.168.15.3","MQTT","97","Publish Message (id=5077) [Deviceb'Device - 2']"
"800146","5148.273169633","192.168.15.3","192.168.15.4","MQTT","70","Connect Ack"
"800149","5148.275803442","192.168.15.3","192.168.15.4","MQTT","70","Publish Ack (id=5077)"
"800151","5148.276296054","192.168.15.4","192.168.15.3","MQTT","68","Disconnect Req"
"800184","5149.280548262","192.168.15.4","192.168.15.3","MQTT","90","Connect Command"
"800187","5149.283395975","192.168.15.4","192.168.15.3","MQTT","97","Publish Message (id=5078) [Deviceb'Device - 2']"
"800189","5149.287831310","192.168.15.3","192.168.15.4","MQTT","70","Connect Ack"
"800191","5149.290313893","192.168.15.3","192.168.15.4","MQTT","70","Publish Ack (id=5078)"
"800193","5149.290864794","192.168.15.4","192.168.15.3","MQTT","68","Disconnect Req"
"800209","5150.295001244","192.168.15.4","192.168.15.3","MQTT","90","Connect Command"
"800211","5150.299737126","192.168.15.4","192.168.15.3","MQTT","97","Publish Message (id=5079) [Deviceb'Device - 2']"
"800212","5150.300134728","192.168.15.3","192.168.15.4","MQTT","70","Connect Ack"
"800215","5150.302653780","192.168.15.3","192.168.15.4","MQTT","70","Publish Ack (id=5079)"
"800217","5150.303183341","192.168.15.4","192.168.15.3","MQTT","68","Disconnect Req"
"800243","5151.307464354","192.168.15.4","192.168.15.3","MQTT","90","Connect Command"
"800245","5151.310363825","192.168.15.4","192.168.15.3","MQTT","97","Publish Message (id=5080) [Deviceb'Device - 2']"
"800246","5151.310767008","192.168.15.3","192.168.15.4","MQTT","70","Connect Ack"
"800249","5151.313343839","192.168.15.3","192.168.15.4","MQTT","70","Publish Ack (id=5080)"
"800251","5151.314004297","192.168.15.4","192.168.15.3","MQTT","68","Disconnect Req"
"800268","5152.318674956","192.168.15.4","192.168.15.3","MQTT","90","Connect Command"
"800270","5152.321604454","192.168.15.4","192.168.15.3","MQTT","97","Publish Message (id=5081) [Deviceb'Device - 2']"
"800271","5152.322085323","192.168.15.3","192.168.15.4","MQTT","70","Connect Ack"
"800274","5152.324541166","192.168.15.3","192.168.15.4","MQTT","70","Publish Ack (id=5081)"
"800276","5152.325040169","192.168.15.4","192.168.15.3","MQTT","68","Disconnect Req"
"800288","5153.329345477","192.168.15.4","192.168.15.3","MQTT","90","Connect Command"
"800290","5153.332234488","192.168.15.4","192.168.15.3","MQTT","97","Publish Message (id=5082) [Deviceb'Device - 2']"
"800291","5153.332612302","192.168.15.3","192.168.15.4","MQTT","70","Connect Ack"
"800294","5153.335220834","192.168.15.3","192.168.15.4","MQTT","70","Publish Ack (id=5082)"
"800296","5153.335701863","192.168.15.4","192.168.15.3","MQTT","68","Disconnect Req"
"800322","5154.340374796","192.168.15.4","192.168.15.3","MQTT","90","Connect Command"
"800324","5154.343242286","192.168.15.4","192.168.15.3","MQTT","97","Publish Message (id=5083) [Deviceb'Device - 2']"
"800326","5154.347592761","192.168.15.3","192.168.15.4","MQTT","70","Connect Ack"
"800328","5154.350020771","192.168.15.3","192.168.15.4","MQTT","70","Publish Ack (id=5083)"
"800330","5154.350612319","192.168.15.4","192.168.15.3","MQTT","68","Disconnect Req"
"800349","5155.354530835","192.168.15.4","192.168.15.3","MQTT","90","Connect Command"
"800351","5155.357428132","192.168.15.4","192.168.15.3","MQTT","97","Publish Message (id=5084) [Deviceb'Device - 2']"
"800352","5155.357826615","192.168.15.3","192.168.15.4","MQTT","70","Connect Ack"
"800355","5155.360364734","192.168.15.3","192.168.15.4","MQTT","70","Publish Ack (id=5084)"
"800357","5155.360898723","192.168.15.4","192.168.15.3","MQTT","68","Disconnect Req"
"800365","5156.364702513","192.168.15.4","192.168.15.3","MQTT","90","Connect Command"
"800367","5156.367549475","192.168.15.4","192.168.15.3","MQTT","97","Publish Message (id=5085) [Deviceb'Device - 2']"
"800368","5156.367942237","192.168.15.3","192.168.15.4","MQTT","70","Connect Ack"
"800371","5156.370497057","192.168.15.3","192.168.15.4","MQTT","70","Publish Ack (id=5085)"
"800373","5156.371100047","192.168.15.4","192.168.15.3","MQTT","68","Disconnect Req"
"800394","5157.375911401","192.168.15.4","192.168.15.3","MQTT","90","Connect Command"
"800396","5157.378854194","192.168.15.4","192.168.15.3","MQTT","97","Publish Message (id=5086) [Deviceb'Device - 2']"
"800397","5157.379262295","192.168.15.3","192.168.15.4","MQTT","70","Connect Ack"
"800400","5157.381937252","192.168.15.3","192.168.15.4","MQTT","70","Publish Ack (id=5086)"
"800402","5157.382428200","192.168.15.4","192.168.15.3","MQTT","68","Disconnect Req"
"800428","5158.386739888","192.168.15.4","192.168.15.3","MQTT","90","Connect Command"
"800430","5158.389642004","192.168.15.4","192.168.15.3","MQTT","97","Publish Message (id=5087) [Deviceb'Device - 2']"
"800431","5158.390057971","192.168.15.3","192.168.15.4","MQTT","70","Connect Ack"
"800434","5158.392588124","192.168.15.3","192.168.15.4","MQTT","70","Publish Ack (id=5087)"
"800436","5158.393323324","192.168.15.4","192.168.15.3","MQTT","68","Disconnect Req"
"800448","5159.397748167","192.168.15.4","192.168.15.3","MQTT","90","Connect Command"
"800450","5159.400582114","192.168.15.4","192.168.15.3","MQTT","97","Publish Message (id=5088) [Deviceb'Device - 2']"
"800452","5159.405504039","192.168.15.3","192.168.15.4","MQTT","70","Connect Ack"
"800454","5159.407961565","192.168.15.3","192.168.15.4","MQTT","70","Publish Ack (id=5088)"
"800456","5159.408676156","192.168.15.4","192.168.15.3","MQTT","68","Disconnect Req"
"800476","5160.412922310","192.168.15.4","192.168.15.3","MQTT","90","Connect Command"
"800478","5160.415807704","192.168.15.4","192.168.15.3","MQTT","97","Publish Message (id=5089) [Deviceb'Device - 2']"
"800479","5160.416230674","192.168.15.3","192.168.15.4","MQTT","70","Connect Ack"
"800482","5160.418817945","192.168.15.3","192.168.15.4","MQTT","70","Publish Ack (id=5089)"
"800484","5160.419445181","192.168.15.4","192.168.15.3","MQTT","68","Disconnect Req"
"800505","5161.423311488","192.168.15.4","192.168.15.3","MQTT","90","Connect Command"
"800507","5161.426124978","192.168.15.4","192.168.15.3","MQTT","97","Publish Message (id=5090) [Deviceb'Device - 2']"
"800508","5161.426530164","192.168.15.3","192.168.15.4","MQTT","70","Connect Ack"
"800511","5161.429015713","192.168.15.3","192.168.15.4","MQTT","70","Publish Ack (id=5090)"
"800513","5161.429750883","192.168.15.4","192.168.15.3","MQTT","68","Disconnect Req"
"800528","5162.433779025","192.168.15.4","192.168.15.3","MQTT","90","Connect Command"
"800530","5162.436646907","192.168.15.4","192.168.15.3","MQTT","97","Publish Message (id=5091) [Deviceb'Device - 2']"
"800531","5162.437052274","192.168.15.3","192.168.15.4","MQTT","70","Connect Ack"
"800534","5162.439589249","192.168.15.3","192.168.15.4","MQTT","70","Publish Ack (id=5091)"
"800536","5162.440305113","192.168.15.4","192.168.15.3","MQTT","68","Disconnect Req"
"800555","5163.444280577","192.168.15.4","192.168.15.3","MQTT","90","Connect Command"
"800557","5163.447127599","192.168.15.4","192.168.15.3","MQTT","97","Publish Message (id=5092) [Deviceb'Device - 2']"
"800558","5163.447541452","192.168.15.3","192.168.15.4","MQTT","70","Connect Ack"
"800561","5163.450063439","192.168.15.3","192.168.15.4","MQTT","70","Publish Ack (id=5092)"
"800563","5163.450723447","192.168.15.4","192.168.15.3","MQTT","68","Disconnect Req"
"802449","5164.454533125","192.168.15.4","192.168.15.3","MQTT","90","Connect Command"
"802451","5164.457374516","192.168.15.4","192.168.15.3","MQTT","97","Publish Message (id=5093) [Deviceb'Device - 2']"
"802452","5164.457986473","192.168.15.3","192.168.15.4","MQTT","70","Connect Ack"
"802455","5164.460208704","192.168.15.3","192.168.15.4","MQTT","70","Publish Ack (id=5093)"
"802457","5164.460856438","192.168.15.4","192.168.15.3","MQTT","68","Disconnect Req"
"802469","5165.465734688","192.168.15.4","192.168.15.3","MQTT","90","Connect Command"
"802471","5165.468613660","192.168.15.4","192.168.15.3","MQTT","97","Publish Message (id=5094) [Deviceb'Device - 2']"
"802472","5165.469010300","192.168.15.3","192.168.15.4","MQTT","70","Connect Ack"
"802475","5165.471523291","192.168.15.3","192.168.15.4","MQTT","70","Publish Ack (id=5094)"
"802477","5165.472216451","192.168.15.4","192.168.15.3","MQTT","68","Disconnect Req"
"802493","5166.476522406","192.168.15.4","192.168.15.3","MQTT","90","Connect Command"
"802495","5166.479369599","192.168.15.4","192.168.15.3","MQTT","97","Publish Message (id=5095) [Deviceb'Device - 2']"
"802496","5166.479772982","192.168.15.3","192.168.15.4","MQTT","70","Connect Ack"
"802499","5166.482408063","192.168.15.3","192.168.15.4","MQTT","70","Publish Ack (id=5095)"
"802501","5166.483016464","192.168.15.4","192.168.15.3","MQTT","68","Disconnect Req"
"802520","5167.487067598","192.168.15.4","192.168.15.3","MQTT","90","Connect Command"
"802522","5167.489935350","192.168.15.4","192.168.15.3","MQTT","97","Publish Message (id=5096) [Deviceb'Device - 2']"
"802523","5167.490361415","192.168.15.3","192.168.15.4","MQTT","70","Connect Ack"
"802526","5167.492873514","192.168.15.3","192.168.15.4","MQTT","70","Publish Ack (id=5096)"
"802528","5167.493468068","192.168.15.4","192.168.15.3","MQTT","68","Disconnect Req"
"802541","5168.497958293","192.168.15.4","192.168.15.3","MQTT","90","Connect Command"
"802543","5168.500806227","192.168.15.4","192.168.15.3","MQTT","97","Publish Message (id=5097) [Deviceb'Device - 2']"
"802544","5168.501204400","192.168.15.3","192.168.15.4","MQTT","70","Connect Ack"
"802547","5168.503773617","192.168.15.3","192.168.15.4","MQTT","70","Publish Ack (id=5097)"
"802549","5168.504385984","192.168.15.4","192.168.15.3","MQTT","68","Disconnect Req"
"802561","5169.508252310","192.168.15.4","192.168.15.3","MQTT","90","Connect Command"
"802563","5169.511111044","192.168.15.4","192.168.15.3","MQTT","97","Publish Message (id=5098) [Deviceb'Device - 2']"
"802565","5169.515461980","192.168.15.3","192.168.15.4","MQTT","70","Connect Ack"
"802567","5169.518297720","192.168.15.3","192.168.15.4","MQTT","70","Publish Ack (id=5098)"
"802569","5169.518898246","192.168.15.4","192.168.15.3","MQTT","68","Disconnect Req"
"802595","5170.523680512","192.168.15.4","192.168.15.3","MQTT","90","Connect Command"
"802597","5170.526626281","192.168.15.4","192.168.15.3","MQTT","97","Publish Message (id=5099) [Deviceb'Device - 2']"
"802598","5170.527005057","192.168.15.3","192.168.15.4","MQTT","70","Connect Ack"
"802601","5170.529485517","192.168.15.3","192.168.15.4","MQTT","70","Publish Ack (id=5099)"
"802603","5170.530052949","192.168.15.4","192.168.15.3","MQTT","68","Disconnect Req"
"802630","5171.534465147","192.168.15.4","192.168.15.3","MQTT","90","Connect Command"
"802632","5171.537362153","192.168.15.4","192.168.15.3","MQTT","97","Publish Message (id=5100) [Deviceb'Device - 2']"
"802633","5171.537928183","192.168.15.3","192.168.15.4","MQTT","70","Connect Ack"
"802636","5171.540195299","192.168.15.3","192.168.15.4","MQTT","70","Publish Ack (id=5100)"
"802638","5171.540732755","192.168.15.4","192.168.15.3","MQTT","68","Disconnect Req"
"802665","5172.545651117","192.168.15.4","192.168.15.3","MQTT","90","Connect Command"
"802667","5172.557570801","192.168.15.4","192.168.15.3","MQTT","97","Publish Message (id=5101) [Deviceb'Device - 2']"
"802668","5172.557968653","192.168.15.3","192.168.15.4","MQTT","70","Connect Ack"
"802671","5172.560497995","192.168.15.3","192.168.15.4","MQTT","70","Publish Ack (id=5101)"
"802673","5172.561174193","192.168.15.4","192.168.15.3","MQTT","68","Disconnect Req"
"802714","5173.569598514","192.168.15.4","192.168.15.3","MQTT","90","Connect Command"
"802716","5173.572443101","192.168.15.4","192.168.15.3","MQTT","97","Publish Message (id=5102) [Deviceb'Device - 2']"
"802717","5173.572844360","192.168.15.3","192.168.15.4","MQTT","70","Connect Ack"
"802720","5173.575362681","192.168.15.3","192.168.15.4","MQTT","70","Publish Ack (id=5102)"
"802722","5173.575979968","192.168.15.4","192.168.15.3","MQTT","68","Disconnect Req"
"803093","5174.579817900","192.168.15.4","192.168.15.3","MQTT","90","Connect Command"
"803095","5174.582711330","192.168.15.4","192.168.15.3","MQTT","97","Publish Message (id=5103) [Deviceb'Device - 2']"
"803097","5174.587072875","192.168.15.3","192.168.15.4","MQTT","70","Connect Ack"
"803099","5174.589555769","192.168.15.3","192.168.15.4","MQTT","70","Publish Ack (id=5103)"
"803101","5174.590130094","192.168.15.4","192.168.15.3","MQTT","68","Disconnect Req"
"803121","5175.594138997","192.168.15.4","192.168.15.3","MQTT","90","Connect Command"
"803123","5175.596992251","192.168.15.4","192.168.15.3","MQTT","97","Publish Message (id=5104) [Deviceb'Device - 2']"
"803124","5175.597408138","192.168.15.3","192.168.15.4","MQTT","70","Connect Ack"
"803127","5175.599863009","192.168.15.3","192.168.15.4","MQTT","70","Publish Ack (id=5104)"
"803129","5175.600463714","192.168.15.4","192.168.15.3","MQTT","68","Disconnect Req"
"803142","5176.605740472","192.168.15.4","192.168.15.3","MQTT","90","Connect Command"
"803144","5176.608697773","192.168.15.4","192.168.15.3","MQTT","97","Publish Message (id=5105) [Deviceb'Device - 2']"
"803145","5176.609138847","192.168.15.3","192.168.15.4","MQTT","70","Connect Ack"
"803148","5176.611730045","192.168.15.3","192.168.15.4","MQTT","70","Publish Ack (id=5105)"
"803150","5176.612368302","192.168.15.4","192.168.15.3","MQTT","68","Disconnect Req"
"803171","5177.616769476","192.168.15.4","192.168.15.3","MQTT","90","Connect Command"
"803173","5177.619653398","192.168.15.4","192.168.15.3","MQTT","97","Publish Message (id=5106) [Deviceb'Device - 2']"
"803174","5177.620037474","192.168.15.3","192.168.15.4","MQTT","70","Connect Ack"
"803177","5177.622506662","192.168.15.3","192.168.15.4","MQTT","70","Publish Ack (id=5106)"
"803179","5177.623108550","192.168.15.4","192.168.15.3","MQTT","68","Disconnect Req"
"803188","5178.627476151","192.168.15.4","192.168.15.3","MQTT","90","Connect Command"
"803190","5178.630370122","192.168.15.4","192.168.15.3","MQTT","97","Publish Message (id=5107) [Deviceb'Device - 2']"
"803191","5178.630790006","192.168.15.3","192.168.15.4","MQTT","70","Connect Ack"
"803194","5178.633469221","192.168.15.3","192.168.15.4","MQTT","70","Publish Ack (id=5107)"
"803196","5178.634080025","192.168.15.4","192.168.15.3","MQTT","68","Disconnect Req"
"803220","5179.638294316","192.168.15.4","192.168.15.3","MQTT","90","Connect Command"
"803222","5179.641191283","192.168.15.4","192.168.15.3","MQTT","97","Publish Message (id=5108) [Deviceb'Device - 2']"
"803224","5179.645537980","192.168.15.3","192.168.15.4","MQTT","70","Connect Ack"
"803226","5179.647988001","192.168.15.3","192.168.15.4","MQTT","70","Publish Ack (id=5108)"
"803228","5179.648783295","192.168.15.4","192.168.15.3","MQTT","68","Disconnect Req"
"803240","5180.652717044","192.168.15.4","192.168.15.3","MQTT","90","Connect Command"
"803242","5180.655622606","192.168.15.4","192.168.15.3","MQTT","97","Publish Message (id=5109) [Deviceb'Device - 2']"
"803243","5180.656047419","192.168.15.3","192.168.15.4","MQTT","70","Connect Ack"
"803246","5180.658541344","192.168.15.3","192.168.15.4","MQTT","70","Publish Ack (id=5109)"
"803248","5180.659298706","192.168.15.4","192.168.15.3","MQTT","68","Disconnect Req"
"803262","5181.663610381","192.168.15.4","192.168.15.3","MQTT","90","Connect Command"
"803264","5181.666536382","192.168.15.4","192.168.15.3","MQTT","97","Publish Message (id=5110) [Deviceb'Device - 2']"
"803265","5181.666959241","192.168.15.3","192.168.15.4","MQTT","70","Connect Ack"
"803268","5181.669610433","192.168.15.3","192.168.15.4","MQTT","70","Publish Ack (id=5110)"
"803270","5181.670315075","192.168.15.4","192.168.15.3","MQTT","68","Disconnect Req"
"803299","5182.674242834","192.168.15.4","192.168.15.3","MQTT","90","Connect Command"
"803301","5182.677159918","192.168.15.4","192.168.15.3","MQTT","97","Publish Message (id=5111) [Deviceb'Device - 2']"
"803302","5182.677903263","192.168.15.3","192.168.15.4","MQTT","70","Connect Ack"
"803305","5182.680031827","192.168.15.3","192.168.15.4","MQTT","70","Publish Ack (id=5111)"
"803307","5182.680820769","192.168.15.4","192.168.15.3","MQTT","68","Disconnect Req"
"803347","5183.685137482","192.168.15.4","192.168.15.3","MQTT","90","Connect Command"
"803349","5183.687995104","192.168.15.4","192.168.15.3","MQTT","97","Publish Message (id=5112) [Deviceb'Device - 2']"
"803350","5183.688386694","192.168.15.3","192.168.15.4","MQTT","70","Connect Ack"
"803353","5183.690895236","192.168.15.3","192.168.15.4","MQTT","70","Publish Ack (id=5112)"
"803355","5183.691478358","192.168.15.4","192.168.15.3","MQTT","68","Disconnect Req"
"804034","5184.695901253","192.168.15.4","192.168.15.3","MQTT","90","Connect Command"
"804072","5184.699842544","192.168.15.4","192.168.15.3","MQTT","97","Publish Message (id=5113) [Deviceb'Device - 2']"
"804101","5184.703227773","192.168.15.3","192.168.15.4","MQTT","70","Connect Ack"
"804125","5184.706014402","192.168.15.3","192.168.15.4","MQTT","70","Publish Ack (id=5113)"
"804134","5184.706742528","192.168.15.4","192.168.15.3","MQTT","68","Disconnect Req"
"805052","5185.711070923","192.168.15.4","192.168.15.3","MQTT","90","Connect Command"
"805054","5185.713960896","192.168.15.4","192.168.15.3","MQTT","97","Publish Message (id=5114) [Deviceb'Device - 2']"
"805055","5185.714371051","192.168.15.3","192.168.15.4","MQTT","70","Connect Ack"
"805058","5185.716967890","192.168.15.3","192.168.15.4","MQTT","70","Publish Ack (id=5114)"
"805060","5185.717653216","192.168.15.4","192.168.15.3","MQTT","68","Disconnect Req"
"805074","5186.721912581","192.168.15.4","192.168.15.3","MQTT","90","Connect Command"
"805076","5186.724790261","192.168.15.4","192.168.15.3","MQTT","97","Publish Message (id=5115) [Deviceb'Device - 2']"
"805077","5186.725218531","192.168.15.3","192.168.15.4","MQTT","70","Connect Ack"
"805080","5186.727796544","192.168.15.3","192.168.15.4","MQTT","70","Publish Ack (id=5115)"
"805082","5186.728440922","192.168.15.4","192.168.15.3","MQTT","68","Disconnect Req"
"805097","5187.733345868","192.168.15.4","192.168.15.3","MQTT","90","Connect Command"
"805099","5187.736204973","192.168.15.4","192.168.15.3","MQTT","97","Publish Message (id=5116) [Deviceb'Device - 2']"
"805100","5187.736634184","192.168.15.3","192.168.15.4","MQTT","70","Connect Ack"
"805103","5187.739183674","192.168.15.3","192.168.15.4","MQTT","70","Publish Ack (id=5116)"
"805105","5187.739881362","192.168.15.4","192.168.15.3","MQTT","68","Disconnect Req"
"805120","5188.744411810","192.168.15.4","192.168.15.3","MQTT","90","Connect Command"
"805122","5188.747277788","192.168.15.4","192.168.15.3","MQTT","97","Publish Message (id=5117) [Deviceb'Device - 2']"
"805123","5188.747692011","192.168.15.3","192.168.15.4","MQTT","70","Connect Ack"
"805126","5188.750327353","192.168.15.3","192.168.15.4","MQTT","70","Publish Ack (id=5117)"
"805128","5188.750946834","192.168.15.4","192.168.15.3","MQTT","68","Disconnect Req"
"805136","5189.755054189","192.168.15.4","192.168.15.3","MQTT","90","Connect Command"
"805138","5189.757906311","192.168.15.4","192.168.15.3","MQTT","97","Publish Message (id=5118) [Deviceb'Device - 2']"
"805140","5189.762285429","192.168.15.3","192.168.15.4","MQTT","70","Connect Ack"
"805142","5189.764738607","192.168.15.3","192.168.15.4","MQTT","70","Publish Ack (id=5118)"
"805144","5189.765609824","192.168.15.4","192.168.15.3","MQTT","68","Disconnect Req"
"805156","5190.769886400","192.168.15.4","192.168.15.3","MQTT","90","Connect Command"
"805158","5190.772784689","192.168.15.4","192.168.15.3","MQTT","97","Publish Message (id=5119) [Deviceb'Device - 2']"
"805159","5190.773186970","192.168.15.3","192.168.15.4","MQTT","70","Connect Ack"
"805162","5190.775694340","192.168.15.3","192.168.15.4","MQTT","70","Publish Ack (id=5119)"
"805164","5190.776310945","192.168.15.4","192.168.15.3","MQTT","68","Disconnect Req"
"805186","5191.780938715","192.168.15.4","192.168.15.3","MQTT","90","Connect Command"
"805188","5191.783835651","192.168.15.4","192.168.15.3","MQTT","97","Publish Message (id=5120) [Deviceb'Device - 2']"
"805189","5191.784228393","192.168.15.3","192.168.15.4","MQTT","70","Connect Ack"
"805192","5191.786943406","192.168.15.3","192.168.15.4","MQTT","70","Publish Ack (id=5120)"
"805194","5191.787608583","192.168.15.4","192.168.15.3","MQTT","68","Disconnect Req"
"805206","5192.791514649","192.168.15.4","192.168.15.3","MQTT","90","Connect Command"
"805209","5192.794710160","192.168.15.4","192.168.15.3","MQTT","97","Publish Message (id=5121) [Deviceb'Device - 2']"
"805210","5192.795126778","192.168.15.3","192.168.15.4","MQTT","70","Connect Ack"
"805213","5192.797637193","192.168.15.3","192.168.15.4","MQTT","70","Publish Ack (id=5121)"
"805215","5192.798274719","192.168.15.4","192.168.15.3","MQTT","68","Disconnect Req"
"805225","5193.802333973","192.168.15.4","192.168.15.3","MQTT","90","Connect Command"
"805227","5193.805270064","192.168.15.4","192.168.15.3","MQTT","97","Publish Message (id=5122) [Deviceb'Device - 2']"
"805228","5193.805678015","192.168.15.3","192.168.15.4","MQTT","70","Connect Ack"
"805231","5193.808820035","192.168.15.3","192.168.15.4","MQTT","70","Publish Ack (id=5122)"
"805233","5193.809315932","192.168.15.4","192.168.15.3","MQTT","68","Disconnect Req"
"805271","5194.813017881","192.168.15.4","192.168.15.3","MQTT","90","Connect Command"
"805273","5194.816028182","192.168.15.4","192.168.15.3","MQTT","97","Publish Message (id=5123) [Deviceb'Device - 2']"
"805275","5194.820397521","192.168.15.3","192.168.15.4","MQTT","70","Connect Ack"
"805277","5194.822808199","192.168.15.3","192.168.15.4","MQTT","70","Publish Ack (id=5123)"
"805279","5194.823142280","192.168.15.4","192.168.15.3","MQTT","68","Disconnect Req"
"805293","5195.826750234","192.168.15.4","192.168.15.3","MQTT","90","Connect Command"
"805295","5195.829691544","192.168.15.4","192.168.15.3","MQTT","97","Publish Message (id=5124) [Deviceb'Device - 2']"
"805296","5195.830101940","192.168.15.3","192.168.15.4","MQTT","70","Connect Ack"
"805299","5195.832531393","192.168.15.3","192.168.15.4","MQTT","70","Publish Ack (id=5124)"
"805301","5195.832958560","192.168.15.4","192.168.15.3","MQTT","68","Disconnect Req"
"805315","5196.837401941","192.168.15.4","192.168.15.3","MQTT","90","Connect Command"
"805317","5196.840274742","192.168.15.4","192.168.15.3","MQTT","97","Publish Message (id=5125) [Deviceb'Device - 2']"
"805318","5196.840703622","192.168.15.3","192.168.15.4","MQTT","70","Connect Ack"
"805321","5196.843280584","192.168.15.3","192.168.15.4","MQTT","70","Publish Ack (id=5125)"
"805323","5196.843900876","192.168.15.4","192.168.15.3","MQTT","68","Disconnect Req"
"805338","5197.847722370","192.168.15.4","192.168.15.3","MQTT","90","Connect Command"
"805340","5197.850574792","192.168.15.4","192.168.15.3","MQTT","97","Publish Message (id=5126) [Deviceb'Device - 2']"
"805341","5197.850979918","192.168.15.3","192.168.15.4","MQTT","70","Connect Ack"
"805344","5197.853477670","192.168.15.3","192.168.15.4","MQTT","70","Publish Ack (id=5126)"
"805346","5197.854035064","192.168.15.4","192.168.15.3","MQTT","68","Disconnect Req"
"805366","5198.857949163","192.168.15.4","192.168.15.3","MQTT","90","Connect Command"
"805368","5198.860822915","192.168.15.4","192.168.15.3","MQTT","97","Publish Message (id=5127) [Deviceb'Device - 2']"
"805369","5198.861229484","192.168.15.3","192.168.15.4","MQTT","70","Connect Ack"
"805372","5198.863618179","192.168.15.3","192.168.15.4","MQTT","70","Publish Ack (id=5127)"
"805374","5198.863930961","192.168.15.4","192.168.15.3","MQTT","68","Disconnect Req"
"807312","5199.868262389","192.168.15.4","192.168.15.3","MQTT","90","Connect Command"
"807314","5199.871284142","192.168.15.4","192.168.15.3","MQTT","97","Publish Message (id=5128) [Deviceb'Device - 2']"
"807316","5199.875703797","192.168.15.3","192.168.15.4","MQTT","70","Connect Ack"
"807318","5199.878229070","192.168.15.3","192.168.15.4","MQTT","70","Publish Ack (id=5128)"
"807320","5199.878487970","192.168.15.4","192.168.15.3","MQTT","68","Disconnect Req"
"807343","5200.883118534","192.168.15.4","192.168.15.3","MQTT","90","Connect Command"
"807345","5200.885812387","192.168.15.4","192.168.15.3","MQTT","97","Publish Message (id=5129) [Deviceb'Device - 2']"
"807346","5200.886218194","192.168.15.3","192.168.15.4","MQTT","70","Connect Ack"
"807349","5200.888731305","192.168.15.3","192.168.15.4","MQTT","70","Publish Ack (id=5129)"
"807351","5200.889378118","192.168.15.4","192.168.15.3","MQTT","68","Disconnect Req"
"807378","5201.893859228","192.168.15.4","192.168.15.3","MQTT","90","Connect Command"
"807380","5201.896753359","192.168.15.4","192.168.15.3","MQTT","97","Publish Message (id=5130) [Deviceb'Device - 2']"
"807381","5201.897153525","192.168.15.3","192.168.15.4","MQTT","70","Connect Ack"
"807384","5201.899602986","192.168.15.3","192.168.15.4","MQTT","70","Publish Ack (id=5130)"
"807386","5201.900135823","192.168.15.4","192.168.15.3","MQTT","68","Disconnect Req"
"807404","5202.904589722","192.168.15.4","192.168.15.3","MQTT","90","Connect Command"
"807406","5202.907425223","192.168.15.4","192.168.15.3","MQTT","97","Publish Message (id=5131) [Deviceb'Device - 2']"
"807407","5202.907804499","192.168.15.3","192.168.15.4","MQTT","70","Connect Ack"
"807410","5202.910336827","192.168.15.3","192.168.15.4","MQTT","70","Publish Ack (id=5131)"
"807412","5202.911002876","192.168.15.4","192.168.15.3","MQTT","68","Disconnect Req"
"807446","5203.915072859","192.168.15.4","192.168.15.3","MQTT","90","Connect Command"
"807448","5203.917945480","192.168.15.4","192.168.15.3","MQTT","97","Publish Message (id=5132) [Deviceb'Device - 2']"
"807449","5203.918317864","192.168.15.3","192.168.15.4","MQTT","70","Connect Ack"
"807452","5203.920921355","192.168.15.3","192.168.15.4","MQTT","70","Publish Ack (id=5132)"
"807454","5203.921603315","192.168.15.4","192.168.15.3","MQTT","68","Disconnect Req"
"807468","5204.926078514","192.168.15.4","192.168.15.3","MQTT","90","Connect Command"
"807470","5204.928965121","192.168.15.4","192.168.15.3","MQTT","97","Publish Message (id=5133) [Deviceb'Device - 2']"
"807472","5204.933341644","192.168.15.3","192.168.15.4","MQTT","70","Connect Ack"
"807474","5204.935758693","192.168.15.3","192.168.15.4","MQTT","70","Publish Ack (id=5133)"
"807476","5204.936365380","192.168.15.4","192.168.15.3","MQTT","68","Disconnect Req"
"807493","5205.940499264","192.168.15.4","192.168.15.3","MQTT","90","Connect Command"
"807495","5205.943384358","192.168.15.4","192.168.15.3","MQTT","97","Publish Message (id=5134) [Deviceb'Device - 2']"
"807496","5205.943767563","192.168.15.3","192.168.15.4","MQTT","70","Connect Ack"
"807499","5205.946703042","192.168.15.3","192.168.15.4","MQTT","70","Publish Ack (id=5134)"
"807501","5205.947372678","192.168.15.4","192.168.15.3","MQTT","68","Disconnect Req"
"807515","5206.951211714","192.168.15.4","192.168.15.3","MQTT","90","Connect Command"
"807517","5206.954076510","192.168.15.4","192.168.15.3","MQTT","97","Publish Message (id=5135) [Deviceb'Device - 2']"
"807518","5206.954512864","192.168.15.3","192.168.15.4","MQTT","70","Connect Ack"
"807523","5206.956966132","192.168.15.3","192.168.15.4","MQTT","70","Publish Ack (id=5135)"
"807526","5206.957674952","192.168.15.4","192.168.15.3","MQTT","68","Disconnect Req"
"807542","5207.961592417","192.168.15.4","192.168.15.3","MQTT","90","Connect Command"
"807544","5207.964497058","192.168.15.4","192.168.15.3","MQTT","97","Publish Message (id=5136) [Deviceb'Device - 2']"
"807545","5207.964899849","192.168.15.3","192.168.15.4","MQTT","70","Connect Ack"
"807548","5207.967199927","192.168.15.3","192.168.15.4","MQTT","70","Publish Ack (id=5136)"
"807550","5207.967795223","192.168.15.4","192.168.15.3","MQTT","68","Disconnect Req"
"807568","5208.972405767","192.168.15.4","192.168.15.3","MQTT","90","Connect Command"
"807570","5208.977267497","192.168.15.4","192.168.15.3","MQTT","97","Publish Message (id=5137) [Deviceb'Device - 2']"
"807571","5208.977627658","192.168.15.3","192.168.15.4","MQTT","70","Connect Ack"
"807574","5208.980418123","192.168.15.3","192.168.15.4","MQTT","70","Publish Ack (id=5137)"
"807576","5208.980879025","192.168.15.4","192.168.15.3","MQTT","68","Disconnect Req"
"807600","5209.985186766","192.168.15.4","192.168.15.3","MQTT","90","Connect Command"
"807602","5209.988144066","192.168.15.4","192.168.15.3","MQTT","97","Publish Message (id=5138) [Deviceb'Device - 2']"
"807604","5209.992435429","192.168.15.3","192.168.15.4","MQTT","70","Connect Ack"
"807606","5209.995056264","192.168.15.3","192.168.15.4","MQTT","70","Publish Ack (id=5138)"
"807608","5209.995911611","192.168.15.4","192.168.15.3","MQTT","68","Disconnect Req"
"807620","5211.000170440","192.168.15.4","192.168.15.3","MQTT","90","Connect Command"
"807622","5211.003050314","192.168.15.4","192.168.15.3","MQTT","97","Publish Message (id=5139) [Deviceb'Device - 2']"
"807623","5211.003431765","192.168.15.3","192.168.15.4","MQTT","70","Connect Ack"
"807626","5211.005978830","192.168.15.3","192.168.15.4","MQTT","70","Publish Ack (id=5139)"
"807628","5211.006632275","192.168.15.4","192.168.15.3","MQTT","68","Disconnect Req"
"807642","5212.010951707","192.168.15.4","192.168.15.3","MQTT","90","Connect Command"
"807644","5212.013865636","192.168.15.4","192.168.15.3","MQTT","97","Publish Message (id=5140) [Deviceb'Device - 2']"
"807645","5212.014253600","192.168.15.3","192.168.15.4","MQTT","70","Connect Ack"
"807648","5212.016812848","192.168.15.3","192.168.15.4","MQTT","70","Publish Ack (id=5140)"
"807650","5212.017320758","192.168.15.4","192.168.15.3","MQTT","68","Disconnect Req"
"807673","5213.021420555","192.168.15.4","192.168.15.3","MQTT","90","Connect Command"
"807675","5213.024358920","192.168.15.4","192.168.15.3","MQTT","97","Publish Message (id=5141) [Deviceb'Device - 2']"
"807676","5213.024747915","192.168.15.3","192.168.15.4","MQTT","70","Connect Ack"
"807679","5213.027206844","192.168.15.3","192.168.15.4","MQTT","70","Publish Ack (id=5141)"
"807681","5213.027819442","192.168.15.4","192.168.15.3","MQTT","68","Disconnect Req"
"809631","5214.031718159","192.168.15.4","192.168.15.3","MQTT","90","Connect Command"
"809633","5214.034467286","192.168.15.4","192.168.15.3","MQTT","97","Publish Message (id=5142) [Deviceb'Device - 2']"
"809634","5214.034900235","192.168.15.3","192.168.15.4","MQTT","70","Connect Ack"
"809637","5214.037501352","192.168.15.3","192.168.15.4","MQTT","70","Publish Ack (id=5142)"
"809639","5214.037977903","192.168.15.4","192.168.15.3","MQTT","68","Disconnect Req"
"809651","5215.042022267","192.168.15.4","192.168.15.3","MQTT","90","Connect Command"
"809653","5215.044880059","192.168.15.4","192.168.15.3","MQTT","97","Publish Message (id=5143) [Deviceb'Device - 2']"
"809655","5215.049206939","192.168.15.3","192.168.15.4","MQTT","70","Connect Ack"
"809657","5215.051723226","192.168.15.3","192.168.15.4","MQTT","70","Publish Ack (id=5143)"
"809659","5215.052332247","192.168.15.4","192.168.15.3","MQTT","68","Disconnect Req"
"809671","5216.056290527","192.168.15.4","192.168.15.3","MQTT","90","Connect Command"
"809673","5216.059131417","192.168.15.4","192.168.15.3","MQTT","97","Publish Message (id=5144) [Deviceb'Device - 2']"
"809674","5216.059512337","192.168.15.3","192.168.15.4","MQTT","70","Connect Ack"
"809677","5216.062299326","192.168.15.3","192.168.15.4","MQTT","70","Publish Ack (id=5144)"
"809679","5216.062932773","192.168.15.4","192.168.15.3","MQTT","68","Disconnect Req"
"809694","5217.067077716","192.168.15.4","192.168.15.3","MQTT","90","Connect Command"
"809696","5217.070003427","192.168.15.4","192.168.15.3","MQTT","97","Publish Message (id=5145) [Deviceb'Device - 2']"
"809697","5217.070386451","192.168.15.3","192.168.15.4","MQTT","70","Connect Ack"
"809700","5217.072873493","192.168.15.3","192.168.15.4","MQTT","70","Publish Ack (id=5145)"
"809702","5217.073523161","192.168.15.4","192.168.15.3","MQTT","68","Disconnect Req"
"809716","5218.078070224","192.168.15.4","192.168.15.3","MQTT","90","Connect Command"
"809718","5218.080990084","192.168.15.4","192.168.15.3","MQTT","97","Publish Message (id=5146) [Deviceb'Device - 2']"
"809719","5218.081360755","192.168.15.3","192.168.15.4","MQTT","70","Connect Ack"
"809722","5218.083912859","192.168.15.3","192.168.15.4","MQTT","70","Publish Ack (id=5146)"
"809724","5218.084516881","192.168.15.4","192.168.15.3","MQTT","68","Disconnect Req"
"809736","5219.088840019","192.168.15.4","192.168.15.3","MQTT","90","Connect Command"
"809738","5219.091763605","192.168.15.4","192.168.15.3","MQTT","97","Publish Message (id=5147) [Deviceb'Device - 2']"
"809739","5219.092222523","192.168.15.3","192.168.15.4","MQTT","70","Connect Ack"
"809742","5219.094842816","192.168.15.3","192.168.15.4","MQTT","70","Publish Ack (id=5147)"
"809744","5219.095375634","192.168.15.4","192.168.15.3","MQTT","68","Disconnect Req"
"809761","5220.099852112","192.168.15.4","192.168.15.3","MQTT","90","Connect Command"
"809763","5220.102732026","192.168.15.4","192.168.15.3","MQTT","97","Publish Message (id=5148) [Deviceb'Device - 2']"
"809765","5220.107095796","192.168.15.3","192.168.15.4","MQTT","70","Connect Ack"
"809767","5220.109570724","192.168.15.3","192.168.15.4","MQTT","70","Publish Ack (id=5148)"
"809769","5220.110177762","192.168.15.4","192.168.15.3","MQTT","68","Disconnect Req"
"809785","5221.114279181","192.168.15.4","192.168.15.3","MQTT","90","Connect Command"
"809787","5221.116989424","192.168.15.4","192.168.15.3","MQTT","97","Publish Message (id=5149) [Deviceb'Device - 2']"
"809788","5221.117384081","192.168.15.3","192.168.15.4","MQTT","70","Connect Ack"
"809791","5221.119914574","192.168.15.3","192.168.15.4","MQTT","70","Publish Ack (id=5149)"
"809793","5221.120461218","192.168.15.4","192.168.15.3","MQTT","68","Disconnect Req"
"809805","5222.124892820","192.168.15.4","192.168.15.3","MQTT","90","Connect Command"
"809807","5222.127606370","192.168.15.4","192.168.15.3","MQTT","97","Publish Message (id=5150) [Deviceb'Device - 2']"
"809808","5222.128034049","192.168.15.3","192.168.15.4","MQTT","70","Connect Ack"
"809811","5222.130493007","192.168.15.3","192.168.15.4","MQTT","70","Publish Ack (id=5150)"
"809813","5222.131165388","192.168.15.4","192.168.15.3","MQTT","68","Disconnect Req"
"809831","5223.135389178","192.168.15.4","192.168.15.3","MQTT","90","Connect Command"
"809834","5223.138455705","192.168.15.4","192.168.15.3","MQTT","97","Publish Message (id=5151) [Deviceb'Device - 2']"
"809835","5223.138964898","192.168.15.3","192.168.15.4","MQTT","70","Connect Ack"
"809838","5223.141365566","192.168.15.3","192.168.15.4","MQTT","70","Publish Ack (id=5151)"
"809840","5223.141852667","192.168.15.4","192.168.15.3","MQTT","68","Disconnect Req"
"809852","5224.146500399","192.168.15.4","192.168.15.3","MQTT","90","Connect Command"
"809854","5224.149367499","192.168.15.4","192.168.15.3","MQTT","97","Publish Message (id=5152) [Deviceb'Device - 2']"
"809855","5224.149757837","192.168.15.3","192.168.15.4","MQTT","70","Connect Ack"
"809858","5224.152259025","192.168.15.3","192.168.15.4","MQTT","70","Publish Ack (id=5152)"
"809860","5224.152732310","192.168.15.4","192.168.15.3","MQTT","68","Disconnect Req"
"809880","5225.156895846","192.168.15.4","192.168.15.3","MQTT","90","Connect Command"
"809882","5225.159840873","192.168.15.4","192.168.15.3","MQTT","97","Publish Message (id=5153) [Deviceb'Device - 2']"
"809884","5225.165526000","192.168.15.3","192.168.15.4","MQTT","70","Connect Ack"
"809886","5225.168055502","192.168.15.3","192.168.15.4","MQTT","70","Publish Ack (id=5153)"
"809888","5225.168541621","192.168.15.4","192.168.15.3","MQTT","68","Disconnect Req"
"809902","5226.172524866","192.168.15.4","192.168.15.3","MQTT","90","Connect Command"
"809904","5226.175674290","192.168.15.4","192.168.15.3","MQTT","97","Publish Message (id=5154) [Deviceb'Device - 2']"
"809905","5226.176033428","192.168.15.3","192.168.15.4","MQTT","70","Connect Ack"
"809908","5226.178579502","192.168.15.3","192.168.15.4","MQTT","70","Publish Ack (id=5154)"
"809910","5226.179086430","192.168.15.4","192.168.15.3","MQTT","68","Disconnect Req"
"809926","5227.183836716","192.168.15.4","192.168.15.3","MQTT","90","Connect Command"
"809928","5227.186602444","192.168.15.4","192.168.15.3","MQTT","97","Publish Message (id=5155) [Deviceb'Device - 2']"
"809929","5227.187026887","192.168.15.3","192.168.15.4","MQTT","70","Connect Ack"
"809932","5227.189646268","192.168.15.3","192.168.15.4","MQTT","70","Publish Ack (id=5155)"
"809934","5227.190152706","192.168.15.4","192.168.15.3","MQTT","68","Disconnect Req"
"809950","5228.194936904","192.168.15.4","192.168.15.3","MQTT","90","Connect Command"
"809952","5228.197866653","192.168.15.4","192.168.15.3","MQTT","97","Publish Message (id=5156) [Deviceb'Device - 2']"
"809953","5228.198235390","192.168.15.3","192.168.15.4","MQTT","70","Connect Ack"
"809956","5228.200921858","192.168.15.3","192.168.15.4","MQTT","70","Publish Ack (id=5156)"
"809958","5228.201430109","192.168.15.4","192.168.15.3","MQTT","68","Disconnect Req"
"809972","5229.205256176","192.168.15.4","192.168.15.3","MQTT","90","Connect Command"
"809974","5229.208090454","192.168.15.4","192.168.15.3","MQTT","97","Publish Message (id=5157) [Deviceb'Device - 2']"
"809975","5229.208463569","192.168.15.3","192.168.15.4","MQTT","70","Connect Ack"
"809978","5229.211095064","192.168.15.3","192.168.15.4","MQTT","70","Publish Ack (id=5157)"
"809980","5229.211618023","192.168.15.4","192.168.15.3","MQTT","68","Disconnect Req"
"810369","5230.215358327","192.168.15.4","192.168.15.3","MQTT","90","Connect Command"
"810371","5230.218312051","192.168.15.4","192.168.15.3","MQTT","97","Publish Message (id=5158) [Deviceb'Device - 2']"
"810372","5230.219530043","192.168.15.3","192.168.15.4","MQTT","70","Connect Ack"
"810375","5230.221236249","192.168.15.3","192.168.15.4","MQTT","70","Publish Ack (id=5158)"
"810377","5230.221808009","192.168.15.4","192.168.15.3","MQTT","68","Disconnect Req"
"810397","5231.226430422","192.168.15.4","192.168.15.3","MQTT","90","Connect Command"
"810399","5231.229191551","192.168.15.4","192.168.15.3","MQTT","97","Publish Message (id=5159) [Deviceb'Device - 2']"
"810400","5231.229589464","192.168.15.3","192.168.15.4","MQTT","70","Connect Ack"
"810404","5231.232711115","192.168.15.3","192.168.15.4","MQTT","70","Publish Ack (id=5159)"
"810406","5231.233285711","192.168.15.4","192.168.15.3","MQTT","68","Disconnect Req"
"810423","5232.237976763","192.168.15.4","192.168.15.3","MQTT","90","Connect Command"
"810425","5232.240832431","192.168.15.4","192.168.15.3","MQTT","97","Publish Message (id=5160) [Deviceb'Device - 2']"
"810426","5232.241417888","192.168.15.3","192.168.15.4","MQTT","70","Connect Ack"
"810429","5232.243732323","192.168.15.3","192.168.15.4","MQTT","70","Publish Ack (id=5160)"
"810431","5232.244309745","192.168.15.4","192.168.15.3","MQTT","68","Disconnect Req"
"810446","5233.249322234","192.168.15.4","192.168.15.3","MQTT","90","Connect Command"
"810448","5233.252228648","192.168.15.4","192.168.15.3","MQTT","97","Publish Message (id=5161) [Deviceb'Device - 2']"
"810449","5233.252583659","192.168.15.3","192.168.15.4","MQTT","70","Connect Ack"
"810452","5233.255320273","192.168.15.3","192.168.15.4","MQTT","70","Publish Ack (id=5161)"
"810454","5233.255810089","192.168.15.4","192.168.15.3","MQTT","68","Disconnect Req"
"810462","5234.259690598","192.168.15.4","192.168.15.3","MQTT","90","Connect Command"
"810464","5234.262666243","192.168.15.4","192.168.15.3","MQTT","97","Publish Message (id=5162) [Deviceb'Device - 2']"
"810465","5234.263052914","192.168.15.3","192.168.15.4","MQTT","70","Connect Ack"
"810468","5234.265482978","192.168.15.3","192.168.15.4","MQTT","70","Publish Ack (id=5162)"
"810470","5234.265783957","192.168.15.4","192.168.15.3","MQTT","68","Disconnect Req"
"811506","5235.271173028","192.168.15.4","192.168.15.3","MQTT","90","Connect Command"
"811552","5235.275849578","192.168.15.4","192.168.15.3","MQTT","97","Publish Message (id=5163) [Deviceb'Device - 2']"
"811584","5235.278776161","192.168.15.3","192.168.15.4","MQTT","70","Connect Ack"
"811602","5235.281824684","192.168.15.3","192.168.15.4","MQTT","70","Publish Ack (id=5163)"
"811604","5235.282077822","192.168.15.4","192.168.15.3","MQTT","68","Disconnect Req"
"812066","5236.286616225","192.168.15.4","192.168.15.3","MQTT","90","Connect Command"
"812068","5236.289380581","192.168.15.4","192.168.15.3","MQTT","97","Publish Message (id=5164) [Deviceb'Device - 2']"
"812069","5236.289800475","192.168.15.3","192.168.15.4","MQTT","70","Connect Ack"
"812072","5236.292326310","192.168.15.3","192.168.15.4","MQTT","70","Publish Ack (id=5164)"
"812074","5236.292833689","192.168.15.4","192.168.15.3","MQTT","68","Disconnect Req"
"812087","5237.296548946","192.168.15.4","192.168.15.3","MQTT","90","Connect Command"
"812089","5237.299268668","192.168.15.4","192.168.15.3","MQTT","97","Publish Message (id=5165) [Deviceb'Device - 2']"
"812090","5237.299687940","192.168.15.3","192.168.15.4","MQTT","70","Connect Ack"
"812093","5237.302207624","192.168.15.3","192.168.15.4","MQTT","70","Publish Ack (id=5165)"
"812095","5237.302868904","192.168.15.4","192.168.15.3","MQTT","68","Disconnect Req"
"812114","5238.307261730","192.168.15.4","192.168.15.3","MQTT","90","Connect Command"
"812116","5238.310170419","192.168.15.4","192.168.15.3","MQTT","97","Publish Message (id=5166) [Deviceb'Device - 2']"
"812117","5238.310607806","192.168.15.3","192.168.15.4","MQTT","70","Connect Ack"
"812120","5238.313150733","192.168.15.3","192.168.15.4","MQTT","70","Publish Ack (id=5166)"
"812122","5238.313543235","192.168.15.4","192.168.15.3","MQTT","68","Disconnect Req"
"812170","5239.317777943","192.168.15.4","192.168.15.3","MQTT","90","Connect Command"
"812172","5239.320774487","192.168.15.4","192.168.15.3","MQTT","97","Publish Message (id=5167) [Deviceb'Device - 2']"
"812173","5239.321207025","192.168.15.3","192.168.15.4","MQTT","70","Connect Ack"
"812176","5239.323617241","192.168.15.3","192.168.15.4","MQTT","70","Publish Ack (id=5167)"
"812178","5239.324264625","192.168.15.4","192.168.15.3","MQTT","68","Disconnect Req"
"812190","5240.328050524","192.168.15.4","192.168.15.3","MQTT","90","Connect Command"
"812192","5240.331036639","192.168.15.4","192.168.15.3","MQTT","97","Publish Message (id=5168) [Deviceb'Device - 2']"
"812194","5240.335413514","192.168.15.3","192.168.15.4","MQTT","70","Connect Ack"
"812196","5240.337845000","192.168.15.3","192.168.15.4","MQTT","70","Publish Ack (id=5168)"
"812198","5240.338150137","192.168.15.4","192.168.15.3","MQTT","68","Disconnect Req"
"812243","5241.342210335","192.168.15.4","192.168.15.3","MQTT","90","Connect Command"
"812245","5241.345201019","192.168.15.4","192.168.15.3","MQTT","97","Publish Message (id=5169) [Deviceb'Device - 2']"
"812246","5241.345719980","192.168.15.3","192.168.15.4","MQTT","70","Connect Ack"
"812249","5241.348088938","192.168.15.3","192.168.15.4","MQTT","70","Publish Ack (id=5169)"
"812251","5241.348341546","192.168.15.4","192.168.15.3","MQTT","68","Disconnect Req"
"812310","5242.352604897","192.168.15.4","192.168.15.3","MQTT","90","Connect Command"
"812312","5242.356776222","192.168.15.4","192.168.15.3","MQTT","97","Publish Message (id=5170) [Deviceb'Device - 2']"
"812313","5242.356786913","192.168.15.3","192.168.15.4","MQTT","70","Connect Ack"
"812316","5242.359735116","192.168.15.3","192.168.15.4","MQTT","70","Publish Ack (id=5170)"
"812318","5242.359991120","192.168.15.4","192.168.15.3","MQTT","68","Disconnect Req"
"812347","5243.363810372","192.168.15.4","192.168.15.3","MQTT","90","Connect Command"
"812349","5243.366805664","192.168.15.4","192.168.15.3","MQTT","97","Publish Message (id=5171) [Deviceb'Device - 2']"
"812350","5243.367258460","192.168.15.3","192.168.15.4","MQTT","70","Connect Ack"
"812353","5243.370890917","192.168.15.3","192.168.15.4","MQTT","70","Publish Ack (id=5171)"
"812355","5243.371158513","192.168.15.4","192.168.15.3","MQTT","68","Disconnect Req"
"812391","5244.375159528","192.168.15.4","192.168.15.3","MQTT","90","Connect Command"
"812393","5244.378039292","192.168.15.4","192.168.15.3","MQTT","97","Publish Message (id=5172) [Deviceb'Device - 2']"
"812394","5244.378463504","192.168.15.3","192.168.15.4","MQTT","70","Connect Ack"
"812397","5244.380910901","192.168.15.3","192.168.15.4","MQTT","70","Publish Ack (id=5172)"
"812399","5244.381258868","192.168.15.4","192.168.15.3","MQTT","68","Disconnect Req"
"812410","5245.385496541","192.168.15.4","192.168.15.3","MQTT","90","Connect Command"
"812412","5245.388497514","192.168.15.4","192.168.15.3","MQTT","97","Publish Message (id=5173) [Deviceb'Device - 2']"
"812414","5245.392869559","192.168.15.3","192.168.15.4","MQTT","70","Connect Ack"
"812416","5245.395288262","192.168.15.3","192.168.15.4","MQTT","70","Publish Ack (id=5173)"
"812418","5245.395537463","192.168.15.4","192.168.15.3","MQTT","68","Disconnect Req"
"812430","5246.399514672","192.168.15.4","192.168.15.3","MQTT","90","Connect Command"
"812432","5246.402410437","192.168.15.4","192.168.15.3","MQTT","97","Publish Message (id=5174) [Deviceb'Device - 2']"
"812433","5246.402807648","192.168.15.3","192.168.15.4","MQTT","70","Connect Ack"
"812436","5246.405483035","192.168.15.3","192.168.15.4","MQTT","70","Publish Ack (id=5174)"
"812438","5246.405793442","192.168.15.4","192.168.15.3","MQTT","68","Disconnect Req"
"812459","5247.410320832","192.168.15.4","192.168.15.3","MQTT","90","Connect Command"
"812461","5247.413244629","192.168.15.4","192.168.15.3","MQTT","97","Publish Message (id=5175) [Deviceb'Device - 2']"
"812462","5247.413625289","192.168.15.3","192.168.15.4","MQTT","70","Connect Ack"
"812465","5247.416254609","192.168.15.3","192.168.15.4","MQTT","70","Publish Ack (id=5175)"
"812467","5247.416567541","192.168.15.4","192.168.15.3","MQTT","68","Disconnect Req"
"812495","5248.420253460","192.168.15.4","192.168.15.3","MQTT","90","Connect Command"
"812497","5248.423275162","192.168.15.4","192.168.15.3","MQTT","97","Publish Message (id=5176) [Deviceb'Device - 2']"
"812498","5248.423675329","192.168.15.3","192.168.15.4","MQTT","70","Connect Ack"
"812501","5248.425860910","192.168.15.3","192.168.15.4","MQTT","70","Publish Ack (id=5176)"
"812503","5248.426360465","192.168.15.4","192.168.15.3","MQTT","68","Disconnect Req"
"812518","5249.430459955","192.168.15.4","192.168.15.3","MQTT","90","Connect Command"
"812520","5249.434649415","192.168.15.4","192.168.15.3","MQTT","97","Publish Message (id=5177) [Deviceb'Device - 2']"
"812521","5249.435041146","192.168.15.3","192.168.15.4","MQTT","70","Connect Ack"
"812524","5249.437278485","192.168.15.3","192.168.15.4","MQTT","70","Publish Ack (id=5177)"
"812526","5249.437591346","192.168.15.4","192.168.15.3","MQTT","68","Disconnect Req"
"812538","5250.441529301","192.168.15.4","192.168.15.3","MQTT","90","Connect Command"
"812540","5250.444815654","192.168.15.4","192.168.15.3","MQTT","97","Publish Message (id=5178) [Deviceb'Device - 2']"
"812542","5250.448640795","192.168.15.3","192.168.15.4","MQTT","70","Connect Ack"
"812544","5250.451226273","192.168.15.3","192.168.15.4","MQTT","70","Publish Ack (id=5178)"
"812546","5250.451872995","192.168.15.4","192.168.15.3","MQTT","68","Disconnect Req"
"812559","5251.455284535","192.168.15.4","192.168.15.3","MQTT","90","Connect Command"
"812561","5251.458305146","192.168.15.4","192.168.15.3","MQTT","97","Publish Message (id=5179) [Deviceb'Device - 2']"
"812562","5251.458669044","192.168.15.3","192.168.15.4","MQTT","70","Connect Ack"
"812565","5251.461784784","192.168.15.3","192.168.15.4","MQTT","70","Publish Ack (id=5179)"
"812567","5251.462019948","192.168.15.4","192.168.15.3","MQTT","68","Disconnect Req"
"812584","5252.466572665","192.168.15.4","192.168.15.3","MQTT","90","Connect Command"
"812586","5252.469348242","192.168.15.4","192.168.15.3","MQTT","97","Publish Message (id=5180) [Deviceb'Device - 2']"
"812587","5252.469742397","192.168.15.3","192.168.15.4","MQTT","70","Connect Ack"
"812590","5252.472007239","192.168.15.3","192.168.15.4","MQTT","70","Publish Ack (id=5180)"
"812592","5252.472331512","192.168.15.4","192.168.15.3","MQTT","68","Disconnect Req"
"812606","5253.476335811","192.168.15.4","192.168.15.3","MQTT","90","Connect Command"
"812608","5253.479402468","192.168.15.4","192.168.15.3","MQTT","97","Publish Message (id=5181) [Deviceb'Device - 2']"
"812609","5253.479843512","192.168.15.3","192.168.15.4","MQTT","70","Connect Ack"
"812612","5253.482455310","192.168.15.3","192.168.15.4","MQTT","70","Publish Ack (id=5181)"
"812614","5253.483067717","192.168.15.4","192.168.15.3","MQTT","68","Disconnect Req"
"814191","5254.487007135","192.168.15.4","192.168.15.3","MQTT","90","Connect Command"
"814193","5254.490009210","192.168.15.4","192.168.15.3","MQTT","97","Publish Message (id=5182) [Deviceb'Device - 2']"
"814194","5254.490398325","192.168.15.3","192.168.15.4","MQTT","70","Connect Ack"
"814197","5254.493072360","192.168.15.3","192.168.15.4","MQTT","70","Publish Ack (id=5182)"
"814199","5254.493368340","192.168.15.4","192.168.15.3","MQTT","68","Disconnect Req"
"814219","5255.497259796","192.168.15.4","192.168.15.3","MQTT","90","Connect Command"
"814221","5255.500276449","192.168.15.4","192.168.15.3","MQTT","97","Publish Message (id=5183) [Deviceb'Device - 2']"
"814223","5255.504516084","192.168.15.3","192.168.15.4","MQTT","70","Connect Ack"
"814225","5255.506988247","192.168.15.3","192.168.15.4","MQTT","70","Publish Ack (id=5183)"
"814227","5255.507244933","192.168.15.4","192.168.15.3","MQTT","68","Disconnect Req"
"814239","5256.511081575","192.168.15.4","192.168.15.3","MQTT","90","Connect Command"
"814241","5256.514275723","192.168.15.4","192.168.15.3","MQTT","97","Publish Message (id=5184) [Deviceb'Device - 2']"
"814242","5256.514696929","192.168.15.3","192.168.15.4","MQTT","70","Connect Ack"
"814245","5256.517214659","192.168.15.3","192.168.15.4","MQTT","70","Publish Ack (id=5184)"
"814247","5256.517446297","192.168.15.4","192.168.15.3","MQTT","68","Disconnect Req"
"814262","5257.521784417","192.168.15.4","192.168.15.3","MQTT","90","Connect Command"
"814264","5257.524649994","192.168.15.4","192.168.15.3","MQTT","97","Publish Message (id=5185) [Deviceb'Device - 2']"
"814265","5257.525013852","192.168.15.3","192.168.15.4","MQTT","70","Connect Ack"
"814268","5257.527285777","192.168.15.3","192.168.15.4","MQTT","70","Publish Ack (id=5185)"
"814270","5257.527955483","192.168.15.4","192.168.15.3","MQTT","68","Disconnect Req"
"814288","5258.531935456","192.168.15.4","192.168.15.3","MQTT","90","Connect Command"
"814290","5258.534889921","192.168.15.4","192.168.15.3","MQTT","97","Publish Message (id=5186) [Deviceb'Device - 2']"
"814291","5258.535268567","192.168.15.3","192.168.15.4","MQTT","70","Connect Ack"
"814294","5258.537979462","192.168.15.3","192.168.15.4","MQTT","70","Publish Ack (id=5186)"
"814296","5258.538305638","192.168.15.4","192.168.15.3","MQTT","68","Disconnect Req"
"814317","5259.542935189","192.168.15.4","192.168.15.3","MQTT","90","Connect Command"
"814319","5259.547804043","192.168.15.4","192.168.15.3","MQTT","97","Publish Message (id=5187) [Deviceb'Device - 2']"
"814320","5259.548135520","192.168.15.3","192.168.15.4","MQTT","70","Connect Ack"
"814323","5259.551022067","192.168.15.3","192.168.15.4","MQTT","70","Publish Ack (id=5187)"
"814325","5259.551377549","192.168.15.4","192.168.15.3","MQTT","68","Disconnect Req"
"814366","5260.555135021","192.168.15.4","192.168.15.3","MQTT","90","Connect Command"
"814368","5260.558191669","192.168.15.4","192.168.15.3","MQTT","97","Publish Message (id=5188) [Deviceb'Device - 2']"
"814370","5260.562322378","192.168.15.3","192.168.15.4","MQTT","70","Connect Ack"
"814372","5260.564770135","192.168.15.3","192.168.15.4","MQTT","70","Publish Ack (id=5188)"
"814374","5260.565021741","192.168.15.4","192.168.15.3","MQTT","68","Disconnect Req"
"814407","5261.569286001","192.168.15.4","192.168.15.3","MQTT","90","Connect Command"
"814409","5261.572295961","192.168.15.4","192.168.15.3","MQTT","97","Publish Message (id=5189) [Deviceb'Device - 2']"
"814410","5261.572710054","192.168.15.3","192.168.15.4","MQTT","70","Connect Ack"
"814413","5261.575263020","192.168.15.3","192.168.15.4","MQTT","70","Publish Ack (id=5189)"
"814415","5261.575524875","192.168.15.4","192.168.15.3","MQTT","68","Disconnect Req"
"814810","5262.579565001","192.168.15.4","192.168.15.3","MQTT","90","Connect Command"
"814812","5262.582506011","192.168.15.4","192.168.15.3","MQTT","97","Publish Message (id=5190) [Deviceb'Device - 2']"
"814813","5262.582949469","192.168.15.3","192.168.15.4","MQTT","70","Connect Ack"
"814816","5262.585577267","192.168.15.3","192.168.15.4","MQTT","70","Publish Ack (id=5190)"
"814818","5262.585906379","192.168.15.4","192.168.15.3","MQTT","68","Disconnect Req"
"814846","5263.590275787","192.168.15.4","192.168.15.3","MQTT","90","Connect Command"
"814848","5263.593218470","192.168.15.4","192.168.15.3","MQTT","97","Publish Message (id=5191) [Deviceb'Device - 2']"
"814849","5263.593621732","192.168.15.3","192.168.15.4","MQTT","70","Connect Ack"
"814852","5263.595832411","192.168.15.3","192.168.15.4","MQTT","70","Publish Ack (id=5191)"
"814854","5263.596423438","192.168.15.4","192.168.15.3","MQTT","68","Disconnect Req"
"814868","5264.600880363","192.168.15.4","192.168.15.3","MQTT","90","Connect Command"
"814870","5264.603769665","192.168.15.4","192.168.15.3","MQTT","97","Publish Message (id=5192) [Deviceb'Device - 2']"
"814871","5264.604155525","192.168.15.3","192.168.15.4","MQTT","70","Connect Ack"
"814874","5264.606850840","192.168.15.3","192.168.15.4","MQTT","70","Publish Ack (id=5192)"
"814876","5264.607163040","192.168.15.4","192.168.15.3","MQTT","68","Disconnect Req"
"814890","5265.612807217","192.168.15.4","192.168.15.3","MQTT","90","Connect Command"
"814892","5265.615777012","192.168.15.4","192.168.15.3","MQTT","97","Publish Message (id=5193) [Deviceb'Device - 2']"
"814894","5265.620016456","192.168.15.3","192.168.15.4","MQTT","70","Connect Ack"
"814897","5265.622827590","192.168.15.3","192.168.15.4","MQTT","70","Publish Ack (id=5193)"
"814899","5265.623362611","192.168.15.4","192.168.15.3","MQTT","68","Disconnect Req"
"814910","5266.628148727","192.168.15.4","192.168.15.3","MQTT","90","Connect Command"
"814912","5266.631042828","192.168.15.4","192.168.15.3","MQTT","97","Publish Message (id=5194) [Deviceb'Device - 2']"
"814913","5266.631474985","192.168.15.3","192.168.15.4","MQTT","70","Connect Ack"
"814916","5266.633570045","192.168.15.3","192.168.15.4","MQTT","70","Publish Ack (id=5194)"
"814918","5266.633897033","192.168.15.4","192.168.15.3","MQTT","68","Disconnect Req"
"814937","5267.638214473","192.168.15.4","192.168.15.3","MQTT","90","Connect Command"
"814939","5267.641127931","192.168.15.4","192.168.15.3","MQTT","97","Publish Message (id=5195) [Deviceb'Device - 2']"
"814940","5267.641557603","192.168.15.3","192.168.15.4","MQTT","70","Connect Ack"
"814943","5267.644366663","192.168.15.3","192.168.15.4","MQTT","70","Publish Ack (id=5195)"
"814945","5267.644727636","192.168.15.4","192.168.15.3","MQTT","68","Disconnect Req"
"814958","5268.649086182","192.168.15.4","192.168.15.3","MQTT","90","Connect Command"
"814960","5268.651979893","192.168.15.4","192.168.15.3","MQTT","97","Publish Message (id=5196) [Deviceb'Device - 2']"
"814961","5268.652373888","192.168.15.3","192.168.15.4","MQTT","70","Connect Ack"
"814964","5268.654669417","192.168.15.3","192.168.15.4","MQTT","70","Publish Ack (id=5196)"
"814966","5268.655004190","192.168.15.4","192.168.15.3","MQTT","68","Disconnect Req"
"814996","5269.658946310","192.168.15.4","192.168.15.3","MQTT","90","Connect Command"
"814998","5269.661823759","192.168.15.4","192.168.15.3","MQTT","97","Publish Message (id=5197) [Deviceb'Device - 2']"
"814999","5269.662206322","192.168.15.3","192.168.15.4","MQTT","70","Connect Ack"
"815002","5269.664609405","192.168.15.3","192.168.15.4","MQTT","70","Publish Ack (id=5197)"
"815004","5269.665010534","192.168.15.4","192.168.15.3","MQTT","68","Disconnect Req"
"815013","5270.668248923","192.168.15.4","192.168.15.3","MQTT","90","Connect Command"
"815015","5270.671234106","192.168.15.4","192.168.15.3","MQTT","97","Publish Message (id=5198) [Deviceb'Device - 2']"
"815018","5270.675455737","192.168.15.3","192.168.15.4","MQTT","70","Connect Ack"
"815020","5270.677891472","192.168.15.3","192.168.15.4","MQTT","70","Publish Ack (id=5198)"
"815022","5270.678171391","192.168.15.4","192.168.15.3","MQTT","68","Disconnect Req"
"815042","5271.682536690","192.168.15.4","192.168.15.3","MQTT","90","Connect Command"
"815044","5271.685370086","192.168.15.4","192.168.15.3","MQTT","97","Publish Message (id=5199) [Deviceb'Device - 2']"
"815045","5271.685947247","192.168.15.3","192.168.15.4","MQTT","70","Connect Ack"
"815048","5271.687997533","192.168.15.3","192.168.15.4","MQTT","70","Publish Ack (id=5199)"
"815050","5271.688552763","192.168.15.4","192.168.15.3","MQTT","68","Disconnect Req"
"816688","5272.692956304","192.168.15.4","192.168.15.3","MQTT","90","Connect Command"
"816690","5272.695784340","192.168.15.4","192.168.15.3","MQTT","97","Publish Message (id=5200) [Deviceb'Device - 2']"
"816691","5272.696140113","192.168.15.3","192.168.15.4","MQTT","70","Connect Ack"
"816694","5272.698260170","192.168.15.3","192.168.15.4","MQTT","70","Publish Ack (id=5200)"
"816696","5272.698515613","192.168.15.4","192.168.15.3","MQTT","68","Disconnect Req"
"816710","5273.703232656","192.168.15.4","192.168.15.3","MQTT","90","Connect Command"
"816712","5273.706261472","192.168.15.4","192.168.15.3","MQTT","97","Publish Message (id=5201) [Deviceb'Device - 2']"
"816713","5273.706653433","192.168.15.3","192.168.15.4","MQTT","70","Connect Ack"
"816716","5273.709301128","192.168.15.3","192.168.15.4","MQTT","70","Publish Ack (id=5201)"
"816718","5273.709625291","192.168.15.4","192.168.15.3","MQTT","68","Disconnect Req"
"816730","5274.714348446","192.168.15.4","192.168.15.3","MQTT","90","Connect Command"
"816732","5274.717104917","192.168.15.4","192.168.15.3","MQTT","97","Publish Message (id=5202) [Deviceb'Device - 2']"
"816733","5274.717486298","192.168.15.3","192.168.15.4","MQTT","70","Connect Ack"
"816736","5274.720158079","192.168.15.3","192.168.15.4","MQTT","70","Publish Ack (id=5202)"
"816738","5274.720539700","192.168.15.4","192.168.15.3","MQTT","68","Disconnect Req"
"816752","5275.724582198","192.168.15.4","192.168.15.3","MQTT","90","Connect Command"
"816754","5275.727327608","192.168.15.4","192.168.15.3","MQTT","97","Publish Message (id=5203) [Deviceb'Device - 2']"
"816756","5275.731504164","192.168.15.3","192.168.15.4","MQTT","70","Connect Ack"
"816758","5275.733936903","192.168.15.3","192.168.15.4","MQTT","70","Publish Ack (id=5203)"
"816760","5275.734644059","192.168.15.4","192.168.15.3","MQTT","68","Disconnect Req"
"816774","5276.738365671","192.168.15.4","192.168.15.3","MQTT","90","Connect Command"
"816776","5276.741431907","192.168.15.4","192.168.15.3","MQTT","97","Publish Message (id=5204) [Deviceb'Device - 2']"
"816777","5276.741776228","192.168.15.3","192.168.15.4","MQTT","70","Connect Ack"
"816780","5276.744126992","192.168.15.3","192.168.15.4","MQTT","70","Publish Ack (id=5204)"
"816782","5276.744478116","192.168.15.4","192.168.15.3","MQTT","68","Disconnect Req"
"816803","5277.748546483","192.168.15.4","192.168.15.3","MQTT","90","Connect Command"
"816805","5277.751508222","192.168.15.4","192.168.15.3","MQTT","97","Publish Message (id=5205) [Deviceb'Device - 2']"
"816806","5277.751941200","192.168.15.3","192.168.15.4","MQTT","70","Connect Ack"
"816809","5277.754477565","192.168.15.3","192.168.15.4","MQTT","70","Publish Ack (id=5205)"
"816811","5277.754839850","192.168.15.4","192.168.15.3","MQTT","68","Disconnect Req"
"816838","5278.758795394","192.168.15.4","192.168.15.3","MQTT","90","Connect Command"
"816840","5278.761738177","192.168.15.4","192.168.15.3","MQTT","97","Publish Message (id=5206) [Deviceb'Device - 2']"
"816841","5278.762154043","192.168.15.3","192.168.15.4","MQTT","70","Connect Ack"
"816844","5278.764788053","192.168.15.3","192.168.15.4","MQTT","70","Publish Ack (id=5206)"
"816846","5278.765168983","192.168.15.4","192.168.15.3","MQTT","68","Disconnect Req"
"816866","5279.769705614","192.168.15.4","192.168.15.3","MQTT","90","Connect Command"
"816868","5279.772647746","192.168.15.4","192.168.15.3","MQTT","97","Publish Message (id=5207) [Deviceb'Device - 2']"
"816869","5279.773003168","192.168.15.3","192.168.15.4","MQTT","70","Connect Ack"
"816872","5279.775576172","192.168.15.3","192.168.15.4","MQTT","70","Publish Ack (id=5207)"
"816874","5279.776338423","192.168.15.4","192.168.15.3","MQTT","68","Disconnect Req"
"816895","5280.780377634","192.168.15.4","192.168.15.3","MQTT","90","Connect Command"
"816897","5280.783222753","192.168.15.4","192.168.15.3","MQTT","97","Publish Message (id=5208) [Deviceb'Device - 2']"
"816899","5280.787458751","192.168.15.3","192.168.15.4","MQTT","70","Connect Ack"
"816901","5280.789984365","192.168.15.3","192.168.15.4","MQTT","70","Publish Ack (id=5208)"
"816903","5280.790848889","192.168.15.4","192.168.15.3","MQTT","68","Disconnect Req"
"816916","5281.794784896","192.168.15.4","192.168.15.3","MQTT","90","Connect Command"
"816918","5281.797693003","192.168.15.4","192.168.15.3","MQTT","97","Publish Message (id=5209) [Deviceb'Device - 2']"
"816919","5281.798054056","192.168.15.3","192.168.15.4","MQTT","70","Connect Ack"
"816922","5281.800641878","192.168.15.3","192.168.15.4","MQTT","70","Publish Ack (id=5209)"
"816924","5281.801472077","192.168.15.4","192.168.15.3","MQTT","68","Disconnect Req"
"816941","5282.805803751","192.168.15.4","192.168.15.3","MQTT","90","Connect Command"
"816943","5282.808731596","192.168.15.4","192.168.15.3","MQTT","97","Publish Message (id=5210) [Deviceb'Device - 2']"
"816944","5282.809137734","192.168.15.3","192.168.15.4","MQTT","70","Connect Ack"
"816947","5282.811408236","192.168.15.3","192.168.15.4","MQTT","70","Publish Ack (id=5210)"
"816949","5282.811949169","192.168.15.4","192.168.15.3","MQTT","68","Disconnect Req"
"816996","5283.816591329","192.168.15.4","192.168.15.3","MQTT","90","Connect Command"
"816998","5283.819600908","192.168.15.4","192.168.15.3","MQTT","97","Publish Message (id=5211) [Deviceb'Device - 2']"
"816999","5283.819929269","192.168.15.3","192.168.15.4","MQTT","70","Connect Ack"
"817002","5283.822619755","192.168.15.3","192.168.15.4","MQTT","70","Publish Ack (id=5211)"
"817004","5283.823279302","192.168.15.4","192.168.15.3","MQTT","68","Disconnect Req"
"817055","5284.827541705","192.168.15.4","192.168.15.3","MQTT","90","Connect Command"
"817057","5284.830492182","192.168.15.4","192.168.15.3","MQTT","97","Publish Message (id=5212) [Deviceb'Device - 2']"
"817058","5284.830924520","192.168.15.3","192.168.15.4","MQTT","70","Connect Ack"
"817061","5284.833167299","192.168.15.3","192.168.15.4","MQTT","70","Publish Ack (id=5212)"
"817063","5284.833679588","192.168.15.4","192.168.15.3","MQTT","68","Disconnect Req"
"817121","5285.837771688","192.168.15.4","192.168.15.3","MQTT","90","Connect Command"
"817123","5285.840739147","192.168.15.4","192.168.15.3","MQTT","97","Publish Message (id=5213) [Deviceb'Device - 2']"
"817125","5285.844985805","192.168.15.3","192.168.15.4","MQTT","70","Connect Ack"
"817127","5285.847455875","192.168.15.3","192.168.15.4","MQTT","70","Publish Ack (id=5213)"
"817129","5285.848055408","192.168.15.4","192.168.15.3","MQTT","68","Disconnect Req"
"817145","5286.852479687","192.168.15.4","192.168.15.3","MQTT","90","Connect Command"
"817147","5286.855361504","192.168.15.4","192.168.15.3","MQTT","97","Publish Message (id=5214) [Deviceb'Device - 2']"
"817148","5286.855771149","192.168.15.3","192.168.15.4","MQTT","70","Connect Ack"
"817151","5286.858052852","192.168.15.3","192.168.15.4","MQTT","70","Publish Ack (id=5214)"
"817153","5286.858772372","192.168.15.4","192.168.15.3","MQTT","68","Disconnect Req"
"817172","5287.863157897","192.168.15.4","192.168.15.3","MQTT","90","Connect Command"
"817174","5287.866056126","192.168.15.4","192.168.15.3","MQTT","97","Publish Message (id=5215) [Deviceb'Device - 2']"
"817175","5287.866423620","192.168.15.3","192.168.15.4","MQTT","70","Connect Ack"
"817178","5287.869049695","192.168.15.3","192.168.15.4","MQTT","70","Publish Ack (id=5215)"
"817180","5287.869929989","192.168.15.4","192.168.15.3","MQTT","68","Disconnect Req"
"817196","5288.874565898","192.168.15.4","192.168.15.3","MQTT","90","Connect Command"
"817198","5288.877538337","192.168.15.4","192.168.15.3","MQTT","97","Publish Message (id=5216) [Deviceb'Device - 2']"
"817199","5288.877912825","192.168.15.3","192.168.15.4","MQTT","70","Connect Ack"
"817202","5288.880581751","192.168.15.3","192.168.15.4","MQTT","70","Publish Ack (id=5216)"
"817204","5288.881447808","192.168.15.4","192.168.15.3","MQTT","68","Disconnect Req"
"819037","5289.885998585","192.168.15.4","192.168.15.3","MQTT","90","Connect Command"
"819039","5289.888735699","192.168.15.4","192.168.15.3","MQTT","97","Publish Message (id=5217) [Deviceb'Device - 2']"
"819040","5289.889145704","192.168.15.3","192.168.15.4","MQTT","70","Connect Ack"
"819043","5289.891436355","192.168.15.3","192.168.15.4","MQTT","70","Publish Ack (id=5217)"
"819045","5289.892146968","192.168.15.4","192.168.15.3","MQTT","68","Disconnect Req"
"819411","5290.896637010","192.168.15.4","192.168.15.3","MQTT","90","Connect Command"
"819413","5290.899578771","192.168.15.4","192.168.15.3","MQTT","97","Publish Message (id=5218) [Deviceb'Device - 2']"
"819415","5290.903786275","192.168.15.3","192.168.15.4","MQTT","70","Connect Ack"
"819417","5290.906344891","192.168.15.3","192.168.15.4","MQTT","70","Publish Ack (id=5218)"
"819419","5290.906941680","192.168.15.4","192.168.15.3","MQTT","68","Disconnect Req"
"819433","5291.910450055","192.168.15.4","192.168.15.3","MQTT","90","Connect Command"
"819435","5291.913420080","192.168.15.4","192.168.15.3","MQTT","97","Publish Message (id=5219) [Deviceb'Device - 2']"
"819436","5291.913794898","192.168.15.3","192.168.15.4","MQTT","70","Connect Ack"
"819439","5291.916445730","192.168.15.3","192.168.15.4","MQTT","70","Publish Ack (id=5219)"
"819441","5291.916749534","192.168.15.4","192.168.15.3","MQTT","68","Disconnect Req"
"819456","5292.921367948","192.168.15.4","192.168.15.3","MQTT","90","Connect Command"
"819458","5292.924262059","192.168.15.4","192.168.15.3","MQTT","97","Publish Message (id=5220) [Deviceb'Device - 2']"
"819459","5292.924629965","192.168.15.3","192.168.15.4","MQTT","70","Connect Ack"
"819462","5292.926751676","192.168.15.3","192.168.15.4","MQTT","70","Publish Ack (id=5220)"
"819464","5292.927081620","192.168.15.4","192.168.15.3","MQTT","68","Disconnect Req"
"819479","5293.931374679","192.168.15.4","192.168.15.3","MQTT","90","Connect Command"
"819481","5293.934278458","192.168.15.4","192.168.15.3","MQTT","97","Publish Message (id=5221) [Deviceb'Device - 2']"
"819482","5293.934641154","192.168.15.3","192.168.15.4","MQTT","70","Connect Ack"
"819485","5293.937170676","192.168.15.3","192.168.15.4","MQTT","70","Publish Ack (id=5221)"
"819487","5293.937521218","192.168.15.4","192.168.15.3","MQTT","68","Disconnect Req"
"819507","5294.941892896","192.168.15.4","192.168.15.3","MQTT","90","Connect Command"
"819509","5294.944835439","192.168.15.4","192.168.15.3","MQTT","97","Publish Message (id=5222) [Deviceb'Device - 2']"
"819510","5294.945174961","192.168.15.3","192.168.15.4","MQTT","70","Connect Ack"
"819513","5294.947834278","192.168.15.3","192.168.15.4","MQTT","70","Publish Ack (id=5222)"
"819515","5294.948404115","192.168.15.4","192.168.15.3","MQTT","68","Disconnect Req"
"819530","5295.952923511","192.168.15.4","192.168.15.3","MQTT","90","Connect Command"
"819532","5295.955875592","192.168.15.4","192.168.15.3","MQTT","97","Publish Message (id=5223) [Deviceb'Device - 2']"
"819534","5295.960134042","192.168.15.3","192.168.15.4","MQTT","70","Connect Ack"
"819536","5295.962634760","192.168.15.3","192.168.15.4","MQTT","70","Publish Ack (id=5223)"
"819538","5295.963304205","192.168.15.4","192.168.15.3","MQTT","68","Disconnect Req"
"819554","5296.967168041","192.168.15.4","192.168.15.3","MQTT","90","Connect Command"
"819556","5296.970108210","192.168.15.4","192.168.15.3","MQTT","97","Publish Message (id=5224) [Deviceb'Device - 2']"
"819557","5296.970510951","192.168.15.3","192.168.15.4","MQTT","70","Connect Ack"
"819560","5296.973187611","192.168.15.3","192.168.15.4","MQTT","70","Publish Ack (id=5224)"
"819562","5296.973790861","192.168.15.4","192.168.15.3","MQTT","68","Disconnect Req"
"819607","5297.978512692","192.168.15.4","192.168.15.3","MQTT","90","Connect Command"
"819609","5297.981469411","192.168.15.4","192.168.15.3","MQTT","97","Publish Message (id=5225) [Deviceb'Device - 2']"
"819610","5297.981857865","192.168.15.3","192.168.15.4","MQTT","70","Connect Ack"
"819613","5297.984443784","192.168.15.3","192.168.15.4","MQTT","70","Publish Ack (id=5225)"
"819615","5297.985182620","192.168.15.4","192.168.15.3","MQTT","68","Disconnect Req"
"819628","5298.989287383","192.168.15.4","192.168.15.3","MQTT","90","Connect Command"
"819630","5298.992201803","192.168.15.4","192.168.15.3","MQTT","97","Publish Message (id=5226) [Deviceb'Device - 2']"
"819631","5298.992615344","192.168.15.3","192.168.15.4","MQTT","70","Connect Ack"
"819634","5298.994892760","192.168.15.3","192.168.15.4","MQTT","70","Publish Ack (id=5226)"
"819636","5298.995504646","192.168.15.4","192.168.15.3","MQTT","68","Disconnect Req"
"819661","5299.999952978","192.168.15.4","192.168.15.3","MQTT","90","Connect Command"
"819663","5300.002891163","192.168.15.4","192.168.15.3","MQTT","97","Publish Message (id=5227) [Deviceb'Device - 2']"
"819664","5300.003326936","192.168.15.3","192.168.15.4","MQTT","70","Connect Ack"
"819667","5300.005549357","192.168.15.3","192.168.15.4","MQTT","70","Publish Ack (id=5227)"
"819669","5300.006337327","192.168.15.4","192.168.15.3","MQTT","68","Disconnect Req"
"819683","5301.011053766","192.168.15.4","192.168.15.3","MQTT","90","Connect Command"
"819685","5301.013962705","192.168.15.4","192.168.15.3","MQTT","97","Publish Message (id=5228) [Deviceb'Device - 2']"
"819687","5301.018188353","192.168.15.3","192.168.15.4","MQTT","70","Connect Ack"
"819689","5301.020657350","192.168.15.3","192.168.15.4","MQTT","70","Publish Ack (id=5228)"
"819691","5301.021285998","192.168.15.4","192.168.15.3","MQTT","68","Disconnect Req"
"819706","5302.025506699","192.168.15.4","192.168.15.3","MQTT","90","Connect Command"
"819708","5302.037311354","192.168.15.4","192.168.15.3","MQTT","97","Publish Message (id=5229) [Deviceb'Device - 2']"
"819709","5302.037652519","192.168.15.3","192.168.15.4","MQTT","70","Connect Ack"
"819712","5302.039844774","192.168.15.3","192.168.15.4","MQTT","70","Publish Ack (id=5229)"
"819714","5302.040427966","192.168.15.4","192.168.15.3","MQTT","68","Disconnect Req"
"819725","5303.044605606","192.168.15.4","192.168.15.3","MQTT","90","Connect Command"
"819727","5303.047624413","192.168.15.4","192.168.15.3","MQTT","97","Publish Message (id=5230) [Deviceb'Device - 2']"
"819728","5303.048365134","192.168.15.3","192.168.15.4","MQTT","70","Connect Ack"
"819731","5303.050701751","192.168.15.3","192.168.15.4","MQTT","70","Publish Ack (id=5230)"
"819733","5303.051208879","192.168.15.4","192.168.15.3","MQTT","68","Disconnect Req"
"819756","5304.054927000","192.168.15.4","192.168.15.3","MQTT","90","Connect Command"
"819758","5304.057860185","192.168.15.4","192.168.15.3","MQTT","97","Publish Message (id=5231) [Deviceb'Device - 2']"
"819759","5304.058218692","192.168.15.3","192.168.15.4","MQTT","70","Connect Ack"
"819762","5304.060598531","192.168.15.3","192.168.15.4","MQTT","70","Publish Ack (id=5231)"
"819764","5304.061103255","192.168.15.4","192.168.15.3","MQTT","68","Disconnect Req"
"819788","5305.065210361","192.168.15.4","192.168.15.3","MQTT","90","Connect Command"
"819790","5305.068331862","192.168.15.4","192.168.15.3","MQTT","97","Publish Message (id=5232) [Deviceb'Device - 2']"
"819791","5305.068715758","192.168.15.3","192.168.15.4","MQTT","70","Connect Ack"
"819794","5305.071422555","192.168.15.3","192.168.15.4","MQTT","70","Publish Ack (id=5232)"
"819796","5305.072004435","192.168.15.4","192.168.15.3","MQTT","68","Disconnect Req"
"819825","5306.076344951","192.168.15.4","192.168.15.3","MQTT","90","Connect Command"
"819827","5306.078865216","192.168.15.4","192.168.15.3","MQTT","97","Publish Message (id=5233) [Deviceb'Device - 2']"
"819829","5306.082729401","192.168.15.3","192.168.15.4","MQTT","70","Connect Ack"
"819831","5306.085127604","192.168.15.3","192.168.15.4","MQTT","70","Publish Ack (id=5233)"
"819833","5306.085422432","192.168.15.4","192.168.15.3","MQTT","68","Disconnect Req"
"819845","5307.089360016","192.168.15.4","192.168.15.3","MQTT","90","Connect Command"
"819847","5307.092237586","192.168.15.4","192.168.15.3","MQTT","97","Publish Message (id=5234) [Deviceb'Device - 2']"
"819848","5307.092662550","192.168.15.3","192.168.15.4","MQTT","70","Connect Ack"
"819851","5307.094927191","192.168.15.3","192.168.15.4","MQTT","70","Publish Ack (id=5234)"
"819853","5307.095295427","192.168.15.4","192.168.15.3","MQTT","68","Disconnect Req"
"819868","5308.099191193","192.168.15.4","192.168.15.3","MQTT","90","Connect Command"
"819870","5308.102054265","192.168.15.4","192.168.15.3","MQTT","97","Publish Message (id=5235) [Deviceb'Device - 2']"
"819871","5308.102498525","192.168.15.3","192.168.15.4","MQTT","70","Connect Ack"
"819874","5308.104561886","192.168.15.3","192.168.15.4","MQTT","70","Publish Ack (id=5235)"
"819876","5308.104917017","192.168.15.4","192.168.15.3","MQTT","68","Disconnect Req"
"819895","5309.109193392","192.168.15.4","192.168.15.3","MQTT","90","Connect Command"
"819897","5309.112624318","192.168.15.3","192.168.15.4","MQTT","70","Connect Ack"
"819898","5309.112651159","192.168.15.4","192.168.15.3","MQTT","97","Publish Message (id=5236) [Deviceb'Device - 2']"
"819901","5309.115536974","192.168.15.3","192.168.15.4","MQTT","70","Publish Ack (id=5236)"
"819903","5309.115983859","192.168.15.4","192.168.15.3","MQTT","68","Disconnect Req"
"819931","5310.120440024","192.168.15.4","192.168.15.3","MQTT","90","Connect Command"
"819933","5310.123433924","192.168.15.4","192.168.15.3","MQTT","97","Publish Message (id=5237) [Deviceb'Device - 2']"
"819934","5310.123824512","192.168.15.3","192.168.15.4","MQTT","70","Connect Ack"
"819937","5310.126532281","192.168.15.3","192.168.15.4","MQTT","70","Publish Ack (id=5237)"
"819939","5310.126788646","192.168.15.4","192.168.15.3","MQTT","68","Disconnect Req"
"819956","5311.130485795","192.168.15.4","192.168.15.3","MQTT","90","Connect Command"
"819958","5311.133401688","192.168.15.4","192.168.15.3","MQTT","97","Publish Message (id=5238) [Deviceb'Device - 2']"
"819961","5311.137633658","192.168.15.3","192.168.15.4","MQTT","70","Connect Ack"
"819963","5311.140028455","192.168.15.3","192.168.15.4","MQTT","70","Publish Ack (id=5238)"
"819965","5311.140552676","192.168.15.4","192.168.15.3","MQTT","68","Disconnect Req"
"819991","5312.144559070","192.168.15.4","192.168.15.3","MQTT","90","Connect Command"
"819993","5312.147510590","192.168.15.4","192.168.15.3","MQTT","97","Publish Message (id=5239) [Deviceb'Device - 2']"
"819994","5312.147906338","192.168.15.3","192.168.15.4","MQTT","70","Connect Ack"
"819997","5312.150965551","192.168.15.3","192.168.15.4","MQTT","70","Publish Ack (id=5239)"
"819999","5312.151605401","192.168.15.4","192.168.15.3","MQTT","68","Disconnect Req"
"820032","5313.155694781","192.168.15.4","192.168.15.3","MQTT","90","Connect Command"
"820034","5313.160665398","192.168.15.4","192.168.15.3","MQTT","97","Publish Message (id=5240) [Deviceb'Device - 2']"
"820035","5313.161069973","192.168.15.3","192.168.15.4","MQTT","70","Connect Ack"
"820038","5313.163578795","192.168.15.3","192.168.15.4","MQTT","70","Publish Ack (id=5240)"
"820040","5313.164217873","192.168.15.4","192.168.15.3","MQTT","68","Disconnect Req"
"820048","5314.168491052","192.168.15.4","192.168.15.3","MQTT","90","Connect Command"
"820050","5314.171410170","192.168.15.4","192.168.15.3","MQTT","97","Publish Message (id=5241) [Deviceb'Device - 2']"
"820051","5314.171786181","192.168.15.3","192.168.15.4","MQTT","70","Connect Ack"
"820054","5314.174322656","192.168.15.3","192.168.15.4","MQTT","70","Publish Ack (id=5241)"
"820056","5314.174656828","192.168.15.4","192.168.15.3","MQTT","68","Disconnect Req"
"821953","5315.178481619","192.168.15.4","192.168.15.3","MQTT","90","Connect Command"
"821955","5315.181469256","192.168.15.4","192.168.15.3","MQTT","97","Publish Message (id=5242) [Deviceb'Device - 2']"
"821956","5315.181845327","192.168.15.3","192.168.15.4","MQTT","70","Connect Ack"
"821959","5315.184149283","192.168.15.3","192.168.15.4","MQTT","70","Publish Ack (id=5242)"
"821961","5315.184459780","192.168.15.4","192.168.15.3","MQTT","68","Disconnect Req"
"821973","5316.188821985","192.168.15.4","192.168.15.3","MQTT","90","Connect Command"
"821975","5316.191696259","192.168.15.4","192.168.15.3","MQTT","97","Publish Message (id=5243) [Deviceb'Device - 2']"
"821977","5316.195817109","192.168.15.3","192.168.15.4","MQTT","70","Connect Ack"
"821979","5316.200320602","192.168.15.3","192.168.15.4","MQTT","70","Publish Ack (id=5243)"
"821981","5316.201054149","192.168.15.4","192.168.15.3","MQTT","68","Disconnect Req"
"821993","5317.205769584","192.168.15.4","192.168.15.3","MQTT","90","Connect Command"
"821995","5317.208607238","192.168.15.4","192.168.15.3","MQTT","97","Publish Message (id=5244) [Deviceb'Device - 2']"
"821996","5317.210835381","192.168.15.3","192.168.15.4","MQTT","70","Connect Ack"
"821999","5317.213328964","192.168.15.3","192.168.15.4","MQTT","70","Publish Ack (id=5244)"
"822001","5317.214035841","192.168.15.4","192.168.15.3","MQTT","68","Disconnect Req"
"822016","5318.218813732","192.168.15.4","192.168.15.3","MQTT","90","Connect Command"
"822018","5318.221737019","192.168.15.4","192.168.15.3","MQTT","97","Publish Message (id=5245) [Deviceb'Device - 2']"
"822019","5318.222130001","192.168.15.3","192.168.15.4","MQTT","70","Connect Ack"
"822022","5318.224313780","192.168.15.3","192.168.15.4","MQTT","70","Publish Ack (id=5245)"
"822024","5318.224611643","192.168.15.4","192.168.15.3","MQTT","68","Disconnect Req"
"822037","5319.229255852","192.168.15.4","192.168.15.3","MQTT","90","Connect Command"
"822039","5319.232157527","192.168.15.4","192.168.15.3","MQTT","97","Publish Message (id=5246) [Deviceb'Device - 2']"
"822040","5319.232467623","192.168.15.3","192.168.15.4","MQTT","70","Connect Ack"
"822043","5319.234756510","192.168.15.3","192.168.15.4","MQTT","70","Publish Ack (id=5246)"
"822045","5319.235576941","192.168.15.4","192.168.15.3","MQTT","68","Disconnect Req"
"822061","5320.239950599","192.168.15.4","192.168.15.3","MQTT","90","Connect Command"
"822063","5320.243007167","192.168.15.4","192.168.15.3","MQTT","97","Publish Message (id=5247) [Deviceb'Device - 2']"
"822064","5320.243358170","192.168.15.3","192.168.15.4","MQTT","70","Connect Ack"
"822067","5320.245875088","192.168.15.3","192.168.15.4","MQTT","70","Publish Ack (id=5247)"
"822069","5320.246618133","192.168.15.4","192.168.15.3","MQTT","68","Disconnect Req"
"822120","5321.250837088","192.168.15.4","192.168.15.3","MQTT","90","Connect Command"
"822122","5321.253822021","192.168.15.4","192.168.15.3","MQTT","97","Publish Message (id=5248) [Deviceb'Device - 2']"
"822124","5321.258032020","192.168.15.3","192.168.15.4","MQTT","70","Connect Ack"
"822126","5321.260590096","192.168.15.3","192.168.15.4","MQTT","70","Publish Ack (id=5248)"
"822128","5321.261275922","192.168.15.4","192.168.15.3","MQTT","68","Disconnect Req"
"822142","5322.264817106","192.168.15.4","192.168.15.3","MQTT","90","Connect Command"
"822144","5322.267854508","192.168.15.4","192.168.15.3","MQTT","97","Publish Message (id=5249) [Deviceb'Device - 2']"
"822145","5322.268597392","192.168.15.3","192.168.15.4","MQTT","70","Connect Ack"
"822148","5322.271138806","192.168.15.3","192.168.15.4","MQTT","70","Publish Ack (id=5249)"
"822150","5322.271473639","192.168.15.4","192.168.15.3","MQTT","68","Disconnect Req"
"822165","5323.275685480","192.168.15.4","192.168.15.3","MQTT","90","Connect Command"
"822167","5323.278690751","192.168.15.4","192.168.15.3","MQTT","97","Publish Message (id=5250) [Deviceb'Device - 2']"
"822168","5323.279026937","192.168.15.3","192.168.15.4","MQTT","70","Connect Ack"
"822171","5323.281169397","192.168.15.3","192.168.15.4","MQTT","70","Publish Ack (id=5250)"
"822173","5323.281641930","192.168.15.4","192.168.15.3","MQTT","68","Disconnect Req"
"822555","5324.285373143","192.168.15.4","192.168.15.3","MQTT","90","Connect Command"
"822557","5324.289545350","192.168.15.4","192.168.15.3","MQTT","97","Publish Message (id=5251) [Deviceb'Device - 2']"
"822558","5324.289795543","192.168.15.3","192.168.15.4","MQTT","70","Connect Ack"
"822561","5324.292711345","192.168.15.3","192.168.15.4","MQTT","70","Publish Ack (id=5251)"
"822563","5324.293049063","192.168.15.4","192.168.15.3","MQTT","68","Disconnect Req"
"822574","5325.297087918","192.168.15.4","192.168.15.3","MQTT","90","Connect Command"
"822576","5325.300186445","192.168.15.4","192.168.15.3","MQTT","97","Publish Message (id=5252) [Deviceb'Device - 2']"
"822577","5325.300600197","192.168.15.3","192.168.15.4","MQTT","70","Connect Ack"
"822580","5325.303064416","192.168.15.3","192.168.15.4","MQTT","70","Publish Ack (id=5252)"
"822582","5325.303452489","192.168.15.4","192.168.15.3","MQTT","68","Disconnect Req"
"822596","5326.307201615","192.168.15.4","192.168.15.3","MQTT","90","Connect Command"
"822598","5326.310243786","192.168.15.4","192.168.15.3","MQTT","97","Publish Message (id=5253) [Deviceb'Device - 2']"
"822600","5326.314346792","192.168.15.3","192.168.15.4","MQTT","70","Connect Ack"
"822602","5326.316900380","192.168.15.3","192.168.15.4","MQTT","70","Publish Ack (id=5253)"
"822604","5326.317574825","192.168.15.4","192.168.15.3","MQTT","68","Disconnect Req"
"822616","5327.321657130","192.168.15.4","192.168.15.3","MQTT","90","Connect Command"
"822618","5327.324733886","192.168.15.4","192.168.15.3","MQTT","97","Publish Message (id=5254) [Deviceb'Device - 2']"
"822619","5327.325087555","192.168.15.3","192.168.15.4","MQTT","70","Connect Ack"
"822622","5327.327921111","192.168.15.3","192.168.15.4","MQTT","70","Publish Ack (id=5254)"
"822624","5327.328379027","192.168.15.4","192.168.15.3","MQTT","68","Disconnect Req"
"822640","5328.335692762","192.168.15.4","192.168.15.3","MQTT","90","Connect Command"
"822642","5328.338665291","192.168.15.4","192.168.15.3","MQTT","97","Publish Message (id=5255) [Deviceb'Device - 2']"
"822643","5328.339021474","192.168.15.3","192.168.15.4","MQTT","70","Connect Ack"
"822646","5328.341674479","192.168.15.3","192.168.15.4","MQTT","70","Publish Ack (id=5255)"
"822648","5328.342103981","192.168.15.4","192.168.15.3","MQTT","68","Disconnect Req"
"822668","5329.345640225","192.168.15.4","192.168.15.3","MQTT","90","Connect Command"
"822670","5329.348678388","192.168.15.4","192.168.15.3","MQTT","97","Publish Message (id=5256) [Deviceb'Device - 2']"
"822671","5329.349047456","192.168.15.3","192.168.15.4","MQTT","70","Connect Ack"
"822674","5329.351368413","192.168.15.3","192.168.15.4","MQTT","70","Publish Ack (id=5256)"
"822676","5329.352035925","192.168.15.4","192.168.15.3","MQTT","68","Disconnect Req"
"822700","5330.356423588","192.168.15.4","192.168.15.3","MQTT","90","Connect Command"
"822702","5330.359347215","192.168.15.4","192.168.15.3","MQTT","97","Publish Message (id=5257) [Deviceb'Device - 2']"
"822703","5330.359773370","192.168.15.3","192.168.15.4","MQTT","70","Connect Ack"
"822706","5330.362285750","192.168.15.3","192.168.15.4","MQTT","70","Publish Ack (id=5257)"
"822708","5330.362577321","192.168.15.4","192.168.15.3","MQTT","68","Disconnect Req"
"822722","5331.366542435","192.168.15.4","192.168.15.3","MQTT","90","Connect Command"
"822724","5331.369583233","192.168.15.4","192.168.15.3","MQTT","97","Publish Message (id=5258) [Deviceb'Device - 2']"
"822726","5331.373853446","192.168.15.3","192.168.15.4","MQTT","70","Connect Ack"
"822728","5331.376314428","192.168.15.3","192.168.15.4","MQTT","70","Publish Ack (id=5258)"
"822730","5331.376697161","192.168.15.4","192.168.15.3","MQTT","68","Disconnect Req"
"822744","5332.380477425","192.168.15.4","192.168.15.3","MQTT","90","Connect Command"
"822746","5332.383359213","192.168.15.4","192.168.15.3","MQTT","97","Publish Message (id=5259) [Deviceb'Device - 2']"
"822747","5332.383752777","192.168.15.3","192.168.15.4","MQTT","70","Connect Ack"
"822750","5332.386336681","192.168.15.3","192.168.15.4","MQTT","70","Publish Ack (id=5259)"
"822752","5332.386717571","192.168.15.4","192.168.15.3","MQTT","68","Disconnect Req"
"822776","5333.390674540","192.168.15.4","192.168.15.3","MQTT","90","Connect Command"
"822778","5333.393658291","192.168.15.4","192.168.15.3","MQTT","97","Publish Message (id=5260) [Deviceb'Device - 2']"
"822779","5333.394048057","192.168.15.3","192.168.15.4","MQTT","70","Connect Ack"
"822783","5333.396716171","192.168.15.3","192.168.15.4","MQTT","70","Publish Ack (id=5260)"
"822785","5333.397228369","192.168.15.4","192.168.15.3","MQTT","68","Disconnect Req"
"822799","5334.400913002","192.168.15.4","192.168.15.3","MQTT","90","Connect Command"
"822801","5334.403571037","192.168.15.4","192.168.15.3","MQTT","97","Publish Message (id=5261) [Deviceb'Device - 2']"
"822802","5334.403895941","192.168.15.3","192.168.15.4","MQTT","70","Connect Ack"
"822805","5334.406877498","192.168.15.3","192.168.15.4","MQTT","70","Publish Ack (id=5261)"
"822807","5334.407197002","192.168.15.4","192.168.15.3","MQTT","68","Disconnect Req"
"822830","5335.410591656","192.168.15.4","192.168.15.3","MQTT","90","Connect Command"
"822832","5335.413497610","192.168.15.4","192.168.15.3","MQTT","97","Publish Message (id=5262) [Deviceb'Device - 2']"
"822833","5335.413878880","192.168.15.3","192.168.15.4","MQTT","70","Connect Ack"
"822836","5335.416474437","192.168.15.3","192.168.15.4","MQTT","70","Publish Ack (id=5262)"
"822838","5335.416862120","192.168.15.4","192.168.15.3","MQTT","68","Disconnect Req"
"822858","5336.420659194","192.168.15.4","192.168.15.3","MQTT","90","Connect Command"
"822860","5336.423585055","192.168.15.4","192.168.15.3","MQTT","97","Publish Message (id=5263) [Deviceb'Device - 2']"
"822862","5336.427863082","192.168.15.3","192.168.15.4","MQTT","70","Connect Ack"
"822864","5336.430361766","192.168.15.3","192.168.15.4","MQTT","70","Publish Ack (id=5263)"
"822866","5336.430672163","192.168.15.4","192.168.15.3","MQTT","68","Disconnect Req"
"822882","5337.434714341","192.168.15.4","192.168.15.3","MQTT","90","Connect Command"
"822884","5337.437585559","192.168.15.4","192.168.15.3","MQTT","97","Publish Message (id=5264) [Deviceb'Device - 2']"
"822885","5337.437974905","192.168.15.3","192.168.15.4","MQTT","70","Connect Ack"
"822888","5337.440461175","192.168.15.3","192.168.15.4","MQTT","70","Publish Ack (id=5264)"
"822890","5337.440757725","192.168.15.4","192.168.15.3","MQTT","68","Disconnect Req"
"824816","5338.444995343","192.168.15.4","192.168.15.3","MQTT","90","Connect Command"
"824818","5338.448145909","192.168.15.4","192.168.15.3","MQTT","97","Publish Message (id=5265) [Deviceb'Device - 2']"
"824819","5338.448520968","192.168.15.3","192.168.15.4","MQTT","70","Connect Ack"
"824822","5338.451147493","192.168.15.3","192.168.15.4","MQTT","70","Publish Ack (id=5265)"
"824824","5338.451872043","192.168.15.4","192.168.15.3","MQTT","68","Disconnect Req"
"824839","5339.456142262","192.168.15.4","192.168.15.3","MQTT","90","Connect Command"
"824841","5339.458894154","192.168.15.4","192.168.15.3","MQTT","97","Publish Message (id=5266) [Deviceb'Device - 2']"
"824842","5339.459305662","192.168.15.3","192.168.15.4","MQTT","70","Connect Ack"
"824845","5339.461792122","192.168.15.3","192.168.15.4","MQTT","70","Publish Ack (id=5266)"
"824847","5339.462432703","192.168.15.4","192.168.15.3","MQTT","68","Disconnect Req"
"824862","5340.466427231","192.168.15.4","192.168.15.3","MQTT","90","Connect Command"
"824864","5340.469399971","192.168.15.4","192.168.15.3","MQTT","97","Publish Message (id=5267) [Deviceb'Device - 2']"
"824865","5340.469783706","192.168.15.3","192.168.15.4","MQTT","70","Connect Ack"
"824868","5340.472244027","192.168.15.3","192.168.15.4","MQTT","70","Publish Ack (id=5267)"
"824870","5340.472571667","192.168.15.4","192.168.15.3","MQTT","68","Disconnect Req"
"824896","5341.476786140","192.168.15.4","192.168.15.3","MQTT","90","Connect Command"
"824898","5341.479697303","192.168.15.4","192.168.15.3","MQTT","97","Publish Message (id=5268) [Deviceb'Device - 2']"
"824899","5341.480291857","192.168.15.3","192.168.15.4","MQTT","70","Connect Ack"
"824902","5341.482785852","192.168.15.3","192.168.15.4","MQTT","70","Publish Ack (id=5268)"
"824904","5341.483537733","192.168.15.4","192.168.15.3","MQTT","68","Disconnect Req"
"824919","5342.487813142","192.168.15.4","192.168.15.3","MQTT","90","Connect Command"
"824921","5342.490702303","192.168.15.4","192.168.15.3","MQTT","97","Publish Message (id=5269) [Deviceb'Device - 2']"
"824922","5342.491078384","192.168.15.3","192.168.15.4","MQTT","70","Connect Ack"
"824925","5342.493483511","192.168.15.3","192.168.15.4","MQTT","70","Publish Ack (id=5269)"
"824927","5342.493904336","192.168.15.4","192.168.15.3","MQTT","68","Disconnect Req"
"824938","5343.498350828","192.168.15.4","192.168.15.3","MQTT","90","Connect Command"
"824940","5343.501300344","192.168.15.4","192.168.15.3","MQTT","97","Publish Message (id=5270) [Deviceb'Device - 2']"
"824941","5343.501645206","192.168.15.3","192.168.15.4","MQTT","70","Connect Ack"
"824944","5343.504300145","192.168.15.3","192.168.15.4","MQTT","70","Publish Ack (id=5270)"
"824946","5343.505095689","192.168.15.4","192.168.15.3","MQTT","68","Disconnect Req"
"824959","5344.509562079","192.168.15.4","192.168.15.3","MQTT","90","Connect Command"
"824961","5344.512434819","192.168.15.4","192.168.15.3","MQTT","97","Publish Message (id=5271) [Deviceb'Device - 2']"
"824962","5344.512884069","192.168.15.3","192.168.15.4","MQTT","70","Connect Ack"
"824965","5344.515509953","192.168.15.3","192.168.15.4","MQTT","70","Publish Ack (id=5271)"
"824967","5344.516451112","192.168.15.4","192.168.15.3","MQTT","68","Disconnect Req"
"824986","5345.520963257","192.168.15.4","192.168.15.3","MQTT","90","Connect Command"
"824988","5345.523857288","192.168.15.4","192.168.15.3","MQTT","97","Publish Message (id=5272) [Deviceb'Device - 2']"
"824989","5345.524306728","192.168.15.3","192.168.15.4","MQTT","70","Connect Ack"
"824992","5345.526702377","192.168.15.3","192.168.15.4","MQTT","70","Publish Ack (id=5272)"
"824994","5345.527504112","192.168.15.4","192.168.15.3","MQTT","68","Disconnect Req"
"825006","5346.531665825","192.168.15.4","192.168.15.3","MQTT","90","Connect Command"
"825008","5346.536829036","192.168.15.4","192.168.15.3","MQTT","97","Publish Message (id=5273) [Deviceb'Device - 2']"
"825010","5346.541260133","192.168.15.3","192.168.15.4","MQTT","70","Connect Ack"
"825012","5346.543726465","192.168.15.3","192.168.15.4","MQTT","70","Publish Ack (id=5273)"
"825014","5346.544242691","192.168.15.4","192.168.15.3","MQTT","68","Disconnect Req"
"825029","5347.548974121","192.168.15.4","192.168.15.3","MQTT","90","Connect Command"
"825031","5347.553460282","192.168.15.4","192.168.15.3","MQTT","97","Publish Message (id=5274) [Deviceb'Device - 2']"
"825032","5347.553847965","192.168.15.3","192.168.15.4","MQTT","70","Connect Ack"
"825035","5347.556399318","192.168.15.3","192.168.15.4","MQTT","70","Publish Ack (id=5274)"
"825037","5347.557220871","192.168.15.4","192.168.15.3","MQTT","68","Disconnect Req"
"825046","5348.561368187","192.168.15.4","192.168.15.3","MQTT","90","Connect Command"
"825048","5348.564316911","192.168.15.4","192.168.15.3","MQTT","97","Publish Message (id=5275) [Deviceb'Device - 2']"
"825049","5348.564727988","192.168.15.3","192.168.15.4","MQTT","70","Connect Ack"
"825052","5348.567273971","192.168.15.3","192.168.15.4","MQTT","70","Publish Ack (id=5275)"
"825054","5348.567724042","192.168.15.4","192.168.15.3","MQTT","68","Disconnect Req"
"825066","5349.571399856","192.168.15.4","192.168.15.3","MQTT","90","Connect Command"
"825068","5349.574275342","192.168.15.4","192.168.15.3","MQTT","97","Publish Message (id=5276) [Deviceb'Device - 2']"
"825069","5349.574649349","192.168.15.3","192.168.15.4","MQTT","70","Connect Ack"
"825072","5349.577181045","192.168.15.3","192.168.15.4","MQTT","70","Publish Ack (id=5276)"
"825074","5349.577920503","192.168.15.4","192.168.15.3","MQTT","68","Disconnect Req"
"825090","5350.582557323","192.168.15.4","192.168.15.3","MQTT","90","Connect Command"
"825092","5350.585336006","192.168.15.4","192.168.15.3","MQTT","97","Publish Message (id=5277) [Deviceb'Device - 2']"
"825093","5350.585772912","192.168.15.3","192.168.15.4","MQTT","70","Connect Ack"
"825096","5350.588209999","192.168.15.3","192.168.15.4","MQTT","70","Publish Ack (id=5277)"
"825098","5350.588930170","192.168.15.4","192.168.15.3","MQTT","68","Disconnect Req"
"825120","5351.593528368","192.168.15.4","192.168.15.3","MQTT","90","Connect Command"
"825122","5351.596420906","192.168.15.4","192.168.15.3","MQTT","97","Publish Message (id=5278) [Deviceb'Device - 2']"
"825124","5351.600764377","192.168.15.3","192.168.15.4","MQTT","70","Connect Ack"
"825126","5351.603173792","192.168.15.3","192.168.15.4","MQTT","70","Publish Ack (id=5278)"
"825128","5351.603591211","192.168.15.4","192.168.15.3","MQTT","68","Disconnect Req"
"825166","5352.607973300","192.168.15.4","192.168.15.3","MQTT","90","Connect Command"
"825168","5352.610861560","192.168.15.4","192.168.15.3","MQTT","97","Publish Message (id=5279) [Deviceb'Device - 2']"
"825169","5352.611255514","192.168.15.3","192.168.15.4","MQTT","70","Connect Ack"
"825172","5352.613988020","192.168.15.3","192.168.15.4","MQTT","70","Publish Ack (id=5279)"
"825174","5352.614616658","192.168.15.4","192.168.15.3","MQTT","68","Disconnect Req"
"825187","5353.619402210","192.168.15.4","192.168.15.3","MQTT","90","Connect Command"
"825189","5353.622337008","192.168.15.4","192.168.15.3","MQTT","97","Publish Message (id=5280) [Deviceb'Device - 2']"
"825190","5353.622738276","192.168.15.3","192.168.15.4","MQTT","70","Connect Ack"
"825193","5353.625317612","192.168.15.3","192.168.15.4","MQTT","70","Publish Ack (id=5280)"
"825195","5353.625967421","192.168.15.4","192.168.15.3","MQTT","68","Disconnect Req"
"825595","5354.630025136","192.168.15.4","192.168.15.3","MQTT","90","Connect Command"
"825597","5354.632952570","192.168.15.4","192.168.15.3","MQTT","97","Publish Message (id=5281) [Deviceb'Device - 2']"
"825598","5354.633367745","192.168.15.3","192.168.15.4","MQTT","70","Connect Ack"
"825601","5354.635756901","192.168.15.3","192.168.15.4","MQTT","70","Publish Ack (id=5281)"
"825603","5354.636333812","192.168.15.4","192.168.15.3","MQTT","68","Disconnect Req"
"825622","5355.640548703","192.168.15.4","192.168.15.3","MQTT","90","Connect Command"
"825624","5355.643378483","192.168.15.4","192.168.15.3","MQTT","97","Publish Message (id=5282) [Deviceb'Device - 2']"
"825625","5355.643785943","192.168.15.3","192.168.15.4","MQTT","70","Connect Ack"
"825628","5355.646243308","192.168.15.3","192.168.15.4","MQTT","70","Publish Ack (id=5282)"
"825630","5355.646894098","192.168.15.4","192.168.15.3","MQTT","68","Disconnect Req"
"825643","5356.650719764","192.168.15.4","192.168.15.3","MQTT","90","Connect Command"
"825645","5356.653614366","192.168.15.4","192.168.15.3","MQTT","97","Publish Message (id=5283) [Deviceb'Device - 2']"
"825647","5356.657966724","192.168.15.3","192.168.15.4","MQTT","70","Connect Ack"
"825649","5356.660474465","192.168.15.3","192.168.15.4","MQTT","70","Publish Ack (id=5283)"
"825651","5356.661116679","192.168.15.4","192.168.15.3","MQTT","68","Disconnect Req"
"825668","5357.664926565","192.168.15.4","192.168.15.3","MQTT","90","Connect Command"
"825670","5357.667886030","192.168.15.4","192.168.15.3","MQTT","97","Publish Message (id=5284) [Deviceb'Device - 2']"
"825671","5357.668320351","192.168.15.3","192.168.15.4","MQTT","70","Connect Ack"
"825674","5357.670724516","192.168.15.3","192.168.15.4","MQTT","70","Publish Ack (id=5284)"
"825676","5357.670991831","192.168.15.4","192.168.15.3","MQTT","68","Disconnect Req"
"825689","5358.675677523","192.168.15.4","192.168.15.3","MQTT","90","Connect Command"
"825691","5358.678685869","192.168.15.4","192.168.15.3","MQTT","97","Publish Message (id=5285) [Deviceb'Device - 2']"
"825692","5358.679104861","192.168.15.3","192.168.15.4","MQTT","70","Connect Ack"
"825695","5358.682111996","192.168.15.3","192.168.15.4","MQTT","70","Publish Ack (id=5285)"
"825697","5358.682482737","192.168.15.4","192.168.15.3","MQTT","68","Disconnect Req"
"827109","5359.686680126","192.168.15.4","192.168.15.3","MQTT","90","Connect Command"
"827111","5359.689638839","192.168.15.4","192.168.15.3","MQTT","97","Publish Message (id=5286) [Deviceb'Device - 2']"
"827112","5359.690047532","192.168.15.3","192.168.15.4","MQTT","70","Connect Ack"
"827115","5359.693160416","192.168.15.3","192.168.15.4","MQTT","70","Publish Ack (id=5286)"
"827117","5359.693690218","192.168.15.4","192.168.15.3","MQTT","68","Disconnect Req"
"827221","5360.697991773","192.168.15.4","192.168.15.3","MQTT","90","Connect Command"
"827223","5360.700889080","192.168.15.4","192.168.15.3","MQTT","97","Publish Message (id=5287) [Deviceb'Device - 2']"
"827224","5360.701299716","192.168.15.3","192.168.15.4","MQTT","70","Connect Ack"
"827227","5360.703919007","192.168.15.3","192.168.15.4","MQTT","70","Publish Ack (id=5287)"
"827229","5360.704539310","192.168.15.4","192.168.15.3","MQTT","68","Disconnect Req"
"827286","5361.708838661","192.168.15.4","192.168.15.3","MQTT","90","Connect Command"
"827288","5361.711686866","192.168.15.4","192.168.15.3","MQTT","97","Publish Message (id=5288) [Deviceb'Device - 2']"
"827290","5361.716006331","192.168.15.3","192.168.15.4","MQTT","70","Connect Ack"
"827292","5361.718533979","192.168.15.3","192.168.15.4","MQTT","70","Publish Ack (id=5288)"
"827294","5361.719090411","192.168.15.4","192.168.15.3","MQTT","68","Disconnect Req"
"827317","5362.733364007","192.168.15.4","192.168.15.3","MQTT","90","Connect Command"
"827319","5362.736367074","192.168.15.4","192.168.15.3","MQTT","97","Publish Message (id=5289) [Deviceb'Device - 2']"
"827320","5362.736812857","192.168.15.3","192.168.15.4","MQTT","70","Connect Ack"
"827323","5362.739219937","192.168.15.3","192.168.15.4","MQTT","70","Publish Ack (id=5289)"
"827325","5362.739480760","192.168.15.4","192.168.15.3","MQTT","68","Disconnect Req"
"827349","5363.743429157","192.168.15.4","192.168.15.3","MQTT","90","Connect Command"
"827351","5363.746467511","192.168.15.4","192.168.15.3","MQTT","97","Publish Message (id=5290) [Deviceb'Device - 2']"
"827352","5363.746874099","192.168.15.3","192.168.15.4","MQTT","70","Connect Ack"
"827355","5363.749491958","192.168.15.3","192.168.15.4","MQTT","70","Publish Ack (id=5290)"
"827357","5363.749761287","192.168.15.4","192.168.15.3","MQTT","68","Disconnect Req"
"827367","5364.753901457","192.168.15.4","192.168.15.3","MQTT","90","Connect Command"
"827369","5364.756835212","192.168.15.4","192.168.15.3","MQTT","97","Publish Message (id=5291) [Deviceb'Device - 2']"
"827370","5364.757272359","192.168.15.3","192.168.15.4","MQTT","70","Connect Ack"
"827373","5364.759793194","192.168.15.3","192.168.15.4","MQTT","70","Publish Ack (id=5291)"
"827375","5364.760456999","192.168.15.4","192.168.15.3","MQTT","68","Disconnect Req"
"827386","5365.763945036","192.168.15.4","192.168.15.3","MQTT","90","Connect Command"
"827388","5365.766919990","192.168.15.4","192.168.15.3","MQTT","97","Publish Message (id=5292) [Deviceb'Device - 2']"
"827389","5365.767338842","192.168.15.3","192.168.15.4","MQTT","70","Connect Ack"
"827392","5365.769820823","192.168.15.3","192.168.15.4","MQTT","70","Publish Ack (id=5292)"
"827394","5365.770127724","192.168.15.4","192.168.15.3","MQTT","68","Disconnect Req"
"827407","5366.774008964","192.168.15.4","192.168.15.3","MQTT","90","Connect Command"
"827409","5366.776963579","192.168.15.4","192.168.15.3","MQTT","97","Publish Message (id=5293) [Deviceb'Device - 2']"
"827411","5366.781384296","192.168.15.3","192.168.15.4","MQTT","70","Connect Ack"
"827413","5366.783798700","192.168.15.3","192.168.15.4","MQTT","70","Publish Ack (id=5293)"
"827415","5366.784531836","192.168.15.4","192.168.15.3","MQTT","68","Disconnect Req"
"827452","5367.788876552","192.168.15.4","192.168.15.3","MQTT","90","Connect Command"
"827454","5367.791787545","192.168.15.4","192.168.15.3","MQTT","97","Publish Message (id=5294) [Deviceb'Device - 2']"
"827455","5367.792206146","192.168.15.3","192.168.15.4","MQTT","70","Connect Ack"
"827458","5367.794669272","192.168.15.3","192.168.15.4","MQTT","70","Publish Ack (id=5294)"
"827460","5367.795202260","192.168.15.4","192.168.15.3","MQTT","68","Disconnect Req"
"827473","5368.798985665","192.168.15.4","192.168.15.3","MQTT","90","Connect Command"
"827475","5368.801847225","192.168.15.4","192.168.15.3","MQTT","97","Publish Message (id=5295) [Deviceb'Device - 2']"
"827476","5368.802243624","192.168.15.3","192.168.15.4","MQTT","70","Connect Ack"
"827479","5368.804764519","192.168.15.3","192.168.15.4","MQTT","70","Publish Ack (id=5295)"
"827481","5368.805951763","192.168.15.4","192.168.15.3","MQTT","68","Disconnect Req"
"827491","5369.810448667","192.168.15.4","192.168.15.3","MQTT","90","Connect Command"
"827493","5369.813389166","192.168.15.4","192.168.15.3","MQTT","97","Publish Message (id=5296) [Deviceb'Device - 2']"
"827495","5369.813823006","192.168.15.3","192.168.15.4","MQTT","70","Connect Ack"
"827498","5369.816744619","192.168.15.3","192.168.15.4","MQTT","70","Publish Ack (id=5296)"
"827500","5369.817423993","192.168.15.4","192.168.15.3","MQTT","68","Disconnect Req"
"827511","5370.821558923","192.168.15.4","192.168.15.3","MQTT","90","Connect Command"
"827513","5370.824433898","192.168.15.4","192.168.15.3","MQTT","97","Publish Message (id=5297) [Deviceb'Device - 2']"
"827514","5370.824834725","192.168.15.3","192.168.15.4","MQTT","70","Connect Ack"
"827517","5370.827408060","192.168.15.3","192.168.15.4","MQTT","70","Publish Ack (id=5297)"
"827519","5370.828026088","192.168.15.4","192.168.15.3","MQTT","68","Disconnect Req"
"827531","5371.832120621","192.168.15.4","192.168.15.3","MQTT","90","Connect Command"
"827533","5371.835067772","192.168.15.4","192.168.15.3","MQTT","97","Publish Message (id=5298) [Deviceb'Device - 2']"
"827535","5371.839395423","192.168.15.3","192.168.15.4","MQTT","70","Connect Ack"
"827537","5371.842111688","192.168.15.3","192.168.15.4","MQTT","70","Publish Ack (id=5298)"
"827539","5371.842490163","192.168.15.4","192.168.15.3","MQTT","68","Disconnect Req"
"827554","5372.846274659","192.168.15.4","192.168.15.3","MQTT","90","Connect Command"
"827556","5372.849316860","192.168.15.4","192.168.15.3","MQTT","97","Publish Message (id=5299) [Deviceb'Device - 2']"
"827557","5372.849870377","192.168.15.3","192.168.15.4","MQTT","70","Connect Ack"
"827560","5372.852227242","192.168.15.3","192.168.15.4","MQTT","70","Publish Ack (id=5299)"
"827562","5372.852593485","192.168.15.4","192.168.15.3","MQTT","68","Disconnect Req"
"827574","5373.856337454","192.168.15.4","192.168.15.3","MQTT","90","Connect Command"
"827576","5373.859172474","192.168.15.4","192.168.15.3","MQTT","97","Publish Message (id=5300) [Deviceb'Device - 2']"
"827577","5373.859580395","192.168.15.3","192.168.15.4","MQTT","70","Connect Ack"
"827580","5373.862115276","192.168.15.3","192.168.15.4","MQTT","70","Publish Ack (id=5300)"
"827582","5373.863042429","192.168.15.4","192.168.15.3","MQTT","68","Disconnect Req"
"827616","5374.866883332","192.168.15.4","192.168.15.3","MQTT","90","Connect Command"
"827618","5374.869764449","192.168.15.4","192.168.15.3","MQTT","97","Publish Message (id=5301) [Deviceb'Device - 2']"
"827619","5374.870141612","192.168.15.3","192.168.15.4","MQTT","70","Connect Ack"
"827622","5374.872743831","192.168.15.3","192.168.15.4","MQTT","70","Publish Ack (id=5301)"
"827624","5374.873492336","192.168.15.4","192.168.15.3","MQTT","68","Disconnect Req"
"827636","5375.878545520","192.168.15.4","192.168.15.3","MQTT","90","Connect Command"
"827638","5375.881510766","192.168.15.4","192.168.15.3","MQTT","97","Publish Message (id=5302) [Deviceb'Device - 2']"
"827639","5375.881922204","192.168.15.3","192.168.15.4","MQTT","70","Connect Ack"
"827642","5375.884468497","192.168.15.3","192.168.15.4","MQTT","70","Publish Ack (id=5302)"
"827644","5375.885314907","192.168.15.4","192.168.15.3","MQTT","68","Disconnect Req"
"827658","5376.889925925","192.168.15.4","192.168.15.3","MQTT","90","Connect Command"
"827660","5376.892831878","192.168.15.4","192.168.15.3","MQTT","97","Publish Message (id=5303) [Deviceb'Device - 2']"
"827662","5376.897720269","192.168.15.3","192.168.15.4","MQTT","70","Connect Ack"
"827664","5376.900227910","192.168.15.3","192.168.15.4","MQTT","70","Publish Ack (id=5303)"
"827666","5376.900655759","192.168.15.4","192.168.15.3","MQTT","68","Disconnect Req"
"827691","5377.904525235","192.168.15.4","192.168.15.3","MQTT","90","Connect Command"
"827693","5377.907467167","192.168.15.4","192.168.15.3","MQTT","97","Publish Message (id=5304) [Deviceb'Device - 2']"
"827694","5377.907855972","192.168.15.3","192.168.15.4","MQTT","70","Connect Ack"
"827697","5377.910445828","192.168.15.3","192.168.15.4","MQTT","70","Publish Ack (id=5304)"
"827699","5377.910859109","192.168.15.4","192.168.15.3","MQTT","68","Disconnect Req"
"827712","5378.915073427","192.168.15.4","192.168.15.3","MQTT","90","Connect Command"
"827714","5378.918122440","192.168.15.4","192.168.15.3","MQTT","97","Publish Message (id=5305) [Deviceb'Device - 2']"
"827715","5378.918522577","192.168.15.3","192.168.15.4","MQTT","70","Connect Ack"
"827718","5378.921108034","192.168.15.3","192.168.15.4","MQTT","70","Publish Ack (id=5305)"
"827720","5378.921543297","192.168.15.4","192.168.15.3","MQTT","68","Disconnect Req"
"827736","5379.925488667","192.168.15.4","192.168.15.3","MQTT","90","Connect Command"
"827738","5379.928572086","192.168.15.4","192.168.15.3","MQTT","97","Publish Message (id=5306) [Deviceb'Device - 2']"
"827739","5379.928914593","192.168.15.3","192.168.15.4","MQTT","70","Connect Ack"
"827742","5379.931667567","192.168.15.3","192.168.15.4","MQTT","70","Publish Ack (id=5306)"
"827744","5379.932016587","192.168.15.4","192.168.15.3","MQTT","68","Disconnect Req"
"827765","5380.936453265","192.168.15.4","192.168.15.3","MQTT","90","Connect Command"
"827767","5380.939381500","192.168.15.4","192.168.15.3","MQTT","97","Publish Message (id=5307) [Deviceb'Device - 2']"
"827768","5380.939794902","192.168.15.3","192.168.15.4","MQTT","70","Connect Ack"
"827771","5380.942072237","192.168.15.3","192.168.15.4","MQTT","70","Publish Ack (id=5307)"
"827773","5380.942476271","192.168.15.4","192.168.15.3","MQTT","68","Disconnect Req"
"827796","5381.946074484","192.168.15.4","192.168.15.3","MQTT","90","Connect Command"
"827798","5381.949058926","192.168.15.4","192.168.15.3","MQTT","97","Publish Message (id=5308) [Deviceb'Device - 2']"
"827800","5381.953303009","192.168.15.3","192.168.15.4","MQTT","70","Connect Ack"
"827802","5381.955792395","192.168.15.3","192.168.15.4","MQTT","70","Publish Ack (id=5308)"
"827804","5381.956262894","192.168.15.4","192.168.15.3","MQTT","68","Disconnect Req"
"827819","5382.959973419","192.168.15.4","192.168.15.3","MQTT","90","Connect Command"
"827821","5382.963118214","192.168.15.4","192.168.15.3","MQTT","97","Publish Message (id=5309) [Deviceb'Device - 2']"
"827822","5382.963395047","192.168.15.3","192.168.15.4","MQTT","70","Connect Ack"
"827825","5382.966216561","192.168.15.3","192.168.15.4","MQTT","70","Publish Ack (id=5309)"
"827827","5382.967025019","192.168.15.4","192.168.15.3","MQTT","68","Disconnect Req"
"827855","5383.970665682","192.168.15.4","192.168.15.3","MQTT","90","Connect Command"
"827857","5383.973725245","192.168.15.4","192.168.15.3","MQTT","97","Publish Message (id=5310) [Deviceb'Device - 2']"
"827858","5383.974165017","192.168.15.3","192.168.15.4","MQTT","70","Connect Ack"
"827861","5383.976468431","192.168.15.3","192.168.15.4","MQTT","70","Publish Ack (id=5310)"
"827863","5383.976898854","192.168.15.4","192.168.15.3","MQTT","68","Disconnect Req"
"827875","5384.980850936","192.168.15.4","192.168.15.3","MQTT","90","Connect Command"
"827877","5384.984249210","192.168.15.4","192.168.15.3","MQTT","97","Publish Message (id=5311) [Deviceb'Device - 2']"
"827878","5384.985011972","192.168.15.3","192.168.15.4","MQTT","70","Connect Ack"
"827881","5384.987300007","192.168.15.3","192.168.15.4","MQTT","70","Publish Ack (id=5311)"
"827883","5384.988298304","192.168.15.4","192.168.15.3","MQTT","68","Disconnect Req"
"827895","5385.992605125","192.168.15.4","192.168.15.3","MQTT","90","Connect Command"
"827897","5385.995534964","192.168.15.4","192.168.15.3","MQTT","97","Publish Message (id=5312) [Deviceb'Device - 2']"
"827898","5385.995958905","192.168.15.3","192.168.15.4","MQTT","70","Connect Ack"
"827901","5385.998169083","192.168.15.3","192.168.15.4","MQTT","70","Publish Ack (id=5312)"
"827903","5385.998505429","192.168.15.4","192.168.15.3","MQTT","68","Disconnect Req"
"827917","5387.002701021","192.168.15.4","192.168.15.3","MQTT","90","Connect Command"
"827919","5387.005763941","192.168.15.4","192.168.15.3","MQTT","97","Publish Message (id=5313) [Deviceb'Device - 2']"
"827921","5387.009983257","192.168.15.3","192.168.15.4","MQTT","70","Connect Ack"
"827923","5387.012483985","192.168.15.3","192.168.15.4","MQTT","70","Publish Ack (id=5313)"
"827925","5387.012850497","192.168.15.4","192.168.15.3","MQTT","68","Disconnect Req"
"827938","5388.016677091","192.168.15.4","192.168.15.3","MQTT","90","Connect Command"
"827940","5388.019755771","192.168.15.4","192.168.15.3","MQTT","97","Publish Message (id=5314) [Deviceb'Device - 2']"
"827941","5388.020096755","192.168.15.3","192.168.15.4","MQTT","70","Connect Ack"
"827944","5388.022819552","192.168.15.3","192.168.15.4","MQTT","70","Publish Ack (id=5314)"
"827946","5388.023263111","192.168.15.4","192.168.15.3","MQTT","68","Disconnect Req"
"827957","5389.027359716","192.168.15.4","192.168.15.3","MQTT","90","Connect Command"
"827959","5389.030405483","192.168.15.4","192.168.15.3","MQTT","97","Publish Message (id=5315) [Deviceb'Device - 2']"
"827960","5389.030779570","192.168.15.3","192.168.15.4","MQTT","70","Connect Ack"
"827963","5389.034933793","192.168.15.3","192.168.15.4","MQTT","70","Publish Ack (id=5315)"
"827965","5389.035411236","192.168.15.4","192.168.15.3","MQTT","68","Disconnect Req"
"827985","5390.039033403","192.168.15.4","192.168.15.3","MQTT","90","Connect Command"
"827987","5390.042057961","192.168.15.4","192.168.15.3","MQTT","97","Publish Message (id=5316) [Deviceb'Device - 2']"
"827988","5390.042424674","192.168.15.3","192.168.15.4","MQTT","70","Connect Ack"
"827991","5390.045088399","192.168.15.3","192.168.15.4","MQTT","70","Publish Ack (id=5316)"
"827993","5390.045419776","192.168.15.4","192.168.15.3","MQTT","68","Disconnect Req"
"828005","5391.049273651","192.168.15.4","192.168.15.3","MQTT","90","Connect Command"
"828007","5391.052327654","192.168.15.4","192.168.15.3","MQTT","97","Publish Message (id=5317) [Deviceb'Device - 2']"
"828008","5391.052710157","192.168.15.3","192.168.15.4","MQTT","70","Connect Ack"
"828011","5391.055333937","192.168.15.3","192.168.15.4","MQTT","70","Publish Ack (id=5317)"
"828013","5391.056328387","192.168.15.4","192.168.15.3","MQTT","68","Disconnect Req"
"828033","5392.061207571","192.168.15.4","192.168.15.3","MQTT","90","Connect Command"
"828035","5392.064648686","192.168.15.4","192.168.15.3","MQTT","97","Publish Message (id=5318) [Deviceb'Device - 2']"
"828037","5392.068336067","192.168.15.3","192.168.15.4","MQTT","70","Connect Ack"
"828039","5392.070724973","192.168.15.3","192.168.15.4","MQTT","70","Publish Ack (id=5318)"
"828041","5392.071078090","192.168.15.4","192.168.15.3","MQTT","68","Disconnect Req"
"828057","5393.075059115","192.168.15.4","192.168.15.3","MQTT","90","Connect Command"
"828059","5393.077987932","192.168.15.4","192.168.15.3","MQTT","97","Publish Message (id=5319) [Deviceb'Device - 2']"
"828060","5393.078402335","192.168.15.3","192.168.15.4","MQTT","70","Connect Ack"
"828063","5393.081906720","192.168.15.3","192.168.15.4","MQTT","70","Publish Ack (id=5319)"
"828065","5393.082564674","192.168.15.4","192.168.15.3","MQTT","68","Disconnect Req"
"828077","5394.086602175","192.168.15.4","192.168.15.3","MQTT","90","Connect Command"
"828079","5394.089506726","192.168.15.4","192.168.15.3","MQTT","97","Publish Message (id=5320) [Deviceb'Device - 2']"
"828080","5394.089894178","192.168.15.3","192.168.15.4","MQTT","70","Connect Ack"
"828083","5394.092153049","192.168.15.3","192.168.15.4","MQTT","70","Publish Ack (id=5320)"
"828085","5394.092644337","192.168.15.4","192.168.15.3","MQTT","68","Disconnect Req"
"828094","5395.096778380","192.168.15.4","192.168.15.3","MQTT","90","Connect Command"
"828096","5395.099768383","192.168.15.4","192.168.15.3","MQTT","97","Publish Message (id=5321) [Deviceb'Device - 2']"
"828097","5395.100133082","192.168.15.3","192.168.15.4","MQTT","70","Connect Ack"
"828100","5395.102744108","192.168.15.3","192.168.15.4","MQTT","70","Publish Ack (id=5321)"
"828102","5395.103349853","192.168.15.4","192.168.15.3","MQTT","68","Disconnect Req"
"828113","5396.108014441","192.168.15.4","192.168.15.3","MQTT","90","Connect Command"
"828115","5396.111008270","192.168.15.4","192.168.15.3","MQTT","97","Publish Message (id=5322) [Deviceb'Device - 2']"
"828116","5396.111379722","192.168.15.3","192.168.15.4","MQTT","70","Connect Ack"
"828119","5396.114042696","192.168.15.3","192.168.15.4","MQTT","70","Publish Ack (id=5322)"
"828121","5396.114541279","192.168.15.4","192.168.15.3","MQTT","68","Disconnect Req"
"828133","5397.118302409","192.168.15.4","192.168.15.3","MQTT","90","Connect Command"
"828135","5397.121262044","192.168.15.4","192.168.15.3","MQTT","97","Publish Message (id=5323) [Deviceb'Device - 2']"
"828137","5397.125799671","192.168.15.3","192.168.15.4","MQTT","70","Connect Ack"
"828139","5397.128206982","192.168.15.3","192.168.15.4","MQTT","70","Publish Ack (id=5323)"
"828141","5397.128740520","192.168.15.4","192.168.15.3","MQTT","68","Disconnect Req"
"828180","5398.132575320","192.168.15.4","192.168.15.3","MQTT","90","Connect Command"
"828182","5398.135513524","192.168.15.4","192.168.15.3","MQTT","97","Publish Message (id=5324) [Deviceb'Device - 2']"
"828183","5398.135885538","192.168.15.3","192.168.15.4","MQTT","70","Connect Ack"
"828186","5398.138573910","192.168.15.3","192.168.15.4","MQTT","70","Publish Ack (id=5324)"
"828188","5398.139195635","192.168.15.4","192.168.15.3","MQTT","68","Disconnect Req"
"828201","5399.142747418","192.168.15.4","192.168.15.3","MQTT","90","Connect Command"
"828203","5399.145751156","192.168.15.4","192.168.15.3","MQTT","97","Publish Message (id=5325) [Deviceb'Device - 2']"
"828204","5399.146080990","192.168.15.3","192.168.15.4","MQTT","70","Connect Ack"
"828207","5399.148805881","192.168.15.3","192.168.15.4","MQTT","70","Publish Ack (id=5325)"
"828209","5399.149248067","192.168.15.4","192.168.15.3","MQTT","68","Disconnect Req"
"828221","5400.153386098","192.168.15.4","192.168.15.3","MQTT","90","Connect Command"
"828223","5400.158783011","192.168.15.4","192.168.15.3","MQTT","97","Publish Message (id=5326) [Deviceb'Device - 2']"
"828224","5400.159406419","192.168.15.3","192.168.15.4","MQTT","70","Connect Ack"
"828227","5400.161633609","192.168.15.3","192.168.15.4","MQTT","70","Publish Ack (id=5326)"
"828229","5400.162445294","192.168.15.4","192.168.15.3","MQTT","68","Disconnect Req"
"828241","5401.166462526","192.168.15.4","192.168.15.3","MQTT","90","Connect Command"
"828243","5401.169520267","192.168.15.4","192.168.15.3","MQTT","97","Publish Message (id=5327) [Deviceb'Device - 2']"
"828244","5401.170482385","192.168.15.3","192.168.15.4","MQTT","70","Connect Ack"
"828247","5401.172151480","192.168.15.3","192.168.15.4","MQTT","70","Publish Ack (id=5327)"
"828249","5401.172574420","192.168.15.4","192.168.15.3","MQTT","68","Disconnect Req"
"828261","5402.176460514","192.168.15.4","192.168.15.3","MQTT","90","Connect Command"
"828263","5402.179515950","192.168.15.4","192.168.15.3","MQTT","97","Publish Message (id=5328) [Deviceb'Device - 2']"
"828265","5402.183684280","192.168.15.3","192.168.15.4","MQTT","70","Connect Ack"
"828267","5402.186075270","192.168.15.3","192.168.15.4","MQTT","70","Publish Ack (id=5328)"
"828269","5402.186441322","192.168.15.4","192.168.15.3","MQTT","68","Disconnect Req"
"828284","5403.190108622","192.168.15.4","192.168.15.3","MQTT","90","Connect Command"
"828286","5403.193169899","192.168.15.4","192.168.15.3","MQTT","97","Publish Message (id=5329) [Deviceb'Device - 2']"
"828287","5403.193550288","192.168.15.3","192.168.15.4","MQTT","70","Connect Ack"
"828290","5403.196271382","192.168.15.3","192.168.15.4","MQTT","70","Publish Ack (id=5329)"
"828292","5403.196610203","192.168.15.4","192.168.15.3","MQTT","68","Disconnect Req"
"828304","5404.200514311","192.168.15.4","192.168.15.3","MQTT","90","Connect Command"
"828306","5404.203436285","192.168.15.4","192.168.15.3","MQTT","97","Publish Message (id=5330) [Deviceb'Device - 2']"
"828307","5404.203809150","192.168.15.3","192.168.15.4","MQTT","70","Connect Ack"
"828310","5404.206464950","192.168.15.3","192.168.15.4","MQTT","70","Publish Ack (id=5330)"
"828312","5404.206856921","192.168.15.4","192.168.15.3","MQTT","68","Disconnect Req"
"828323","5405.210873883","192.168.15.4","192.168.15.3","MQTT","90","Connect Command"
"828325","5405.213899141","192.168.15.4","192.168.15.3","MQTT","97","Publish Message (id=5331) [Deviceb'Device - 2']"
"828326","5405.214334404","192.168.15.3","192.168.15.4","MQTT","70","Connect Ack"
"828329","5405.216625696","192.168.15.3","192.168.15.4","MQTT","70","Publish Ack (id=5331)"
"828331","5405.217091085","192.168.15.4","192.168.15.3","MQTT","68","Disconnect Req"
"828343","5406.221548669","192.168.15.4","192.168.15.3","MQTT","90","Connect Command"
"828345","5406.225197577","192.168.15.4","192.168.15.3","MQTT","97","Publish Message (id=5332) [Deviceb'Device - 2']"
"828346","5406.225580090","192.168.15.3","192.168.15.4","MQTT","70","Connect Ack"
"828349","5406.228294502","192.168.15.3","192.168.15.4","MQTT","70","Publish Ack (id=5332)"
"828351","5406.228644674","192.168.15.4","192.168.15.3","MQTT","68","Disconnect Req"
"828374","5407.232733922","192.168.15.4","192.168.15.3","MQTT","90","Connect Command"
"828376","5407.235757418","192.168.15.4","192.168.15.3","MQTT","97","Publish Message (id=5333) [Deviceb'Device - 2']"
"828378","5407.239953179","192.168.15.3","192.168.15.4","MQTT","70","Connect Ack"
"828380","5407.242343307","192.168.15.3","192.168.15.4","MQTT","70","Publish Ack (id=5333)"
"828382","5407.242712605","192.168.15.4","192.168.15.3","MQTT","68","Disconnect Req"
"828410","5408.246249760","192.168.15.4","192.168.15.3","MQTT","90","Connect Command"
"828412","5408.249750387","192.168.15.4","192.168.15.3","MQTT","97","Publish Message (id=5334) [Deviceb'Device - 2']"
"828413","5408.253516597","192.168.15.3","192.168.15.4","MQTT","70","Connect Ack"
"828416","5408.256018637","192.168.15.3","192.168.15.4","MQTT","70","Publish Ack (id=5334)"
"828418","5408.256790426","192.168.15.4","192.168.15.3","MQTT","68","Disconnect Req"
"828431","5409.261384868","192.168.15.4","192.168.15.3","MQTT","90","Connect Command"
"828433","5409.264350995","192.168.15.4","192.168.15.3","MQTT","97","Publish Message (id=5335) [Deviceb'Device - 2']"
"828434","5409.264730853","192.168.15.3","192.168.15.4","MQTT","70","Connect Ack"
"828437","5409.267382256","192.168.15.3","192.168.15.4","MQTT","70","Publish Ack (id=5335)"
"828439","5409.267727578","192.168.15.4","192.168.15.3","MQTT","68","Disconnect Req"
"828458","5410.271888050","192.168.15.4","192.168.15.3","MQTT","90","Connect Command"
"828460","5410.274788052","192.168.15.4","192.168.15.3","MQTT","97","Publish Message (id=5336) [Deviceb'Device - 2']"
"828461","5410.275187528","192.168.15.3","192.168.15.4","MQTT","70","Connect Ack"
"828464","5410.277863757","192.168.15.3","192.168.15.4","MQTT","70","Publish Ack (id=5336)"
"828466","5410.278710307","192.168.15.4","192.168.15.3","MQTT","68","Disconnect Req"
"828481","5411.282865820","192.168.15.4","192.168.15.3","MQTT","90","Connect Command"
"828483","5411.285551346","192.168.15.4","192.168.15.3","MQTT","97","Publish Message (id=5337) [Deviceb'Device - 2']"
"828484","5411.285919582","192.168.15.3","192.168.15.4","MQTT","70","Connect Ack"
"828487","5411.288420199","192.168.15.3","192.168.15.4","MQTT","70","Publish Ack (id=5337)"
"828489","5411.288790860","192.168.15.4","192.168.15.3","MQTT","68","Disconnect Req"
"828533","5412.292650073","192.168.15.4","192.168.15.3","MQTT","90","Connect Command"
"828535","5412.295646357","192.168.15.4","192.168.15.3","MQTT","97","Publish Message (id=5338) [Deviceb'Device - 2']"
"828537","5412.299947237","192.168.15.3","192.168.15.4","MQTT","70","Connect Ack"
"828539","5412.302453525","192.168.15.3","192.168.15.4","MQTT","70","Publish Ack (id=5338)"
"828541","5412.302760225","192.168.15.4","192.168.15.3","MQTT","68","Disconnect Req"
"828564","5413.306874449","192.168.15.4","192.168.15.3","MQTT","90","Connect Command"
"828566","5413.309786554","192.168.15.4","192.168.15.3","MQTT","97","Publish Message (id=5339) [Deviceb'Device - 2']"
"828567","5413.310207861","192.168.15.3","192.168.15.4","MQTT","70","Connect Ack"
"828570","5413.312842782","192.168.15.3","192.168.15.4","MQTT","70","Publish Ack (id=5339)"
"828572","5413.313565708","192.168.15.4","192.168.15.3","MQTT","68","Disconnect Req"
"828584","5414.317783568","192.168.15.4","192.168.15.3","MQTT","90","Connect Command"
"828586","5414.320712285","192.168.15.4","192.168.15.3","MQTT","97","Publish Message (id=5340) [Deviceb'Device - 2']"
"828587","5414.321141767","192.168.15.3","192.168.15.4","MQTT","70","Connect Ack"
"828590","5414.323243891","192.168.15.3","192.168.15.4","MQTT","70","Publish Ack (id=5340)"
"828592","5414.323954815","192.168.15.4","192.168.15.3","MQTT","68","Disconnect Req"
"828606","5415.328107451","192.168.15.4","192.168.15.3","MQTT","90","Connect Command"
"828608","5415.331068489","192.168.15.4","192.168.15.3","MQTT","97","Publish Message (id=5341) [Deviceb'Device - 2']"
"828609","5415.331483684","192.168.15.3","192.168.15.4","MQTT","70","Connect Ack"
"828612","5415.333733948","192.168.15.3","192.168.15.4","MQTT","70","Publish Ack (id=5341)"
"828614","5415.334464639","192.168.15.4","192.168.15.3","MQTT","68","Disconnect Req"
"828622","5416.338763873","192.168.15.4","192.168.15.3","MQTT","90","Connect Command"
"828624","5416.341655529","192.168.15.4","192.168.15.3","MQTT","97","Publish Message (id=5342) [Deviceb'Device - 2']"
"828625","5416.342072027","192.168.15.3","192.168.15.4","MQTT","70","Connect Ack"
"828628","5416.344472514","192.168.15.3","192.168.15.4","MQTT","70","Publish Ack (id=5342)"
"828630","5416.345180673","192.168.15.4","192.168.15.3","MQTT","68","Disconnect Req"
"828645","5417.348853443","192.168.15.4","192.168.15.3","MQTT","90","Connect Command"
"828647","5417.351888229","192.168.15.4","192.168.15.3","MQTT","97","Publish Message (id=5343) [Deviceb'Device - 2']"
"828649","5417.356109209","192.168.15.3","192.168.15.4","MQTT","70","Connect Ack"
"828651","5417.359015082","192.168.15.3","192.168.15.4","MQTT","70","Publish Ack (id=5343)"
"828653","5417.359334566","192.168.15.4","192.168.15.3","MQTT","68","Disconnect Req"
"828673","5418.363135548","192.168.15.4","192.168.15.3","MQTT","90","Connect Command"
"828675","5418.366152742","192.168.15.4","192.168.15.3","MQTT","97","Publish Message (id=5344) [Deviceb'Device - 2']"
"828676","5418.366737747","192.168.15.3","192.168.15.4","MQTT","70","Connect Ack"
"828679","5418.368656475","192.168.15.3","192.168.15.4","MQTT","70","Publish Ack (id=5344)"
"828681","5418.369741856","192.168.15.4","192.168.15.3","MQTT","68","Disconnect Req"
"828703","5419.373615716","192.168.15.4","192.168.15.3","MQTT","90","Connect Command"
"828705","5419.376648579","192.168.15.4","192.168.15.3","MQTT","97","Publish Message (id=5345) [Deviceb'Device - 2']"
"828706","5419.377004392","192.168.15.3","192.168.15.4","MQTT","70","Connect Ack"
"828709","5419.379688476","192.168.15.3","192.168.15.4","MQTT","70","Publish Ack (id=5345)"
"828711","5419.380420680","192.168.15.4","192.168.15.3","MQTT","68","Disconnect Req"
"828724","5420.384947082","192.168.15.4","192.168.15.3","MQTT","90","Connect Command"
"828726","5420.387930772","192.168.15.4","192.168.15.3","MQTT","97","Publish Message (id=5346) [Deviceb'Device - 2']"
"828727","5420.388298988","192.168.15.3","192.168.15.4","MQTT","70","Connect Ack"
"828730","5420.390582936","192.168.15.3","192.168.15.4","MQTT","70","Publish Ack (id=5346)"
"828732","5420.391281927","192.168.15.4","192.168.15.3","MQTT","68","Disconnect Req"
"828754","5421.395091435","192.168.15.4","192.168.15.3","MQTT","90","Connect Command"
"828756","5421.398139907","192.168.15.4","192.168.15.3","MQTT","97","Publish Message (id=5347) [Deviceb'Device - 2']"
"828757","5421.398575811","192.168.15.3","192.168.15.4","MQTT","70","Connect Ack"
"828760","5421.401230740","192.168.15.3","192.168.15.4","MQTT","70","Publish Ack (id=5347)"
"828762","5421.401779918","192.168.15.4","192.168.15.3","MQTT","68","Disconnect Req"
"828791","5422.405763455","192.168.15.4","192.168.15.3","MQTT","90","Connect Command"
"828793","5422.408803702","192.168.15.4","192.168.15.3","MQTT","97","Publish Message (id=5348) [Deviceb'Device - 2']"
"828795","5422.413031114","192.168.15.3","192.168.15.4","MQTT","70","Connect Ack"
"828797","5422.415544214","192.168.15.3","192.168.15.4","MQTT","70","Publish Ack (id=5348)"
"828799","5422.415833561","192.168.15.4","192.168.15.3","MQTT","68","Disconnect Req"
"828814","5423.419903290","192.168.15.4","192.168.15.3","MQTT","90","Connect Command"
"828816","5423.422848367","192.168.15.4","192.168.15.3","MQTT","97","Publish Message (id=5349) [Deviceb'Device - 2']"
"828817","5423.423234127","192.168.15.3","192.168.15.4","MQTT","70","Connect Ack"
"828820","5423.425547209","192.168.15.3","192.168.15.4","MQTT","70","Publish Ack (id=5349)"
"828822","5423.426215533","192.168.15.4","192.168.15.3","MQTT","68","Disconnect Req"
"828834","5424.431618662","192.168.15.4","192.168.15.3","MQTT","90","Connect Command"
"828836","5424.434587525","192.168.15.4","192.168.15.3","MQTT","97","Publish Message (id=5350) [Deviceb'Device - 2']"
"828837","5424.434958786","192.168.15.3","192.168.15.4","MQTT","70","Connect Ack"
"828840","5424.440244709","192.168.15.3","192.168.15.4","MQTT","70","Publish Ack (id=5350)"
"828842","5424.441064038","192.168.15.4","192.168.15.3","MQTT","68","Disconnect Req"
"828856","5425.445257671","192.168.15.4","192.168.15.3","MQTT","90","Connect Command"
"828858","5425.448694137","192.168.15.3","192.168.15.4","MQTT","70","Connect Ack"
"828859","5425.448728923","192.168.15.4","192.168.15.3","MQTT","97","Publish Message (id=5351) [Deviceb'Device - 2']"
"828862","5425.451811270","192.168.15.3","192.168.15.4","MQTT","70","Publish Ack (id=5351)"
"828864","5425.452548123","192.168.15.4","192.168.15.3","MQTT","68","Disconnect Req"
"828874","5426.456471404","192.168.15.4","192.168.15.3","MQTT","90","Connect Command"
"828876","5426.459431460","192.168.15.4","192.168.15.3","MQTT","97","Publish Message (id=5352) [Deviceb'Device - 2']"
"828877","5426.459829653","192.168.15.3","192.168.15.4","MQTT","70","Connect Ack"
"828880","5426.462117939","192.168.15.3","192.168.15.4","MQTT","70","Publish Ack (id=5352)"
"828882","5426.462787084","192.168.15.4","192.168.15.3","MQTT","68","Disconnect Req"
"828894","5427.466614103","192.168.15.4","192.168.15.3","MQTT","90","Connect Command"
"828896","5427.469647327","192.168.15.4","192.168.15.3","MQTT","97","Publish Message (id=5353) [Deviceb'Device - 2']"
"828898","5427.473838469","192.168.15.3","192.168.15.4","MQTT","70","Connect Ack"
"828900","5427.476221314","192.168.15.3","192.168.15.4","MQTT","70","Publish Ack (id=5353)"
"828902","5427.476519948","192.168.15.4","192.168.15.3","MQTT","68","Disconnect Req"
"828917","5428.480514876","192.168.15.4","192.168.15.3","MQTT","90","Connect Command"
"828919","5428.483510529","192.168.15.4","192.168.15.3","MQTT","97","Publish Message (id=5354) [Deviceb'Device - 2']"
"828920","5428.483866772","192.168.15.3","192.168.15.4","MQTT","70","Connect Ack"
"828923","5428.486299291","192.168.15.3","192.168.15.4","MQTT","70","Publish Ack (id=5354)"
"828925","5428.487008451","192.168.15.4","192.168.15.3","MQTT","68","Disconnect Req"
"828938","5429.491336047","192.168.15.4","192.168.15.3","MQTT","90","Connect Command"
"828940","5429.494392976","192.168.15.4","192.168.15.3","MQTT","97","Publish Message (id=5355) [Deviceb'Device - 2']"
"828941","5429.494796328","192.168.15.3","192.168.15.4","MQTT","70","Connect Ack"
"828944","5429.497492685","192.168.15.3","192.168.15.4","MQTT","70","Publish Ack (id=5355)"
"828946","5429.497726006","192.168.15.4","192.168.15.3","MQTT","68","Disconnect Req"
"828958","5430.502111891","192.168.15.4","192.168.15.3","MQTT","90","Connect Command"
"828960","5430.505054715","192.168.15.4","192.168.15.3","MQTT","97","Publish Message (id=5356) [Deviceb'Device - 2']"
"828961","5430.505395028","192.168.15.3","192.168.15.4","MQTT","70","Connect Ack"
"828964","5430.507706227","192.168.15.3","192.168.15.4","MQTT","70","Publish Ack (id=5356)"
"828966","5430.508482975","192.168.15.4","192.168.15.3","MQTT","68","Disconnect Req"
"828986","5431.512782268","192.168.15.4","192.168.15.3","MQTT","90","Connect Command"
"828988","5431.515646993","192.168.15.4","192.168.15.3","MQTT","97","Publish Message (id=5357) [Deviceb'Device - 2']"
"828989","5431.516017343","192.168.15.3","192.168.15.4","MQTT","70","Connect Ack"
"828992","5431.518178719","192.168.15.3","192.168.15.4","MQTT","70","Publish Ack (id=5357)"
"828994","5431.518533881","192.168.15.4","192.168.15.3","MQTT","68","Disconnect Req"
"829007","5432.522614959","192.168.15.4","192.168.15.3","MQTT","90","Connect Command"
"829009","5432.525524329","192.168.15.4","192.168.15.3","MQTT","97","Publish Message (id=5358) [Deviceb'Device - 2']"
"829011","5432.529737544","192.168.15.3","192.168.15.4","MQTT","70","Connect Ack"
"829013","5432.532234955","192.168.15.3","192.168.15.4","MQTT","70","Publish Ack (id=5358)"
"829015","5432.532835330","192.168.15.4","192.168.15.3","MQTT","68","Disconnect Req"
"829036","5433.537819818","192.168.15.4","192.168.15.3","MQTT","90","Connect Command"
"829038","5433.542525764","192.168.15.4","192.168.15.3","MQTT","97","Publish Message (id=5359) [Deviceb'Device - 2']"
"829039","5433.542876437","192.168.15.3","192.168.15.4","MQTT","70","Connect Ack"
"829042","5433.545412170","192.168.15.3","192.168.15.4","MQTT","70","Publish Ack (id=5359)"
"829044","5433.545917204","192.168.15.4","192.168.15.3","MQTT","68","Disconnect Req"
"829069","5434.550278463","192.168.15.4","192.168.15.3","MQTT","90","Connect Command"
"829071","5434.553363305","192.168.15.4","192.168.15.3","MQTT","97","Publish Message (id=5360) [Deviceb'Device - 2']"
"829072","5434.554406497","192.168.15.3","192.168.15.4","MQTT","70","Connect Ack"
"829075","5434.556713799","192.168.15.3","192.168.15.4","MQTT","70","Publish Ack (id=5360)"
"829077","5434.556954875","192.168.15.4","192.168.15.3","MQTT","68","Disconnect Req"
"829100","5435.560770010","192.168.15.4","192.168.15.3","MQTT","90","Connect Command"
"829102","5435.563713314","192.168.15.4","192.168.15.3","MQTT","97","Publish Message (id=5361) [Deviceb'Device - 2']"
"829103","5435.564082312","192.168.15.3","192.168.15.4","MQTT","70","Connect Ack"
"829106","5435.566828213","192.168.15.3","192.168.15.4","MQTT","70","Publish Ack (id=5361)"
"829108","5435.567302900","192.168.15.4","192.168.15.3","MQTT","68","Disconnect Req"
"829120","5436.571270455","192.168.15.4","192.168.15.3","MQTT","90","Connect Command"
"829122","5436.574513225","192.168.15.4","192.168.15.3","MQTT","97","Publish Message (id=5362) [Deviceb'Device - 2']"
"829123","5436.574812240","192.168.15.3","192.168.15.4","MQTT","70","Connect Ack"
"829126","5436.577059579","192.168.15.3","192.168.15.4","MQTT","70","Publish Ack (id=5362)"
"829128","5436.577535318","192.168.15.4","192.168.15.3","MQTT","68","Disconnect Req"
"829147","5437.582104649","192.168.15.4","192.168.15.3","MQTT","90","Connect Command"
"829149","5437.585066688","192.168.15.4","192.168.15.3","MQTT","97","Publish Message (id=5363) [Deviceb'Device - 2']"
"829151","5437.589173802","192.168.15.3","192.168.15.4","MQTT","70","Connect Ack"
"829153","5437.591710828","192.168.15.3","192.168.15.4","MQTT","70","Publish Ack (id=5363)"
"829155","5437.592265567","192.168.15.4","192.168.15.3","MQTT","68","Disconnect Req"
"829164","5438.596212793","192.168.15.4","192.168.15.3","MQTT","90","Connect Command"
"829166","5438.598820412","192.168.15.4","192.168.15.3","MQTT","97","Publish Message (id=5364) [Deviceb'Device - 2']"
"829167","5438.599185372","192.168.15.3","192.168.15.4","MQTT","70","Connect Ack"
"829170","5438.601738929","192.168.15.3","192.168.15.4","MQTT","70","Publish Ack (id=5364)"
"829172","5438.602283538","192.168.15.4","192.168.15.3","MQTT","68","Disconnect Req"
"829181","5439.606630990","192.168.15.4","192.168.15.3","MQTT","90","Connect Command"
"829183","5439.609551962","192.168.15.4","192.168.15.3","MQTT","97","Publish Message (id=5365) [Deviceb'Device - 2']"
"829184","5439.609953100","192.168.15.3","192.168.15.4","MQTT","70","Connect Ack"
"829187","5439.612176744","192.168.15.3","192.168.15.4","MQTT","70","Publish Ack (id=5365)"
"829189","5439.612712837","192.168.15.4","192.168.15.3","MQTT","68","Disconnect Req"
"829198","5440.617392066","192.168.15.4","192.168.15.3","MQTT","90","Connect Command"
"829200","5440.620272050","192.168.15.4","192.168.15.3","MQTT","97","Publish Message (id=5366) [Deviceb'Device - 2']"
"829201","5440.620698226","192.168.15.3","192.168.15.4","MQTT","70","Connect Ack"
"829204","5440.623179286","192.168.15.3","192.168.15.4","MQTT","70","Publish Ack (id=5366)"
"829206","5440.623712164","192.168.15.4","192.168.15.3","MQTT","68","Disconnect Req"
"829219","5441.628339666","192.168.15.4","192.168.15.3","MQTT","90","Connect Command"
"829221","5441.633099584","192.168.15.4","192.168.15.3","MQTT","97","Publish Message (id=5367) [Deviceb'Device - 2']"
"829222","5441.633506523","192.168.15.3","192.168.15.4","MQTT","70","Connect Ack"
"829225","5441.635702394","192.168.15.3","192.168.15.4","MQTT","70","Publish Ack (id=5367)"
"829227","5441.636333948","192.168.15.4","192.168.15.3","MQTT","68","Disconnect Req"
"829252","5442.640616037","192.168.15.4","192.168.15.3","MQTT","90","Connect Command"
"829254","5442.644044668","192.168.15.4","192.168.15.3","MQTT","97","Publish Message (id=5368) [Deviceb'Device - 2']"
"829256","5442.647746516","192.168.15.3","192.168.15.4","MQTT","70","Connect Ack"
"829258","5442.651011668","192.168.15.3","192.168.15.4","MQTT","70","Publish Ack (id=5368)"
"829260","5442.651620439","192.168.15.4","192.168.15.3","MQTT","68","Disconnect Req"
"829272","5443.656562514","192.168.15.4","192.168.15.3","MQTT","90","Connect Command"
"829274","5443.661203758","192.168.15.4","192.168.15.3","MQTT","97","Publish Message (id=5369) [Deviceb'Device - 2']"
"829275","5443.661661814","192.168.15.3","192.168.15.4","MQTT","70","Connect Ack"
"829278","5443.664221002","192.168.15.3","192.168.15.4","MQTT","70","Publish Ack (id=5369)"
"829280","5443.664879276","192.168.15.4","192.168.15.3","MQTT","68","Disconnect Req"
"829304","5444.669605703","192.168.15.4","192.168.15.3","MQTT","90","Connect Command"
"829306","5444.672181632","192.168.15.4","192.168.15.3","MQTT","97","Publish Message (id=5370) [Deviceb'Device - 2']"
"829307","5444.672587289","192.168.15.3","192.168.15.4","MQTT","70","Connect Ack"
"829310","5444.675277835","192.168.15.3","192.168.15.4","MQTT","70","Publish Ack (id=5370)"
"829312","5444.676018506","192.168.15.4","192.168.15.3","MQTT","68","Disconnect Req"
"829331","5445.680123649","192.168.15.4","192.168.15.3","MQTT","90","Connect Command"
"829333","5445.683038670","192.168.15.4","192.168.15.3","MQTT","97","Publish Message (id=5371) [Deviceb'Device - 2']"
"829334","5445.683467030","192.168.15.3","192.168.15.4","MQTT","70","Connect Ack"
"829337","5445.685719167","192.168.15.3","192.168.15.4","MQTT","70","Publish Ack (id=5371)"
"829339","5445.686342185","192.168.15.4","192.168.15.3","MQTT","68","Disconnect Req"
"829351","5446.690426499","192.168.15.4","192.168.15.3","MQTT","90","Connect Command"
"829353","5446.693353111","192.168.15.4","192.168.15.3","MQTT","97","Publish Message (id=5372) [Deviceb'Device - 2']"
"829354","5446.693744942","192.168.15.3","192.168.15.4","MQTT","70","Connect Ack"
"829357","5446.696414268","192.168.15.3","192.168.15.4","MQTT","70","Publish Ack (id=5372)"
"829359","5446.697010305","192.168.15.4","192.168.15.3","MQTT","68","Disconnect Req"
"829374","5447.700861909","192.168.15.4","192.168.15.3","MQTT","90","Connect Command"
"829376","5447.703782159","192.168.15.4","192.168.15.3","MQTT","97","Publish Message (id=5373) [Deviceb'Device - 2']"
"829378","5447.708027895","192.168.15.3","192.168.15.4","MQTT","70","Connect Ack"
"829380","5447.710527400","192.168.15.3","192.168.15.4","MQTT","70","Publish Ack (id=5373)"
"829382","5447.711140419","192.168.15.4","192.168.15.3","MQTT","68","Disconnect Req"
"829395","5448.715289805","192.168.15.4","192.168.15.3","MQTT","90","Connect Command"
"829397","5448.718202471","192.168.15.4","192.168.15.3","MQTT","97","Publish Message (id=5374) [Deviceb'Device - 2']"
"829398","5448.718561580","192.168.15.3","192.168.15.4","MQTT","70","Connect Ack"
"829401","5448.721241196","192.168.15.3","192.168.15.4","MQTT","70","Publish Ack (id=5374)"
"829403","5448.721844637","192.168.15.4","192.168.15.3","MQTT","68","Disconnect Req"
"829423","5449.725820114","192.168.15.4","192.168.15.3","MQTT","90","Connect Command"
"829425","5449.728736467","192.168.15.4","192.168.15.3","MQTT","97","Publish Message (id=5375) [Deviceb'Device - 2']"
"829426","5449.729159166","192.168.15.3","192.168.15.4","MQTT","70","Connect Ack"
"829429","5449.731638814","192.168.15.3","192.168.15.4","MQTT","70","Publish Ack (id=5375)"
"829431","5449.732426964","192.168.15.4","192.168.15.3","MQTT","68","Disconnect Req"
"829443","5450.737183609","192.168.15.4","192.168.15.3","MQTT","90","Connect Command"
"829445","5450.740630435","192.168.15.4","192.168.15.3","MQTT","97","Publish Message (id=5376) [Deviceb'Device - 2']"
"829446","5450.740860430","192.168.15.3","192.168.15.4","MQTT","70","Connect Ack"
"829449","5450.743185696","192.168.15.3","192.168.15.4","MQTT","70","Publish Ack (id=5376)"
"829451","5450.743712572","192.168.15.4","192.168.15.3","MQTT","68","Disconnect Req"
"829463","5451.748263555","192.168.15.4","192.168.15.3","MQTT","90","Connect Command"
"829465","5451.750783048","192.168.15.4","192.168.15.3","MQTT","97","Publish Message (id=5377) [Deviceb'Device - 2']"
"829466","5451.751112741","192.168.15.3","192.168.15.4","MQTT","70","Connect Ack"
"829469","5451.753644567","192.168.15.3","192.168.15.4","MQTT","70","Publish Ack (id=5377)"
"829471","5451.754294546","192.168.15.4","192.168.15.3","MQTT","68","Disconnect Req"
"829486","5452.758309758","192.168.15.4","192.168.15.3","MQTT","90","Connect Command"
"829488","5452.761323786","192.168.15.4","192.168.15.3","MQTT","97","Publish Message (id=5378) [Deviceb'Device - 2']"
"829490","5452.765433064","192.168.15.3","192.168.15.4","MQTT","70","Connect Ack"
"829492","5452.767932539","192.168.15.3","192.168.15.4","MQTT","70","Publish Ack (id=5378)"
"829494","5452.768552891","192.168.15.4","192.168.15.3","MQTT","68","Disconnect Req"
"829512","5453.772706956","192.168.15.4","192.168.15.3","MQTT","90","Connect Command"
"829514","5453.775630412","192.168.15.4","192.168.15.3","MQTT","97","Publish Message (id=5379) [Deviceb'Device - 2']"
"829515","5453.776054915","192.168.15.3","192.168.15.4","MQTT","70","Connect Ack"
"829518","5453.778537408","192.168.15.3","192.168.15.4","MQTT","70","Publish Ack (id=5379)"
"829520","5453.779018237","192.168.15.4","192.168.15.3","MQTT","68","Disconnect Req"
"829532","5454.782691422","192.168.15.4","192.168.15.3","MQTT","90","Connect Command"
"829534","5454.785575074","192.168.15.4","192.168.15.3","MQTT","97","Publish Message (id=5380) [Deviceb'Device - 2']"
"829535","5454.785930776","192.168.15.3","192.168.15.4","MQTT","70","Connect Ack"
"829538","5454.788481638","192.168.15.3","192.168.15.4","MQTT","70","Publish Ack (id=5380)"
"829540","5454.789425723","192.168.15.4","192.168.15.3","MQTT","68","Disconnect Req"
"829552","5455.793644390","192.168.15.4","192.168.15.3","MQTT","90","Connect Command"
"829554","5455.796631967","192.168.15.4","192.168.15.3","MQTT","97","Publish Message (id=5381) [Deviceb'Device - 2']"
"829555","5455.797116714","192.168.15.3","192.168.15.4","MQTT","70","Connect Ack"
"829558","5455.799619194","192.168.15.3","192.168.15.4","MQTT","70","Publish Ack (id=5381)"
"829560","5455.799985327","192.168.15.4","192.168.15.3","MQTT","68","Disconnect Req"
"829573","5456.803639205","192.168.15.4","192.168.15.3","MQTT","90","Connect Command"
"829575","5456.806638385","192.168.15.4","192.168.15.3","MQTT","97","Publish Message (id=5382) [Deviceb'Device - 2']"
"829576","5456.807112872","192.168.15.3","192.168.15.4","MQTT","70","Connect Ack"
"829579","5456.809725782","192.168.15.3","192.168.15.4","MQTT","70","Publish Ack (id=5382)"
"829581","5456.810239122","192.168.15.4","192.168.15.3","MQTT","68","Disconnect Req"
"829597","5457.813944689","192.168.15.4","192.168.15.3","MQTT","90","Connect Command"
"829599","5457.816880709","192.168.15.4","192.168.15.3","MQTT","97","Publish Message (id=5383) [Deviceb'Device - 2']"
"829601","5457.821543343","192.168.15.3","192.168.15.4","MQTT","70","Connect Ack"
"829603","5457.824112941","192.168.15.3","192.168.15.4","MQTT","70","Publish Ack (id=5383)"
"829605","5457.824579242","192.168.15.4","192.168.15.3","MQTT","68","Disconnect Req"
"829638","5458.828294547","192.168.15.4","192.168.15.3","MQTT","90","Connect Command"
"829640","5458.831569919","192.168.15.4","192.168.15.3","MQTT","97","Publish Message (id=5384) [Deviceb'Device - 2']"
"829641","5458.831964966","192.168.15.3","192.168.15.4","MQTT","70","Connect Ack"
"829644","5458.834586862","192.168.15.3","192.168.15.4","MQTT","70","Publish Ack (id=5384)"
"829646","5458.835260716","192.168.15.4","192.168.15.3","MQTT","68","Disconnect Req"
"829668","5459.839137686","192.168.15.4","192.168.15.3","MQTT","90","Connect Command"
"829670","5459.842144891","192.168.15.4","192.168.15.3","MQTT","97","Publish Message (id=5385) [Deviceb'Device - 2']"
"829671","5459.842562791","192.168.15.3","192.168.15.4","MQTT","70","Connect Ack"
"829674","5459.845040745","192.168.15.3","192.168.15.4","MQTT","70","Publish Ack (id=5385)"
"829676","5459.845311768","192.168.15.4","192.168.15.3","MQTT","68","Disconnect Req"
"829690","5460.849380050","192.168.15.4","192.168.15.3","MQTT","90","Connect Command"
"829692","5460.852393967","192.168.15.4","192.168.15.3","MQTT","97","Publish Message (id=5386) [Deviceb'Device - 2']"
"829693","5460.852805435","192.168.15.3","192.168.15.4","MQTT","70","Connect Ack"
"829696","5460.855269844","192.168.15.3","192.168.15.4","MQTT","70","Publish Ack (id=5386)"
"829698","5460.855655142","192.168.15.4","192.168.15.3","MQTT","68","Disconnect Req"
"829715","5461.859589972","192.168.15.4","192.168.15.3","MQTT","90","Connect Command"
"829717","5461.862461109","192.168.15.4","192.168.15.3","MQTT","97","Publish Message (id=5387) [Deviceb'Device - 2']"
"829718","5461.863419701","192.168.15.3","192.168.15.4","MQTT","70","Connect Ack"
"829721","5461.865313572","192.168.15.3","192.168.15.4","MQTT","70","Publish Ack (id=5387)"
"829723","5461.865689943","192.168.15.4","192.168.15.3","MQTT","68","Disconnect Req"
"829743","5462.869605005","192.168.15.4","192.168.15.3","MQTT","90","Connect Command"
"829745","5462.872492674","192.168.15.4","192.168.15.3","MQTT","97","Publish Message (id=5388) [Deviceb'Device - 2']"
"829747","5462.876954949","192.168.15.3","192.168.15.4","MQTT","70","Connect Ack"
"829749","5462.879515139","192.168.15.3","192.168.15.4","MQTT","70","Publish Ack (id=5388)"
"829751","5462.879932198","192.168.15.4","192.168.15.3","MQTT","68","Disconnect Req"
"829765","5463.884289085","192.168.15.4","192.168.15.3","MQTT","90","Connect Command"
"829767","5463.887136457","192.168.15.4","192.168.15.3","MQTT","97","Publish Message (id=5389) [Deviceb'Device - 2']"
"829768","5463.887536904","192.168.15.3","192.168.15.4","MQTT","70","Connect Ack"
"829771","5463.890111200","192.168.15.3","192.168.15.4","MQTT","70","Publish Ack (id=5389)"
"829773","5463.890434031","192.168.15.4","192.168.15.3","MQTT","68","Disconnect Req"
"829795","5464.894696149","192.168.15.4","192.168.15.3","MQTT","90","Connect Command"
"829797","5464.897651115","192.168.15.4","192.168.15.3","MQTT","97","Publish Message (id=5390) [Deviceb'Device - 2']"
"829798","5464.898113719","192.168.15.3","192.168.15.4","MQTT","70","Connect Ack"
"829801","5464.900504008","192.168.15.3","192.168.15.4","MQTT","70","Publish Ack (id=5390)"
"829803","5464.900855152","192.168.15.4","192.168.15.3","MQTT","68","Disconnect Req"
"829815","5465.904961856","192.168.15.4","192.168.15.3","MQTT","90","Connect Command"
"829817","5465.907862489","192.168.15.4","192.168.15.3","MQTT","97","Publish Message (id=5391) [Deviceb'Device - 2']"
"829818","5465.908279928","192.168.15.3","192.168.15.4","MQTT","70","Connect Ack"
"829821","5465.910807416","192.168.15.3","192.168.15.4","MQTT","70","Publish Ack (id=5391)"
"829823","5465.911151657","192.168.15.4","192.168.15.3","MQTT","68","Disconnect Req"
"829835","5466.914822006","192.168.15.4","192.168.15.3","MQTT","90","Connect Command"
"829837","5466.917788984","192.168.15.4","192.168.15.3","MQTT","97","Publish Message (id=5392) [Deviceb'Device - 2']"
"829838","5466.918177569","192.168.15.3","192.168.15.4","MQTT","70","Connect Ack"
"829841","5466.921295263","192.168.15.3","192.168.15.4","MQTT","70","Publish Ack (id=5392)"
"829843","5466.921651426","192.168.15.4","192.168.15.3","MQTT","68","Disconnect Req"
"829858","5467.925326283","192.168.15.4","192.168.15.3","MQTT","90","Connect Command"
"829860","5467.928208793","192.168.15.4","192.168.15.3","MQTT","97","Publish Message (id=5393) [Deviceb'Device - 2']"
"829862","5467.932581749","192.168.15.3","192.168.15.4","MQTT","70","Connect Ack"
"829864","5467.936062519","192.168.15.3","192.168.15.4","MQTT","70","Publish Ack (id=5393)"
"829866","5467.936459500","192.168.15.4","192.168.15.3","MQTT","68","Disconnect Req"
"829879","5468.940318565","192.168.15.4","192.168.15.3","MQTT","90","Connect Command"
"829881","5468.943333094","192.168.15.4","192.168.15.3","MQTT","97","Publish Message (id=5394) [Deviceb'Device - 2']"
"829882","5468.943801499","192.168.15.3","192.168.15.4","MQTT","70","Connect Ack"
"829885","5468.946258194","192.168.15.3","192.168.15.4","MQTT","70","Publish Ack (id=5394)"
"829887","5468.946484111","192.168.15.4","192.168.15.3","MQTT","68","Disconnect Req"
"829899","5469.950553594","192.168.15.4","192.168.15.3","MQTT","90","Connect Command"
"829901","5469.953527536","192.168.15.4","192.168.15.3","MQTT","97","Publish Message (id=5395) [Deviceb'Device - 2']"
"829902","5469.953893317","192.168.15.3","192.168.15.4","MQTT","70","Connect Ack"
"829905","5469.956650379","192.168.15.3","192.168.15.4","MQTT","70","Publish Ack (id=5395)"
"829907","5469.956952991","192.168.15.4","192.168.15.3","MQTT","68","Disconnect Req"
"829921","5470.961175112","192.168.15.4","192.168.15.3","MQTT","90","Connect Command"
"829923","5470.964165606","192.168.15.4","192.168.15.3","MQTT","97","Publish Message (id=5396) [Deviceb'Device - 2']"
"829924","5470.964609655","192.168.15.3","192.168.15.4","MQTT","70","Connect Ack"
"829927","5470.967041122","192.168.15.3","192.168.15.4","MQTT","70","Publish Ack (id=5396)"
"829929","5470.967307545","192.168.15.4","192.168.15.3","MQTT","68","Disconnect Req"
"829975","5471.971380445","192.168.15.4","192.168.15.3","MQTT","90","Connect Command"
"829977","5471.974400444","192.168.15.4","192.168.15.3","MQTT","97","Publish Message (id=5397) [Deviceb'Device - 2']"
"829978","5471.974804378","192.168.15.3","192.168.15.4","MQTT","70","Connect Ack"
"829981","5471.977307529","192.168.15.3","192.168.15.4","MQTT","70","Publish Ack (id=5397)"
"829983","5471.977574424","192.168.15.4","192.168.15.3","MQTT","68","Disconnect Req"
"829994","5472.981938173","192.168.15.4","192.168.15.3","MQTT","90","Connect Command"
"829996","5472.984847102","192.168.15.4","192.168.15.3","MQTT","97","Publish Message (id=5398) [Deviceb'Device - 2']"
"829998","5472.989215029","192.168.15.3","192.168.15.4","MQTT","70","Connect Ack"
"830000","5472.991628031","192.168.15.3","192.168.15.4","MQTT","70","Publish Ack (id=5398)"
"830002","5472.992324137","192.168.15.4","192.168.15.3","MQTT","68","Disconnect Req"
"830014","5473.995999986","192.168.15.4","192.168.15.3","MQTT","90","Connect Command"
"830016","5473.999360999","192.168.15.4","192.168.15.3","MQTT","97","Publish Message (id=5399) [Deviceb'Device - 2']"
"830017","5474.000770714","192.168.15.3","192.168.15.4","MQTT","70","Connect Ack"
"830020","5474.002697527","192.168.15.3","192.168.15.4","MQTT","70","Publish Ack (id=5399)"
"830022","5474.003391569","192.168.15.4","192.168.15.3","MQTT","68","Disconnect Req"
"830034","5475.007823386","192.168.15.4","192.168.15.3","MQTT","90","Connect Command"
"830036","5475.010947512","192.168.15.4","192.168.15.3","MQTT","97","Publish Message (id=5400) [Deviceb'Device - 2']"
"830037","5475.011335466","192.168.15.3","192.168.15.4","MQTT","70","Connect Ack"
"830040","5475.013759388","192.168.15.3","192.168.15.4","MQTT","70","Publish Ack (id=5400)"
"830042","5475.014421449","192.168.15.4","192.168.15.3","MQTT","68","Disconnect Req"
"830054","5476.018957684","192.168.15.4","192.168.15.3","MQTT","90","Connect Command"
"830056","5476.021838109","192.168.15.4","192.168.15.3","MQTT","97","Publish Message (id=5401) [Deviceb'Device - 2']"
"830057","5476.022263874","192.168.15.3","192.168.15.4","MQTT","70","Connect Ack"
"830060","5476.024701462","192.168.15.3","192.168.15.4","MQTT","70","Publish Ack (id=5401)"
"830062","5476.025359826","192.168.15.4","192.168.15.3","MQTT","68","Disconnect Req"
"830075","5477.029285587","192.168.15.4","192.168.15.3","MQTT","90","Connect Command"
"830077","5477.032265641","192.168.15.4","192.168.15.3","MQTT","97","Publish Message (id=5402) [Deviceb'Device - 2']"
"830078","5477.032666859","192.168.15.3","192.168.15.4","MQTT","70","Connect Ack"
"830081","5477.035161165","192.168.15.3","192.168.15.4","MQTT","70","Publish Ack (id=5402)"
"830083","5477.035404444","192.168.15.4","192.168.15.3","MQTT","68","Disconnect Req"
"830098","5478.039427819","192.168.15.4","192.168.15.3","MQTT","90","Connect Command"
"830100","5478.042340285","192.168.15.4","192.168.15.3","MQTT","97","Publish Message (id=5403) [Deviceb'Device - 2']"
"830102","5478.046799174","192.168.15.3","192.168.15.4","MQTT","70","Connect Ack"
"830104","5478.049354284","192.168.15.3","192.168.15.4","MQTT","70","Publish Ack (id=5403)"
"830106","5478.049741246","192.168.15.4","192.168.15.3","MQTT","68","Disconnect Req"
"830119","5479.053646587","192.168.15.4","192.168.15.3","MQTT","90","Connect Command"
"830121","5479.056627292","192.168.15.4","192.168.15.3","MQTT","97","Publish Message (id=5404) [Deviceb'Device - 2']"
"830122","5479.057140121","192.168.15.3","192.168.15.4","MQTT","70","Connect Ack"
"830125","5479.059731831","192.168.15.3","192.168.15.4","MQTT","70","Publish Ack (id=5404)"
"830127","5479.060580254","192.168.15.4","192.168.15.3","MQTT","68","Disconnect Req"
"830152","5480.064635650","192.168.15.4","192.168.15.3","MQTT","90","Connect Command"
"830154","5480.067638567","192.168.15.4","192.168.15.3","MQTT","97","Publish Message (id=5405) [Deviceb'Device - 2']"
"830155","5480.068059182","192.168.15.3","192.168.15.4","MQTT","70","Connect Ack"
"830158","5480.070466933","192.168.15.3","192.168.15.4","MQTT","70","Publish Ack (id=5405)"
"830160","5480.070718319","192.168.15.4","192.168.15.3","MQTT","68","Disconnect Req"
"830174","5481.074393735","192.168.15.4","192.168.15.3","MQTT","90","Connect Command"
"830176","5481.077243843","192.168.15.4","192.168.15.3","MQTT","97","Publish Message (id=5406) [Deviceb'Device - 2']"
"830177","5481.077646174","192.168.15.3","192.168.15.4","MQTT","70","Connect Ack"
"830180","5481.080314628","192.168.15.3","192.168.15.4","MQTT","70","Publish Ack (id=5406)"
"830182","5481.080666484","192.168.15.4","192.168.15.3","MQTT","68","Disconnect Req"
"830194","5482.084411152","192.168.15.4","192.168.15.3","MQTT","90","Connect Command"
"830196","5482.087344817","192.168.15.4","192.168.15.3","MQTT","97","Publish Message (id=5407) [Deviceb'Device - 2']"
"830197","5482.087759371","192.168.15.3","192.168.15.4","MQTT","70","Connect Ack"
"830200","5482.090281689","192.168.15.3","192.168.15.4","MQTT","70","Publish Ack (id=5407)"
"830202","5482.090526021","192.168.15.4","192.168.15.3","MQTT","68","Disconnect Req"
"830217","5483.094199133","192.168.15.4","192.168.15.3","MQTT","90","Connect Command"
"830219","5483.097172684","192.168.15.4","192.168.15.3","MQTT","97","Publish Message (id=5408) [Deviceb'Device - 2']"
"830221","5483.101494294","192.168.15.3","192.168.15.4","MQTT","70","Connect Ack"
"830223","5483.104061748","192.168.15.3","192.168.15.4","MQTT","70","Publish Ack (id=5408)"
"830225","5483.104330786","192.168.15.4","192.168.15.3","MQTT","68","Disconnect Req"
"830234","5484.108077167","192.168.15.4","192.168.15.3","MQTT","90","Connect Command"
"830236","5484.111087668","192.168.15.4","192.168.15.3","MQTT","97","Publish Message (id=5409) [Deviceb'Device - 2']"
"830237","5484.111487754","192.168.15.3","192.168.15.4","MQTT","70","Connect Ack"
"830240","5484.114188920","192.168.15.3","192.168.15.4","MQTT","70","Publish Ack (id=5409)"
"830242","5484.114525797","192.168.15.4","192.168.15.3","MQTT","68","Disconnect Req"
"830255","5485.118922628","192.168.15.4","192.168.15.3","MQTT","90","Connect Command"
"830257","5485.123998543","192.168.15.4","192.168.15.3","MQTT","97","Publish Message (id=5410) [Deviceb'Device - 2']"
"830258","5485.124386607","192.168.15.3","192.168.15.4","MQTT","70","Connect Ack"
"830261","5485.127058437","192.168.15.3","192.168.15.4","MQTT","70","Publish Ack (id=5410)"
"830263","5485.127328738","192.168.15.4","192.168.15.3","MQTT","68","Disconnect Req"
"830283","5486.130708817","192.168.15.4","192.168.15.3","MQTT","90","Connect Command"
"830285","5486.133743132","192.168.15.4","192.168.15.3","MQTT","97","Publish Message (id=5411) [Deviceb'Device - 2']"
"830286","5486.134188094","192.168.15.3","192.168.15.4","MQTT","70","Connect Ack"
"830289","5486.136674314","192.168.15.3","192.168.15.4","MQTT","70","Publish Ack (id=5411)"
"830291","5486.136991193","192.168.15.4","192.168.15.3","MQTT","68","Disconnect Req"
"830304","5487.141263928","192.168.15.4","192.168.15.3","MQTT","90","Connect Command"
"830306","5487.144246456","192.168.15.4","192.168.15.3","MQTT","97","Publish Message (id=5412) [Deviceb'Device - 2']"
"830307","5487.144687811","192.168.15.3","192.168.15.4","MQTT","70","Connect Ack"
"830310","5487.147333081","192.168.15.3","192.168.15.4","MQTT","70","Publish Ack (id=5412)"
"830312","5487.147651694","192.168.15.4","192.168.15.3","MQTT","68","Disconnect Req"
"830327","5488.151930270","192.168.15.4","192.168.15.3","MQTT","90","Connect Command"
"830329","5488.154822979","192.168.15.4","192.168.15.3","MQTT","97","Publish Message (id=5413) [Deviceb'Device - 2']"
"830331","5488.159206726","192.168.15.3","192.168.15.4","MQTT","70","Connect Ack"
"830333","5488.161719295","192.168.15.3","192.168.15.4","MQTT","70","Publish Ack (id=5413)"
"830335","5488.162070299","192.168.15.4","192.168.15.3","MQTT","68","Disconnect Req"
"830350","5489.166156742","192.168.15.4","192.168.15.3","MQTT","90","Connect Command"
"830352","5489.169152996","192.168.15.4","192.168.15.3","MQTT","97","Publish Message (id=5414) [Deviceb'Device - 2']"
"830353","5489.169555587","192.168.15.3","192.168.15.4","MQTT","70","Connect Ack"
"830356","5489.172003575","192.168.15.3","192.168.15.4","MQTT","70","Publish Ack (id=5414)"
"830358","5489.172774682","192.168.15.4","192.168.15.3","MQTT","68","Disconnect Req"
"830370","5490.176426784","192.168.15.4","192.168.15.3","MQTT","90","Connect Command"
"830372","5490.179916731","192.168.15.4","192.168.15.3","MQTT","97","Publish Message (id=5415) [Deviceb'Device - 2']"
"830373","5490.180727614","192.168.15.3","192.168.15.4","MQTT","70","Connect Ack"
"830376","5490.182839747","192.168.15.3","192.168.15.4","MQTT","70","Publish Ack (id=5415)"
"830378","5490.183326106","192.168.15.4","192.168.15.3","MQTT","68","Disconnect Req"
"830388","5491.187562964","192.168.15.4","192.168.15.3","MQTT","90","Connect Command"
"830390","5491.190528479","192.168.15.4","192.168.15.3","MQTT","97","Publish Message (id=5416) [Deviceb'Device - 2']"
"830391","5491.190957791","192.168.15.3","192.168.15.4","MQTT","70","Connect Ack"
"830394","5491.193534672","192.168.15.3","192.168.15.4","MQTT","70","Publish Ack (id=5416)"
"830396","5491.193944407","192.168.15.4","192.168.15.3","MQTT","68","Disconnect Req"
"830408","5492.197896505","192.168.15.4","192.168.15.3","MQTT","90","Connect Command"
"830410","5492.200928827","192.168.15.4","192.168.15.3","MQTT","97","Publish Message (id=5417) [Deviceb'Device - 2']"
"830411","5492.201342980","192.168.15.3","192.168.15.4","MQTT","70","Connect Ack"
"830414","5492.203634102","192.168.15.3","192.168.15.4","MQTT","70","Publish Ack (id=5417)"
"830416","5492.203968574","192.168.15.4","192.168.15.3","MQTT","68","Disconnect Req"
"830431","5493.207564489","192.168.15.4","192.168.15.3","MQTT","90","Connect Command"
"830433","5493.210576253","192.168.15.4","192.168.15.3","MQTT","97","Publish Message (id=5418) [Deviceb'Device - 2']"
"830435","5493.215014994","192.168.15.3","192.168.15.4","MQTT","70","Connect Ack"
"830437","5493.217523446","192.168.15.3","192.168.15.4","MQTT","70","Publish Ack (id=5418)"
"830439","5493.217973988","192.168.15.4","192.168.15.3","MQTT","68","Disconnect Req"
"830457","5494.221354255","192.168.15.4","192.168.15.3","MQTT","90","Connect Command"
"830459","5494.224396095","192.168.15.4","192.168.15.3","MQTT","97","Publish Message (id=5419) [Deviceb'Device - 2']"
"830460","5494.224810188","192.168.15.3","192.168.15.4","MQTT","70","Connect Ack"
"830463","5494.227635609","192.168.15.3","192.168.15.4","MQTT","70","Publish Ack (id=5419)"
"830465","5494.227931518","192.168.15.4","192.168.15.3","MQTT","68","Disconnect Req"
"830515","5495.231846677","192.168.15.4","192.168.15.3","MQTT","90","Connect Command"
"830517","5495.234876685","192.168.15.4","192.168.15.3","MQTT","97","Publish Message (id=5420) [Deviceb'Device - 2']"
"830518","5495.235289836","192.168.15.3","192.168.15.4","MQTT","70","Connect Ack"
"830521","5495.237655999","192.168.15.3","192.168.15.4","MQTT","70","Publish Ack (id=5420)"
"830523","5495.237904068","192.168.15.4","192.168.15.3","MQTT","68","Disconnect Req"
"830533","5496.242438136","192.168.15.4","192.168.15.3","MQTT","90","Connect Command"
"830535","5496.245436474","192.168.15.4","192.168.15.3","MQTT","97","Publish Message (id=5421) [Deviceb'Device - 2']"
"830536","5496.245833324","192.168.15.3","192.168.15.4","MQTT","70","Connect Ack"
"830539","5496.248430734","192.168.15.3","192.168.15.4","MQTT","70","Publish Ack (id=5421)"
"830541","5496.248676378","192.168.15.4","192.168.15.3","MQTT","68","Disconnect Req"
"830564","5497.252659044","192.168.15.4","192.168.15.3","MQTT","90","Connect Command"
"830566","5497.255571339","192.168.15.4","192.168.15.3","MQTT","97","Publish Message (id=5422) [Deviceb'Device - 2']"
"830567","5497.256201921","192.168.15.3","192.168.15.4","MQTT","70","Connect Ack"
"830570","5497.258669426","192.168.15.3","192.168.15.4","MQTT","70","Publish Ack (id=5422)"
"830572","5497.259267637","192.168.15.4","192.168.15.3","MQTT","68","Disconnect Req"
"830587","5498.262801664","192.168.15.4","192.168.15.3","MQTT","90","Connect Command"
"830589","5498.265785816","192.168.15.4","192.168.15.3","MQTT","97","Publish Message (id=5423) [Deviceb'Device - 2']"
"830591","5498.270151639","192.168.15.3","192.168.15.4","MQTT","70","Connect Ack"
"830593","5498.272630405","192.168.15.3","192.168.15.4","MQTT","70","Publish Ack (id=5423)"
"830595","5498.272947324","192.168.15.4","192.168.15.3","MQTT","68","Disconnect Req"
"830608","5499.276265714","192.168.15.4","192.168.15.3","MQTT","90","Connect Command"
"830610","5499.279289400","192.168.15.4","192.168.15.3","MQTT","97","Publish Message (id=5424) [Deviceb'Device - 2']"
"830611","5499.280046341","192.168.15.3","192.168.15.4","MQTT","70","Connect Ack"
"830614","5499.282315701","192.168.15.3","192.168.15.4","MQTT","70","Publish Ack (id=5424)"
"830616","5499.282706810","192.168.15.4","192.168.15.3","MQTT","68","Disconnect Req"
"831160","5500.286409937","192.168.15.4","192.168.15.3","MQTT","90","Connect Command"
"831162","5500.289354854","192.168.15.4","192.168.15.3","MQTT","97","Publish Message (id=5425) [Deviceb'Device - 2']"
"831163","5500.289800326","192.168.15.3","192.168.15.4","MQTT","70","Connect Ack"
"831166","5500.292384481","192.168.15.3","192.168.15.4","MQTT","70","Publish Ack (id=5425)"
"831168","5500.292771262","192.168.15.4","192.168.15.3","MQTT","68","Disconnect Req"
"831180","5501.296590769","192.168.15.4","192.168.15.3","MQTT","90","Connect Command"
"831182","5501.299613062","192.168.15.4","192.168.15.3","MQTT","97","Publish Message (id=5426) [Deviceb'Device - 2']"
"831183","5501.300020693","192.168.15.3","192.168.15.4","MQTT","70","Connect Ack"
"831186","5501.302593266","192.168.15.3","192.168.15.4","MQTT","70","Publish Ack (id=5426)"
"831188","5501.303342072","192.168.15.4","192.168.15.3","MQTT","68","Disconnect Req"
"834255","5502.307811527","192.168.15.4","192.168.15.3","MQTT","90","Connect Command"
"834257","5502.310828330","192.168.15.4","192.168.15.3","MQTT","97","Publish Message (id=5427) [Deviceb'Device - 2']"
"834258","5502.311252452","192.168.15.3","192.168.15.4","MQTT","70","Connect Ack"
"834261","5502.313676003","192.168.15.3","192.168.15.4","MQTT","70","Publish Ack (id=5427)"
"834263","5502.313931997","192.168.15.4","192.168.15.3","MQTT","68","Disconnect Req"
"834430","5503.318167921","192.168.15.4","192.168.15.3","MQTT","90","Connect Command"
"834432","5503.321113820","192.168.15.4","192.168.15.3","MQTT","97","Publish Message (id=5428) [Deviceb'Device - 2']"
"834434","5503.325443485","192.168.15.3","192.168.15.4","MQTT","70","Connect Ack"
"834436","5503.327896723","192.168.15.3","192.168.15.4","MQTT","70","Publish Ack (id=5428)"
"834438","5503.328298983","192.168.15.4","192.168.15.3","MQTT","68","Disconnect Req"
"834458","5504.331689810","192.168.15.4","192.168.15.3","MQTT","90","Connect Command"
"834460","5504.334705320","192.168.15.4","192.168.15.3","MQTT","97","Publish Message (id=5429) [Deviceb'Device - 2']"
"834461","5504.335106178","192.168.15.3","192.168.15.4","MQTT","70","Connect Ack"
"834464","5504.337633797","192.168.15.3","192.168.15.4","MQTT","70","Publish Ack (id=5429)"
"834466","5504.337976424","192.168.15.4","192.168.15.3","MQTT","68","Disconnect Req"
"834984","5505.342912813","192.168.15.4","192.168.15.3","MQTT","90","Connect Command"
"835040","5505.348116400","192.168.15.4","192.168.15.3","MQTT","97","Publish Message (id=5430) [Deviceb'Device - 2']"
"835041","5505.348127932","192.168.15.3","192.168.15.4","MQTT","70","Connect Ack"
"835066","5505.351106061","192.168.15.3","192.168.15.4","MQTT","70","Publish Ack (id=5430)"
"835071","5505.351550221","192.168.15.4","192.168.15.3","MQTT","68","Disconnect Req"
"836368","5506.355563293","192.168.15.4","192.168.15.3","MQTT","90","Connect Command"
"836370","5506.359109828","192.168.15.4","192.168.15.3","MQTT","97","Publish Message (id=5431) [Deviceb'Device - 2']"
"836371","5506.359131489","192.168.15.3","192.168.15.4","MQTT","70","Connect Ack"
"836374","5506.362104228","192.168.15.3","192.168.15.4","MQTT","70","Publish Ack (id=5431)"
"836376","5506.362716826","192.168.15.4","192.168.15.3","MQTT","68","Disconnect Req"
"836401","5507.366648104","192.168.15.4","192.168.15.3","MQTT","90","Connect Command"
"836403","5507.369799161","192.168.15.4","192.168.15.3","MQTT","97","Publish Message (id=5432) [Deviceb'Device - 2']"
"836404","5507.371640161","192.168.15.3","192.168.15.4","MQTT","70","Connect Ack"
"836407","5507.374110621","192.168.15.3","192.168.15.4","MQTT","70","Publish Ack (id=5432)"
"836409","5507.374711788","192.168.15.4","192.168.15.3","MQTT","68","Disconnect Req"
"836438","5508.378827625","192.168.15.4","192.168.15.3","MQTT","90","Connect Command"
"836440","5508.381765458","192.168.15.4","192.168.15.3","MQTT","97","Publish Message (id=5433) [Deviceb'Device - 2']"
"836441","5508.382181946","192.168.15.3","192.168.15.4","MQTT","70","Connect Ack"
"836444","5508.384685748","192.168.15.3","192.168.15.4","MQTT","70","Publish Ack (id=5433)"
"836446","5508.385373418","192.168.15.4","192.168.15.3","MQTT","68","Disconnect Req"
"836459","5509.389314435","192.168.15.4","192.168.15.3","MQTT","90","Connect Command"
"836461","5509.392013767","192.168.15.4","192.168.15.3","MQTT","97","Publish Message (id=5434) [Deviceb'Device - 2']"
"836462","5509.392402983","192.168.15.3","192.168.15.4","MQTT","70","Connect Ack"
"836465","5509.394795145","192.168.15.3","192.168.15.4","MQTT","70","Publish Ack (id=5434)"
"836467","5509.395019590","192.168.15.4","192.168.15.3","MQTT","68","Disconnect Req"
"836519","5510.398780766","192.168.15.4","192.168.15.3","MQTT","90","Connect Command"
"836521","5510.401688873","192.168.15.4","192.168.15.3","MQTT","97","Publish Message (id=5435) [Deviceb'Device - 2']"
"836522","5510.402088569","192.168.15.3","192.168.15.4","MQTT","70","Connect Ack"
"836525","5510.404688073","192.168.15.3","192.168.15.4","MQTT","70","Publish Ack (id=5435)"
"836527","5510.405229847","192.168.15.4","192.168.15.3","MQTT","68","Disconnect Req"
"836539","5511.409808018","192.168.15.4","192.168.15.3","MQTT","90","Connect Command"
"836541","5511.414634641","192.168.15.4","192.168.15.3","MQTT","97","Publish Message (id=5436) [Deviceb'Device - 2']"
"836542","5511.415016513","192.168.15.3","192.168.15.4","MQTT","70","Connect Ack"
"836545","5511.417579108","192.168.15.3","192.168.15.4","MQTT","70","Publish Ack (id=5436)"
"836547","5511.418271587","192.168.15.4","192.168.15.3","MQTT","68","Disconnect Req"
"836564","5512.422238752","192.168.15.4","192.168.15.3","MQTT","90","Connect Command"
"836566","5512.425141670","192.168.15.4","192.168.15.3","MQTT","97","Publish Message (id=5437) [Deviceb'Device - 2']"
"836567","5512.425565361","192.168.15.3","192.168.15.4","MQTT","70","Connect Ack"
"836570","5512.428046631","192.168.15.3","192.168.15.4","MQTT","70","Publish Ack (id=5437)"
"836572","5512.428596631","192.168.15.4","192.168.15.3","MQTT","68","Disconnect Req"
"836583","5513.433121771","192.168.15.4","192.168.15.3","MQTT","90","Connect Command"
"836585","5513.435996164","192.168.15.4","192.168.15.3","MQTT","97","Publish Message (id=5438) [Deviceb'Device - 2']"
"836587","5513.440369652","192.168.15.3","192.168.15.4","MQTT","70","Connect Ack"
"836589","5513.442847486","192.168.15.3","192.168.15.4","MQTT","70","Publish Ack (id=5438)"
"836591","5513.443498026","192.168.15.4","192.168.15.3","MQTT","68","Disconnect Req"
"838299","5514.448615014","192.168.15.4","192.168.15.3","MQTT","90","Connect Command"
"838301","5514.451535625","192.168.15.4","192.168.15.3","MQTT","97","Publish Message (id=5439) [Deviceb'Device - 2']"
"838302","5514.451919621","192.168.15.3","192.168.15.4","MQTT","70","Connect Ack"
"838305","5514.454577806","192.168.15.3","192.168.15.4","MQTT","70","Publish Ack (id=5439)"
"838307","5514.455245228","192.168.15.4","192.168.15.3","MQTT","68","Disconnect Req"
"838689","5515.459711988","192.168.15.4","192.168.15.3","MQTT","90","Connect Command"
"838691","5515.462655481","192.168.15.4","192.168.15.3","MQTT","97","Publish Message (id=5440) [Deviceb'Device - 2']"
"838692","5515.463056970","192.168.15.3","192.168.15.4","MQTT","70","Connect Ack"
"838695","5515.465636387","192.168.15.3","192.168.15.4","MQTT","70","Publish Ack (id=5440)"
"838697","5515.466504347","192.168.15.4","192.168.15.3","MQTT","68","Disconnect Req"
"838709","5516.470192675","192.168.15.4","192.168.15.3","MQTT","90","Connect Command"
"838711","5516.473189570","192.168.15.4","192.168.15.3","MQTT","97","Publish Message (id=5441) [Deviceb'Device - 2']"
"838712","5516.473983241","192.168.15.3","192.168.15.4","MQTT","70","Connect Ack"
"838715","5516.476446547","192.168.15.3","192.168.15.4","MQTT","70","Publish Ack (id=5441)"
"838717","5516.476780148","192.168.15.4","192.168.15.3","MQTT","68","Disconnect Req"
"838743","5517.480284027","192.168.15.4","192.168.15.3","MQTT","90","Connect Command"
"838745","5517.483305639","192.168.15.4","192.168.15.3","MQTT","97","Publish Message (id=5442) [Deviceb'Device - 2']"
"838746","5517.483742214","192.168.15.3","192.168.15.4","MQTT","70","Connect Ack"
"838749","5517.486295311","192.168.15.3","192.168.15.4","MQTT","70","Publish Ack (id=5442)"
"838751","5517.487077790","192.168.15.4","192.168.15.3","MQTT","68","Disconnect Req"
"838767","5518.491409073","192.168.15.4","192.168.15.3","MQTT","90","Connect Command"
"838769","5518.494307142","192.168.15.4","192.168.15.3","MQTT","97","Publish Message (id=5443) [Deviceb'Device - 2']"
"838771","5518.498664007","192.168.15.3","192.168.15.4","MQTT","70","Connect Ack"
"838773","5518.501108238","192.168.15.3","192.168.15.4","MQTT","70","Publish Ack (id=5443)"
"838775","5518.501589758","192.168.15.4","192.168.15.3","MQTT","68","Disconnect Req"
"838792","5519.506034455","192.168.15.4","192.168.15.3","MQTT","90","Connect Command"
"838794","5519.508980665","192.168.15.4","192.168.15.3","MQTT","97","Publish Message (id=5444) [Deviceb'Device - 2']"
"838795","5519.509374229","192.168.15.3","192.168.15.4","MQTT","70","Connect Ack"
"838798","5519.512263401","192.168.15.3","192.168.15.4","MQTT","70","Publish Ack (id=5444)"
"838800","5519.512623421","192.168.15.4","192.168.15.3","MQTT","68","Disconnect Req"
"838812","5520.516394955","192.168.15.4","192.168.15.3","MQTT","90","Connect Command"
"838814","5520.519403443","192.168.15.4","192.168.15.3","MQTT","97","Publish Message (id=5445) [Deviceb'Device - 2']"
"838815","5520.519765457","192.168.15.3","192.168.15.4","MQTT","70","Connect Ack"
"838818","5520.522192465","192.168.15.3","192.168.15.4","MQTT","70","Publish Ack (id=5445)"
"838820","5520.522507170","192.168.15.4","192.168.15.3","MQTT","68","Disconnect Req"
"838836","5521.526937690","192.168.15.4","192.168.15.3","MQTT","90","Connect Command"
"838838","5521.529874061","192.168.15.4","192.168.15.3","MQTT","97","Publish Message (id=5446) [Deviceb'Device - 2']"
"838839","5521.530239362","192.168.15.3","192.168.15.4","MQTT","70","Connect Ack"
"838842","5521.532969312","192.168.15.3","192.168.15.4","MQTT","70","Publish Ack (id=5446)"
"838844","5521.534652444","192.168.15.4","192.168.15.3","MQTT","68","Disconnect Req"
"838866","5522.538936968","192.168.15.4","192.168.15.3","MQTT","90","Connect Command"
"838868","5522.541652281","192.168.15.4","192.168.15.3","MQTT","97","Publish Message (id=5447) [Deviceb'Device - 2']"
"838869","5522.542106440","192.168.15.3","192.168.15.4","MQTT","70","Connect Ack"
"838872","5522.544532837","192.168.15.3","192.168.15.4","MQTT","70","Publish Ack (id=5447)"
"838874","5522.545102844","192.168.15.4","192.168.15.3","MQTT","68","Disconnect Req"
"838889","5523.549467029","192.168.15.4","192.168.15.3","MQTT","90","Connect Command"
"838891","5523.551988656","192.168.15.4","192.168.15.3","MQTT","97","Publish Message (id=5448) [Deviceb'Device - 2']"
"838893","5523.556167786","192.168.15.3","192.168.15.4","MQTT","70","Connect Ack"
"838895","5523.558949284","192.168.15.3","192.168.15.4","MQTT","70","Publish Ack (id=5448)"
"838897","5523.559568294","192.168.15.4","192.168.15.3","MQTT","68","Disconnect Req"
"838911","5524.563779510","192.168.15.4","192.168.15.3","MQTT","90","Connect Command"
"838913","5524.566697847","192.168.15.4","192.168.15.3","MQTT","97","Publish Message (id=5449) [Deviceb'Device - 2']"
"838914","5524.567152055","192.168.15.3","192.168.15.4","MQTT","70","Connect Ack"
"838917","5524.569739626","192.168.15.3","192.168.15.4","MQTT","70","Publish Ack (id=5449)"
"838919","5524.570489594","192.168.15.4","192.168.15.3","MQTT","68","Disconnect Req"
"840691","5525.574678898","192.168.15.4","192.168.15.3","MQTT","90","Connect Command"
"840693","5525.577534176","192.168.15.4","192.168.15.3","MQTT","97","Publish Message (id=5450) [Deviceb'Device - 2']"
"840694","5525.577953218","192.168.15.3","192.168.15.4","MQTT","70","Connect Ack"
"840697","5525.580522064","192.168.15.3","192.168.15.4","MQTT","70","Publish Ack (id=5450)"
"840699","5525.580869942","192.168.15.4","192.168.15.3","MQTT","68","Disconnect Req"
"840711","5526.585375693","192.168.15.4","192.168.15.3","MQTT","90","Connect Command"
"840713","5526.588371486","192.168.15.4","192.168.15.3","MQTT","97","Publish Message (id=5451) [Deviceb'Device - 2']"
"840714","5526.588758878","192.168.15.3","192.168.15.4","MQTT","70","Connect Ack"
"840717","5526.591443403","192.168.15.3","192.168.15.4","MQTT","70","Publish Ack (id=5451)"
"840719","5526.591822239","192.168.15.4","192.168.15.3","MQTT","68","Disconnect Req"
"840734","5527.595588383","192.168.15.4","192.168.15.3","MQTT","90","Connect Command"
"840736","5527.598618221","192.168.15.4","192.168.15.3","MQTT","97","Publish Message (id=5452) [Deviceb'Device - 2']"
"840737","5527.599015121","192.168.15.3","192.168.15.4","MQTT","70","Connect Ack"
"840740","5527.601599927","192.168.15.3","192.168.15.4","MQTT","70","Publish Ack (id=5452)"
"840742","5527.602463279","192.168.15.4","192.168.15.3","MQTT","68","Disconnect Req"
"840754","5528.607161675","192.168.15.4","192.168.15.3","MQTT","90","Connect Command"
"840756","5528.610146007","192.168.15.4","192.168.15.3","MQTT","97","Publish Message (id=5453) [Deviceb'Device - 2']"
"840760","5528.614601279","192.168.15.3","192.168.15.4","MQTT","70","Connect Ack"
"840762","5528.617017076","192.168.15.3","192.168.15.4","MQTT","70","Publish Ack (id=5453)"
"840764","5528.617400731","192.168.15.4","192.168.15.3","MQTT","68","Disconnect Req"
"840777","5529.621404183","192.168.15.4","192.168.15.3","MQTT","90","Connect Command"
"840779","5529.624322410","192.168.15.4","192.168.15.3","MQTT","97","Publish Message (id=5454) [Deviceb'Device - 2']"
"840780","5529.624718358","192.168.15.3","192.168.15.4","MQTT","70","Connect Ack"
"840783","5529.627335035","192.168.15.3","192.168.15.4","MQTT","70","Publish Ack (id=5454)"
"840785","5529.627618110","192.168.15.4","192.168.15.3","MQTT","68","Disconnect Req"
"841292","5530.631585203","192.168.15.4","192.168.15.3","MQTT","90","Connect Command"
"841294","5530.634372973","192.168.15.4","192.168.15.3","MQTT","97","Publish Message (id=5455) [Deviceb'Device - 2']"
"841295","5530.634778670","192.168.15.3","192.168.15.4","MQTT","70","Connect Ack"
"841298","5530.637450711","192.168.15.3","192.168.15.4","MQTT","70","Publish Ack (id=5455)"
"841300","5530.638068288","192.168.15.4","192.168.15.3","MQTT","68","Disconnect Req"
"841314","5531.642674419","192.168.15.4","192.168.15.3","MQTT","90","Connect Command"
"841316","5531.645653541","192.168.15.4","192.168.15.3","MQTT","97","Publish Message (id=5456) [Deviceb'Device - 2']"
"841317","5531.646083314","192.168.15.3","192.168.15.4","MQTT","70","Connect Ack"
"841320","5531.648681125","192.168.15.3","192.168.15.4","MQTT","70","Publish Ack (id=5456)"
"841322","5531.649532314","192.168.15.4","192.168.15.3","MQTT","68","Disconnect Req"
"841371","5532.653566133","192.168.15.4","192.168.15.3","MQTT","90","Connect Command"
"841373","5532.656454323","192.168.15.4","192.168.15.3","MQTT","97","Publish Message (id=5457) [Deviceb'Device - 2']"
"841374","5532.656887732","192.168.15.3","192.168.15.4","MQTT","70","Connect Ack"
"841377","5532.659394571","192.168.15.3","192.168.15.4","MQTT","70","Publish Ack (id=5457)"
"841379","5532.659775360","192.168.15.4","192.168.15.3","MQTT","68","Disconnect Req"
"841391","5533.663842293","192.168.15.4","192.168.15.3","MQTT","90","Connect Command"
"841393","5533.666475881","192.168.15.4","192.168.15.3","MQTT","97","Publish Message (id=5458) [Deviceb'Device - 2']"
"841395","5533.670803582","192.168.15.3","192.168.15.4","MQTT","70","Connect Ack"
"841397","5533.674024881","192.168.15.3","192.168.15.4","MQTT","70","Publish Ack (id=5458)"
"841399","5533.674795809","192.168.15.4","192.168.15.3","MQTT","68","Disconnect Req"
"841411","5534.679180942","192.168.15.4","192.168.15.3","MQTT","90","Connect Command"
"841413","5534.682194950","192.168.15.4","192.168.15.3","MQTT","97","Publish Message (id=5459) [Deviceb'Device - 2']"
"841414","5534.682604124","192.168.15.3","192.168.15.4","MQTT","70","Connect Ack"
"841417","5534.685301162","192.168.15.3","192.168.15.4","MQTT","70","Publish Ack (id=5459)"
"841419","5534.685599115","192.168.15.4","192.168.15.3","MQTT","68","Disconnect Req"
"841431","5535.689914547","192.168.15.4","192.168.15.3","MQTT","90","Connect Command"
"841433","5535.692805361","192.168.15.4","192.168.15.3","MQTT","97","Publish Message (id=5460) [Deviceb'Device - 2']"
"841434","5535.693247597","192.168.15.3","192.168.15.4","MQTT","70","Connect Ack"
"841437","5535.695767280","192.168.15.3","192.168.15.4","MQTT","70","Publish Ack (id=5460)"
"841439","5535.696417680","192.168.15.4","192.168.15.3","MQTT","68","Disconnect Req"
"841452","5536.701213629","192.168.15.4","192.168.15.3","MQTT","90","Connect Command"
"841454","5536.706072524","192.168.15.4","192.168.15.3","MQTT","97","Publish Message (id=5461) [Deviceb'Device - 2']"
"841455","5536.706515662","192.168.15.3","192.168.15.4","MQTT","70","Connect Ack"
"841458","5536.709204736","192.168.15.3","192.168.15.4","MQTT","70","Publish Ack (id=5461)"
"841460","5536.709878048","192.168.15.4","192.168.15.3","MQTT","68","Disconnect Req"
"841475","5537.714390592","192.168.15.4","192.168.15.3","MQTT","90","Connect Command"
"841477","5537.717277660","192.168.15.4","192.168.15.3","MQTT","97","Publish Message (id=5462) [Deviceb'Device - 2']"
"841478","5537.717689398","192.168.15.3","192.168.15.4","MQTT","70","Connect Ack"
"841481","5537.720226454","192.168.15.3","192.168.15.4","MQTT","70","Publish Ack (id=5462)"
"841483","5537.721348706","192.168.15.4","192.168.15.3","MQTT","68","Disconnect Req"
"843063","5538.725356194","192.168.15.4","192.168.15.3","MQTT","90","Connect Command"
"843065","5538.728351847","192.168.15.4","192.168.15.3","MQTT","97","Publish Message (id=5463) [Deviceb'Device - 2']"
"843067","5538.733098601","192.168.15.3","192.168.15.4","MQTT","70","Connect Ack"
"843069","5538.735582877","192.168.15.3","192.168.15.4","MQTT","70","Publish Ack (id=5463)"
"843071","5538.736322936","192.168.15.4","192.168.15.3","MQTT","68","Disconnect Req"
"843099","5539.741425615","192.168.15.4","192.168.15.3","MQTT","90","Connect Command"
"843101","5539.744363368","192.168.15.4","192.168.15.3","MQTT","97","Publish Message (id=5464) [Deviceb'Device - 2']"
"843102","5539.744803490","192.168.15.3","192.168.15.4","MQTT","70","Connect Ack"
"843105","5539.747625926","192.168.15.3","192.168.15.4","MQTT","70","Publish Ack (id=5464)"
"843107","5539.747988952","192.168.15.4","192.168.15.3","MQTT","68","Disconnect Req"
"843120","5540.752986452","192.168.15.4","192.168.15.3","MQTT","90","Connect Command"
"843122","5540.755875443","192.168.15.4","192.168.15.3","MQTT","97","Publish Message (id=5465) [Deviceb'Device - 2']"
"843123","5540.756280118","192.168.15.3","192.168.15.4","MQTT","70","Connect Ack"
"843126","5540.758810412","192.168.15.3","192.168.15.4","MQTT","70","Publish Ack (id=5465)"
"843128","5540.759616205","192.168.15.4","192.168.15.3","MQTT","68","Disconnect Req"
"843142","5541.763990877","192.168.15.4","192.168.15.3","MQTT","90","Connect Command"
"843144","5541.766900437","192.168.15.4","192.168.15.3","MQTT","97","Publish Message (id=5466) [Deviceb'Device - 2']"
"843145","5541.767323036","192.168.15.3","192.168.15.4","MQTT","70","Connect Ack"
"843148","5541.769485184","192.168.15.3","192.168.15.4","MQTT","70","Publish Ack (id=5466)"
"843150","5541.770279515","192.168.15.4","192.168.15.3","MQTT","68","Disconnect Req"
"843165","5542.774132412","192.168.15.4","192.168.15.3","MQTT","90","Connect Command"
"843167","5542.777039087","192.168.15.4","192.168.15.3","MQTT","97","Publish Message (id=5467) [Deviceb'Device - 2']"
"843168","5542.777437910","192.168.15.3","192.168.15.4","MQTT","70","Connect Ack"
"843171","5542.779720536","192.168.15.3","192.168.15.4","MQTT","70","Publish Ack (id=5467)"
"843173","5542.780520157","192.168.15.4","192.168.15.3","MQTT","68","Disconnect Req"
"843187","5543.784999888","192.168.15.4","192.168.15.3","MQTT","90","Connect Command"
"843189","5543.787861658","192.168.15.4","192.168.15.3","MQTT","97","Publish Message (id=5468) [Deviceb'Device - 2']"
"843192","5543.792157609","192.168.15.3","192.168.15.4","MQTT","70","Connect Ack"
"843194","5543.794666722","192.168.15.3","192.168.15.4","MQTT","70","Publish Ack (id=5468)"
"843196","5543.795279921","192.168.15.4","192.168.15.3","MQTT","68","Disconnect Req"
"843211","5544.799690651","192.168.15.4","192.168.15.3","MQTT","90","Connect Command"
"843213","5544.802608337","192.168.15.4","192.168.15.3","MQTT","97","Publish Message (id=5469) [Deviceb'Device - 2']"
"843214","5544.802949742","192.168.15.3","192.168.15.4","MQTT","70","Connect Ack"
"843217","5544.805257635","192.168.15.3","192.168.15.4","MQTT","70","Publish Ack (id=5469)"
"843219","5544.805766808","192.168.15.4","192.168.15.3","MQTT","68","Disconnect Req"
"843236","5545.809363639","192.168.15.4","192.168.15.3","MQTT","90","Connect Command"
"843238","5545.812967933","192.168.15.4","192.168.15.3","MQTT","97","Publish Message (id=5470) [Deviceb'Device - 2']"
"843239","5545.813345797","192.168.15.3","192.168.15.4","MQTT","70","Connect Ack"
"843242","5545.815486945","192.168.15.3","192.168.15.4","MQTT","70","Publish Ack (id=5470)"
"843244","5545.815815786","192.168.15.4","192.168.15.3","MQTT","68","Disconnect Req"
"845096","5546.819202471","192.168.15.4","192.168.15.3","MQTT","90","Connect Command"
"845098","5546.822225125","192.168.15.4","192.168.15.3","MQTT","97","Publish Message (id=5471) [Deviceb'Device - 2']"
"845099","5546.822640640","192.168.15.3","192.168.15.4","MQTT","70","Connect Ack"
"845102","5546.825005310","192.168.15.3","192.168.15.4","MQTT","70","Publish Ack (id=5471)"
"845104","5546.825246025","192.168.15.4","192.168.15.3","MQTT","68","Disconnect Req"
"845121","5547.830527332","192.168.15.4","192.168.15.3","MQTT","90","Connect Command"
"845123","5547.833472389","192.168.15.4","192.168.15.3","MQTT","97","Publish Message (id=5472) [Deviceb'Device - 2']"
"845124","5547.833868568","192.168.15.3","192.168.15.4","MQTT","70","Connect Ack"
"845127","5547.835964780","192.168.15.3","192.168.15.4","MQTT","70","Publish Ack (id=5472)"
"845129","5547.836349948","192.168.15.4","192.168.15.3","MQTT","68","Disconnect Req"
"845141","5548.840992928","192.168.15.4","192.168.15.3","MQTT","90","Connect Command"
"845143","5548.845614113","192.168.15.4","192.168.15.3","MQTT","97","Publish Message (id=5473) [Deviceb'Device - 2']"
"845145","5548.849871331","192.168.15.3","192.168.15.4","MQTT","70","Connect Ack"
"845147","5548.852323437","192.168.15.3","192.168.15.4","MQTT","70","Publish Ack (id=5473)"
"845149","5548.852718323","192.168.15.4","192.168.15.3","MQTT","68","Disconnect Req"
"845547","5549.856957439","192.168.15.4","192.168.15.3","MQTT","90","Connect Command"
"845549","5549.859994791","192.168.15.4","192.168.15.3","MQTT","97","Publish Message (id=5474) [Deviceb'Device - 2']"
"845550","5549.860440844","192.168.15.3","192.168.15.4","MQTT","70","Connect Ack"
"845553","5549.862477234","192.168.15.3","192.168.15.4","MQTT","70","Publish Ack (id=5474)"
"845555","5549.862736414","192.168.15.4","192.168.15.3","MQTT","68","Disconnect Req"
"845567","5550.866811659","192.168.15.4","192.168.15.3","MQTT","90","Connect Command"
"845571","5550.871765504","192.168.15.4","192.168.15.3","MQTT","97","Publish Message (id=5475) [Deviceb'Device - 2']"
"845572","5550.872132598","192.168.15.3","192.168.15.4","MQTT","70","Connect Ack"
"845575","5550.874745127","192.168.15.3","192.168.15.4","MQTT","70","Publish Ack (id=5475)"
"845577","5550.875030486","192.168.15.4","192.168.15.3","MQTT","68","Disconnect Req"
"845587","5551.878703321","192.168.15.4","192.168.15.3","MQTT","90","Connect Command"
"845589","5551.881791228","192.168.15.4","192.168.15.3","MQTT","97","Publish Message (id=5476) [Deviceb'Device - 2']"
"845590","5551.882169043","192.168.15.3","192.168.15.4","MQTT","70","Connect Ack"
"845593","5551.884755672","192.168.15.3","192.168.15.4","MQTT","70","Publish Ack (id=5476)"
"845595","5551.885206665","192.168.15.4","192.168.15.3","MQTT","68","Disconnect Req"
"845620","5552.889330052","192.168.15.4","192.168.15.3","MQTT","90","Connect Command"
"845622","5552.892403381","192.168.15.4","192.168.15.3","MQTT","97","Publish Message (id=5477) [Deviceb'Device - 2']"
"845623","5552.892779543","192.168.15.3","192.168.15.4","MQTT","70","Connect Ack"
"845626","5552.895411789","192.168.15.3","192.168.15.4","MQTT","70","Publish Ack (id=5477)"
"845628","5552.895705714","192.168.15.4","192.168.15.3","MQTT","68","Disconnect Req"
"845640","5553.899163322","192.168.15.4","192.168.15.3","MQTT","90","Connect Command"
"845642","5553.902180776","192.168.15.4","192.168.15.3","MQTT","97","Publish Message (id=5478) [Deviceb'Device - 2']"
"845644","5553.906296547","192.168.15.3","192.168.15.4","MQTT","70","Connect Ack"
"845646","5553.908798486","192.168.15.3","192.168.15.4","MQTT","70","Publish Ack (id=5478)"
"845648","5553.909698418","192.168.15.4","192.168.15.3","MQTT","68","Disconnect Req"
"847511","5554.913540442","192.168.15.4","192.168.15.3","MQTT","90","Connect Command"
"847513","5554.916492402","192.168.15.4","192.168.15.3","MQTT","97","Publish Message (id=5479) [Deviceb'Device - 2']"
"847514","5554.916864887","192.168.15.3","192.168.15.4","MQTT","70","Connect Ack"
"847517","5554.919572365","192.168.15.3","192.168.15.4","MQTT","70","Publish Ack (id=5479)"
"847519","5554.920287847","192.168.15.4","192.168.15.3","MQTT","68","Disconnect Req"
"847531","5555.924107570","192.168.15.4","192.168.15.3","MQTT","90","Connect Command"
"847533","5555.927149109","192.168.15.4","192.168.15.3","MQTT","97","Publish Message (id=5480) [Deviceb'Device - 2']"
"847534","5555.927587197","192.168.15.3","192.168.15.4","MQTT","70","Connect Ack"
"847537","5555.930202952","192.168.15.3","192.168.15.4","MQTT","70","Publish Ack (id=5480)"
"847539","5555.930538877","192.168.15.4","192.168.15.3","MQTT","68","Disconnect Req"
"847551","5556.933703290","192.168.15.4","192.168.15.3","MQTT","90","Connect Command"
"847553","5556.936755129","192.168.15.4","192.168.15.3","MQTT","97","Publish Message (id=5481) [Deviceb'Device - 2']"
"847554","5556.937128916","192.168.15.3","192.168.15.4","MQTT","70","Connect Ack"
"847557","5556.939291825","192.168.15.3","192.168.15.4","MQTT","70","Publish Ack (id=5481)"
"847559","5556.939664639","192.168.15.4","192.168.15.3","MQTT","68","Disconnect Req"
"847574","5557.943244939","192.168.15.4","192.168.15.3","MQTT","90","Connect Command"
"847576","5557.946212389","192.168.15.4","192.168.15.3","MQTT","97","Publish Message (id=5482) [Deviceb'Device - 2']"
"847577","5557.946609700","192.168.15.3","192.168.15.4","MQTT","70","Connect Ack"
"847580","5557.949077195","192.168.15.3","192.168.15.4","MQTT","70","Publish Ack (id=5482)"
"847582","5557.949905490","192.168.15.4","192.168.15.3","MQTT","68","Disconnect Req"
"847594","5558.954364010","192.168.15.4","192.168.15.3","MQTT","90","Connect Command"
"847596","5558.957392826","192.168.15.4","192.168.15.3","MQTT","97","Publish Message (id=5483) [Deviceb'Device - 2']"
"847598","5558.961524767","192.168.15.3","192.168.15.4","MQTT","70","Connect Ack"
"847600","5558.964096468","192.168.15.3","192.168.15.4","MQTT","70","Publish Ack (id=5483)"
"847602","5558.964863789","192.168.15.4","192.168.15.3","MQTT","68","Disconnect Req"
"847615","5559.968774121","192.168.15.4","192.168.15.3","MQTT","90","Connect Command"
"847617","5559.971767299","192.168.15.4","192.168.15.3","MQTT","97","Publish Message (id=5484) [Deviceb'Device - 2']"
"847618","5559.972171554","192.168.15.3","192.168.15.4","MQTT","70","Connect Ack"
"847621","5559.974798570","192.168.15.3","192.168.15.4","MQTT","70","Publish Ack (id=5484)"
"847623","5559.975430194","192.168.15.4","192.168.15.3","MQTT","68","Disconnect Req"
"847638","5560.979697282","192.168.15.4","192.168.15.3","MQTT","90","Connect Command"
"847640","5560.982600710","192.168.15.4","192.168.15.3","MQTT","97","Publish Message (id=5485) [Deviceb'Device - 2']"
"847641","5560.983005565","192.168.15.3","192.168.15.4","MQTT","70","Connect Ack"
"847644","5560.985730637","192.168.15.3","192.168.15.4","MQTT","70","Publish Ack (id=5485)"
"847646","5560.986266520","192.168.15.4","192.168.15.3","MQTT","68","Disconnect Req"
"847668","5561.990083777","192.168.15.4","192.168.15.3","MQTT","90","Connect Command"
"847670","5561.993045085","192.168.15.4","192.168.15.3","MQTT","97","Publish Message (id=5486) [Deviceb'Device - 2']"
"847671","5561.993388735","192.168.15.3","192.168.15.4","MQTT","70","Connect Ack"
"847674","5561.995775386","192.168.15.3","192.168.15.4","MQTT","70","Publish Ack (id=5486)"
"847676","5561.996591399","192.168.15.4","192.168.15.3","MQTT","68","Disconnect Req"
"847695","5563.001060779","192.168.15.4","192.168.15.3","MQTT","90","Connect Command"
"847697","5563.004010936","192.168.15.4","192.168.15.3","MQTT","97","Publish Message (id=5487) [Deviceb'Device - 2']"
"847698","5563.004985979","192.168.15.3","192.168.15.4","MQTT","70","Connect Ack"
"847701","5563.006594029","192.168.15.3","192.168.15.4","MQTT","70","Publish Ack (id=5487)"
"847703","5563.007264717","192.168.15.4","192.168.15.3","MQTT","68","Disconnect Req"
"847714","5564.011653912","192.168.15.4","192.168.15.3","MQTT","90","Connect Command"
"847716","5564.014591975","192.168.15.4","192.168.15.3","MQTT","97","Publish Message (id=5488) [Deviceb'Device - 2']"
"847718","5564.018996229","192.168.15.3","192.168.15.4","MQTT","70","Connect Ack"
"847720","5564.021760844","192.168.15.3","192.168.15.4","MQTT","70","Publish Ack (id=5488)"
"847722","5564.022542781","192.168.15.4","192.168.15.3","MQTT","68","Disconnect Req"
"849414","5565.026472269","192.168.15.4","192.168.15.3","MQTT","90","Connect Command"
"849416","5565.031260436","192.168.15.4","192.168.15.3","MQTT","97","Publish Message (id=5489) [Deviceb'Device - 2']"
"849417","5565.031654109","192.168.15.3","192.168.15.4","MQTT","70","Connect Ack"
"849421","5565.034327084","192.168.15.3","192.168.15.4","MQTT","70","Publish Ack (id=5489)"
"849423","5565.034949509","192.168.15.4","192.168.15.3","MQTT","68","Disconnect Req"
"849960","5566.038887637","192.168.15.4","192.168.15.3","MQTT","90","Connect Command"
"849962","5566.041802799","192.168.15.4","192.168.15.3","MQTT","97","Publish Message (id=5490) [Deviceb'Device - 2']"
"849963","5566.042235996","192.168.15.3","192.168.15.4","MQTT","70","Connect Ack"
"849966","5566.044659561","192.168.15.3","192.168.15.4","MQTT","70","Publish Ack (id=5490)"
"849968","5566.045381834","192.168.15.4","192.168.15.3","MQTT","68","Disconnect Req"
"850410","5567.049326249","192.168.15.4","192.168.15.3","MQTT","90","Connect Command"
"850412","5567.052261038","192.168.15.4","192.168.15.3","MQTT","97","Publish Message (id=5491) [Deviceb'Device - 2']"
"850413","5567.052635434","192.168.15.3","192.168.15.4","MQTT","70","Connect Ack"
"850416","5567.055121587","192.168.15.3","192.168.15.4","MQTT","70","Publish Ack (id=5491)"
"850418","5567.055807261","192.168.15.4","192.168.15.3","MQTT","68","Disconnect Req"
"850434","5568.060053219","192.168.15.4","192.168.15.3","MQTT","90","Connect Command"
"850436","5568.062939907","192.168.15.4","192.168.15.3","MQTT","97","Publish Message (id=5492) [Deviceb'Device - 2']"
"850437","5568.063316888","192.168.15.3","192.168.15.4","MQTT","70","Connect Ack"
"850440","5568.065872171","192.168.15.3","192.168.15.4","MQTT","70","Publish Ack (id=5492)"
"850442","5568.066737023","192.168.15.4","192.168.15.3","MQTT","68","Disconnect Req"
"850455","5569.070736232","192.168.15.4","192.168.15.3","MQTT","90","Connect Command"
"850457","5569.073697972","192.168.15.4","192.168.15.3","MQTT","97","Publish Message (id=5493) [Deviceb'Device - 2']"
"850459","5569.077996344","192.168.15.3","192.168.15.4","MQTT","70","Connect Ack"
"850461","5569.080547369","192.168.15.3","192.168.15.4","MQTT","70","Publish Ack (id=5493)"
"850463","5569.081387976","192.168.15.4","192.168.15.3","MQTT","68","Disconnect Req"
"850477","5570.086165348","192.168.15.4","192.168.15.3","MQTT","90","Connect Command"
"850479","5570.089024835","192.168.15.4","192.168.15.3","MQTT","97","Publish Message (id=5494) [Deviceb'Device - 2']"
"850480","5570.089443966","192.168.15.3","192.168.15.4","MQTT","70","Connect Ack"
"850483","5570.091910772","192.168.15.3","192.168.15.4","MQTT","70","Publish Ack (id=5494)"
"850485","5570.092713908","192.168.15.4","192.168.15.3","MQTT","68","Disconnect Req"
"850501","5571.096767048","192.168.15.4","192.168.15.3","MQTT","90","Connect Command"
"850503","5571.099676259","192.168.15.4","192.168.15.3","MQTT","97","Publish Message (id=5495) [Deviceb'Device - 2']"
"850504","5571.100153249","192.168.15.3","192.168.15.4","MQTT","70","Connect Ack"
"850507","5571.102607040","192.168.15.3","192.168.15.4","MQTT","70","Publish Ack (id=5495)"
"850509","5571.103212864","192.168.15.4","192.168.15.3","MQTT","68","Disconnect Req"
"850521","5572.107664270","192.168.15.4","192.168.15.3","MQTT","90","Connect Command"
"850523","5572.110590022","192.168.15.4","192.168.15.3","MQTT","97","Publish Message (id=5496) [Deviceb'Device - 2']"
"850524","5572.111038990","192.168.15.3","192.168.15.4","MQTT","70","Connect Ack"
"850527","5572.113668783","192.168.15.3","192.168.15.4","MQTT","70","Publish Ack (id=5496)"
"850529","5572.114675673","192.168.15.4","192.168.15.3","MQTT","68","Disconnect Req"
"850544","5573.119028489","192.168.15.4","192.168.15.3","MQTT","90","Connect Command"
"850546","5573.122022741","192.168.15.4","192.168.15.3","MQTT","97","Publish Message (id=5497) [Deviceb'Device - 2']"
"850547","5573.123362690","192.168.15.3","192.168.15.4","MQTT","70","Connect Ack"
"850550","5573.125093266","192.168.15.3","192.168.15.4","MQTT","70","Publish Ack (id=5497)"
"850552","5573.125684812","192.168.15.4","192.168.15.3","MQTT","68","Disconnect Req"
"850564","5574.129691791","192.168.15.4","192.168.15.3","MQTT","90","Connect Command"
"850566","5574.132655194","192.168.15.4","192.168.15.3","MQTT","97","Publish Message (id=5498) [Deviceb'Device - 2']"
"850567","5574.133743758","192.168.15.3","192.168.15.4","MQTT","70","Connect Ack"
"850570","5574.135546771","192.168.15.3","192.168.15.4","MQTT","70","Publish Ack (id=5498)"
"850572","5574.135930365","192.168.15.4","192.168.15.3","MQTT","68","Disconnect Req"
"853146","5575.140133308","192.168.15.4","192.168.15.3","MQTT","90","Connect Command"
"853148","5575.143136747","192.168.15.4","192.168.15.3","MQTT","97","Publish Message (id=5499) [Deviceb'Device - 2']"
"853149","5575.143558844","192.168.15.3","192.168.15.4","MQTT","70","Connect Ack"
"853152","5575.146182436","192.168.15.3","192.168.15.4","MQTT","70","Publish Ack (id=5499)"
"853154","5575.146703078","192.168.15.4","192.168.15.3","MQTT","68","Disconnect Req"
"853166","5576.150772073","192.168.15.4","192.168.15.3","MQTT","90","Connect Command"
"853168","5576.153778006","192.168.15.4","192.168.15.3","MQTT","97","Publish Message (id=5500) [Deviceb'Device - 2']"
"853169","5576.154300402","192.168.15.3","192.168.15.4","MQTT","70","Connect Ack"
"853172","5576.156803627","192.168.15.3","192.168.15.4","MQTT","70","Publish Ack (id=5500)"
"853174","5576.157193273","192.168.15.4","192.168.15.3","MQTT","68","Disconnect Req"
"853187","5577.160737442","192.168.15.4","192.168.15.3","MQTT","90","Connect Command"
"853189","5577.163785715","192.168.15.4","192.168.15.3","MQTT","97","Publish Message (id=5501) [Deviceb'Device - 2']"
"853190","5577.164251474","192.168.15.3","192.168.15.4","MQTT","70","Connect Ack"
"853193","5577.166678825","192.168.15.3","192.168.15.4","MQTT","70","Publish Ack (id=5501)"
"853195","5577.167116792","192.168.15.4","192.168.15.3","MQTT","68","Disconnect Req"
"853441","5578.171256421","192.168.15.4","192.168.15.3","MQTT","90","Connect Command"
"853444","5578.174245632","192.168.15.4","192.168.15.3","MQTT","97","Publish Message (id=5502) [Deviceb'Device - 2']"
"853445","5578.174675053","192.168.15.3","192.168.15.4","MQTT","70","Connect Ack"
"853448","5578.177370490","192.168.15.3","192.168.15.4","MQTT","70","Publish Ack (id=5502)"
"853450","5578.177653985","192.168.15.4","192.168.15.3","MQTT","68","Disconnect Req"
"853464","5579.181331085","192.168.15.4","192.168.15.3","MQTT","90","Connect Command"
"853466","5579.184288527","192.168.15.4","192.168.15.3","MQTT","97","Publish Message (id=5503) [Deviceb'Device - 2']"
"853468","5579.188654487","192.168.15.3","192.168.15.4","MQTT","70","Connect Ack"
"853470","5579.191121954","192.168.15.3","192.168.15.4","MQTT","70","Publish Ack (id=5503)"
"853472","5579.191460363","192.168.15.4","192.168.15.3","MQTT","68","Disconnect Req"
"853496","5580.195627383","192.168.15.4","192.168.15.3","MQTT","90","Connect Command"
"853498","5580.198535401","192.168.15.4","192.168.15.3","MQTT","97","Publish Message (id=5504) [Deviceb'Device - 2']"
"853499","5580.198932260","192.168.15.3","192.168.15.4","MQTT","70","Connect Ack"
"853502","5580.201602320","192.168.15.3","192.168.15.4","MQTT","70","Publish Ack (id=5504)"
"853504","5580.202046068","192.168.15.4","192.168.15.3","MQTT","68","Disconnect Req"
"853516","5581.206203454","192.168.15.4","192.168.15.3","MQTT","90","Connect Command"
"853518","5581.209519803","192.168.15.4","192.168.15.3","MQTT","97","Publish Message (id=5505) [Deviceb'Device - 2']"
"853519","5581.209531375","192.168.15.3","192.168.15.4","MQTT","70","Connect Ack"
"853522","5581.215687204","192.168.15.3","192.168.15.4","MQTT","70","Publish Ack (id=5505)"
"853524","5581.216070387","192.168.15.4","192.168.15.3","MQTT","68","Disconnect Req"
"853536","5582.220295566","192.168.15.4","192.168.15.3","MQTT","90","Connect Command"
"853538","5582.223296129","192.168.15.4","192.168.15.3","MQTT","97","Publish Message (id=5506) [Deviceb'Device - 2']"
"853539","5582.223710201","192.168.15.3","192.168.15.4","MQTT","70","Connect Ack"
"853542","5582.226287725","192.168.15.3","192.168.15.4","MQTT","70","Publish Ack (id=5506)"
"853544","5582.226569247","192.168.15.4","192.168.15.3","MQTT","68","Disconnect Req"
"853567","5583.230458016","192.168.15.4","192.168.15.3","MQTT","90","Connect Command"
"853569","5583.233328413","192.168.15.4","192.168.15.3","MQTT","97","Publish Message (id=5507) [Deviceb'Device - 2']"
"853570","5583.233749488","192.168.15.3","192.168.15.4","MQTT","70","Connect Ack"
"853573","5583.236375935","192.168.15.3","192.168.15.4","MQTT","70","Publish Ack (id=5507)"
"853575","5583.236890136","192.168.15.4","192.168.15.3","MQTT","68","Disconnect Req"
"855330","5584.240991941","192.168.15.4","192.168.15.3","MQTT","90","Connect Command"
"855332","5584.243974090","192.168.15.4","192.168.15.3","MQTT","97","Publish Message (id=5508) [Deviceb'Device - 2']"
"855334","5584.248409161","192.168.15.3","192.168.15.4","MQTT","70","Connect Ack"
"855336","5584.250953644","192.168.15.3","192.168.15.4","MQTT","70","Publish Ack (id=5508)"
"855338","5584.251343079","192.168.15.4","192.168.15.3","MQTT","68","Disconnect Req"
"855357","5585.254801044","192.168.15.4","192.168.15.3","MQTT","90","Connect Command"
"855359","5585.257811125","192.168.15.4","192.168.15.3","MQTT","97","Publish Message (id=5509) [Deviceb'Device - 2']"
"855360","5585.258233633","192.168.15.3","192.168.15.4","MQTT","70","Connect Ack"
"855363","5585.260699216","192.168.15.3","192.168.15.4","MQTT","70","Publish Ack (id=5509)"
"855365","5585.261061971","192.168.15.4","192.168.15.3","MQTT","68","Disconnect Req"
"855412","5586.265080910","192.168.15.4","192.168.15.3","MQTT","90","Connect Command"
"855414","5586.268074410","192.168.15.4","192.168.15.3","MQTT","97","Publish Message (id=5510) [Deviceb'Device - 2']"
"855415","5586.268490075","192.168.15.3","192.168.15.4","MQTT","70","Connect Ack"
"855418","5586.270938045","192.168.15.3","192.168.15.4","MQTT","70","Publish Ack (id=5510)"
"855420","5586.271565770","192.168.15.4","192.168.15.3","MQTT","68","Disconnect Req"
"855685","5587.275402120","192.168.15.4","192.168.15.3","MQTT","90","Connect Command"
"855687","5587.278329475","192.168.15.4","192.168.15.3","MQTT","97","Publish Message (id=5511) [Deviceb'Device - 2']"
"855688","5587.278795705","192.168.15.3","192.168.15.4","MQTT","70","Connect Ack"
"855691","5587.281401053","192.168.15.3","192.168.15.4","MQTT","70","Publish Ack (id=5511)"
"855693","5587.281915494","192.168.15.4","192.168.15.3","MQTT","68","Disconnect Req"
"855717","5588.286012661","192.168.15.4","192.168.15.3","MQTT","90","Connect Command"
"855719","5588.288909668","192.168.15.4","192.168.15.3","MQTT","97","Publish Message (id=5512) [Deviceb'Device - 2']"
"855720","5588.289328699","192.168.15.3","192.168.15.4","MQTT","70","Connect Ack"
"855723","5588.292015079","192.168.15.3","192.168.15.4","MQTT","70","Publish Ack (id=5512)"
"855725","5588.292373856","192.168.15.4","192.168.15.3","MQTT","68","Disconnect Req"
"855738","5589.296508679","192.168.15.4","192.168.15.3","MQTT","90","Connect Command"
"855740","5589.299348469","192.168.15.4","192.168.15.3","MQTT","97","Publish Message (id=5513) [Deviceb'Device - 2']"
"855742","5589.304545899","192.168.15.3","192.168.15.4","MQTT","70","Connect Ack"
"855744","5589.307013587","192.168.15.3","192.168.15.4","MQTT","70","Publish Ack (id=5513)"
"855746","5589.307312260","192.168.15.4","192.168.15.3","MQTT","68","Disconnect Req"
"855758","5590.311943103","192.168.15.4","192.168.15.3","MQTT","90","Connect Command"
"855760","5590.314835242","192.168.15.4","192.168.15.3","MQTT","97","Publish Message (id=5514) [Deviceb'Device - 2']"
"855761","5590.315268700","192.168.15.3","192.168.15.4","MQTT","70","Connect Ack"
"855764","5590.317758459","192.168.15.3","192.168.15.4","MQTT","70","Publish Ack (id=5514)"
"855766","5590.318089514","192.168.15.4","192.168.15.3","MQTT","68","Disconnect Req"
"855778","5591.321696259","192.168.15.4","192.168.15.3","MQTT","90","Connect Command"
"855780","5591.324657659","192.168.15.4","192.168.15.3","MQTT","97","Publish Message (id=5515) [Deviceb'Device - 2']"
"855781","5591.325058145","192.168.15.3","192.168.15.4","MQTT","70","Connect Ack"
"855784","5591.327601726","192.168.15.3","192.168.15.4","MQTT","70","Publish Ack (id=5515)"
"855786","5591.327892575","192.168.15.4","192.168.15.3","MQTT","68","Disconnect Req"
"855828","5592.332289546","192.168.15.4","192.168.15.3","MQTT","90","Connect Command"
"855830","5592.335183849","192.168.15.4","192.168.15.3","MQTT","97","Publish Message (id=5516) [Deviceb'Device - 2']"
"855831","5592.335635121","192.168.15.3","192.168.15.4","MQTT","70","Connect Ack"
"855834","5592.338526538","192.168.15.3","192.168.15.4","MQTT","70","Publish Ack (id=5516)"
"855836","5592.338787130","192.168.15.4","192.168.15.3","MQTT","68","Disconnect Req"
"855862","5593.342196904","192.168.15.4","192.168.15.3","MQTT","90","Connect Command"
"855864","5593.345156530","192.168.15.4","192.168.15.3","MQTT","97","Publish Message (id=5517) [Deviceb'Device - 2']"
"855865","5593.345563869","192.168.15.3","192.168.15.4","MQTT","70","Connect Ack"
"855868","5593.348092762","192.168.15.3","192.168.15.4","MQTT","70","Publish Ack (id=5517)"
"855870","5593.348603646","192.168.15.4","192.168.15.3","MQTT","68","Disconnect Req"
"855882","5594.352837118","192.168.15.4","192.168.15.3","MQTT","90","Connect Command"
"855884","5594.355860404","192.168.15.4","192.168.15.3","MQTT","97","Publish Message (id=5518) [Deviceb'Device - 2']"
"855886","5594.360242456","192.168.15.3","192.168.15.4","MQTT","70","Connect Ack"
"855888","5594.362683793","192.168.15.3","192.168.15.4","MQTT","70","Publish Ack (id=5518)"
"855890","5594.363058050","192.168.15.4","192.168.15.3","MQTT","68","Disconnect Req"
"857552","5595.368217074","192.168.15.4","192.168.15.3","MQTT","90","Connect Command"
"857604","5595.373771929","192.168.15.4","192.168.15.3","MQTT","97","Publish Message (id=5519) [Deviceb'Device - 2']"
"857615","5595.374698848","192.168.15.3","192.168.15.4","MQTT","70","Connect Ack"
"857638","5595.377146799","192.168.15.3","192.168.15.4","MQTT","70","Publish Ack (id=5519)"
"857648","5595.378058530","192.168.15.4","192.168.15.3","MQTT","68","Disconnect Req"
"857763","5596.383035695","192.168.15.4","192.168.15.3","MQTT","90","Connect Command"
"857765","5596.387868336","192.168.15.4","192.168.15.3","MQTT","97","Publish Message (id=5520) [Deviceb'Device - 2']"
"857766","5596.388242382","192.168.15.3","192.168.15.4","MQTT","70","Connect Ack"
"857770","5596.390890461","192.168.15.3","192.168.15.4","MQTT","70","Publish Ack (id=5520)"
"857772","5596.391546098","192.168.15.4","192.168.15.3","MQTT","68","Disconnect Req"
"857787","5597.396197444","192.168.15.4","192.168.15.3","MQTT","90","Connect Command"
"857789","5597.399074805","192.168.15.4","192.168.15.3","MQTT","97","Publish Message (id=5521) [Deviceb'Device - 2']"
"857790","5597.399457016","192.168.15.3","192.168.15.4","MQTT","70","Connect Ack"
"857793","5597.402127717","192.168.15.3","192.168.15.4","MQTT","70","Publish Ack (id=5521)"
"857795","5597.402662877","192.168.15.4","192.168.15.3","MQTT","68","Disconnect Req"
"858166","5598.406961371","192.168.15.4","192.168.15.3","MQTT","90","Connect Command"
"858168","5598.409860313","192.168.15.4","192.168.15.3","MQTT","97","Publish Message (id=5522) [Deviceb'Device - 2']"
"858169","5598.410286728","192.168.15.3","192.168.15.4","MQTT","70","Connect Ack"
"858172","5598.412780245","192.168.15.3","192.168.15.4","MQTT","70","Publish Ack (id=5522)"
"858174","5598.413672909","192.168.15.4","192.168.15.3","MQTT","68","Disconnect Req"
"858190","5599.418563136","192.168.15.4","192.168.15.3","MQTT","90","Connect Command"
"858192","5599.421569280","192.168.15.4","192.168.15.3","MQTT","97","Publish Message (id=5523) [Deviceb'Device - 2']"
"858194","5599.425934559","192.168.15.3","192.168.15.4","MQTT","70","Connect Ack"
"858196","5599.429086148","192.168.15.3","192.168.15.4","MQTT","70","Publish Ack (id=5523)"
"858198","5599.429877181","192.168.15.4","192.168.15.3","MQTT","68","Disconnect Req"
"858210","5600.433647247","192.168.15.4","192.168.15.3","MQTT","90","Connect Command"
"858212","5600.436564784","192.168.15.4","192.168.15.3","MQTT","97","Publish Message (id=5524) [Deviceb'Device - 2']"
"858213","5600.436979577","192.168.15.3","192.168.15.4","MQTT","70","Connect Ack"
"858216","5600.440143439","192.168.15.3","192.168.15.4","MQTT","70","Publish Ack (id=5524)"
"858218","5600.440817711","192.168.15.4","192.168.15.3","MQTT","68","Disconnect Req"
"858232","5601.444388406","192.168.15.4","192.168.15.3","MQTT","90","Connect Command"
"858234","5601.447431670","192.168.15.4","192.168.15.3","MQTT","97","Publish Message (id=5525) [Deviceb'Device - 2']"
"858235","5601.447835853","192.168.15.3","192.168.15.4","MQTT","70","Connect Ack"
"858238","5601.450247956","192.168.15.3","192.168.15.4","MQTT","70","Publish Ack (id=5525)"
"858240","5601.450645416","192.168.15.4","192.168.15.3","MQTT","68","Disconnect Req"
"858252","5602.454708475","192.168.15.4","192.168.15.3","MQTT","90","Connect Command"
"858254","5602.457677318","192.168.15.4","192.168.15.3","MQTT","97","Publish Message (id=5526) [Deviceb'Device - 2']"
"858255","5602.458132948","192.168.15.3","192.168.15.4","MQTT","70","Connect Ack"
"858258","5602.460565300","192.168.15.3","192.168.15.4","MQTT","70","Publish Ack (id=5526)"
"858260","5602.461006723","192.168.15.4","192.168.15.3","MQTT","68","Disconnect Req"
"858283","5603.464939320","192.168.15.4","192.168.15.3","MQTT","90","Connect Command"
"858285","5603.467871715","192.168.15.4","192.168.15.3","MQTT","97","Publish Message (id=5527) [Deviceb'Device - 2']"
"858286","5603.468272421","192.168.15.3","192.168.15.4","MQTT","70","Connect Ack"
"858289","5603.470684404","192.168.15.3","192.168.15.4","MQTT","70","Publish Ack (id=5527)"
"858291","5603.471080251","192.168.15.4","192.168.15.3","MQTT","68","Disconnect Req"
"858303","5604.474967947","192.168.15.4","192.168.15.3","MQTT","90","Connect Command"
"858305","5604.477925069","192.168.15.4","192.168.15.3","MQTT","97","Publish Message (id=5528) [Deviceb'Device - 2']"
"858307","5604.482272946","192.168.15.3","192.168.15.4","MQTT","70","Connect Ack"
"858309","5604.484948847","192.168.15.3","192.168.15.4","MQTT","70","Publish Ack (id=5528)"
"858311","5604.485373769","192.168.15.4","192.168.15.3","MQTT","68","Disconnect Req"
"858326","5605.489494340","192.168.15.4","192.168.15.3","MQTT","90","Connect Command"
"858328","5605.492420713","192.168.15.4","192.168.15.3","MQTT","97","Publish Message (id=5529) [Deviceb'Device - 2']"
"858329","5605.492826910","192.168.15.3","192.168.15.4","MQTT","70","Connect Ack"
"858332","5605.495384006","192.168.15.3","192.168.15.4","MQTT","70","Publish Ack (id=5529)"
"858334","5605.496174879","192.168.15.4","192.168.15.3","MQTT","68","Disconnect Req"
"858342","5606.500519748","192.168.15.4","192.168.15.3","MQTT","90","Connect Command"
"858344","5606.503489965","192.168.15.4","192.168.15.3","MQTT","97","Publish Message (id=5530) [Deviceb'Device - 2']"
"858345","5606.503859983","192.168.15.3","192.168.15.4","MQTT","70","Connect Ack"
"858348","5606.506560100","192.168.15.3","192.168.15.4","MQTT","70","Publish Ack (id=5530)"
"858350","5606.507109126","192.168.15.4","192.168.15.3","MQTT","68","Disconnect Req"
"858362","5607.511411870","192.168.15.4","192.168.15.3","MQTT","90","Connect Command"
"858364","5607.514422232","192.168.15.4","192.168.15.3","MQTT","97","Publish Message (id=5531) [Deviceb'Device - 2']"
"858365","5607.514769327","192.168.15.3","192.168.15.4","MQTT","70","Connect Ack"
"858368","5607.517430059","192.168.15.3","192.168.15.4","MQTT","70","Publish Ack (id=5531)"
"858370","5607.518028418","192.168.15.4","192.168.15.3","MQTT","68","Disconnect Req"
"859987","5608.522489085","192.168.15.4","192.168.15.3","MQTT","90","Connect Command"
"859989","5608.525439805","192.168.15.4","192.168.15.3","MQTT","97","Publish Message (id=5532) [Deviceb'Device - 2']"
"859990","5608.525847304","192.168.15.3","192.168.15.4","MQTT","70","Connect Ack"
"859993","5608.528091530","192.168.15.3","192.168.15.4","MQTT","70","Publish Ack (id=5532)"
"859995","5608.528948417","192.168.15.4","192.168.15.3","MQTT","68","Disconnect Req"
"860019","5609.533762356","192.168.15.4","192.168.15.3","MQTT","90","Connect Command"
"860021","5609.536710170","192.168.15.4","192.168.15.3","MQTT","97","Publish Message (id=5533) [Deviceb'Device - 2']"
"860023","5609.540980320","192.168.15.3","192.168.15.4","MQTT","70","Connect Ack"
"860025","5609.543765356","192.168.15.3","192.168.15.4","MQTT","70","Publish Ack (id=5533)"
"860027","5609.544445500","192.168.15.4","192.168.15.3","MQTT","68","Disconnect Req"
"860039","5610.548765400","192.168.15.4","192.168.15.3","MQTT","90","Connect Command"
"860041","5610.551779249","192.168.15.4","192.168.15.3","MQTT","97","Publish Message (id=5534) [Deviceb'Device - 2']"
"860042","5610.552162362","192.168.15.3","192.168.15.4","MQTT","70","Connect Ack"
"860045","5610.554724358","192.168.15.3","192.168.15.4","MQTT","70","Publish Ack (id=5534)"
"860047","5610.555036688","192.168.15.4","192.168.15.3","MQTT","68","Disconnect Req"
"860060","5611.558569196","192.168.15.4","192.168.15.3","MQTT","90","Connect Command"
"860062","5611.561588836","192.168.15.4","192.168.15.3","MQTT","97","Publish Message (id=5535) [Deviceb'Device - 2']"
"860063","5611.561963934","192.168.15.3","192.168.15.4","MQTT","70","Connect Ack"
"860066","5611.564897561","192.168.15.3","192.168.15.4","MQTT","70","Publish Ack (id=5535)"
"860068","5611.565507262","192.168.15.4","192.168.15.3","MQTT","68","Disconnect Req"
"860452","5612.569855415","192.168.15.4","192.168.15.3","MQTT","90","Connect Command"
"860454","5612.572812246","192.168.15.4","192.168.15.3","MQTT","97","Publish Message (id=5536) [Deviceb'Device - 2']"
"860455","5612.573456953","192.168.15.3","192.168.15.4","MQTT","70","Connect Ack"
"860458","5612.575535767","192.168.15.3","192.168.15.4","MQTT","70","Publish Ack (id=5536)"
"860460","5612.575914922","192.168.15.4","192.168.15.3","MQTT","68","Disconnect Req"
"860475","5613.580463097","192.168.15.4","192.168.15.3","MQTT","90","Connect Command"
"860477","5613.583385283","192.168.15.4","192.168.15.3","MQTT","97","Publish Message (id=5537) [Deviceb'Device - 2']"
"860478","5613.583984614","192.168.15.3","192.168.15.4","MQTT","70","Connect Ack"
"860481","5613.585967567","192.168.15.3","192.168.15.4","MQTT","70","Publish Ack (id=5537)"
"860483","5613.586221687","192.168.15.4","192.168.15.3","MQTT","68","Disconnect Req"
"860509","5614.590328393","192.168.15.4","192.168.15.3","MQTT","90","Connect Command"
"860511","5614.593333355","192.168.15.4","192.168.15.3","MQTT","97","Publish Message (id=5538) [Deviceb'Device - 2']"
"860513","5614.597592023","192.168.15.3","192.168.15.4","MQTT","70","Connect Ack"
"860515","5614.600092693","192.168.15.3","192.168.15.4","MQTT","70","Publish Ack (id=5538)"
"860517","5614.600449327","192.168.15.4","192.168.15.3","MQTT","68","Disconnect Req"
"860563","5615.604435190","192.168.15.4","192.168.15.3","MQTT","90","Connect Command"
"860565","5615.607906682","192.168.15.4","192.168.15.3","MQTT","97","Publish Message (id=5539) [Deviceb'Device - 2']"
"860566","5615.607922422","192.168.15.3","192.168.15.4","MQTT","70","Connect Ack"
"860569","5615.610854046","192.168.15.3","192.168.15.4","MQTT","70","Publish Ack (id=5539)"
"860571","5615.611259762","192.168.15.4","192.168.15.3","MQTT","68","Disconnect Req"
"862219","5616.614978074","192.168.15.4","192.168.15.3","MQTT","90","Connect Command"
"862221","5616.617853191","192.168.15.4","192.168.15.3","MQTT","97","Publish Message (id=5540) [Deviceb'Device - 2']"
"862222","5616.618262263","192.168.15.3","192.168.15.4","MQTT","70","Connect Ack"
"862225","5616.620525485","192.168.15.3","192.168.15.4","MQTT","70","Publish Ack (id=5540)"
"862227","5616.621159101","192.168.15.4","192.168.15.3","MQTT","68","Disconnect Req"
"862239","5617.625453748","192.168.15.4","192.168.15.3","MQTT","90","Connect Command"
"862241","5617.628508033","192.168.15.4","192.168.15.3","MQTT","97","Publish Message (id=5541) [Deviceb'Device - 2']"
"862242","5617.628847734","192.168.15.3","192.168.15.4","MQTT","70","Connect Ack"
"862245","5617.631584360","192.168.15.3","192.168.15.4","MQTT","70","Publish Ack (id=5541)"
"862247","5617.632131082","192.168.15.4","192.168.15.3","MQTT","68","Disconnect Req"
"862262","5618.636803684","192.168.15.4","192.168.15.3","MQTT","90","Connect Command"
"862264","5618.639707004","192.168.15.4","192.168.15.3","MQTT","97","Publish Message (id=5542) [Deviceb'Device - 2']"
"862265","5618.640135603","192.168.15.3","192.168.15.4","MQTT","70","Connect Ack"
"862268","5618.642861649","192.168.15.3","192.168.15.4","MQTT","70","Publish Ack (id=5542)"
"862270","5618.643282042","192.168.15.4","192.168.15.3","MQTT","68","Disconnect Req"
"862283","5619.647982402","192.168.15.4","192.168.15.3","MQTT","90","Connect Command"
"862285","5619.650784512","192.168.15.4","192.168.15.3","MQTT","97","Publish Message (id=5543) [Deviceb'Device - 2']"
"862287","5619.655048871","192.168.15.3","192.168.15.4","MQTT","70","Connect Ack"
"862289","5619.657634060","192.168.15.3","192.168.15.4","MQTT","70","Publish Ack (id=5543)"
"862291","5619.658495817","192.168.15.4","192.168.15.3","MQTT","68","Disconnect Req"
"862299","5620.662976346","192.168.15.4","192.168.15.3","MQTT","90","Connect Command"
"862301","5620.665820124","192.168.15.4","192.168.15.3","MQTT","97","Publish Message (id=5544) [Deviceb'Device - 2']"
"862302","5620.666196444","192.168.15.3","192.168.15.4","MQTT","70","Connect Ack"
"862305","5620.668818393","192.168.15.3","192.168.15.4","MQTT","70","Publish Ack (id=5544)"
"862307","5620.669605870","192.168.15.4","192.168.15.3","MQTT","68","Disconnect Req"
"862374","5621.674169580","192.168.15.4","192.168.15.3","MQTT","90","Connect Command"
"862376","5621.677120791","192.168.15.4","192.168.15.3","MQTT","97","Publish Message (id=5545) [Deviceb'Device - 2']"
"862377","5621.677576281","192.168.15.3","192.168.15.4","MQTT","70","Connect Ack"
"862380","5621.679747810","192.168.15.3","192.168.15.4","MQTT","70","Publish Ack (id=5545)"
"862382","5621.680563269","192.168.15.4","192.168.15.3","MQTT","68","Disconnect Req"
"862402","5622.684800848","192.168.15.4","192.168.15.3","MQTT","90","Connect Command"
"862404","5622.689987599","192.168.15.4","192.168.15.3","MQTT","97","Publish Message (id=5546) [Deviceb'Device - 2']"
"862405","5622.690398855","192.168.15.3","192.168.15.4","MQTT","70","Connect Ack"
"862408","5622.692993473","192.168.15.3","192.168.15.4","MQTT","70","Publish Ack (id=5546)"
"862410","5622.693652557","192.168.15.4","192.168.15.3","MQTT","68","Disconnect Req"
"862422","5623.697880182","192.168.15.4","192.168.15.3","MQTT","90","Connect Command"
"862424","5623.700844137","192.168.15.4","192.168.15.3","MQTT","97","Publish Message (id=5547) [Deviceb'Device - 2']"
"862425","5623.701248189","192.168.15.3","192.168.15.4","MQTT","70","Connect Ack"
"862428","5623.703454334","192.168.15.3","192.168.15.4","MQTT","70","Publish Ack (id=5547)"
"862430","5623.703969506","192.168.15.4","192.168.15.3","MQTT","68","Disconnect Req"
"862462","5624.708139717","192.168.15.4","192.168.15.3","MQTT","90","Connect Command"
"862464","5624.711478159","192.168.15.4","192.168.15.3","MQTT","97","Publish Message (id=5548) [Deviceb'Device - 2']"
"862466","5624.715273373","192.168.15.3","192.168.15.4","MQTT","70","Connect Ack"
"862468","5624.717782048","192.168.15.3","192.168.15.4","MQTT","70","Publish Ack (id=5548)"
"862470","5624.718392701","192.168.15.4","192.168.15.3","MQTT","68","Disconnect Req"
"864089","5625.722626416","192.168.15.4","192.168.15.3","MQTT","90","Connect Command"
"864091","5625.725677555","192.168.15.4","192.168.15.3","MQTT","97","Publish Message (id=5549) [Deviceb'Device - 2']"
"864092","5625.726133346","192.168.15.3","192.168.15.4","MQTT","70","Connect Ack"
"864095","5625.728395025","192.168.15.3","192.168.15.4","MQTT","70","Publish Ack (id=5549)"
"864097","5625.728733995","192.168.15.4","192.168.15.3","MQTT","68","Disconnect Req"
"864114","5626.733044340","192.168.15.4","192.168.15.3","MQTT","90","Connect Command"
"864116","5626.735952891","192.168.15.4","192.168.15.3","MQTT","97","Publish Message (id=5550) [Deviceb'Device - 2']"
"864117","5626.736371230","192.168.15.3","192.168.15.4","MQTT","70","Connect Ack"
"864120","5626.739010051","192.168.15.3","192.168.15.4","MQTT","70","Publish Ack (id=5550)"
"864122","5626.739409645","192.168.15.4","192.168.15.3","MQTT","68","Disconnect Req"
"864147","5627.743336260","192.168.15.4","192.168.15.3","MQTT","90","Connect Command"
"864149","5627.746363665","192.168.15.4","192.168.15.3","MQTT","97","Publish Message (id=5551) [Deviceb'Device - 2']"
"864150","5627.746752679","192.168.15.3","192.168.15.4","MQTT","70","Connect Ack"
"864153","5627.749195611","192.168.15.3","192.168.15.4","MQTT","70","Publish Ack (id=5551)"
"864155","5627.749540522","192.168.15.4","192.168.15.3","MQTT","68","Disconnect Req"
"864561","5628.753002605","192.168.15.4","192.168.15.3","MQTT","90","Connect Command"
"864563","5628.758263766","192.168.15.4","192.168.15.3","MQTT","97","Publish Message (id=5552) [Deviceb'Device - 2']"
"864564","5628.758696523","192.168.15.3","192.168.15.4","MQTT","70","Connect Ack"
"864567","5628.761393774","192.168.15.3","192.168.15.4","MQTT","70","Publish Ack (id=5552)"
"864569","5628.761796684","192.168.15.4","192.168.15.3","MQTT","68","Disconnect Req"
"864582","5629.765464029","192.168.15.4","192.168.15.3","MQTT","90","Connect Command"
"864584","5629.768475494","192.168.15.4","192.168.15.3","MQTT","97","Publish Message (id=5553) [Deviceb'Device - 2']"
"864586","5629.772946954","192.168.15.3","192.168.15.4","MQTT","70","Connect Ack"
"864588","5629.775470708","192.168.15.3","192.168.15.4","MQTT","70","Publish Ack (id=5553)"
"864590","5629.775720209","192.168.15.4","192.168.15.3","MQTT","68","Disconnect Req"
"864602","5630.779928318","192.168.15.4","192.168.15.3","MQTT","90","Connect Command"
"864604","5630.783010917","192.168.15.4","192.168.15.3","MQTT","97","Publish Message (id=5554) [Deviceb'Device - 2']"
"864605","5630.783326082","192.168.15.3","192.168.15.4","MQTT","70","Connect Ack"
"864608","5630.786002474","192.168.15.3","192.168.15.4","MQTT","70","Publish Ack (id=5554)"
"864610","5630.786623927","192.168.15.4","192.168.15.3","MQTT","68","Disconnect Req"
"864618","5631.796546488","192.168.15.4","192.168.15.3","MQTT","90","Connect Command"
"864620","5631.799460038","192.168.15.4","192.168.15.3","MQTT","97","Publish Message (id=5555) [Deviceb'Device - 2']"
"864621","5631.800408829","192.168.15.3","192.168.15.4","MQTT","70","Connect Ack"
"864624","5631.802087758","192.168.15.3","192.168.15.4","MQTT","70","Publish Ack (id=5555)"
"864626","5631.802321730","192.168.15.4","192.168.15.3","MQTT","68","Disconnect Req"
"864641","5632.806619137","192.168.15.4","192.168.15.3","MQTT","90","Connect Command"
"864643","5632.809671789","192.168.15.4","192.168.15.3","MQTT","97","Publish Message (id=5556) [Deviceb'Device - 2']"
"864644","5632.810065593","192.168.15.3","192.168.15.4","MQTT","70","Connect Ack"
"864647","5632.812688845","192.168.15.3","192.168.15.4","MQTT","70","Publish Ack (id=5556)"
"864649","5632.813543057","192.168.15.4","192.168.15.3","MQTT","68","Disconnect Req"
"864665","5633.817508111","192.168.15.4","192.168.15.3","MQTT","90","Connect Command"
"864667","5633.820479490","192.168.15.4","192.168.15.3","MQTT","97","Publish Message (id=5557) [Deviceb'Device - 2']"
"864668","5633.820915423","192.168.15.3","192.168.15.4","MQTT","70","Connect Ack"
"864671","5633.822959191","192.168.15.3","192.168.15.4","MQTT","70","Publish Ack (id=5557)"
"864673","5633.823286769","192.168.15.4","192.168.15.3","MQTT","68","Disconnect Req"
"864685","5634.827058823","192.168.15.4","192.168.15.3","MQTT","90","Connect Command"
"864687","5634.829923290","192.168.15.4","192.168.15.3","MQTT","97","Publish Message (id=5558) [Deviceb'Device - 2']"
"864688","5634.830480031","192.168.15.3","192.168.15.4","MQTT","70","Connect Ack"
"864691","5634.832734767","192.168.15.3","192.168.15.4","MQTT","70","Publish Ack (id=5558)"
"864693","5634.833186860","192.168.15.4","192.168.15.3","MQTT","68","Disconnect Req"
"864705","5635.837586444","192.168.15.4","192.168.15.3","MQTT","90","Connect Command"
"864707","5635.840234001","192.168.15.4","192.168.15.3","MQTT","97","Publish Message (id=5559) [Deviceb'Device - 2']"
"864708","5635.840595373","192.168.15.3","192.168.15.4","MQTT","70","Connect Ack"
"864711","5635.842879766","192.168.15.3","192.168.15.4","MQTT","70","Publish Ack (id=5559)"
"864713","5635.843151819","192.168.15.4","192.168.15.3","MQTT","68","Disconnect Req"
"864738","5636.846609328","192.168.15.4","192.168.15.3","MQTT","90","Connect Command"
"864740","5636.849602248","192.168.15.4","192.168.15.3","MQTT","97","Publish Message (id=5560) [Deviceb'Device - 2']"
"864741","5636.849990991","192.168.15.3","192.168.15.4","MQTT","70","Connect Ack"
"864744","5636.852561994","192.168.15.3","192.168.15.4","MQTT","70","Publish Ack (id=5560)"
"864746","5636.853011012","192.168.15.4","192.168.15.3","MQTT","68","Disconnect Req"
"866570","5637.857202892","192.168.15.4","192.168.15.3","MQTT","90","Connect Command"
"866572","5637.862484662","192.168.15.4","192.168.15.3","MQTT","97","Publish Message (id=5561) [Deviceb'Device - 2']"
"866573","5637.862827118","192.168.15.3","192.168.15.4","MQTT","70","Connect Ack"
"866576","5637.865609150","192.168.15.3","192.168.15.4","MQTT","70","Publish Ack (id=5561)"
"866578","5637.866028391","192.168.15.4","192.168.15.3","MQTT","68","Disconnect Req"
"866598","5638.870368174","192.168.15.4","192.168.15.3","MQTT","90","Connect Command"
"866600","5638.873324414","192.168.15.4","192.168.15.3","MQTT","97","Publish Message (id=5562) [Deviceb'Device - 2']"
"866601","5638.873706916","192.168.15.3","192.168.15.4","MQTT","70","Connect Ack"
"866604","5638.876260928","192.168.15.3","192.168.15.4","MQTT","70","Publish Ack (id=5562)"
"866606","5638.876827267","192.168.15.4","192.168.15.3","MQTT","68","Disconnect Req"
"866619","5639.881000520","192.168.15.4","192.168.15.3","MQTT","90","Connect Command"
"866621","5639.883944206","192.168.15.4","192.168.15.3","MQTT","97","Publish Message (id=5563) [Deviceb'Device - 2']"
"866623","5639.889816612","192.168.15.3","192.168.15.4","MQTT","70","Connect Ack"
"866625","5639.892415718","192.168.15.3","192.168.15.4","MQTT","70","Publish Ack (id=5563)"
"866627","5639.893198706","192.168.15.4","192.168.15.3","MQTT","68","Disconnect Req"
"866639","5640.897112315","192.168.15.4","192.168.15.3","MQTT","90","Connect Command"
"866641","5640.900084736","192.168.15.4","192.168.15.3","MQTT","97","Publish Message (id=5564) [Deviceb'Device - 2']"
"866642","5640.902819248","192.168.15.3","192.168.15.4","MQTT","70","Connect Ack"
"866645","5640.905218467","192.168.15.3","192.168.15.4","MQTT","70","Publish Ack (id=5564)"
"866647","5640.905945780","192.168.15.4","192.168.15.3","MQTT","68","Disconnect Req"
"866655","5641.909835467","192.168.15.4","192.168.15.3","MQTT","90","Connect Command"
"866657","5641.912766710","192.168.15.4","192.168.15.3","MQTT","97","Publish Message (id=5565) [Deviceb'Device - 2']"
"866658","5641.913176824","192.168.15.3","192.168.15.4","MQTT","70","Connect Ack"
"866661","5641.915740724","192.168.15.3","192.168.15.4","MQTT","70","Publish Ack (id=5565)"
"866663","5641.916529303","192.168.15.4","192.168.15.3","MQTT","68","Disconnect Req"
"866974","5642.920610475","192.168.15.4","192.168.15.3","MQTT","90","Connect Command"
"866976","5642.923587154","192.168.15.4","192.168.15.3","MQTT","97","Publish Message (id=5566) [Deviceb'Device - 2']"
"866977","5642.923975828","192.168.15.3","192.168.15.4","MQTT","70","Connect Ack"
"866980","5642.926642542","192.168.15.3","192.168.15.4","MQTT","70","Publish Ack (id=5566)"
"866982","5642.927181820","192.168.15.4","192.168.15.3","MQTT","68","Disconnect Req"
"866994","5643.931463103","192.168.15.4","192.168.15.3","MQTT","90","Connect Command"
"866996","5643.934458077","192.168.15.4","192.168.15.3","MQTT","97","Publish Message (id=5567) [Deviceb'Device - 2']"
"866997","5643.934886816","192.168.15.3","192.168.15.4","MQTT","70","Connect Ack"
"867000","5643.937121935","192.168.15.3","192.168.15.4","MQTT","70","Publish Ack (id=5567)"
"867002","5643.937625756","192.168.15.4","192.168.15.3","MQTT","68","Disconnect Req"
"867023","5644.941270733","192.168.15.4","192.168.15.3","MQTT","90","Connect Command"
"867025","5644.944225661","192.168.15.4","192.168.15.3","MQTT","97","Publish Message (id=5568) [Deviceb'Device - 2']"
"867027","5644.948459513","192.168.15.3","192.168.15.4","MQTT","70","Connect Ack"
"867029","5644.951032591","192.168.15.3","192.168.15.4","MQTT","70","Publish Ack (id=5568)"
"867031","5644.951377502","192.168.15.4","192.168.15.3","MQTT","68","Disconnect Req"
"867045","5645.955411548","192.168.15.4","192.168.15.3","MQTT","90","Connect Command"
"867047","5645.958361537","192.168.15.4","192.168.15.3","MQTT","97","Publish Message (id=5569) [Deviceb'Device - 2']"
"867048","5645.958783644","192.168.15.3","192.168.15.4","MQTT","70","Connect Ack"
"867051","5645.961000368","192.168.15.3","192.168.15.4","MQTT","70","Publish Ack (id=5569)"
"867053","5645.961647109","192.168.15.4","192.168.15.3","MQTT","68","Disconnect Req"
"867073","5646.965939516","192.168.15.4","192.168.15.3","MQTT","90","Connect Command"
"867075","5646.968908150","192.168.15.4","192.168.15.3","MQTT","97","Publish Message (id=5570) [Deviceb'Device - 2']"
"867076","5646.969266506","192.168.15.3","192.168.15.4","MQTT","70","Connect Ack"
"867079","5646.971441653","192.168.15.3","192.168.15.4","MQTT","70","Publish Ack (id=5570)"
"867081","5646.971754133","192.168.15.4","192.168.15.3","MQTT","68","Disconnect Req"
"867096","5647.975768139","192.168.15.4","192.168.15.3","MQTT","90","Connect Command"
"867098","5647.978797478","192.168.15.4","192.168.15.3","MQTT","97","Publish Message (id=5571) [Deviceb'Device - 2']"
"867099","5647.979149833","192.168.15.3","192.168.15.4","MQTT","70","Connect Ack"
"867102","5647.981931053","192.168.15.3","192.168.15.4","MQTT","70","Publish Ack (id=5571)"
"867104","5647.982591921","192.168.15.4","192.168.15.3","MQTT","68","Disconnect Req"
"867116","5648.986531712","192.168.15.4","192.168.15.3","MQTT","90","Connect Command"
"867118","5648.989491269","192.168.15.4","192.168.15.3","MQTT","97","Publish Message (id=5572) [Deviceb'Device - 2']"
"867119","5648.990757188","192.168.15.3","192.168.15.4","MQTT","70","Connect Ack"
"867122","5648.992132094","192.168.15.3","192.168.15.4","MQTT","70","Publish Ack (id=5572)"
"867124","5648.992527130","192.168.15.4","192.168.15.3","MQTT","68","Disconnect Req"
"867137","5649.997064562","192.168.15.4","192.168.15.3","MQTT","90","Connect Command"
"867139","5649.999978032","192.168.15.4","192.168.15.3","MQTT","97","Publish Message (id=5573) [Deviceb'Device - 2']"
"867141","5650.004613643","192.168.15.3","192.168.15.4","MQTT","70","Connect Ack"
"867143","5650.007177734","192.168.15.3","192.168.15.4","MQTT","70","Publish Ack (id=5573)"
"867145","5650.007750805","192.168.15.4","192.168.15.3","MQTT","68","Disconnect Req"
"867161","5651.012240433","192.168.15.4","192.168.15.3","MQTT","90","Connect Command"
"867163","5651.015178850","192.168.15.4","192.168.15.3","MQTT","97","Publish Message (id=5574) [Deviceb'Device - 2']"
"867164","5651.015568646","192.168.15.3","192.168.15.4","MQTT","70","Connect Ack"
"867167","5651.018206716","192.168.15.3","192.168.15.4","MQTT","70","Publish Ack (id=5574)"
"867169","5651.018701720","192.168.15.4","192.168.15.3","MQTT","68","Disconnect Req"
"867654","5652.022609794","192.168.15.4","192.168.15.3","MQTT","90","Connect Command"
"867656","5652.025578658","192.168.15.4","192.168.15.3","MQTT","97","Publish Message (id=5575) [Deviceb'Device - 2']"
"867657","5652.025949749","192.168.15.3","192.168.15.4","MQTT","70","Connect Ack"
"867660","5652.028654414","192.168.15.3","192.168.15.4","MQTT","70","Publish Ack (id=5575)"
"867662","5652.029362351","192.168.15.4","192.168.15.3","MQTT","68","Disconnect Req"
"867677","5653.033770563","192.168.15.4","192.168.15.3","MQTT","90","Connect Command"
"867679","5653.036646902","192.168.15.4","192.168.15.3","MQTT","97","Publish Message (id=5576) [Deviceb'Device - 2']"
"867680","5653.037079489","192.168.15.3","192.168.15.4","MQTT","70","Connect Ack"
"867683","5653.039545254","192.168.15.3","192.168.15.4","MQTT","70","Publish Ack (id=5576)"
"867685","5653.040135999","192.168.15.4","192.168.15.3","MQTT","68","Disconnect Req"
"867697","5654.044846146","192.168.15.4","192.168.15.3","MQTT","90","Connect Command"
"867699","5654.047844576","192.168.15.4","192.168.15.3","MQTT","97","Publish Message (id=5577) [Deviceb'Device - 2']"
"867700","5654.048170291","192.168.15.3","192.168.15.4","MQTT","70","Connect Ack"
"867703","5654.050398307","192.168.15.3","192.168.15.4","MQTT","70","Publish Ack (id=5577)"
"867705","5654.050934990","192.168.15.4","192.168.15.3","MQTT","68","Disconnect Req"
"867713","5655.055035750","192.168.15.4","192.168.15.3","MQTT","90","Connect Command"
"867715","5655.058003893","192.168.15.4","192.168.15.3","MQTT","97","Publish Message (id=5578) [Deviceb'Device - 2']"
"867717","5655.062832478","192.168.15.3","192.168.15.4","MQTT","70","Connect Ack"
"867719","5655.065371421","192.168.15.3","192.168.15.4","MQTT","70","Publish Ack (id=5578)"
"867721","5655.065925637","192.168.15.4","192.168.15.3","MQTT","68","Disconnect Req"
"867741","5656.070278818","192.168.15.4","192.168.15.3","MQTT","90","Connect Command"
"867743","5656.073212496","192.168.15.4","192.168.15.3","MQTT","97","Publish Message (id=5579) [Deviceb'Device - 2']"
"867744","5656.073661444","192.168.15.3","192.168.15.4","MQTT","70","Connect Ack"
"867747","5656.076322196","192.168.15.3","192.168.15.4","MQTT","70","Publish Ack (id=5579)"
"867749","5656.076983635","192.168.15.4","192.168.15.3","MQTT","68","Disconnect Req"
"867770","5657.081749359","192.168.15.4","192.168.15.3","MQTT","90","Connect Command"
"867772","5657.084618986","192.168.15.4","192.168.15.3","MQTT","97","Publish Message (id=5580) [Deviceb'Device - 2']"
"867773","5657.085031855","192.168.15.3","192.168.15.4","MQTT","70","Connect Ack"
"867776","5657.087116641","192.168.15.3","192.168.15.4","MQTT","70","Publish Ack (id=5580)"
"867778","5657.087652933","192.168.15.4","192.168.15.3","MQTT","68","Disconnect Req"
"867793","5658.091844287","192.168.15.4","192.168.15.3","MQTT","90","Connect Command"
"867795","5658.094803704","192.168.15.4","192.168.15.3","MQTT","97","Publish Message (id=5581) [Deviceb'Device - 2']"
"867796","5658.095152111","192.168.15.3","192.168.15.4","MQTT","70","Connect Ack"
"867799","5658.097823354","192.168.15.3","192.168.15.4","MQTT","70","Publish Ack (id=5581)"
"867801","5658.098488520","192.168.15.4","192.168.15.3","MQTT","68","Disconnect Req"
"867813","5659.102420409","192.168.15.4","192.168.15.3","MQTT","90","Connect Command"
"867815","5659.105312689","192.168.15.4","192.168.15.3","MQTT","97","Publish Message (id=5582) [Deviceb'Device - 2']"
"867816","5659.105659483","192.168.15.3","192.168.15.4","MQTT","70","Connect Ack"
"867819","5659.107824300","192.168.15.3","192.168.15.4","MQTT","70","Publish Ack (id=5582)"
"867821","5659.108389707","192.168.15.4","192.168.15.3","MQTT","68","Disconnect Req"
"867831","5660.112560792","192.168.15.4","192.168.15.3","MQTT","90","Connect Command"
"867833","5660.115545636","192.168.15.4","192.168.15.3","MQTT","97","Publish Message (id=5583) [Deviceb'Device - 2']"
"867835","5660.119785189","192.168.15.3","192.168.15.4","MQTT","70","Connect Ack"
"867837","5660.122185290","192.168.15.3","192.168.15.4","MQTT","70","Publish Ack (id=5583)"
"867839","5660.122468274","192.168.15.4","192.168.15.3","MQTT","68","Disconnect Req"
"867847","5661.126268503","192.168.15.4","192.168.15.3","MQTT","90","Connect Command"
"867849","5661.129318600","192.168.15.4","192.168.15.3","MQTT","97","Publish Message (id=5584) [Deviceb'Device - 2']"
"867850","5661.129659614","192.168.15.3","192.168.15.4","MQTT","70","Connect Ack"
"867853","5661.131952983","192.168.15.3","192.168.15.4","MQTT","70","Publish Ack (id=5584)"
"867855","5661.132283157","192.168.15.4","192.168.15.3","MQTT","68","Disconnect Req"
"867868","5662.136284218","192.168.15.4","192.168.15.3","MQTT","90","Connect Command"
"867870","5662.139135721","192.168.15.4","192.168.15.3","MQTT","97","Publish Message (id=5585) [Deviceb'Device - 2']"
"867871","5662.139530336","192.168.15.3","192.168.15.4","MQTT","70","Connect Ack"
"867874","5662.142164568","192.168.15.3","192.168.15.4","MQTT","70","Publish Ack (id=5585)"
"867876","5662.142478581","192.168.15.4","192.168.15.3","MQTT","68","Disconnect Req"
"867909","5663.146919678","192.168.15.4","192.168.15.3","MQTT","90","Connect Command"
"867911","5663.149955118","192.168.15.4","192.168.15.3","MQTT","97","Publish Message (id=5586) [Deviceb'Device - 2']"
"867912","5663.150351286","192.168.15.3","192.168.15.4","MQTT","70","Connect Ack"
"867915","5663.152764652","192.168.15.3","192.168.15.4","MQTT","70","Publish Ack (id=5586)"
"867917","5663.153066942","192.168.15.4","192.168.15.3","MQTT","68","Disconnect Req"
"867960","5664.156763116","192.168.15.4","192.168.15.3","MQTT","90","Connect Command"
"867962","5664.159795991","192.168.15.4","192.168.15.3","MQTT","97","Publish Message (id=5587) [Deviceb'Device - 2']"
"867963","5664.160197159","192.168.15.3","192.168.15.4","MQTT","70","Connect Ack"
"867966","5664.162727636","192.168.15.3","192.168.15.4","MQTT","70","Publish Ack (id=5587)"
"867968","5664.163361312","192.168.15.4","192.168.15.3","MQTT","68","Disconnect Req"
"867980","5665.167191624","192.168.15.4","192.168.15.3","MQTT","90","Connect Command"
"867982","5665.173043120","192.168.15.4","192.168.15.3","MQTT","97","Publish Message (id=5588) [Deviceb'Device - 2']"
"867984","5665.176713519","192.168.15.3","192.168.15.4","MQTT","70","Connect Ack"
"867986","5665.179237343","192.168.15.3","192.168.15.4","MQTT","70","Publish Ack (id=5588)"
"867988","5665.179971599","192.168.15.4","192.168.15.3","MQTT","68","Disconnect Req"
"867996","5666.184641912","192.168.15.4","192.168.15.3","MQTT","90","Connect Command"
"867998","5666.189436784","192.168.15.4","192.168.15.3","MQTT","97","Publish Message (id=5589) [Deviceb'Device - 2']"
"867999","5666.189795932","192.168.15.3","192.168.15.4","MQTT","70","Connect Ack"
"868002","5666.192408674","192.168.15.3","192.168.15.4","MQTT","70","Publish Ack (id=5589)"
"868004","5666.192844547","192.168.15.4","192.168.15.3","MQTT","68","Disconnect Req"
"868016","5667.196429624","192.168.15.4","192.168.15.3","MQTT","90","Connect Command"
"868018","5667.199440668","192.168.15.4","192.168.15.3","MQTT","97","Publish Message (id=5590) [Deviceb'Device - 2']"
"868019","5667.199829873","192.168.15.3","192.168.15.4","MQTT","70","Connect Ack"
"868022","5667.202389094","192.168.15.3","192.168.15.4","MQTT","70","Publish Ack (id=5590)"
"868024","5667.203217618","192.168.15.4","192.168.15.3","MQTT","68","Disconnect Req"
"868039","5668.207099299","192.168.15.4","192.168.15.3","MQTT","90","Connect Command"
"868041","5668.211924468","192.168.15.4","192.168.15.3","MQTT","97","Publish Message (id=5591) [Deviceb'Device - 2']"
"868042","5668.212273547","192.168.15.3","192.168.15.4","MQTT","70","Connect Ack"
"868045","5668.214888564","192.168.15.3","192.168.15.4","MQTT","70","Publish Ack (id=5591)"
"868047","5668.215290252","192.168.15.4","192.168.15.3","MQTT","68","Disconnect Req"
"868059","5669.218841203","192.168.15.4","192.168.15.3","MQTT","90","Connect Command"
"868061","5669.221873498","192.168.15.4","192.168.15.3","MQTT","97","Publish Message (id=5592) [Deviceb'Device - 2']"
"868062","5669.222247714","192.168.15.3","192.168.15.4","MQTT","70","Connect Ack"
"868065","5669.224373878","192.168.15.3","192.168.15.4","MQTT","70","Publish Ack (id=5592)"
"868067","5669.224688222","192.168.15.4","192.168.15.3","MQTT","68","Disconnect Req"
"868080","5670.227951223","192.168.15.4","192.168.15.3","MQTT","90","Connect Command"
"868082","5670.230958400","192.168.15.4","192.168.15.3","MQTT","97","Publish Message (id=5593) [Deviceb'Device - 2']"
"868084","5670.235240173","192.168.15.3","192.168.15.4","MQTT","70","Connect Ack"
"868086","5670.237747346","192.168.15.3","192.168.15.4","MQTT","70","Publish Ack (id=5593)"
"868088","5670.238037293","192.168.15.4","192.168.15.3","MQTT","68","Disconnect Req"
"868100","5671.242135415","192.168.15.4","192.168.15.3","MQTT","90","Connect Command"
"868102","5671.245156518","192.168.15.4","192.168.15.3","MQTT","97","Publish Message (id=5594) [Deviceb'Device - 2']"
"868103","5671.245609243","192.168.15.3","192.168.15.4","MQTT","70","Connect Ack"
"868106","5671.247707845","192.168.15.3","192.168.15.4","MQTT","70","Publish Ack (id=5594)"
"868108","5671.248025635","192.168.15.4","192.168.15.3","MQTT","68","Disconnect Req"
"868120","5672.251228533","192.168.15.4","192.168.15.3","MQTT","90","Connect Command"
"868122","5672.254229879","192.168.15.4","192.168.15.3","MQTT","97","Publish Message (id=5595) [Deviceb'Device - 2']"
"868123","5672.254676131","192.168.15.3","192.168.15.4","MQTT","70","Connect Ack"
"868126","5672.256915719","192.168.15.3","192.168.15.4","MQTT","70","Publish Ack (id=5595)"
"868128","5672.257225204","192.168.15.4","192.168.15.3","MQTT","68","Disconnect Req"
"868147","5673.260696019","192.168.15.4","192.168.15.3","MQTT","90","Connect Command"
"868149","5673.263609510","192.168.15.4","192.168.15.3","MQTT","97","Publish Message (id=5596) [Deviceb'Device - 2']"
"868150","5673.263982073","192.168.15.3","192.168.15.4","MQTT","70","Connect Ack"
"868153","5673.266599354","192.168.15.3","192.168.15.4","MQTT","70","Publish Ack (id=5596)"
"868155","5673.266920770","192.168.15.4","192.168.15.3","MQTT","68","Disconnect Req"
"868167","5674.270540332","192.168.15.4","192.168.15.3","MQTT","90","Connect Command"
"868169","5674.273591081","192.168.15.4","192.168.15.3","MQTT","97","Publish Message (id=5597) [Deviceb'Device - 2']"
"868170","5674.273954898","192.168.15.3","192.168.15.4","MQTT","70","Connect Ack"
"868173","5674.276318981","192.168.15.3","192.168.15.4","MQTT","70","Publish Ack (id=5597)"
"868175","5674.276895279","192.168.15.4","192.168.15.3","MQTT","68","Disconnect Req"
"868254","5675.281164220","192.168.15.4","192.168.15.3","MQTT","90","Connect Command"
"868257","5675.284016895","192.168.15.4","192.168.15.3","MQTT","97","Publish Message (id=5598) [Deviceb'Device - 2']"
"868259","5675.288144617","192.168.15.3","192.168.15.4","MQTT","70","Connect Ack"
"868261","5675.290548015","192.168.15.3","192.168.15.4","MQTT","70","Publish Ack (id=5598)"
"868263","5675.290943441","192.168.15.4","192.168.15.3","MQTT","68","Disconnect Req"
"868275","5676.295152954","192.168.15.4","192.168.15.3","MQTT","90","Connect Command"
"868277","5676.298018474","192.168.15.4","192.168.15.3","MQTT","97","Publish Message (id=5599) [Deviceb'Device - 2']"
"868278","5676.298428117","192.168.15.3","192.168.15.4","MQTT","70","Connect Ack"
"868281","5676.301153653","192.168.15.3","192.168.15.4","MQTT","70","Publish Ack (id=5599)"
"868283","5676.301840359","192.168.15.4","192.168.15.3","MQTT","68","Disconnect Req"
"868296","5677.305659047","192.168.15.4","192.168.15.3","MQTT","90","Connect Command"
"868298","5677.308531009","192.168.15.4","192.168.15.3","MQTT","97","Publish Message (id=5600) [Deviceb'Device - 2']"
"868299","5677.308981629","192.168.15.3","192.168.15.4","MQTT","70","Connect Ack"
"868302","5677.312902331","192.168.15.3","192.168.15.4","MQTT","70","Publish Ack (id=5600)"
"868304","5677.313334918","192.168.15.4","192.168.15.3","MQTT","68","Disconnect Req"
"868321","5678.317579126","192.168.15.4","192.168.15.3","MQTT","90","Connect Command"
"868323","5678.320552399","192.168.15.4","192.168.15.3","MQTT","97","Publish Message (id=5601) [Deviceb'Device - 2']"
"868324","5678.320979145","192.168.15.3","192.168.15.4","MQTT","70","Connect Ack"
"868327","5678.323509111","192.168.15.3","192.168.15.4","MQTT","70","Publish Ack (id=5601)"
"868329","5678.323806773","192.168.15.4","192.168.15.3","MQTT","68","Disconnect Req"
"868348","5679.327577929","192.168.15.4","192.168.15.3","MQTT","90","Connect Command"
"868350","5679.330143253","192.168.15.4","192.168.15.3","MQTT","97","Publish Message (id=5602) [Deviceb'Device - 2']"
"868351","5679.330559498","192.168.15.3","192.168.15.4","MQTT","70","Connect Ack"
"868354","5679.332941786","192.168.15.3","192.168.15.4","MQTT","70","Publish Ack (id=5602)"
"868356","5679.333295493","192.168.15.4","192.168.15.3","MQTT","68","Disconnect Req"
"868371","5680.336827342","192.168.15.4","192.168.15.3","MQTT","90","Connect Command"
"868373","5680.339833948","192.168.15.4","192.168.15.3","MQTT","97","Publish Message (id=5603) [Deviceb'Device - 2']"
"868375","5680.344092868","192.168.15.3","192.168.15.4","MQTT","70","Connect Ack"
"868377","5680.347110936","192.168.15.3","192.168.15.4","MQTT","70","Publish Ack (id=5603)"
"868379","5680.347371477","192.168.15.4","192.168.15.3","MQTT","68","Disconnect Req"
"868391","5681.350986588","192.168.15.4","192.168.15.3","MQTT","90","Connect Command"
"868393","5681.353837030","192.168.15.4","192.168.15.3","MQTT","97","Publish Message (id=5604) [Deviceb'Device - 2']"
"868394","5681.354242345","192.168.15.3","192.168.15.4","MQTT","70","Connect Ack"
"868397","5681.356681921","192.168.15.3","192.168.15.4","MQTT","70","Publish Ack (id=5604)"
"868399","5681.356983971","192.168.15.4","192.168.15.3","MQTT","68","Disconnect Req"
"868411","5682.361248591","192.168.15.4","192.168.15.3","MQTT","90","Connect Command"
"868413","5682.365643168","192.168.15.4","192.168.15.3","MQTT","97","Publish Message (id=5605) [Deviceb'Device - 2']"
"868414","5682.366061448","192.168.15.3","192.168.15.4","MQTT","70","Connect Ack"
"868417","5682.368559233","192.168.15.3","192.168.15.4","MQTT","70","Publish Ack (id=5605)"
"868419","5682.368857296","192.168.15.4","192.168.15.3","MQTT","68","Disconnect Req"
"868434","5683.373128270","192.168.15.4","192.168.15.3","MQTT","90","Connect Command"
"868436","5683.376142510","192.168.15.4","192.168.15.3","MQTT","97","Publish Message (id=5606) [Deviceb'Device - 2']"
"868437","5683.376535081","192.168.15.3","192.168.15.4","MQTT","70","Connect Ack"
"868440","5683.378987011","192.168.15.3","192.168.15.4","MQTT","70","Publish Ack (id=5606)"
"868442","5683.379244427","192.168.15.4","192.168.15.3","MQTT","68","Disconnect Req"
"868454","5684.383591480","192.168.15.4","192.168.15.3","MQTT","90","Connect Command"
"868456","5684.386597104","192.168.15.4","192.168.15.3","MQTT","97","Publish Message (id=5607) [Deviceb'Device - 2']"
"868457","5684.387050681","192.168.15.3","192.168.15.4","MQTT","70","Connect Ack"
"868460","5684.389535111","192.168.15.3","192.168.15.4","MQTT","70","Publish Ack (id=5607)"
"868462","5684.389840597","192.168.15.4","192.168.15.3","MQTT","68","Disconnect Req"
"868486","5685.394013639","192.168.15.4","192.168.15.3","MQTT","90","Connect Command"
"868488","5685.396882716","192.168.15.4","192.168.15.3","MQTT","97","Publish Message (id=5608) [Deviceb'Device - 2']"
"868491","5685.401147737","192.168.15.3","192.168.15.4","MQTT","70","Connect Ack"
"868494","5685.407040001","192.168.15.3","192.168.15.4","MQTT","70","Publish Ack (id=5608)"
"868496","5685.407339977","192.168.15.4","192.168.15.3","MQTT","68","Disconnect Req"
"868505","5686.411011465","192.168.15.4","192.168.15.3","MQTT","90","Connect Command"
"868507","5686.413938741","192.168.15.4","192.168.15.3","MQTT","97","Publish Message (id=5609) [Deviceb'Device - 2']"
"868508","5686.414363523","192.168.15.3","192.168.15.4","MQTT","70","Connect Ack"
"868511","5686.417310346","192.168.15.3","192.168.15.4","MQTT","70","Publish Ack (id=5609)"
"868513","5686.417641120","192.168.15.4","192.168.15.3","MQTT","68","Disconnect Req"
"868525","5687.421368767","192.168.15.4","192.168.15.3","MQTT","90","Connect Command"
"868527","5687.424233495","192.168.15.4","192.168.15.3","MQTT","97","Publish Message (id=5610) [Deviceb'Device - 2']"
"868528","5687.425075635","192.168.15.3","192.168.15.4","MQTT","70","Connect Ack"
"868531","5687.427269186","192.168.15.3","192.168.15.4","MQTT","70","Publish Ack (id=5610)"
"868533","5687.427585393","192.168.15.4","192.168.15.3","MQTT","68","Disconnect Req"
"868548","5688.431753916","192.168.15.4","192.168.15.3","MQTT","90","Connect Command"
"868550","5688.434654652","192.168.15.4","192.168.15.3","MQTT","97","Publish Message (id=5611) [Deviceb'Device - 2']"
"868551","5688.435073162","192.168.15.3","192.168.15.4","MQTT","70","Connect Ack"
"868554","5688.437727964","192.168.15.3","192.168.15.4","MQTT","70","Publish Ack (id=5611)"
"868556","5688.438127799","192.168.15.4","192.168.15.3","MQTT","68","Disconnect Req"
"868569","5689.442408626","192.168.15.4","192.168.15.3","MQTT","90","Connect Command"
"868571","5689.454244761","192.168.15.4","192.168.15.3","MQTT","97","Publish Message (id=5612) [Deviceb'Device - 2']"
"868572","5689.454778539","192.168.15.3","192.168.15.4","MQTT","70","Connect Ack"
"868575","5689.457105572","192.168.15.3","192.168.15.4","MQTT","70","Publish Ack (id=5612)"
"868577","5689.457377936","192.168.15.4","192.168.15.3","MQTT","68","Disconnect Req"
"868599","5690.461009332","192.168.15.4","192.168.15.3","MQTT","90","Connect Command"
"868601","5690.464919294","192.168.15.3","192.168.15.4","MQTT","70","Connect Ack"
"868602","5690.464939001","192.168.15.4","192.168.15.3","MQTT","97","Publish Message (id=5613) [Deviceb'Device - 2']"
"868605","5690.467724991","192.168.15.3","192.168.15.4","MQTT","70","Publish Ack (id=5613)"
"868607","5690.468224854","192.168.15.4","192.168.15.3","MQTT","68","Disconnect Req"
"868619","5691.472699907","192.168.15.4","192.168.15.3","MQTT","90","Connect Command"
"868621","5691.475594371","192.168.15.4","192.168.15.3","MQTT","97","Publish Message (id=5614) [Deviceb'Device - 2']"
"868622","5691.475967386","192.168.15.3","192.168.15.4","MQTT","70","Connect Ack"
"868625","5691.479099639","192.168.15.3","192.168.15.4","MQTT","70","Publish Ack (id=5614)"
"868627","5691.479722074","192.168.15.4","192.168.15.3","MQTT","68","Disconnect Req"
"868638","5692.483494865","192.168.15.4","192.168.15.3","MQTT","90","Connect Command"
"868640","5692.487060657","192.168.15.4","192.168.15.3","MQTT","97","Publish Message (id=5615) [Deviceb'Device - 2']"
"868641","5692.487433621","192.168.15.3","192.168.15.4","MQTT","70","Connect Ack"
"868645","5692.490124852","192.168.15.3","192.168.15.4","MQTT","70","Publish Ack (id=5615)"
"868647","5692.490395273","192.168.15.4","192.168.15.3","MQTT","68","Disconnect Req"
"868677","5693.494460640","192.168.15.4","192.168.15.3","MQTT","90","Connect Command"
"868679","5693.497283679","192.168.15.4","192.168.15.3","MQTT","97","Publish Message (id=5616) [Deviceb'Device - 2']"
"868680","5693.497721446","192.168.15.3","192.168.15.4","MQTT","70","Connect Ack"
"868683","5693.500709046","192.168.15.3","192.168.15.4","MQTT","70","Publish Ack (id=5616)"
"868685","5693.500988133","192.168.15.4","192.168.15.3","MQTT","68","Disconnect Req"
"868697","5694.504534424","192.168.15.4","192.168.15.3","MQTT","90","Connect Command"
"868699","5694.507539798","192.168.15.4","192.168.15.3","MQTT","97","Publish Message (id=5617) [Deviceb'Device - 2']"
"868700","5694.508010527","192.168.15.3","192.168.15.4","MQTT","70","Connect Ack"
"868703","5694.510496520","192.168.15.3","192.168.15.4","MQTT","70","Publish Ack (id=5617)"
"868705","5694.510961207","192.168.15.4","192.168.15.3","MQTT","68","Disconnect Req"
"868719","5695.514626878","192.168.15.4","192.168.15.3","MQTT","90","Connect Command"
"868722","5695.517619097","192.168.15.4","192.168.15.3","MQTT","97","Publish Message (id=5618) [Deviceb'Device - 2']"
"868724","5695.521913444","192.168.15.3","192.168.15.4","MQTT","70","Connect Ack"
"868726","5695.524387174","192.168.15.3","192.168.15.4","MQTT","70","Publish Ack (id=5618)"
"868728","5695.524656713","192.168.15.4","192.168.15.3","MQTT","68","Disconnect Req"
"868745","5696.528389384","192.168.15.4","192.168.15.3","MQTT","90","Connect Command"
"868747","5696.531262218","192.168.15.4","192.168.15.3","MQTT","97","Publish Message (id=5619) [Deviceb'Device - 2']"
"868748","5696.531660059","192.168.15.3","192.168.15.4","MQTT","70","Connect Ack"
"868751","5696.534124612","192.168.15.3","192.168.15.4","MQTT","70","Publish Ack (id=5619)"
"868753","5696.534485954","192.168.15.4","192.168.15.3","MQTT","68","Disconnect Req"
"868789","5697.538185958","192.168.15.4","192.168.15.3","MQTT","90","Connect Command"
"868791","5697.541690614","192.168.15.4","192.168.15.3","MQTT","97","Publish Message (id=5620) [Deviceb'Device - 2']"
"868792","5697.542029885","192.168.15.3","192.168.15.4","MQTT","70","Connect Ack"
"868795","5697.544536887","192.168.15.3","192.168.15.4","MQTT","70","Publish Ack (id=5620)"
"868797","5697.545363428","192.168.15.4","192.168.15.3","MQTT","68","Disconnect Req"
"868825","5698.549672315","192.168.15.4","192.168.15.3","MQTT","90","Connect Command"
"868827","5698.552828874","192.168.15.4","192.168.15.3","MQTT","97","Publish Message (id=5621) [Deviceb'Device - 2']"
"868828","5698.553177823","192.168.15.3","192.168.15.4","MQTT","70","Connect Ack"
"868831","5698.555866479","192.168.15.3","192.168.15.4","MQTT","70","Publish Ack (id=5621)"
"868833","5698.556564046","192.168.15.4","192.168.15.3","MQTT","68","Disconnect Req"
"868847","5699.561152074","192.168.15.4","192.168.15.3","MQTT","90","Connect Command"
"868849","5699.564028043","192.168.15.4","192.168.15.3","MQTT","97","Publish Message (id=5622) [Deviceb'Device - 2']"
"868850","5699.564519270","192.168.15.3","192.168.15.4","MQTT","70","Connect Ack"
"868853","5699.567497373","192.168.15.3","192.168.15.4","MQTT","70","Publish Ack (id=5622)"
"868855","5699.568265803","192.168.15.4","192.168.15.3","MQTT","68","Disconnect Req"
"868864","5700.572097838","192.168.15.4","192.168.15.3","MQTT","90","Connect Command"
"868866","5700.575112059","192.168.15.4","192.168.15.3","MQTT","97","Publish Message (id=5623) [Deviceb'Device - 2']"
"868868","5700.579468322","192.168.15.3","192.168.15.4","MQTT","70","Connect Ack"
"868870","5700.581949988","192.168.15.3","192.168.15.4","MQTT","70","Publish Ack (id=5623)"
"868872","5700.582472073","192.168.15.4","192.168.15.3","MQTT","68","Disconnect Req"
"868890","5701.586335651","192.168.15.4","192.168.15.3","MQTT","90","Connect Command"
"868892","5701.589352918","192.168.15.4","192.168.15.3","MQTT","97","Publish Message (id=5624) [Deviceb'Device - 2']"
"868893","5701.589751741","192.168.15.3","192.168.15.4","MQTT","70","Connect Ack"
"868896","5701.592297247","192.168.15.3","192.168.15.4","MQTT","70","Publish Ack (id=5624)"
"868898","5701.592655002","192.168.15.4","192.168.15.3","MQTT","68","Disconnect Req"
"869474","5702.596266677","192.168.15.4","192.168.15.3","MQTT","90","Connect Command"
"869476","5702.601053254","192.168.15.4","192.168.15.3","MQTT","97","Publish Message (id=5625) [Deviceb'Device - 2']"
"869477","5702.601570230","192.168.15.3","192.168.15.4","MQTT","70","Connect Ack"
"869480","5702.606911364","192.168.15.3","192.168.15.4","MQTT","70","Publish Ack (id=5625)"
"869482","5702.607808728","192.168.15.4","192.168.15.3","MQTT","68","Disconnect Req"
"869508","5703.611886929","192.168.15.4","192.168.15.3","MQTT","90","Connect Command"
"869510","5703.614694389","192.168.15.4","192.168.15.3","MQTT","97","Publish Message (id=5626) [Deviceb'Device - 2']"
"869511","5703.615081259","192.168.15.3","192.168.15.4","MQTT","70","Connect Ack"
"869514","5703.617639208","192.168.15.3","192.168.15.4","MQTT","70","Publish Ack (id=5626)"
"869516","5703.618464557","192.168.15.4","192.168.15.3","MQTT","68","Disconnect Req"
"869528","5704.623231140","192.168.15.4","192.168.15.3","MQTT","90","Connect Command"
"869530","5704.626010087","192.168.15.4","192.168.15.3","MQTT","97","Publish Message (id=5627) [Deviceb'Device - 2']"
"869531","5704.626449937","192.168.15.3","192.168.15.4","MQTT","70","Connect Ack"
"869534","5704.628912306","192.168.15.3","192.168.15.4","MQTT","70","Publish Ack (id=5627)"
"869536","5704.629567653","192.168.15.4","192.168.15.3","MQTT","68","Disconnect Req"
"869548","5705.634149051","192.168.15.4","192.168.15.3","MQTT","90","Connect Command"
"869550","5705.637122444","192.168.15.4","192.168.15.3","MQTT","97","Publish Message (id=5628) [Deviceb'Device - 2']"
"869552","5705.641542109","192.168.15.3","192.168.15.4","MQTT","70","Connect Ack"
"869554","5705.644167635","192.168.15.3","192.168.15.4","MQTT","70","Publish Ack (id=5628)"
"869556","5705.644539037","192.168.15.4","192.168.15.3","MQTT","68","Disconnect Req"
"869568","5706.648333633","192.168.15.4","192.168.15.3","MQTT","90","Connect Command"
"869570","5706.651178404","192.168.15.4","192.168.15.3","MQTT","97","Publish Message (id=5629) [Deviceb'Device - 2']"
"869571","5706.651578890","192.168.15.3","192.168.15.4","MQTT","70","Connect Ack"
"869574","5706.654211140","192.168.15.3","192.168.15.4","MQTT","70","Publish Ack (id=5629)"
"869576","5706.655648393","192.168.15.4","192.168.15.3","MQTT","68","Disconnect Req"
"873619","5707.659641339","192.168.15.4","192.168.15.3","MQTT","90","Connect Command"
"873621","5707.662445693","192.168.15.4","192.168.15.3","MQTT","97","Publish Message (id=5630) [Deviceb'Device - 2']"
"873622","5707.662846269","192.168.15.3","192.168.15.4","MQTT","70","Connect Ack"
"873625","5707.665407976","192.168.15.3","192.168.15.4","MQTT","70","Publish Ack (id=5630)"
"873627","5707.666133155","192.168.15.4","192.168.15.3","MQTT","68","Disconnect Req"
"873653","5708.669729214","192.168.15.4","192.168.15.3","MQTT","90","Connect Command"
"873655","5708.672692790","192.168.15.4","192.168.15.3","MQTT","97","Publish Message (id=5631) [Deviceb'Device - 2']"
"873656","5708.673117531","192.168.15.3","192.168.15.4","MQTT","70","Connect Ack"
"873659","5708.675773265","192.168.15.3","192.168.15.4","MQTT","70","Publish Ack (id=5631)"
"873661","5708.676340416","192.168.15.4","192.168.15.3","MQTT","68","Disconnect Req"
"873686","5709.680294666","192.168.15.4","192.168.15.3","MQTT","90","Connect Command"
"873688","5709.683287406","192.168.15.4","192.168.15.3","MQTT","97","Publish Message (id=5632) [Deviceb'Device - 2']"
"873689","5709.683722227","192.168.15.3","192.168.15.4","MQTT","70","Connect Ack"
"873692","5709.685843471","192.168.15.3","192.168.15.4","MQTT","70","Publish Ack (id=5632)"
"873694","5709.686159438","192.168.15.4","192.168.15.3","MQTT","68","Disconnect Req"
"873995","5710.689602566","192.168.15.4","192.168.15.3","MQTT","90","Connect Command"
"873997","5710.692564538","192.168.15.4","192.168.15.3","MQTT","97","Publish Message (id=5633) [Deviceb'Device - 2']"
"873999","5710.696925361","192.168.15.3","192.168.15.4","MQTT","70","Connect Ack"
"874001","5710.699362632","192.168.15.3","192.168.15.4","MQTT","70","Publish Ack (id=5633)"
"874003","5710.700094865","192.168.15.4","192.168.15.3","MQTT","68","Disconnect Req"
"874011","5711.703795543","192.168.15.4","192.168.15.3","MQTT","90","Connect Command"
"874013","5711.706816426","192.168.15.4","192.168.15.3","MQTT","97","Publish Message (id=5634) [Deviceb'Device - 2']"
"874014","5711.707203998","192.168.15.3","192.168.15.4","MQTT","70","Connect Ack"
"874017","5711.710009274","192.168.15.3","192.168.15.4","MQTT","70","Publish Ack (id=5634)"
"874019","5711.710430610","192.168.15.4","192.168.15.3","MQTT","68","Disconnect Req"
"874610","5712.716272445","192.168.15.4","192.168.15.3","MQTT","90","Connect Command"
"874668","5712.721987334","192.168.15.4","192.168.15.3","MQTT","97","Publish Message (id=5635) [Deviceb'Device - 2']"
"874669","5712.721997563","192.168.15.3","192.168.15.4","MQTT","70","Connect Ack"
"874720","5712.726629388","192.168.15.3","192.168.15.4","MQTT","70","Publish Ack (id=5635)"
"874727","5712.727117520","192.168.15.4","192.168.15.3","MQTT","68","Disconnect Req"
"875877","5713.731487058","192.168.15.4","192.168.15.3","MQTT","90","Connect Command"
"875879","5713.734351627","192.168.15.4","192.168.15.3","MQTT","97","Publish Message (id=5636) [Deviceb'Device - 2']"
"875880","5713.734799182","192.168.15.3","192.168.15.4","MQTT","70","Connect Ack"
"875883","5713.737362631","192.168.15.3","192.168.15.4","MQTT","70","Publish Ack (id=5636)"
"875885","5713.737728793","192.168.15.4","192.168.15.3","MQTT","68","Disconnect Req"
"875920","5714.741982967","192.168.15.4","192.168.15.3","MQTT","90","Connect Command"
"875922","5714.744816146","192.168.15.4","192.168.15.3","MQTT","97","Publish Message (id=5637) [Deviceb'Device - 2']"
"875923","5714.745239155","192.168.15.3","192.168.15.4","MQTT","70","Connect Ack"
"875926","5714.747828193","192.168.15.3","192.168.15.4","MQTT","70","Publish Ack (id=5637)"
"875928","5714.748441050","192.168.15.4","192.168.15.3","MQTT","68","Disconnect Req"
"875940","5715.752016006","192.168.15.4","192.168.15.3","MQTT","90","Connect Command"
"875942","5715.755028193","192.168.15.4","192.168.15.3","MQTT","97","Publish Message (id=5638) [Deviceb'Device - 2']"
"875944","5715.759404085","192.168.15.3","192.168.15.4","MQTT","70","Connect Ack"
"875946","5715.762031696","192.168.15.3","192.168.15.4","MQTT","70","Publish Ack (id=5638)"
"875948","5715.762804875","192.168.15.4","192.168.15.3","MQTT","68","Disconnect Req"
"875961","5716.766522184","192.168.15.4","192.168.15.3","MQTT","90","Connect Command"
"875963","5716.772308358","192.168.15.4","192.168.15.3","MQTT","97","Publish Message (id=5639) [Deviceb'Device - 2']"
"875964","5716.772675781","192.168.15.3","192.168.15.4","MQTT","70","Connect Ack"
"875967","5716.775591286","192.168.15.3","192.168.15.4","MQTT","70","Publish Ack (id=5639)"
"875969","5716.776272963","192.168.15.4","192.168.15.3","MQTT","68","Disconnect Req"
"876002","5717.780127755","192.168.15.4","192.168.15.3","MQTT","90","Connect Command"
"876004","5717.785019230","192.168.15.4","192.168.15.3","MQTT","97","Publish Message (id=5640) [Deviceb'Device - 2']"
"876005","5717.785446967","192.168.15.3","192.168.15.4","MQTT","70","Connect Ack"
"876008","5717.788037568","192.168.15.3","192.168.15.4","MQTT","70","Publish Ack (id=5640)"
"876010","5717.788454385","192.168.15.4","192.168.15.3","MQTT","68","Disconnect Req"
"876022","5718.792435660","192.168.15.4","192.168.15.3","MQTT","90","Connect Command"
"876024","5718.795766829","192.168.15.4","192.168.15.3","MQTT","97","Publish Message (id=5641) [Deviceb'Device - 2']"
"876025","5718.796047629","192.168.15.3","192.168.15.4","MQTT","70","Connect Ack"
"876028","5718.798623833","192.168.15.3","192.168.15.4","MQTT","70","Publish Ack (id=5641)"
"876030","5718.799132113","192.168.15.4","192.168.15.3","MQTT","68","Disconnect Req"
"876043","5719.803245490","192.168.15.4","192.168.15.3","MQTT","90","Connect Command"
"876045","5719.806220778","192.168.15.4","192.168.15.3","MQTT","97","Publish Message (id=5642) [Deviceb'Device - 2']"
"876046","5719.806696806","192.168.15.3","192.168.15.4","MQTT","70","Connect Ack"
"876049","5719.809120462","192.168.15.3","192.168.15.4","MQTT","70","Publish Ack (id=5642)"
"876051","5719.809536297","192.168.15.4","192.168.15.3","MQTT","68","Disconnect Req"
"877968","5720.813554799","192.168.15.4","192.168.15.3","MQTT","90","Connect Command"
"877970","5720.816451388","192.168.15.4","192.168.15.3","MQTT","97","Publish Message (id=5643) [Deviceb'Device - 2']"
"877971","5720.817119459","192.168.15.3","192.168.15.4","MQTT","70","Connect Ack"
"877974","5720.819283435","192.168.15.3","192.168.15.4","MQTT","70","Publish Ack (id=5643)"
"877976","5720.819583982","192.168.15.4","192.168.15.3","MQTT","68","Disconnect Req"
"878009","5721.823502459","192.168.15.4","192.168.15.3","MQTT","90","Connect Command"
"878011","5721.826356757","192.168.15.4","192.168.15.3","MQTT","97","Publish Message (id=5644) [Deviceb'Device - 2']"
"878012","5721.826803621","192.168.15.3","192.168.15.4","MQTT","70","Connect Ack"
"878015","5721.829451200","192.168.15.3","192.168.15.4","MQTT","70","Publish Ack (id=5644)"
"878017","5721.829853169","192.168.15.4","192.168.15.3","MQTT","68","Disconnect Req"
"878041","5722.833195862","192.168.15.4","192.168.15.3","MQTT","90","Connect Command"
"878043","5722.836157925","192.168.15.4","192.168.15.3","MQTT","97","Publish Message (id=5645) [Deviceb'Device - 2']"
"878044","5722.836579701","192.168.15.3","192.168.15.4","MQTT","70","Connect Ack"
"878047","5722.838932803","192.168.15.3","192.168.15.4","MQTT","70","Publish Ack (id=5645)"
"878049","5722.839230866","192.168.15.4","192.168.15.3","MQTT","68","Disconnect Req"
"878068","5723.843054863","192.168.15.4","192.168.15.3","MQTT","90","Connect Command"
"878070","5723.845919130","192.168.15.4","192.168.15.3","MQTT","97","Publish Message (id=5646) [Deviceb'Device - 2']"
"878071","5723.846381784","192.168.15.3","192.168.15.4","MQTT","70","Connect Ack"
"878074","5723.848989297","192.168.15.3","192.168.15.4","MQTT","70","Publish Ack (id=5646)"
"878076","5723.849354486","192.168.15.4","192.168.15.3","MQTT","68","Disconnect Req"
"878088","5724.852681137","192.168.15.4","192.168.15.3","MQTT","90","Connect Command"
"878090","5724.855692893","192.168.15.4","192.168.15.3","MQTT","97","Publish Message (id=5647) [Deviceb'Device - 2']"
"878091","5724.856141911","192.168.15.3","192.168.15.4","MQTT","70","Connect Ack"
"878094","5724.860536899","192.168.15.3","192.168.15.4","MQTT","70","Publish Ack (id=5647)"
"878096","5724.860832307","192.168.15.4","192.168.15.3","MQTT","68","Disconnect Req"
"878115","5725.864388695","192.168.15.4","192.168.15.3","MQTT","90","Connect Command"
"878118","5725.867288299","192.168.15.4","192.168.15.3","MQTT","97","Publish Message (id=5648) [Deviceb'Device - 2']"
"878120","5725.871681003","192.168.15.3","192.168.15.4","MQTT","70","Connect Ack"
"878122","5725.874138042","192.168.15.3","192.168.15.4","MQTT","70","Publish Ack (id=5648)"
"878124","5725.874670908","192.168.15.4","192.168.15.3","MQTT","68","Disconnect Req"
"879830","5726.878642012","192.168.15.4","192.168.15.3","MQTT","90","Connect Command"
"879832","5726.881555383","192.168.15.4","192.168.15.3","MQTT","97","Publish Message (id=5649) [Deviceb'Device - 2']"
"879833","5726.881945359","192.168.15.3","192.168.15.4","MQTT","70","Connect Ack"
"879836","5726.884447332","192.168.15.3","192.168.15.4","MQTT","70","Publish Ack (id=5649)"
"879838","5726.884733853","192.168.15.4","192.168.15.3","MQTT","68","Disconnect Req"
"879861","5727.888617316","192.168.15.4","192.168.15.3","MQTT","90","Connect Command"
"879863","5727.891568759","192.168.15.4","192.168.15.3","MQTT","97","Publish Message (id=5650) [Deviceb'Device - 2']"
"879864","5727.891991316","192.168.15.3","192.168.15.4","MQTT","70","Connect Ack"
"879867","5727.894580374","192.168.15.3","192.168.15.4","MQTT","70","Publish Ack (id=5650)"
"879869","5727.894883487","192.168.15.4","192.168.15.3","MQTT","68","Disconnect Req"
"879881","5728.899143414","192.168.15.4","192.168.15.3","MQTT","90","Connect Command"
"879883","5728.902380035","192.168.15.4","192.168.15.3","MQTT","97","Publish Message (id=5651) [Deviceb'Device - 2']"
"879884","5728.902390956","192.168.15.3","192.168.15.4","MQTT","70","Connect Ack"
"879887","5728.905350233","192.168.15.3","192.168.15.4","MQTT","70","Publish Ack (id=5651)"
"879889","5728.905574366","192.168.15.4","192.168.15.3","MQTT","68","Disconnect Req"
"881937","5729.909387814","192.168.15.4","192.168.15.3","MQTT","90","Connect Command"
"881939","5729.912322525","192.168.15.4","192.168.15.3","MQTT","97","Publish Message (id=5652) [Deviceb'Device - 2']"
"881940","5729.912739823","192.168.15.3","192.168.15.4","MQTT","70","Connect Ack"
"881943","5729.915154321","192.168.15.3","192.168.15.4","MQTT","70","Publish Ack (id=5652)"
"881945","5729.915651200","192.168.15.4","192.168.15.3","MQTT","68","Disconnect Req"
"881955","5730.919482375","192.168.15.4","192.168.15.3","MQTT","90","Connect Command"
"881957","5730.922386948","192.168.15.4","192.168.15.3","MQTT","97","Publish Message (id=5653) [Deviceb'Device - 2']"
"881959","5730.926762640","192.168.15.3","192.168.15.4","MQTT","70","Connect Ack"
"881961","5730.929212706","192.168.15.3","192.168.15.4","MQTT","70","Publish Ack (id=5653)"
"881963","5730.929883181","192.168.15.4","192.168.15.3","MQTT","68","Disconnect Req"
"881980","5731.933283737","192.168.15.4","192.168.15.3","MQTT","90","Connect Command"
"881982","5731.936137545","192.168.15.4","192.168.15.3","MQTT","97","Publish Message (id=5654) [Deviceb'Device - 2']"
"881983","5731.936553310","192.168.15.3","192.168.15.4","MQTT","70","Connect Ack"
"881986","5731.939201470","192.168.15.3","192.168.15.4","MQTT","70","Publish Ack (id=5654)"
"881988","5731.939504973","192.168.15.4","192.168.15.3","MQTT","68","Disconnect Req"
"882008","5732.943703278","192.168.15.4","192.168.15.3","MQTT","90","Connect Command"
"882010","5732.949010649","192.168.15.4","192.168.15.3","MQTT","97","Publish Message (id=5655) [Deviceb'Device - 2']"
"882011","5732.949415243","192.168.15.3","192.168.15.4","MQTT","70","Connect Ack"
"882014","5732.952453469","192.168.15.3","192.168.15.4","MQTT","70","Publish Ack (id=5655)"
"882016","5732.952775728","192.168.15.4","192.168.15.3","MQTT","68","Disconnect Req"
"882025","5733.956186189","192.168.15.4","192.168.15.3","MQTT","90","Connect Command"
"882027","5733.959163661","192.168.15.4","192.168.15.3","MQTT","97","Publish Message (id=5656) [Deviceb'Device - 2']"
"882028","5733.959556443","192.168.15.3","192.168.15.4","MQTT","70","Connect Ack"
"882031","5733.962361709","192.168.15.3","192.168.15.4","MQTT","70","Publish Ack (id=5656)"
"882033","5733.963136973","192.168.15.4","192.168.15.3","MQTT","68","Disconnect Req"
"882069","5734.966811286","192.168.15.4","192.168.15.3","MQTT","90","Connect Command"
"882071","5734.969803094","192.168.15.4","192.168.15.3","MQTT","97","Publish Message (id=5657) [Deviceb'Device - 2']"
"882072","5734.970231242","192.168.15.3","192.168.15.4","MQTT","70","Connect Ack"
"882075","5734.972741392","192.168.15.3","192.168.15.4","MQTT","70","Publish Ack (id=5657)"
"882077","5734.973058761","192.168.15.4","192.168.15.3","MQTT","68","Disconnect Req"
"882089","5735.976700225","192.168.15.4","192.168.15.3","MQTT","90","Connect Command"
"882091","5735.979692104","192.168.15.4","192.168.15.3","MQTT","97","Publish Message (id=5658) [Deviceb'Device - 2']"
"882093","5735.984079378","192.168.15.3","192.168.15.4","MQTT","70","Connect Ack"
"882095","5735.986626637","192.168.15.3","192.168.15.4","MQTT","70","Publish Ack (id=5658)"
"882097","5735.986989352","192.168.15.4","192.168.15.3","MQTT","68","Disconnect Req"
"883775","5736.994472483","192.168.15.4","192.168.15.3","MQTT","90","Connect Command"
"883871","5737.003443852","192.168.15.4","192.168.15.3","MQTT","97","Publish Message (id=5659) [Deviceb'Device - 2']"
"883872","5737.003460303","192.168.15.3","192.168.15.4","MQTT","70","Connect Ack"
"883940","5737.009646263","192.168.15.3","192.168.15.4","MQTT","70","Publish Ack (id=5659)"
"883948","5737.010355281","192.168.15.4","192.168.15.3","MQTT","68","Disconnect Req"
"884054","5738.014399684","192.168.15.4","192.168.15.3","MQTT","90","Connect Command"
"884056","5738.017375402","192.168.15.4","192.168.15.3","MQTT","97","Publish Message (id=5660) [Deviceb'Device - 2']"
"884057","5738.017762914","192.168.15.3","192.168.15.4","MQTT","70","Connect Ack"
"884060","5738.020414079","192.168.15.3","192.168.15.4","MQTT","70","Publish Ack (id=5660)"
"884062","5738.020694278","192.168.15.4","192.168.15.3","MQTT","68","Disconnect Req"
"884074","5739.024805882","192.168.15.4","192.168.15.3","MQTT","90","Connect Command"
"884076","5739.027830873","192.168.15.4","192.168.15.3","MQTT","97","Publish Message (id=5661) [Deviceb'Device - 2']"
"884077","5739.028272347","192.168.15.3","192.168.15.4","MQTT","70","Connect Ack"
"884080","5739.030677868","192.168.15.3","192.168.15.4","MQTT","70","Publish Ack (id=5661)"
"884082","5739.030898545","192.168.15.4","192.168.15.3","MQTT","68","Disconnect Req"
"884097","5740.035060156","192.168.15.4","192.168.15.3","MQTT","90","Connect Command"
"884099","5740.039324397","192.168.15.4","192.168.15.3","MQTT","97","Publish Message (id=5662) [Deviceb'Device - 2']"
"884100","5740.039666994","192.168.15.3","192.168.15.4","MQTT","70","Connect Ack"
"884103","5740.042275088","192.168.15.3","192.168.15.4","MQTT","70","Publish Ack (id=5662)"
"884105","5740.042872085","192.168.15.4","192.168.15.3","MQTT","68","Disconnect Req"
"885968","5741.047299452","192.168.15.4","192.168.15.3","MQTT","90","Connect Command"
"885970","5741.049834488","192.168.15.4","192.168.15.3","MQTT","97","Publish Message (id=5663) [Deviceb'Device - 2']"
"885972","5741.054312884","192.168.15.3","192.168.15.4","MQTT","70","Connect Ack"
"885974","5741.056776205","192.168.15.3","192.168.15.4","MQTT","70","Publish Ack (id=5663)"
"885976","5741.057280998","192.168.15.4","192.168.15.3","MQTT","68","Disconnect Req"
"885988","5742.061414032","192.168.15.4","192.168.15.3","MQTT","90","Connect Command"
"885990","5742.065191685","192.168.15.4","192.168.15.3","MQTT","97","Publish Message (id=5664) [Deviceb'Device - 2']"
"885991","5742.065459871","192.168.15.3","192.168.15.4","MQTT","70","Connect Ack"
"885994","5742.068219151","192.168.15.3","192.168.15.4","MQTT","70","Publish Ack (id=5664)"
"885996","5742.068505732","192.168.15.4","192.168.15.3","MQTT","68","Disconnect Req"
"886019","5743.072367047","192.168.15.4","192.168.15.3","MQTT","90","Connect Command"
"886021","5743.075359627","192.168.15.4","192.168.15.3","MQTT","97","Publish Message (id=5665) [Deviceb'Device - 2']"
"886022","5743.075799448","192.168.15.3","192.168.15.4","MQTT","70","Connect Ack"
"886025","5743.078240286","192.168.15.3","192.168.15.4","MQTT","70","Publish Ack (id=5665)"
"886027","5743.078551865","192.168.15.4","192.168.15.3","MQTT","68","Disconnect Req"
"886039","5744.082069714","192.168.15.4","192.168.15.3","MQTT","90","Connect Command"
"886041","5744.085060250","192.168.15.4","192.168.15.3","MQTT","97","Publish Message (id=5666) [Deviceb'Device - 2']"
"886042","5744.086018991","192.168.15.3","192.168.15.4","MQTT","70","Connect Ack"
"886045","5744.087925370","192.168.15.3","192.168.15.4","MQTT","70","Publish Ack (id=5666)"
"886047","5744.088169300","192.168.15.4","192.168.15.3","MQTT","68","Disconnect Req"
"886064","5745.092436879","192.168.15.4","192.168.15.3","MQTT","90","Connect Command"
"886066","5745.095303492","192.168.15.4","192.168.15.3","MQTT","97","Publish Message (id=5667) [Deviceb'Device - 2']"
"886067","5745.095728885","192.168.15.3","192.168.15.4","MQTT","70","Connect Ack"
"886070","5745.098221922","192.168.15.3","192.168.15.4","MQTT","70","Publish Ack (id=5667)"
"886072","5745.098779294","192.168.15.4","192.168.15.3","MQTT","68","Disconnect Req"
"886081","5746.102821852","192.168.15.4","192.168.15.3","MQTT","90","Connect Command"
"886083","5746.105798352","192.168.15.4","192.168.15.3","MQTT","97","Publish Message (id=5668) [Deviceb'Device - 2']"
"886085","5746.110166028","192.168.15.3","192.168.15.4","MQTT","70","Connect Ack"
"886087","5746.112590015","192.168.15.3","192.168.15.4","MQTT","70","Publish Ack (id=5668)"
"886089","5746.112909519","192.168.15.4","192.168.15.3","MQTT","68","Disconnect Req"
"888236","5747.117354800","192.168.15.4","192.168.15.3","MQTT","90","Connect Command"
"888238","5747.120284732","192.168.15.4","192.168.15.3","MQTT","97","Publish Message (id=5669) [Deviceb'Device - 2']"
"888239","5747.120719493","192.168.15.3","192.168.15.4","MQTT","70","Connect Ack"
"888242","5747.123201028","192.168.15.3","192.168.15.4","MQTT","70","Publish Ack (id=5669)"
"888244","5747.124077884","192.168.15.4","192.168.15.3","MQTT","68","Disconnect Req"
"888259","5748.128888479","192.168.15.4","192.168.15.3","MQTT","90","Connect Command"
"888261","5748.131674779","192.168.15.4","192.168.15.3","MQTT","97","Publish Message (id=5670) [Deviceb'Device - 2']"
"888262","5748.132098900","192.168.15.3","192.168.15.4","MQTT","70","Connect Ack"
"888265","5748.134508069","192.168.15.3","192.168.15.4","MQTT","70","Publish Ack (id=5670)"
"888267","5748.135231074","192.168.15.4","192.168.15.3","MQTT","68","Disconnect Req"
"888293","5749.140130129","192.168.15.4","192.168.15.3","MQTT","90","Connect Command"
"888295","5749.143059841","192.168.15.4","192.168.15.3","MQTT","97","Publish Message (id=5671) [Deviceb'Device - 2']"
"888296","5749.143455558","192.168.15.3","192.168.15.4","MQTT","70","Connect Ack"
"888299","5749.145959897","192.168.15.3","192.168.15.4","MQTT","70","Publish Ack (id=5671)"
"888301","5749.146379509","192.168.15.4","192.168.15.3","MQTT","68","Disconnect Req"
"889984","5750.149906096","192.168.15.4","192.168.15.3","MQTT","90","Connect Command"
"889986","5750.152907413","192.168.15.4","192.168.15.3","MQTT","97","Publish Message (id=5672) [Deviceb'Device - 2']"
"889987","5750.153311746","192.168.15.3","192.168.15.4","MQTT","70","Connect Ack"
"889990","5750.155829130","192.168.15.3","192.168.15.4","MQTT","70","Publish Ack (id=5672)"
"889992","5750.156198888","192.168.15.4","192.168.15.3","MQTT","68","Disconnect Req"
"890004","5751.160090218","192.168.15.4","192.168.15.3","MQTT","90","Connect Command"
"890006","5751.163032032","192.168.15.4","192.168.15.3","MQTT","97","Publish Message (id=5673) [Deviceb'Device - 2']"
"890008","5751.167371435","192.168.15.3","192.168.15.4","MQTT","70","Connect Ack"
"890010","5751.169833614","192.168.15.3","192.168.15.4","MQTT","70","Publish Ack (id=5673)"
"890012","5751.170154960","192.168.15.4","192.168.15.3","MQTT","68","Disconnect Req"
"890024","5752.173497468","192.168.15.4","192.168.15.3","MQTT","90","Connect Command"
"890026","5752.176427179","192.168.15.4","192.168.15.3","MQTT","97","Publish Message (id=5674) [Deviceb'Device - 2']"
"890027","5752.176826674","192.168.15.3","192.168.15.4","MQTT","70","Connect Ack"
"890030","5752.179324650","192.168.15.3","192.168.15.4","MQTT","70","Publish Ack (id=5674)"
"890032","5752.179633693","192.168.15.4","192.168.15.3","MQTT","68","Disconnect Req"
"890063","5753.183531522","192.168.15.4","192.168.15.3","MQTT","90","Connect Command"
"890065","5753.186534382","192.168.15.4","192.168.15.3","MQTT","97","Publish Message (id=5675) [Deviceb'Device - 2']"
"890066","5753.186950367","192.168.15.3","192.168.15.4","MQTT","70","Connect Ack"
"890069","5753.189381968","192.168.15.3","192.168.15.4","MQTT","70","Publish Ack (id=5675)"
"890071","5753.189756796","192.168.15.4","192.168.15.3","MQTT","68","Disconnect Req"
"890085","5754.193657404","192.168.15.4","192.168.15.3","MQTT","90","Connect Command"
"890087","5754.196604368","192.168.15.4","192.168.15.3","MQTT","97","Publish Message (id=5676) [Deviceb'Device - 2']"
"890088","5754.197037936","192.168.15.3","192.168.15.4","MQTT","70","Connect Ack"
"890091","5754.199673443","192.168.15.3","192.168.15.4","MQTT","70","Publish Ack (id=5676)"
"890093","5754.200120697","192.168.15.4","192.168.15.3","MQTT","68","Disconnect Req"
"890107","5755.204259819","192.168.15.4","192.168.15.3","MQTT","90","Connect Command"
"890109","5755.207228183","192.168.15.4","192.168.15.3","MQTT","97","Publish Message (id=5677) [Deviceb'Device - 2']"
"890110","5755.207613030","192.168.15.3","192.168.15.4","MQTT","70","Connect Ack"
"890113","5755.210161802","192.168.15.3","192.168.15.4","MQTT","70","Publish Ack (id=5677)"
"890115","5755.210920164","192.168.15.4","192.168.15.3","MQTT","68","Disconnect Req"
"890127","5756.214520482","192.168.15.4","192.168.15.3","MQTT","90","Connect Command"
"890129","5756.217536516","192.168.15.4","192.168.15.3","MQTT","97","Publish Message (id=5678) [Deviceb'Device - 2']"
"890131","5756.221972322","192.168.15.3","192.168.15.4","MQTT","70","Connect Ack"
"890133","5756.224470859","192.168.15.3","192.168.15.4","MQTT","70","Publish Ack (id=5678)"
"890135","5756.225171202","192.168.15.4","192.168.15.3","MQTT","68","Disconnect Req"
"891687","5757.229370844","192.168.15.4","192.168.15.3","MQTT","90","Connect Command"
"891689","5757.232298452","192.168.15.4","192.168.15.3","MQTT","97","Publish Message (id=5679) [Deviceb'Device - 2']"
"891690","5757.232718676","192.168.15.3","192.168.15.4","MQTT","70","Connect Ack"
"891693","5757.235255626","192.168.15.3","192.168.15.4","MQTT","70","Publish Ack (id=5679)"
"891695","5757.235603623","192.168.15.4","192.168.15.3","MQTT","68","Disconnect Req"
"891710","5758.239458848","192.168.15.4","192.168.15.3","MQTT","90","Connect Command"
"891712","5758.242450828","192.168.15.4","192.168.15.3","MQTT","97","Publish Message (id=5680) [Deviceb'Device - 2']"
"891713","5758.242849901","192.168.15.3","192.168.15.4","MQTT","70","Connect Ack"
"891716","5758.245516696","192.168.15.3","192.168.15.4","MQTT","70","Publish Ack (id=5680)"
"891718","5758.245780895","192.168.15.4","192.168.15.3","MQTT","68","Disconnect Req"
"891730","5759.249764607","192.168.15.4","192.168.15.3","MQTT","90","Connect Command"
"891732","5759.252691824","192.168.15.4","192.168.15.3","MQTT","97","Publish Message (id=5681) [Deviceb'Device - 2']"
"891733","5759.253113250","192.168.15.3","192.168.15.4","MQTT","70","Connect Ack"
"891736","5759.255744087","192.168.15.3","192.168.15.4","MQTT","70","Publish Ack (id=5681)"
"891738","5759.256261685","192.168.15.4","192.168.15.3","MQTT","68","Disconnect Req"
"892249","5760.259848030","192.168.15.4","192.168.15.3","MQTT","90","Connect Command"
"892251","5760.262859906","192.168.15.4","192.168.15.3","MQTT","97","Publish Message (id=5682) [Deviceb'Device - 2']"
"892252","5760.263281032","192.168.15.3","192.168.15.4","MQTT","70","Connect Ack"
"892255","5760.265686594","192.168.15.3","192.168.15.4","MQTT","70","Publish Ack (id=5682)"
"892257","5760.265918451","192.168.15.4","192.168.15.3","MQTT","68","Disconnect Req"
"892269","5761.269757056","192.168.15.4","192.168.15.3","MQTT","90","Connect Command"
"892271","5761.272836381","192.168.15.4","192.168.15.3","MQTT","97","Publish Message (id=5683) [Deviceb'Device - 2']"
"892273","5761.277183949","192.168.15.3","192.168.15.4","MQTT","70","Connect Ack"
"892275","5761.280155981","192.168.15.3","192.168.15.4","MQTT","70","Publish Ack (id=5683)"
"892277","5761.280581855","192.168.15.4","192.168.15.3","MQTT","68","Disconnect Req"
"892291","5762.284174419","192.168.15.4","192.168.15.3","MQTT","90","Connect Command"
"892293","5762.287063253","192.168.15.4","192.168.15.3","MQTT","97","Publish Message (id=5684) [Deviceb'Device - 2']"
"892294","5762.287539272","192.168.15.3","192.168.15.4","MQTT","70","Connect Ack"
"892297","5762.290026719","192.168.15.3","192.168.15.4","MQTT","70","Publish Ack (id=5684)"
"892299","5762.290444738","192.168.15.4","192.168.15.3","MQTT","68","Disconnect Req"
"893825","5763.294702781","192.168.15.4","192.168.15.3","MQTT","90","Connect Command"
"893827","5763.297667840","192.168.15.4","192.168.15.3","MQTT","97","Publish Message (id=5685) [Deviceb'Device - 2']"
"893828","5763.298185507","192.168.15.3","192.168.15.4","MQTT","70","Connect Ack"
"893831","5763.300422872","192.168.15.3","192.168.15.4","MQTT","70","Publish Ack (id=5685)"
"893833","5763.300735282","192.168.15.4","192.168.15.3","MQTT","68","Disconnect Req"
"893845","5764.304229767","192.168.15.4","192.168.15.3","MQTT","90","Connect Command"
"893847","5764.307242074","192.168.15.4","192.168.15.3","MQTT","97","Publish Message (id=5686) [Deviceb'Device - 2']"
"893848","5764.307637411","192.168.15.3","192.168.15.4","MQTT","70","Connect Ack"
"893851","5764.310113025","192.168.15.3","192.168.15.4","MQTT","70","Publish Ack (id=5686)"
"893853","5764.310413102","192.168.15.4","192.168.15.3","MQTT","68","Disconnect Req"
"893868","5765.314666143","192.168.15.4","192.168.15.3","MQTT","90","Connect Command"
"893870","5765.318254187","192.168.15.4","192.168.15.3","MQTT","97","Publish Message (id=5687) [Deviceb'Device - 2']"
"893871","5765.318604228","192.168.15.3","192.168.15.4","MQTT","70","Connect Ack"
"893874","5765.321182306","192.168.15.3","192.168.15.4","MQTT","70","Publish Ack (id=5687)"
"893876","5765.321937452","192.168.15.4","192.168.15.3","MQTT","68","Disconnect Req"
"893892","5766.326533204","192.168.15.4","192.168.15.3","MQTT","90","Connect Command"
"893894","5766.329419584","192.168.15.4","192.168.15.3","MQTT","97","Publish Message (id=5688) [Deviceb'Device - 2']"
"893896","5766.334188528","192.168.15.3","192.168.15.4","MQTT","70","Connect Ack"
"893898","5766.336771305","192.168.15.3","192.168.15.4","MQTT","70","Publish Ack (id=5688)"
"893900","5766.337652619","192.168.15.4","192.168.15.3","MQTT","68","Disconnect Req"
"895531","5767.341875199","192.168.15.4","192.168.15.3","MQTT","90","Connect Command"
"895533","5767.344902695","192.168.15.4","192.168.15.3","MQTT","97","Publish Message (id=5689) [Deviceb'Device - 2']"
"895534","5767.345319112","192.168.15.3","192.168.15.4","MQTT","70","Connect Ack"
"895537","5767.347957734","192.168.15.3","192.168.15.4","MQTT","70","Publish Ack (id=5689)"
"895539","5767.348351147","192.168.15.4","192.168.15.3","MQTT","68","Disconnect Req"
"895587","5768.352628413","192.168.15.4","192.168.15.3","MQTT","90","Connect Command"
"895589","5768.355564818","192.168.15.4","192.168.15.3","MQTT","97","Publish Message (id=5690) [Deviceb'Device - 2']"
"895590","5768.355946248","192.168.15.3","192.168.15.4","MQTT","70","Connect Ack"
"895593","5768.358592955","192.168.15.3","192.168.15.4","MQTT","70","Publish Ack (id=5690)"
"895595","5768.359457918","192.168.15.4","192.168.15.3","MQTT","68","Disconnect Req"
"895648","5769.363192825","192.168.15.4","192.168.15.3","MQTT","90","Connect Command"
"895650","5769.366200323","192.168.15.4","192.168.15.3","MQTT","97","Publish Message (id=5691) [Deviceb'Device - 2']"
"895651","5769.366638982","192.168.15.3","192.168.15.4","MQTT","70","Connect Ack"
"895654","5769.369283515","192.168.15.3","192.168.15.4","MQTT","70","Publish Ack (id=5691)"
"895656","5769.369597498","192.168.15.4","192.168.15.3","MQTT","68","Disconnect Req"
"895707","5770.373228591","192.168.15.4","192.168.15.3","MQTT","90","Connect Command"
"895709","5770.376203428","192.168.15.4","192.168.15.3","MQTT","97","Publish Message (id=5692) [Deviceb'Device - 2']"
"895710","5770.376656584","192.168.15.3","192.168.15.4","MQTT","70","Connect Ack"
"895713","5770.379054842","192.168.15.3","192.168.15.4","MQTT","70","Publish Ack (id=5692)"
"895715","5770.379396357","192.168.15.4","192.168.15.3","MQTT","68","Disconnect Req"
"895779","5771.383254653","192.168.15.4","192.168.15.3","MQTT","90","Connect Command"
"895781","5771.386255549","192.168.15.4","192.168.15.3","MQTT","97","Publish Message (id=5693) [Deviceb'Device - 2']"
"895783","5771.390698698","192.168.15.3","192.168.15.4","MQTT","70","Connect Ack"
"895785","5771.393282357","192.168.15.3","192.168.15.4","MQTT","70","Publish Ack (id=5693)"
"895787","5771.393671501","192.168.15.4","192.168.15.3","MQTT","68","Disconnect Req"
"897591","5772.398043350","192.168.15.4","192.168.15.3","MQTT","90","Connect Command"
"897593","5772.401031953","192.168.15.4","192.168.15.3","MQTT","97","Publish Message (id=5694) [Deviceb'Device - 2']"
"897594","5772.401540082","192.168.15.3","192.168.15.4","MQTT","70","Connect Ack"
"897597","5772.403937870","192.168.15.3","192.168.15.4","MQTT","70","Publish Ack (id=5694)"
"897599","5772.404531631","192.168.15.4","192.168.15.3","MQTT","68","Disconnect Req"
"897614","5773.410179462","192.168.15.4","192.168.15.3","MQTT","90","Connect Command"
"897616","5773.413068788","192.168.15.4","192.168.15.3","MQTT","97","Publish Message (id=5695) [Deviceb'Device - 2']"
"897617","5773.413479603","192.168.15.3","192.168.15.4","MQTT","70","Connect Ack"
"897620","5773.415717228","192.168.15.3","192.168.15.4","MQTT","70","Publish Ack (id=5695)"
"897622","5773.416021693","192.168.15.4","192.168.15.3","MQTT","68","Disconnect Req"
"897644","5774.419856164","192.168.15.4","192.168.15.3","MQTT","90","Connect Command"
"897646","5774.422810763","192.168.15.4","192.168.15.3","MQTT","97","Publish Message (id=5696) [Deviceb'Device - 2']"
"897647","5774.423882497","192.168.15.3","192.168.15.4","MQTT","70","Connect Ack"
"897650","5774.425757848","192.168.15.3","192.168.15.4","MQTT","70","Publish Ack (id=5696)"
"897652","5774.426135752","192.168.15.4","192.168.15.3","MQTT","68","Disconnect Req"
"897669","5775.430107675","192.168.15.4","192.168.15.3","MQTT","90","Connect Command"
"897671","5775.433119642","192.168.15.4","192.168.15.3","MQTT","97","Publish Message (id=5697) [Deviceb'Device - 2']"
"897672","5775.433519968","192.168.15.3","192.168.15.4","MQTT","70","Connect Ack"
"897675","5775.436147980","192.168.15.3","192.168.15.4","MQTT","70","Publish Ack (id=5697)"
"897677","5775.436521696","192.168.15.4","192.168.15.3","MQTT","68","Disconnect Req"
"897696","5776.440398183","192.168.15.4","192.168.15.3","MQTT","90","Connect Command"
"897698","5776.443310863","192.168.15.4","192.168.15.3","MQTT","97","Publish Message (id=5698) [Deviceb'Device - 2']"
"897700","5776.447683308","192.168.15.3","192.168.15.4","MQTT","70","Connect Ack"
"897702","5776.450132513","192.168.15.3","192.168.15.4","MQTT","70","Publish Ack (id=5698)"
"897704","5776.450405438","192.168.15.4","192.168.15.3","MQTT","68","Disconnect Req"
"899590","5777.454364294","192.168.15.4","192.168.15.3","MQTT","90","Connect Command"
"899592","5777.457368346","192.168.15.4","192.168.15.3","MQTT","97","Publish Message (id=5699) [Deviceb'Device - 2']"
"899593","5777.457768622","192.168.15.3","192.168.15.4","MQTT","70","Connect Ack"
"899596","5777.460510669","192.168.15.3","192.168.15.4","MQTT","70","Publish Ack (id=5699)"
"899598","5777.460855080","192.168.15.4","192.168.15.3","MQTT","68","Disconnect Req"
"899613","5778.464910962","192.168.15.4","192.168.15.3","MQTT","90","Connect Command"
"899615","5778.467876752","192.168.15.4","192.168.15.3","MQTT","97","Publish Message (id=5700) [Deviceb'Device - 2']"
"899616","5778.468355156","192.168.15.3","192.168.15.4","MQTT","70","Connect Ack"
"899619","5778.470848844","192.168.15.3","192.168.15.4","MQTT","70","Publish Ack (id=5700)"
"899621","5778.471148770","192.168.15.4","192.168.15.3","MQTT","68","Disconnect Req"
"899635","5779.475367654","192.168.15.4","192.168.15.3","MQTT","90","Connect Command"
"899637","5779.478287707","192.168.15.4","192.168.15.3","MQTT","97","Publish Message (id=5701) [Deviceb'Device - 2']"
"899638","5779.478694886","192.168.15.3","192.168.15.4","MQTT","70","Connect Ack"
"899641","5779.481050694","192.168.15.3","192.168.15.4","MQTT","70","Publish Ack (id=5701)"
"899643","5779.481359186","192.168.15.4","192.168.15.3","MQTT","68","Disconnect Req"
"899656","5780.487580324","192.168.15.4","192.168.15.3","MQTT","90","Connect Command"
"899658","5780.490615545","192.168.15.4","192.168.15.3","MQTT","97","Publish Message (id=5702) [Deviceb'Device - 2']"
"899659","5780.491013346","192.168.15.3","192.168.15.4","MQTT","70","Connect Ack"
"899662","5780.493590622","192.168.15.3","192.168.15.4","MQTT","70","Publish Ack (id=5702)"
"899664","5780.493867816","192.168.15.4","192.168.15.3","MQTT","68","Disconnect Req"
"899678","5781.498601538","192.168.15.4","192.168.15.3","MQTT","90","Connect Command"
"899680","5781.501624556","192.168.15.4","192.168.15.3","MQTT","97","Publish Message (id=5703) [Deviceb'Device - 2']"
"899682","5781.506009987","192.168.15.3","192.168.15.4","MQTT","70","Connect Ack"
"899684","5781.509784523","192.168.15.3","192.168.15.4","MQTT","70","Publish Ack (id=5703)"
"899686","5781.510130847","192.168.15.4","192.168.15.3","MQTT","68","Disconnect Req"
"901421","5782.514495295","192.168.15.4","192.168.15.3","MQTT","90","Connect Command"
"901423","5782.517451507","192.168.15.4","192.168.15.3","MQTT","97","Publish Message (id=5704) [Deviceb'Device - 2']"
"901424","5782.517880758","192.168.15.3","192.168.15.4","MQTT","70","Connect Ack"
"901427","5782.520487169","192.168.15.3","192.168.15.4","MQTT","70","Publish Ack (id=5704)"
"901429","5782.520982434","192.168.15.4","192.168.15.3","MQTT","68","Disconnect Req"
"901444","5783.524750329","192.168.15.4","192.168.15.3","MQTT","90","Connect Command"
"901446","5783.527622783","192.168.15.4","192.168.15.3","MQTT","97","Publish Message (id=5705) [Deviceb'Device - 2']"
"901447","5783.528565173","192.168.15.3","192.168.15.4","MQTT","70","Connect Ack"
"901450","5783.530587120","192.168.15.3","192.168.15.4","MQTT","70","Publish Ack (id=5705)"
"901452","5783.530908437","192.168.15.4","192.168.15.3","MQTT","68","Disconnect Req"
"901466","5784.535299993","192.168.15.4","192.168.15.3","MQTT","90","Connect Command"
"901468","5784.537451806","192.168.15.4","192.168.15.3","MQTT","97","Publish Message (id=5706) [Deviceb'Device - 2']"
"901469","5784.537852011","192.168.15.3","192.168.15.4","MQTT","70","Connect Ack"
"901472","5784.540393550","192.168.15.3","192.168.15.4","MQTT","70","Publish Ack (id=5706)"
"901474","5784.541016507","192.168.15.4","192.168.15.3","MQTT","68","Disconnect Req"
"901500","5785.545382648","192.168.15.4","192.168.15.3","MQTT","90","Connect Command"
"901502","5785.550284153","192.168.15.4","192.168.15.3","MQTT","97","Publish Message (id=5707) [Deviceb'Device - 2']"
"901503","5785.550654051","192.168.15.3","192.168.15.4","MQTT","70","Connect Ack"
"901506","5785.553137070","192.168.15.3","192.168.15.4","MQTT","70","Publish Ack (id=5707)"
"901508","5785.553455491","192.168.15.4","192.168.15.3","MQTT","68","Disconnect Req"
"901521","5786.557493636","192.168.15.4","192.168.15.3","MQTT","90","Connect Command"
"901523","5786.560392600","192.168.15.4","192.168.15.3","MQTT","97","Publish Message (id=5708) [Deviceb'Device - 2']"
"901524","5786.560819165","192.168.15.3","192.168.15.4","MQTT","70","Connect Ack"
"901527","5786.563361556","192.168.15.3","192.168.15.4","MQTT","70","Publish Ack (id=5708)"
"901529","5786.563867171","192.168.15.4","192.168.15.3","MQTT","68","Disconnect Req"
"903383","5787.568190267","192.168.15.4","192.168.15.3","MQTT","90","Connect Command"
"903385","5787.571094851","192.168.15.4","192.168.15.3","MQTT","97","Publish Message (id=5709) [Deviceb'Device - 2']"
"903386","5787.571649589","192.168.15.3","192.168.15.4","MQTT","70","Connect Ack"
"903389","5787.573932409","192.168.15.3","192.168.15.4","MQTT","70","Publish Ack (id=5709)"
"903391","5787.574360607","192.168.15.4","192.168.15.3","MQTT","68","Disconnect Req"
"903408","5788.578136414","192.168.15.4","192.168.15.3","MQTT","90","Connect Command"
"903410","5788.581124536","192.168.15.4","192.168.15.3","MQTT","97","Publish Message (id=5710) [Deviceb'Device - 2']"
"903411","5788.581627055","192.168.15.3","192.168.15.4","MQTT","70","Connect Ack"
"903414","5788.584050931","192.168.15.3","192.168.15.4","MQTT","70","Publish Ack (id=5710)"
"903416","5788.584312616","192.168.15.4","192.168.15.3","MQTT","68","Disconnect Req"
"903428","5789.588320543","192.168.15.4","192.168.15.3","MQTT","90","Connect Command"
"903430","5789.591176005","192.168.15.4","192.168.15.3","MQTT","97","Publish Message (id=5711) [Deviceb'Device - 2']"
"903431","5789.591651322","192.168.15.3","192.168.15.4","MQTT","70","Connect Ack"
"903434","5789.594108933","192.168.15.3","192.168.15.4","MQTT","70","Publish Ack (id=5711)"
"903436","5789.594426553","192.168.15.4","192.168.15.3","MQTT","68","Disconnect Req"
"903449","5790.598194330","192.168.15.4","192.168.15.3","MQTT","90","Connect Command"
"903451","5790.601042839","192.168.15.4","192.168.15.3","MQTT","97","Publish Message (id=5712) [Deviceb'Device - 2']"
"903452","5790.601555527","192.168.15.3","192.168.15.4","MQTT","70","Connect Ack"
"903455","5790.604464780","192.168.15.3","192.168.15.4","MQTT","70","Publish Ack (id=5712)"
"903457","5790.604994761","192.168.15.4","192.168.15.3","MQTT","68","Disconnect Req"
"903881","5791.609127791","192.168.15.4","192.168.15.3","MQTT","90","Connect Command"
"903883","5791.612126714","192.168.15.4","192.168.15.3","MQTT","97","Publish Message (id=5713) [Deviceb'Device - 2']"
"903885","5791.616514159","192.168.15.3","192.168.15.4","MQTT","70","Connect Ack"
"903887","5791.619060857","192.168.15.3","192.168.15.4","MQTT","70","Publish Ack (id=5713)"
"903889","5791.619439362","192.168.15.4","192.168.15.3","MQTT","68","Disconnect Req"
"903901","5792.622989985","192.168.15.4","192.168.15.3","MQTT","90","Connect Command"
"903903","5792.625977427","192.168.15.4","192.168.15.3","MQTT","97","Publish Message (id=5714) [Deviceb'Device - 2']"
"903904","5792.626391308","192.168.15.3","192.168.15.4","MQTT","70","Connect Ack"
"903907","5792.628955349","192.168.15.3","192.168.15.4","MQTT","70","Publish Ack (id=5714)"
"903909","5792.629238504","192.168.15.4","192.168.15.3","MQTT","68","Disconnect Req"
"903932","5793.633408731","192.168.15.4","192.168.15.3","MQTT","90","Connect Command"
"903934","5793.636421260","192.168.15.4","192.168.15.3","MQTT","97","Publish Message (id=5715) [Deviceb'Device - 2']"
"903935","5793.636875768","192.168.15.3","192.168.15.4","MQTT","70","Connect Ack"
"903938","5793.639380958","192.168.15.3","192.168.15.4","MQTT","70","Publish Ack (id=5715)"
"903940","5793.639781244","192.168.15.4","192.168.15.3","MQTT","68","Disconnect Req"
"903963","5794.643874879","192.168.15.4","192.168.15.3","MQTT","90","Connect Command"
"903965","5794.646888440","192.168.15.4","192.168.15.3","MQTT","97","Publish Message (id=5716) [Deviceb'Device - 2']"
"903966","5794.647341666","192.168.15.3","192.168.15.4","MQTT","70","Connect Ack"
"903969","5794.649947306","192.168.15.3","192.168.15.4","MQTT","70","Publish Ack (id=5716)"
"903971","5794.650478108","192.168.15.4","192.168.15.3","MQTT","68","Disconnect Req"
"903996","5795.654471768","192.168.15.4","192.168.15.3","MQTT","90","Connect Command"
"903998","5795.657516968","192.168.15.4","192.168.15.3","MQTT","97","Publish Message (id=5717) [Deviceb'Device - 2']"
"903999","5795.657967178","192.168.15.3","192.168.15.4","MQTT","70","Connect Ack"
"904002","5795.660322796","192.168.15.3","192.168.15.4","MQTT","70","Publish Ack (id=5717)"
"904004","5795.660815777","192.168.15.4","192.168.15.3","MQTT","68","Disconnect Req"
"905730","5796.665775545","192.168.15.4","192.168.15.3","MQTT","90","Connect Command"
"905732","5796.670441806","192.168.15.4","192.168.15.3","MQTT","97","Publish Message (id=5718) [Deviceb'Device - 2']"
"905734","5796.674870659","192.168.15.3","192.168.15.4","MQTT","70","Connect Ack"
"905736","5796.677369407","192.168.15.3","192.168.15.4","MQTT","70","Publish Ack (id=5718)"
"905738","5796.677617736","192.168.15.4","192.168.15.3","MQTT","68","Disconnect Req"
"905752","5797.681169678","192.168.15.4","192.168.15.3","MQTT","90","Connect Command"
"905754","5797.684188408","192.168.15.4","192.168.15.3","MQTT","97","Publish Message (id=5719) [Deviceb'Device - 2']"
"905755","5797.684607469","192.168.15.3","192.168.15.4","MQTT","70","Connect Ack"
"905758","5797.686996991","192.168.15.3","192.168.15.4","MQTT","70","Publish Ack (id=5719)"
"905760","5797.687245080","192.168.15.4","192.168.15.3","MQTT","68","Disconnect Req"
"905775","5798.691310264","192.168.15.4","192.168.15.3","MQTT","90","Connect Command"
"905777","5798.694301472","192.168.15.4","192.168.15.3","MQTT","97","Publish Message (id=5720) [Deviceb'Device - 2']"
"905778","5798.694736113","192.168.15.3","192.168.15.4","MQTT","70","Connect Ack"
"905781","5798.697362602","192.168.15.3","192.168.15.4","MQTT","70","Publish Ack (id=5720)"
"905783","5798.697591134","192.168.15.4","192.168.15.3","MQTT","68","Disconnect Req"
"905795","5799.700865198","192.168.15.4","192.168.15.3","MQTT","90","Connect Command"
"905797","5799.703871514","192.168.15.4","192.168.15.3","MQTT","97","Publish Message (id=5721) [Deviceb'Device - 2']"
"905798","5799.704295545","192.168.15.3","192.168.15.4","MQTT","70","Connect Ack"
"905801","5799.706804984","192.168.15.3","192.168.15.4","MQTT","70","Publish Ack (id=5721)"
"905803","5799.707361344","192.168.15.4","192.168.15.3","MQTT","68","Disconnect Req"
"905816","5800.711156595","192.168.15.4","192.168.15.3","MQTT","90","Connect Command"
"905818","5800.714149657","192.168.15.4","192.168.15.3","MQTT","97","Publish Message (id=5722) [Deviceb'Device - 2']"
"905819","5800.714582995","192.168.15.3","192.168.15.4","MQTT","70","Connect Ack"
"905822","5800.717262725","192.168.15.3","192.168.15.4","MQTT","70","Publish Ack (id=5722)"
"905824","5800.717826510","192.168.15.4","192.168.15.3","MQTT","68","Disconnect Req"
"905832","5801.721675055","192.168.15.4","192.168.15.3","MQTT","90","Connect Command"
"905834","5801.724653189","192.168.15.4","192.168.15.3","MQTT","97","Publish Message (id=5723) [Deviceb'Device - 2']"
"905836","5801.729086229","192.168.15.3","192.168.15.4","MQTT","70","Connect Ack"
"905838","5801.731658186","192.168.15.3","192.168.15.4","MQTT","70","Publish Ack (id=5723)"
"905840","5801.731938615","192.168.15.4","192.168.15.3","MQTT","68","Disconnect Req"
"905852","5802.735672286","192.168.15.4","192.168.15.3","MQTT","90","Connect Command"
"905854","5802.738669266","192.168.15.4","192.168.15.3","MQTT","97","Publish Message (id=5724) [Deviceb'Device - 2']"
"905855","5802.739090291","192.168.15.3","192.168.15.4","MQTT","70","Connect Ack"
"905858","5802.741758028","192.168.15.3","192.168.15.4","MQTT","70","Publish Ack (id=5724)"
"905860","5802.742332523","192.168.15.4","192.168.15.3","MQTT","68","Disconnect Req"
"905875","5803.745903020","192.168.15.4","192.168.15.3","MQTT","90","Connect Command"
"905877","5803.750807981","192.168.15.4","192.168.15.3","MQTT","97","Publish Message (id=5725) [Deviceb'Device - 2']"
"905878","5803.751222514","192.168.15.3","192.168.15.4","MQTT","70","Connect Ack"
"905881","5803.753778480","192.168.15.3","192.168.15.4","MQTT","70","Publish Ack (id=5725)"
"905883","5803.754190819","192.168.15.4","192.168.15.3","MQTT","68","Disconnect Req"
"905898","5804.757556381","192.168.15.4","192.168.15.3","MQTT","90","Connect Command"
"905900","5804.760544033","192.168.15.4","192.168.15.3","MQTT","97","Publish Message (id=5726) [Deviceb'Device - 2']"
"905901","5804.761015283","192.168.15.3","192.168.15.4","MQTT","70","Connect Ack"
"905904","5804.763362786","192.168.15.3","192.168.15.4","MQTT","70","Publish Ack (id=5726)"
"905906","5804.763607908","192.168.15.4","192.168.15.3","MQTT","68","Disconnect Req"
"905926","5805.768953763","192.168.15.4","192.168.15.3","MQTT","90","Connect Command"
"905928","5805.771876913","192.168.15.4","192.168.15.3","MQTT","97","Publish Message (id=5727) [Deviceb'Device - 2']"
"905929","5805.772284472","192.168.15.3","192.168.15.4","MQTT","70","Connect Ack"
"905932","5805.774918446","192.168.15.3","192.168.15.4","MQTT","70","Publish Ack (id=5727)"
"905934","5805.775339141","192.168.15.4","192.168.15.3","MQTT","68","Disconnect Req"
"907200","5806.778430402","192.168.15.4","192.168.15.3","MQTT","90","Connect Command"
"907202","5806.781460463","192.168.15.4","192.168.15.3","MQTT","97","Publish Message (id=5728) [Deviceb'Device - 2']"
"907204","5806.785818322","192.168.15.3","192.168.15.4","MQTT","70","Connect Ack"
"907206","5806.788282595","192.168.15.3","192.168.15.4","MQTT","70","Publish Ack (id=5728)"
"907208","5806.788794662","192.168.15.4","192.168.15.3","MQTT","68","Disconnect Req"
"907216","5807.792914228","192.168.15.4","192.168.15.3","MQTT","90","Connect Command"
"907218","5807.795732490","192.168.15.4","192.168.15.3","MQTT","97","Publish Message (id=5729) [Deviceb'Device - 2']"
"907219","5807.796158815","192.168.15.3","192.168.15.4","MQTT","70","Connect Ack"
"907223","5807.799194116","192.168.15.3","192.168.15.4","MQTT","70","Publish Ack (id=5729)"
"907225","5807.799515653","192.168.15.4","192.168.15.3","MQTT","68","Disconnect Req"
"907236","5808.803379439","192.168.15.4","192.168.15.3","MQTT","90","Connect Command"
"907238","5808.806405884","192.168.15.4","192.168.15.3","MQTT","97","Publish Message (id=5730) [Deviceb'Device - 2']"
"907239","5808.806816910","192.168.15.3","192.168.15.4","MQTT","70","Connect Ack"
"907242","5808.809434092","192.168.15.3","192.168.15.4","MQTT","70","Publish Ack (id=5730)"
"907244","5808.809884953","192.168.15.4","192.168.15.3","MQTT","68","Disconnect Req"
"907254","5809.813330843","192.168.15.4","192.168.15.3","MQTT","90","Connect Command"
"907256","5809.816353550","192.168.15.4","192.168.15.3","MQTT","97","Publish Message (id=5731) [Deviceb'Device - 2']"
"907257","5809.816790375","192.168.15.3","192.168.15.4","MQTT","70","Connect Ack"
"907260","5809.819657098","192.168.15.3","192.168.15.4","MQTT","70","Publish Ack (id=5731)"
"907262","5809.820014483","192.168.15.4","192.168.15.3","MQTT","68","Disconnect Req"
"907278","5810.824023620","192.168.15.4","192.168.15.3","MQTT","90","Connect Command"
"907280","5810.826915260","192.168.15.4","192.168.15.3","MQTT","97","Publish Message (id=5732) [Deviceb'Device - 2']"
"907281","5810.827327859","192.168.15.3","192.168.15.4","MQTT","70","Connect Ack"
"907284","5810.830024551","192.168.15.3","192.168.15.4","MQTT","70","Publish Ack (id=5732)"
"907286","5810.830364393","192.168.15.4","192.168.15.3","MQTT","68","Disconnect Req"
"907305","5811.834401866","192.168.15.4","192.168.15.3","MQTT","90","Connect Command"
"907307","5811.837338151","192.168.15.4","192.168.15.3","MQTT","97","Publish Message (id=5733) [Deviceb'Device - 2']"
"907309","5811.841751073","192.168.15.3","192.168.15.4","MQTT","70","Connect Ack"
"907311","5811.844340232","192.168.15.3","192.168.15.4","MQTT","70","Publish Ack (id=5733)"
"907313","5811.844719469","192.168.15.4","192.168.15.3","MQTT","68","Disconnect Req"
"907339","5812.848795849","192.168.15.4","192.168.15.3","MQTT","90","Connect Command"
"907341","5812.851804790","192.168.15.4","192.168.15.3","MQTT","97","Publish Message (id=5734) [Deviceb'Device - 2']"
"907343","5812.852215105","192.168.15.3","192.168.15.4","MQTT","70","Connect Ack"
"907346","5812.855133495","192.168.15.3","192.168.15.4","MQTT","70","Publish Ack (id=5734)"
"907348","5812.855783803","192.168.15.4","192.168.15.3","MQTT","68","Disconnect Req"
"907362","5813.859812847","192.168.15.4","192.168.15.3","MQTT","90","Connect Command"
"907364","5813.863393568","192.168.15.4","192.168.15.3","MQTT","97","Publish Message (id=5735) [Deviceb'Device - 2']"
"907365","5813.863609536","192.168.15.3","192.168.15.4","MQTT","70","Connect Ack"
"907368","5813.866072988","192.168.15.3","192.168.15.4","MQTT","70","Publish Ack (id=5735)"
"907370","5813.866909217","192.168.15.4","192.168.15.3","MQTT","68","Disconnect Req"
"907382","5814.871295598","192.168.15.4","192.168.15.3","MQTT","90","Connect Command"
"907384","5814.874295182","192.168.15.4","192.168.15.3","MQTT","97","Publish Message (id=5736) [Deviceb'Device - 2']"
"907385","5814.874763076","192.168.15.3","192.168.15.4","MQTT","70","Connect Ack"
"907388","5814.877780684","192.168.15.3","192.168.15.4","MQTT","70","Publish Ack (id=5736)"
"907390","5814.878527344","192.168.15.4","192.168.15.3","MQTT","68","Disconnect Req"
"907398","5815.882667012","192.168.15.4","192.168.15.3","MQTT","90","Connect Command"
"907400","5815.885567249","192.168.15.4","192.168.15.3","MQTT","97","Publish Message (id=5737) [Deviceb'Device - 2']"
"907401","5815.885994957","192.168.15.3","192.168.15.4","MQTT","70","Connect Ack"
"907404","5815.888613211","192.168.15.3","192.168.15.4","MQTT","70","Publish Ack (id=5737)"
"907406","5815.889407160","192.168.15.4","192.168.15.3","MQTT","68","Disconnect Req"
"909705","5816.893458946","192.168.15.4","192.168.15.3","MQTT","90","Connect Command"
"909707","5816.896349764","192.168.15.4","192.168.15.3","MQTT","97","Publish Message (id=5738) [Deviceb'Device - 2']"
"909709","5816.900742109","192.168.15.3","192.168.15.4","MQTT","70","Connect Ack"
"909711","5816.903749167","192.168.15.3","192.168.15.4","MQTT","70","Publish Ack (id=5738)"
"909713","5816.904450701","192.168.15.4","192.168.15.3","MQTT","68","Disconnect Req"
"909737","5817.908674915","192.168.15.4","192.168.15.3","MQTT","90","Connect Command"
"909739","5817.911652167","192.168.15.4","192.168.15.3","MQTT","97","Publish Message (id=5739) [Deviceb'Device - 2']"
"909740","5817.912079675","192.168.15.3","192.168.15.4","MQTT","70","Connect Ack"
"909743","5817.914657773","192.168.15.3","192.168.15.4","MQTT","70","Publish Ack (id=5739)"
"909745","5817.915396498","192.168.15.4","192.168.15.3","MQTT","68","Disconnect Req"
"909760","5818.921648214","192.168.15.4","192.168.15.3","MQTT","90","Connect Command"
"909762","5818.924449934","192.168.15.4","192.168.15.3","MQTT","97","Publish Message (id=5740) [Deviceb'Device - 2']"
"909763","5818.924959326","192.168.15.3","192.168.15.4","MQTT","70","Connect Ack"
"909766","5818.927342065","192.168.15.3","192.168.15.4","MQTT","70","Publish Ack (id=5740)"
"909768","5818.927788949","192.168.15.4","192.168.15.3","MQTT","68","Disconnect Req"
"909782","5819.932092500","192.168.15.4","192.168.15.3","MQTT","90","Connect Command"
"909784","5819.935010340","192.168.15.4","192.168.15.3","MQTT","97","Publish Message (id=5741) [Deviceb'Device - 2']"
"909785","5819.935461362","192.168.15.3","192.168.15.4","MQTT","70","Connect Ack"
"909788","5819.938095576","192.168.15.3","192.168.15.4","MQTT","70","Publish Ack (id=5741)"
"909790","5819.938839010","192.168.15.4","192.168.15.3","MQTT","68","Disconnect Req"
"909802","5820.942588627","192.168.15.4","192.168.15.3","MQTT","90","Connect Command"
"909804","5820.945322029","192.168.15.4","192.168.15.3","MQTT","97","Publish Message (id=5742) [Deviceb'Device - 2']"
"909805","5820.945765155","192.168.15.3","192.168.15.4","MQTT","70","Connect Ack"
"909808","5820.948200604","192.168.15.3","192.168.15.4","MQTT","70","Publish Ack (id=5742)"
"909810","5820.948548521","192.168.15.4","192.168.15.3","MQTT","68","Disconnect Req"
"909822","5821.952027641","192.168.15.4","192.168.15.3","MQTT","90","Connect Command"
"909824","5821.955019230","192.168.15.4","192.168.15.3","MQTT","97","Publish Message (id=5743) [Deviceb'Device - 2']"
"909826","5821.959441080","192.168.15.3","192.168.15.4","MQTT","70","Connect Ack"
"909828","5821.961908329","192.168.15.3","192.168.15.4","MQTT","70","Publish Ack (id=5743)"
"909830","5821.962340074","192.168.15.4","192.168.15.3","MQTT","68","Disconnect Req"
"909845","5822.965716393","192.168.15.4","192.168.15.3","MQTT","90","Connect Command"
"909847","5822.968738109","192.168.15.4","192.168.15.3","MQTT","97","Publish Message (id=5744) [Deviceb'Device - 2']"
"909848","5822.969128416","192.168.15.3","192.168.15.4","MQTT","70","Connect Ack"
"909851","5822.971760436","192.168.15.3","192.168.15.4","MQTT","70","Publish Ack (id=5744)"
"909853","5822.972025887","192.168.15.4","192.168.15.3","MQTT","68","Disconnect Req"
"909869","5823.976143578","192.168.15.4","192.168.15.3","MQTT","90","Connect Command"
"909871","5823.979145877","192.168.15.4","192.168.15.3","MQTT","97","Publish Message (id=5745) [Deviceb'Device - 2']"
"909872","5823.979570219","192.168.15.3","192.168.15.4","MQTT","70","Connect Ack"
"909875","5823.983518745","192.168.15.3","192.168.15.4","MQTT","70","Publish Ack (id=5745)"
"909877","5823.983762515","192.168.15.4","192.168.15.3","MQTT","68","Disconnect Req"
"909891","5824.988052746","192.168.15.4","192.168.15.3","MQTT","90","Connect Command"
"909893","5824.990986215","192.168.15.4","192.168.15.3","MQTT","97","Publish Message (id=5746) [Deviceb'Device - 2']"
"909894","5824.991406388","192.168.15.3","192.168.15.4","MQTT","70","Connect Ack"
"909897","5824.993846867","192.168.15.3","192.168.15.4","MQTT","70","Publish Ack (id=5746)"
"909899","5824.994075609","192.168.15.4","192.168.15.3","MQTT","68","Disconnect Req"
"909909","5825.997646303","192.168.15.4","192.168.15.3","MQTT","90","Connect Command"
"909911","5826.000976552","192.168.15.4","192.168.15.3","MQTT","97","Publish Message (id=5747) [Deviceb'Device - 2']"
"909912","5826.001352031","192.168.15.3","192.168.15.4","MQTT","70","Connect Ack"
"909915","5826.003949586","192.168.15.3","192.168.15.4","MQTT","70","Publish Ack (id=5747)"
"909917","5826.004322560","192.168.15.4","192.168.15.3","MQTT","68","Disconnect Req"
"911878","5827.008038041","192.168.15.4","192.168.15.3","MQTT","90","Connect Command"
"911880","5827.010926215","192.168.15.4","192.168.15.3","MQTT","97","Publish Message (id=5748) [Deviceb'Device - 2']"
"911882","5827.015309853","192.168.15.3","192.168.15.4","MQTT","70","Connect Ack"
"911884","5827.017692532","192.168.15.3","192.168.15.4","MQTT","70","Publish Ack (id=5748)"
"911886","5827.018476582","192.168.15.4","192.168.15.3","MQTT","68","Disconnect Req"
"911907","5828.022198769","192.168.15.4","192.168.15.3","MQTT","90","Connect Command"
"911909","5828.025145564","192.168.15.4","192.168.15.3","MQTT","97","Publish Message (id=5749) [Deviceb'Device - 2']"
"911910","5828.025770614","192.168.15.3","192.168.15.4","MQTT","70","Connect Ack"
"911913","5828.028594757","192.168.15.3","192.168.15.4","MQTT","70","Publish Ack (id=5749)"
"911915","5828.028878583","192.168.15.4","192.168.15.3","MQTT","68","Disconnect Req"
"911927","5829.032411435","192.168.15.4","192.168.15.3","MQTT","90","Connect Command"
"911929","5829.035381534","192.168.15.4","192.168.15.3","MQTT","97","Publish Message (id=5750) [Deviceb'Device - 2']"
"911930","5829.035817186","192.168.15.3","192.168.15.4","MQTT","70","Connect Ack"
"911933","5829.038326585","192.168.15.3","192.168.15.4","MQTT","70","Publish Ack (id=5750)"
"911935","5829.038972885","192.168.15.4","192.168.15.3","MQTT","68","Disconnect Req"
"911970","5830.043940059","192.168.15.4","192.168.15.3","MQTT","90","Connect Command"
"911972","5830.046829496","192.168.15.4","192.168.15.3","MQTT","97","Publish Message (id=5751) [Deviceb'Device - 2']"
"911973","5830.047705550","192.168.15.3","192.168.15.4","MQTT","70","Connect Ack"
"911976","5830.049705527","192.168.15.3","192.168.15.4","MQTT","70","Publish Ack (id=5751)"
"911978","5830.050370973","192.168.15.4","192.168.15.3","MQTT","68","Disconnect Req"
"912004","5831.055006995","192.168.15.4","192.168.15.3","MQTT","90","Connect Command"
"912006","5831.057872155","192.168.15.4","192.168.15.3","MQTT","97","Publish Message (id=5752) [Deviceb'Device - 2']"
"912007","5831.058376317","192.168.15.3","192.168.15.4","MQTT","70","Connect Ack"
"912010","5831.060833167","192.168.15.3","192.168.15.4","MQTT","70","Publish Ack (id=5752)"
"912012","5831.061504514","192.168.15.4","192.168.15.3","MQTT","68","Disconnect Req"
"912026","5832.066085033","192.168.15.4","192.168.15.3","MQTT","90","Connect Command"
"912028","5832.068797104","192.168.15.4","192.168.15.3","MQTT","97","Publish Message (id=5753) [Deviceb'Device - 2']"
"912030","5832.073122363","192.168.15.3","192.168.15.4","MQTT","70","Connect Ack"
"912032","5832.075974078","192.168.15.3","192.168.15.4","MQTT","70","Publish Ack (id=5753)"
"912034","5832.076810106","192.168.15.4","192.168.15.3","MQTT","68","Disconnect Req"
"912077","5833.080681559","192.168.15.4","192.168.15.3","MQTT","90","Connect Command"
"912079","5833.083614828","192.168.15.4","192.168.15.3","MQTT","97","Publish Message (id=5754) [Deviceb'Device - 2']"
"912080","5833.084016457","192.168.15.3","192.168.15.4","MQTT","70","Connect Ack"
"912083","5833.086528570","192.168.15.3","192.168.15.4","MQTT","70","Publish Ack (id=5754)"
"912085","5833.087422769","192.168.15.4","192.168.15.3","MQTT","68","Disconnect Req"
"912102","5834.091581558","192.168.15.4","192.168.15.3","MQTT","90","Connect Command"
"912104","5834.094462789","192.168.15.4","192.168.15.3","MQTT","97","Publish Message (id=5755) [Deviceb'Device - 2']"
"912105","5834.094934530","192.168.15.3","192.168.15.4","MQTT","70","Connect Ack"
"912108","5834.097392712","192.168.15.3","192.168.15.4","MQTT","70","Publish Ack (id=5755)"
"912110","5834.097885052","192.168.15.4","192.168.15.3","MQTT","68","Disconnect Req"
"912122","5835.102355251","192.168.15.4","192.168.15.3","MQTT","90","Connect Command"
"912124","5835.105341130","192.168.15.4","192.168.15.3","MQTT","97","Publish Message (id=5756) [Deviceb'Device - 2']"
"912125","5835.105751204","192.168.15.3","192.168.15.4","MQTT","70","Connect Ack"
"912128","5835.108144704","192.168.15.3","192.168.15.4","MQTT","70","Publish Ack (id=5756)"
"912130","5835.108470579","192.168.15.4","192.168.15.3","MQTT","68","Disconnect Req"
"912147","5836.112473911","192.168.15.4","192.168.15.3","MQTT","90","Connect Command"
"912149","5836.115427708","192.168.15.4","192.168.15.3","MQTT","97","Publish Message (id=5757) [Deviceb'Device - 2']"
"912150","5836.115852170","192.168.15.3","192.168.15.4","MQTT","70","Connect Ack"
"912153","5836.118467338","192.168.15.3","192.168.15.4","MQTT","70","Publish Ack (id=5757)"
"912155","5836.118994183","192.168.15.4","192.168.15.3","MQTT","68","Disconnect Req"
"913914","5837.122985645","192.168.15.4","192.168.15.3","MQTT","90","Connect Command"
"913916","5837.125871975","192.168.15.4","192.168.15.3","MQTT","97","Publish Message (id=5758) [Deviceb'Device - 2']"
"913918","5837.130297813","192.168.15.3","192.168.15.4","MQTT","70","Connect Ack"
"913920","5837.132819325","192.168.15.3","192.168.15.4","MQTT","70","Publish Ack (id=5758)"
"913922","5837.133393208","192.168.15.4","192.168.15.3","MQTT","68","Disconnect Req"
"913938","5838.139021465","192.168.15.4","192.168.15.3","MQTT","90","Connect Command"
"913940","5838.141814258","192.168.15.4","192.168.15.3","MQTT","97","Publish Message (id=5759) [Deviceb'Device - 2']"
"913941","5838.142263447","192.168.15.3","192.168.15.4","MQTT","70","Connect Ack"
"913944","5838.144770751","192.168.15.3","192.168.15.4","MQTT","70","Publish Ack (id=5759)"
"913946","5838.145386855","192.168.15.4","192.168.15.3","MQTT","68","Disconnect Req"
"913962","5839.150305593","192.168.15.4","192.168.15.3","MQTT","90","Connect Command"
"913964","5839.153303815","192.168.15.4","192.168.15.3","MQTT","97","Publish Message (id=5760) [Deviceb'Device - 2']"
"913965","5839.153688120","192.168.15.3","192.168.15.4","MQTT","70","Connect Ack"
"913968","5839.156243526","192.168.15.3","192.168.15.4","MQTT","70","Publish Ack (id=5760)"
"913970","5839.156518606","192.168.15.4","192.168.15.3","MQTT","68","Disconnect Req"
"913983","5840.160942322","192.168.15.4","192.168.15.3","MQTT","90","Connect Command"
"913985","5840.163902302","192.168.15.4","192.168.15.3","MQTT","97","Publish Message (id=5761) [Deviceb'Device - 2']"
"913986","5840.164328767","192.168.15.3","192.168.15.4","MQTT","70","Connect Ack"
"913989","5840.166907226","192.168.15.3","192.168.15.4","MQTT","70","Publish Ack (id=5761)"
"913991","5840.167242039","192.168.15.4","192.168.15.3","MQTT","68","Disconnect Req"
"914007","5841.170856831","192.168.15.4","192.168.15.3","MQTT","90","Connect Command"
"914009","5841.173834574","192.168.15.4","192.168.15.3","MQTT","97","Publish Message (id=5762) [Deviceb'Device - 2']"
"914010","5841.174271038","192.168.15.3","192.168.15.4","MQTT","70","Connect Ack"
"914013","5841.176706156","192.168.15.3","192.168.15.4","MQTT","70","Publish Ack (id=5762)"
"914015","5841.177432017","192.168.15.4","192.168.15.3","MQTT","68","Disconnect Req"
"914029","5842.181595298","192.168.15.4","192.168.15.3","MQTT","90","Connect Command"
"914031","5842.184547703","192.168.15.4","192.168.15.3","MQTT","97","Publish Message (id=5763) [Deviceb'Device - 2']"
"914033","5842.188922064","192.168.15.3","192.168.15.4","MQTT","70","Connect Ack"
"914035","5842.191543163","192.168.15.3","192.168.15.4","MQTT","70","Publish Ack (id=5763)"
"914037","5842.192134781","192.168.15.4","192.168.15.3","MQTT","68","Disconnect Req"
"914062","5843.196650751","192.168.15.4","192.168.15.3","MQTT","90","Connect Command"
"914064","5843.200067763","192.168.15.4","192.168.15.3","MQTT","97","Publish Message (id=5764) [Deviceb'Device - 2']"
"914065","5843.200325901","192.168.15.3","192.168.15.4","MQTT","70","Connect Ack"
"914068","5843.202992236","192.168.15.3","192.168.15.4","MQTT","70","Publish Ack (id=5764)"
"914070","5843.203813467","192.168.15.4","192.168.15.3","MQTT","68","Disconnect Req"
"914082","5844.208066072","192.168.15.4","192.168.15.3","MQTT","90","Connect Command"
"914084","5844.210983551","192.168.15.4","192.168.15.3","MQTT","97","Publish Message (id=5765) [Deviceb'Device - 2']"
"914085","5844.211419745","192.168.15.3","192.168.15.4","MQTT","70","Connect Ack"
"914088","5844.213552422","192.168.15.3","192.168.15.4","MQTT","70","Publish Ack (id=5765)"
"914090","5844.214080089","192.168.15.4","192.168.15.3","MQTT","68","Disconnect Req"
"914104","5845.218392820","192.168.15.4","192.168.15.3","MQTT","90","Connect Command"
"914106","5845.223140325","192.168.15.4","192.168.15.3","MQTT","97","Publish Message (id=5766) [Deviceb'Device - 2']"
"914107","5845.223509673","192.168.15.3","192.168.15.4","MQTT","70","Connect Ack"
"914110","5845.226110494","192.168.15.3","192.168.15.4","MQTT","70","Publish Ack (id=5766)"
"914112","5845.226461317","192.168.15.4","192.168.15.3","MQTT","68","Disconnect Req"
"914131","5846.230611004","192.168.15.4","192.168.15.3","MQTT","90","Connect Command"
"914133","5846.233467819","192.168.15.4","192.168.15.3","MQTT","97","Publish Message (id=5767) [Deviceb'Device - 2']"
"914134","5846.233850963","192.168.15.3","192.168.15.4","MQTT","70","Connect Ack"
"914137","5846.236394456","192.168.15.3","192.168.15.4","MQTT","70","Publish Ack (id=5767)"
"914139","5846.237165161","192.168.15.4","192.168.15.3","MQTT","68","Disconnect Req"
"916493","5847.240869841","192.168.15.4","192.168.15.3","MQTT","90","Connect Command"
"916495","5847.243859397","192.168.15.4","192.168.15.3","MQTT","97","Publish Message (id=5768) [Deviceb'Device - 2']"
"916496","5847.244488054","192.168.15.3","192.168.15.4","MQTT","70","Connect Ack"
"916499","5847.246847259","192.168.15.3","192.168.15.4","MQTT","70","Publish Ack (id=5768)"
"916501","5847.247108252","192.168.15.4","192.168.15.3","MQTT","68","Disconnect Req"
"916526","5848.250963648","192.168.15.4","192.168.15.3","MQTT","90","Connect Command"
"916528","5848.253869466","192.168.15.4","192.168.15.3","MQTT","97","Publish Message (id=5769) [Deviceb'Device - 2']"
"916529","5848.254252579","192.168.15.3","192.168.15.4","MQTT","70","Connect Ack"
"916532","5848.257282250","192.168.15.3","192.168.15.4","MQTT","70","Publish Ack (id=5769)"
"916534","5848.258047065","192.168.15.4","192.168.15.3","MQTT","68","Disconnect Req"
"916551","5849.262884349","192.168.15.4","192.168.15.3","MQTT","90","Connect Command"
"916553","5849.265884844","192.168.15.4","192.168.15.3","MQTT","97","Publish Message (id=5770) [Deviceb'Device - 2']"
"916554","5849.266281313","192.168.15.3","192.168.15.4","MQTT","70","Connect Ack"
"916557","5849.268966123","192.168.15.3","192.168.15.4","MQTT","70","Publish Ack (id=5770)"
"916559","5849.269889587","192.168.15.4","192.168.15.3","MQTT","68","Disconnect Req"
"916574","5850.274525564","192.168.15.4","192.168.15.3","MQTT","90","Connect Command"
"916576","5850.277373702","192.168.15.4","192.168.15.3","MQTT","97","Publish Message (id=5771) [Deviceb'Device - 2']"
"916577","5850.277793816","192.168.15.3","192.168.15.4","MQTT","70","Connect Ack"
"916580","5850.280424714","192.168.15.3","192.168.15.4","MQTT","70","Publish Ack (id=5771)"
"916582","5850.280980704","192.168.15.4","192.168.15.3","MQTT","68","Disconnect Req"
"916594","5851.285536943","192.168.15.4","192.168.15.3","MQTT","90","Connect Command"
"916596","5851.288410229","192.168.15.4","192.168.15.3","MQTT","97","Publish Message (id=5772) [Deviceb'Device - 2']"
"916597","5851.288827407","192.168.15.3","192.168.15.4","MQTT","70","Connect Ack"
"916600","5851.291365119","192.168.15.3","192.168.15.4","MQTT","70","Publish Ack (id=5772)"
"916602","5851.291750517","192.168.15.4","192.168.15.3","MQTT","68","Disconnect Req"
"916614","5852.295730149","192.168.15.4","192.168.15.3","MQTT","90","Connect Command"
"916616","5852.298613925","192.168.15.4","192.168.15.3","MQTT","97","Publish Message (id=5773) [Deviceb'Device - 2']"
"916617","5852.299239547","192.168.15.3","192.168.15.4","MQTT","70","Connect Ack"
"916620","5852.301552304","192.168.15.3","192.168.15.4","MQTT","70","Publish Ack (id=5773)"
"916622","5852.301905932","192.168.15.4","192.168.15.3","MQTT","68","Disconnect Req"
"916647","5853.305534555","192.168.15.4","192.168.15.3","MQTT","90","Connect Command"
"916649","5853.308711083","192.168.15.4","192.168.15.3","MQTT","97","Publish Message (id=5774) [Deviceb'Device - 2']"
"916650","5853.309002935","192.168.15.3","192.168.15.4","MQTT","70","Connect Ack"
"916653","5853.311694768","192.168.15.3","192.168.15.4","MQTT","70","Publish Ack (id=5774)"
"916655","5853.312003360","192.168.15.4","192.168.15.3","MQTT","68","Disconnect Req"
"916667","5854.318072004","192.168.15.4","192.168.15.3","MQTT","90","Connect Command"
"916669","5854.320991768","192.168.15.4","192.168.15.3","MQTT","97","Publish Message (id=5775) [Deviceb'Device - 2']"
"916670","5854.321359642","192.168.15.3","192.168.15.4","MQTT","70","Connect Ack"
"916673","5854.323970633","192.168.15.3","192.168.15.4","MQTT","70","Publish Ack (id=5775)"
"916675","5854.324310435","192.168.15.4","192.168.15.3","MQTT","68","Disconnect Req"
"916706","5855.329175528","192.168.15.4","192.168.15.3","MQTT","90","Connect Command"
"916709","5855.332929066","192.168.15.4","192.168.15.3","MQTT","97","Publish Message (id=5776) [Deviceb'Device - 2']"
"916710","5855.332948282","192.168.15.3","192.168.15.4","MQTT","70","Connect Ack"
"916713","5855.335745835","192.168.15.3","192.168.15.4","MQTT","70","Publish Ack (id=5776)"
"916715","5855.336566545","192.168.15.4","192.168.15.3","MQTT","68","Disconnect Req"
"916730","5856.340699189","192.168.15.4","192.168.15.3","MQTT","90","Connect Command"
"916732","5856.343806827","192.168.15.4","192.168.15.3","MQTT","97","Publish Message (id=5777) [Deviceb'Device - 2']"
"916733","5856.344812406","192.168.15.3","192.168.15.4","MQTT","70","Connect Ack"
"916736","5856.346776966","192.168.15.3","192.168.15.4","MQTT","70","Publish Ack (id=5777)"
"916738","5856.347351862","192.168.15.4","192.168.15.3","MQTT","68","Disconnect Req"
"918676","5857.351591420","192.168.15.4","192.168.15.3","MQTT","90","Connect Command"
"918678","5857.354465838","192.168.15.4","192.168.15.3","MQTT","97","Publish Message (id=5778) [Deviceb'Device - 2']"
"918680","5857.358798861","192.168.15.3","192.168.15.4","MQTT","70","Connect Ack"
"918682","5857.361252294","192.168.15.3","192.168.15.4","MQTT","70","Publish Ack (id=5778)"
"918684","5857.361618265","192.168.15.4","192.168.15.3","MQTT","68","Disconnect Req"
"918699","5858.366076820","192.168.15.4","192.168.15.3","MQTT","90","Connect Command"
"918701","5858.368998047","192.168.15.4","192.168.15.3","MQTT","97","Publish Message (id=5779) [Deviceb'Device - 2']"
"918702","5858.369405657","192.168.15.3","192.168.15.4","MQTT","70","Connect Ack"
"918705","5858.372062043","192.168.15.3","192.168.15.4","MQTT","70","Publish Ack (id=5779)"
"918707","5858.372780459","192.168.15.4","192.168.15.3","MQTT","68","Disconnect Req"
"918719","5859.376623464","192.168.15.4","192.168.15.3","MQTT","90","Connect Command"
"918721","5859.379576180","192.168.15.4","192.168.15.3","MQTT","97","Publish Message (id=5780) [Deviceb'Device - 2']"
"918722","5859.379999069","192.168.15.3","192.168.15.4","MQTT","70","Connect Ack"
"918725","5859.382473041","192.168.15.3","192.168.15.4","MQTT","70","Publish Ack (id=5780)"
"918727","5859.383083904","192.168.15.4","192.168.15.3","MQTT","68","Disconnect Req"
"918736","5860.387958079","192.168.15.4","192.168.15.3","MQTT","90","Connect Command"
"918738","5860.390850622","192.168.15.4","192.168.15.3","MQTT","97","Publish Message (id=5781) [Deviceb'Device - 2']"
"918739","5860.391241350","192.168.15.3","192.168.15.4","MQTT","70","Connect Ack"
"918742","5860.393847391","192.168.15.3","192.168.15.4","MQTT","70","Publish Ack (id=5781)"
"918744","5860.394386499","192.168.15.4","192.168.15.3","MQTT","68","Disconnect Req"
"918770","5861.398315442","192.168.15.4","192.168.15.3","MQTT","90","Connect Command"
"918772","5861.401244634","192.168.15.4","192.168.15.3","MQTT","97","Publish Message (id=5782) [Deviceb'Device - 2']"
"918773","5861.401822615","192.168.15.3","192.168.15.4","MQTT","70","Connect Ack"
"918776","5861.404130914","192.168.15.3","192.168.15.4","MQTT","70","Publish Ack (id=5782)"
"918778","5861.404657529","192.168.15.4","192.168.15.3","MQTT","68","Disconnect Req"
"918792","5862.408444015","192.168.15.4","192.168.15.3","MQTT","90","Connect Command"
"918794","5862.411313735","192.168.15.4","192.168.15.3","MQTT","97","Publish Message (id=5783) [Deviceb'Device - 2']"
"918796","5862.415738150","192.168.15.3","192.168.15.4","MQTT","70","Connect Ack"
"918798","5862.418120158","192.168.15.3","192.168.15.4","MQTT","70","Publish Ack (id=5783)"
"918800","5862.418768803","192.168.15.4","192.168.15.3","MQTT","68","Disconnect Req"
"918815","5863.422956330","192.168.15.4","192.168.15.3","MQTT","90","Connect Command"
"918817","5863.425946657","192.168.15.4","192.168.15.3","MQTT","97","Publish Message (id=5784) [Deviceb'Device - 2']"
"918818","5863.426395164","192.168.15.3","192.168.15.4","MQTT","70","Connect Ack"
"918821","5863.429210821","192.168.15.3","192.168.15.4","MQTT","70","Publish Ack (id=5784)"
"918823","5863.429957632","192.168.15.4","192.168.15.3","MQTT","68","Disconnect Req"
"918837","5864.433874570","192.168.15.4","192.168.15.3","MQTT","90","Connect Command"
"918839","5864.436820704","192.168.15.4","192.168.15.3","MQTT","97","Publish Message (id=5785) [Deviceb'Device - 2']"
"918840","5864.437226260","192.168.15.3","192.168.15.4","MQTT","70","Connect Ack"
"918843","5864.439993064","192.168.15.3","192.168.15.4","MQTT","70","Publish Ack (id=5785)"
"918845","5864.440416654","192.168.15.4","192.168.15.3","MQTT","68","Disconnect Req"
"918862","5865.444015956","192.168.15.4","192.168.15.3","MQTT","90","Connect Command"
"918864","5865.446996034","192.168.15.4","192.168.15.3","MQTT","97","Publish Message (id=5786) [Deviceb'Device - 2']"
"918865","5865.447387283","192.168.15.3","192.168.15.4","MQTT","70","Connect Ack"
"918868","5865.449979628","192.168.15.3","192.168.15.4","MQTT","70","Publish Ack (id=5786)"
"918870","5865.450460687","192.168.15.4","192.168.15.3","MQTT","68","Disconnect Req"
"918885","5866.453725259","192.168.15.4","192.168.15.3","MQTT","90","Connect Command"
"918887","5866.456719674","192.168.15.4","192.168.15.3","MQTT","97","Publish Message (id=5787) [Deviceb'Device - 2']"
"918888","5866.457149836","192.168.15.3","192.168.15.4","MQTT","70","Connect Ack"
"918891","5866.459638706","192.168.15.3","192.168.15.4","MQTT","70","Publish Ack (id=5787)"
"918893","5866.459945466","192.168.15.4","192.168.15.3","MQTT","68","Disconnect Req"
"920854","5867.463650643","192.168.15.4","192.168.15.3","MQTT","90","Connect Command"
"920856","5867.467138570","192.168.15.4","192.168.15.3","MQTT","97","Publish Message (id=5788) [Deviceb'Device - 2']"
"920858","5867.470901055","192.168.15.3","192.168.15.4","MQTT","70","Connect Ack"
"920860","5867.473311938","192.168.15.3","192.168.15.4","MQTT","70","Publish Ack (id=5788)"
"920862","5867.473649205","192.168.15.4","192.168.15.3","MQTT","68","Disconnect Req"
"920877","5868.477251320","192.168.15.4","192.168.15.3","MQTT","90","Connect Command"
"920879","5868.480236948","192.168.15.4","192.168.15.3","MQTT","97","Publish Message (id=5789) [Deviceb'Device - 2']"
"920880","5868.480707837","192.168.15.3","192.168.15.4","MQTT","70","Connect Ack"
"920883","5868.483097290","192.168.15.3","192.168.15.4","MQTT","70","Publish Ack (id=5789)"
"920885","5868.483463792","192.168.15.4","192.168.15.3","MQTT","68","Disconnect Req"
"920897","5869.487134229","192.168.15.4","192.168.15.3","MQTT","90","Connect Command"
"920899","5869.490100140","192.168.15.4","192.168.15.3","MQTT","97","Publish Message (id=5790) [Deviceb'Device - 2']"
"920900","5869.490524822","192.168.15.3","192.168.15.4","MQTT","70","Connect Ack"
"920903","5869.492944281","192.168.15.3","192.168.15.4","MQTT","70","Publish Ack (id=5790)"
"920905","5869.493172181","192.168.15.4","192.168.15.3","MQTT","68","Disconnect Req"
"920918","5870.497366981","192.168.15.4","192.168.15.3","MQTT","90","Connect Command"
"920920","5870.500349945","192.168.15.4","192.168.15.3","MQTT","97","Publish Message (id=5791) [Deviceb'Device - 2']"
"920921","5870.500775849","192.168.15.3","192.168.15.4","MQTT","70","Connect Ack"
"920924","5870.503434069","192.168.15.3","192.168.15.4","MQTT","70","Publish Ack (id=5791)"
"920926","5870.503896512","192.168.15.4","192.168.15.3","MQTT","68","Disconnect Req"
"920936","5871.508470601","192.168.15.4","192.168.15.3","MQTT","90","Connect Command"
"920938","5871.511485234","192.168.15.4","192.168.15.3","MQTT","97","Publish Message (id=5792) [Deviceb'Device - 2']"
"920939","5871.511974098","192.168.15.3","192.168.15.4","MQTT","70","Connect Ack"
"920942","5871.514409477","192.168.15.3","192.168.15.4","MQTT","70","Publish Ack (id=5792)"
"920944","5871.514644932","192.168.15.4","192.168.15.3","MQTT","68","Disconnect Req"
"920956","5872.518870014","192.168.15.4","192.168.15.3","MQTT","90","Connect Command"
"920958","5872.521861744","192.168.15.4","192.168.15.3","MQTT","97","Publish Message (id=5793) [Deviceb'Device - 2']"
"920960","5872.526241255","192.168.15.3","192.168.15.4","MQTT","70","Connect Ack"
"920962","5872.528620748","192.168.15.3","192.168.15.4","MQTT","70","Publish Ack (id=5793)"
"920964","5872.529508284","192.168.15.4","192.168.15.3","MQTT","68","Disconnect Req"
"921567","5873.538521222","192.168.15.4","192.168.15.3","MQTT","90","Connect Command"
"921665","5873.547612941","192.168.15.4","192.168.15.3","MQTT","97","Publish Message (id=5794) [Deviceb'Device - 2']"
"921676","5873.548551323","192.168.15.3","192.168.15.4","MQTT","70","Connect Ack"
"921717","5873.552252633","192.168.15.3","192.168.15.4","MQTT","70","Publish Ack (id=5794)"
"921725","5873.552785540","192.168.15.4","192.168.15.3","MQTT","68","Disconnect Req"
"922423","5874.556367794","192.168.15.4","192.168.15.3","MQTT","90","Connect Command"
"922425","5874.559371106","192.168.15.4","192.168.15.3","MQTT","97","Publish Message (id=5795) [Deviceb'Device - 2']"
"922426","5874.560976528","192.168.15.3","192.168.15.4","MQTT","70","Connect Ack"
"922429","5874.563634357","192.168.15.3","192.168.15.4","MQTT","70","Publish Ack (id=5795)"
"922431","5874.564312638","192.168.15.4","192.168.15.3","MQTT","68","Disconnect Req"
"922443","5875.568571422","192.168.15.4","192.168.15.3","MQTT","90","Connect Command"
"922445","5875.571302911","192.168.15.4","192.168.15.3","MQTT","97","Publish Message (id=5796) [Deviceb'Device - 2']"
"922446","5875.571793568","192.168.15.3","192.168.15.4","MQTT","70","Connect Ack"
"922449","5875.574251319","192.168.15.3","192.168.15.4","MQTT","70","Publish Ack (id=5796)"
"922451","5875.575036572","192.168.15.4","192.168.15.3","MQTT","68","Disconnect Req"
"922463","5876.579790525","192.168.15.4","192.168.15.3","MQTT","90","Connect Command"
"922465","5876.582666827","192.168.15.4","192.168.15.3","MQTT","97","Publish Message (id=5797) [Deviceb'Device - 2']"
"922466","5876.583086429","192.168.15.3","192.168.15.4","MQTT","70","Connect Ack"
"922469","5876.585530275","192.168.15.3","192.168.15.4","MQTT","70","Publish Ack (id=5797)"
"922471","5876.585970366","192.168.15.4","192.168.15.3","MQTT","68","Disconnect Req"
"922491","5877.590009521","192.168.15.4","192.168.15.3","MQTT","90","Connect Command"
"922493","5877.592851228","192.168.15.4","192.168.15.3","MQTT","97","Publish Message (id=5798) [Deviceb'Device - 2']"
"922495","5877.597255535","192.168.15.3","192.168.15.4","MQTT","70","Connect Ack"
"922497","5877.599724738","192.168.15.3","192.168.15.4","MQTT","70","Publish Ack (id=5798)"
"922499","5877.600547161","192.168.15.4","192.168.15.3","MQTT","68","Disconnect Req"
"922514","5878.605116260","192.168.15.4","192.168.15.3","MQTT","90","Connect Command"
"922516","5878.607961042","192.168.15.4","192.168.15.3","MQTT","97","Publish Message (id=5799) [Deviceb'Device - 2']"
"922517","5878.608423886","192.168.15.3","192.168.15.4","MQTT","70","Connect Ack"
"922520","5878.610815653","192.168.15.3","192.168.15.4","MQTT","70","Publish Ack (id=5799)"
"922522","5878.611515605","192.168.15.4","192.168.15.3","MQTT","68","Disconnect Req"
"922539","5879.616127176","192.168.15.4","192.168.15.3","MQTT","90","Connect Command"
"922541","5879.619037482","192.168.15.4","192.168.15.3","MQTT","97","Publish Message (id=5800) [Deviceb'Device - 2']"
"922542","5879.619426096","192.168.15.3","192.168.15.4","MQTT","70","Connect Ack"
"922545","5879.622092071","192.168.15.3","192.168.15.4","MQTT","70","Publish Ack (id=5800)"
"922547","5879.622818703","192.168.15.4","192.168.15.3","MQTT","68","Disconnect Req"
"924054","5880.627607112","192.168.15.4","192.168.15.3","MQTT","90","Connect Command"
"924159","5880.637381290","192.168.15.4","192.168.15.3","MQTT","97","Publish Message (id=5801) [Deviceb'Device - 2']"
"924160","5880.637398452","192.168.15.3","192.168.15.4","MQTT","70","Connect Ack"
"924218","5880.642738026","192.168.15.3","192.168.15.4","MQTT","70","Publish Ack (id=5801)"
"924227","5880.643365040","192.168.15.4","192.168.15.3","MQTT","68","Disconnect Req"
"924871","5881.647201203","192.168.15.4","192.168.15.3","MQTT","90","Connect Command"
"924873","5881.650097463","192.168.15.4","192.168.15.3","MQTT","97","Publish Message (id=5802) [Deviceb'Device - 2']"
"924874","5881.650496616","192.168.15.3","192.168.15.4","MQTT","70","Connect Ack"
"924877","5881.652877403","192.168.15.3","192.168.15.4","MQTT","70","Publish Ack (id=5802)"
"924879","5881.653290533","192.168.15.4","192.168.15.3","MQTT","68","Disconnect Req"
"924896","5882.657212501","192.168.15.4","192.168.15.3","MQTT","90","Connect Command"
"924898","5882.660208218","192.168.15.4","192.168.15.3","MQTT","97","Publish Message (id=5803) [Deviceb'Device - 2']"
"924900","5882.664570877","192.168.15.3","192.168.15.4","MQTT","70","Connect Ack"
"924902","5882.666968224","192.168.15.3","192.168.15.4","MQTT","70","Publish Ack (id=5803)"
"924904","5882.667296304","192.168.15.4","192.168.15.3","MQTT","68","Disconnect Req"
"924915","5883.671302794","192.168.15.4","192.168.15.3","MQTT","90","Connect Command"
"924917","5883.674200066","192.168.15.4","192.168.15.3","MQTT","97","Publish Message (id=5804) [Deviceb'Device - 2']"
"924918","5883.674616222","192.168.15.3","192.168.15.4","MQTT","70","Connect Ack"
"924921","5883.677171718","192.168.15.3","192.168.15.4","MQTT","70","Publish Ack (id=5804)"
"924923","5883.677984473","192.168.15.4","192.168.15.3","MQTT","68","Disconnect Req"
"924936","5884.682555200","192.168.15.4","192.168.15.3","MQTT","90","Connect Command"
"924938","5884.685475776","192.168.15.4","192.168.15.3","MQTT","97","Publish Message (id=5805) [Deviceb'Device - 2']"
"924939","5884.685885670","192.168.15.3","192.168.15.4","MQTT","70","Connect Ack"
"924942","5884.688253882","192.168.15.3","192.168.15.4","MQTT","70","Publish Ack (id=5805)"
"924944","5884.689039907","192.168.15.4","192.168.15.3","MQTT","68","Disconnect Req"
"924959","5885.693257461","192.168.15.4","192.168.15.3","MQTT","90","Connect Command"
"924961","5885.696150665","192.168.15.4","192.168.15.3","MQTT","97","Publish Message (id=5806) [Deviceb'Device - 2']"
"924962","5885.696567902","192.168.15.3","192.168.15.4","MQTT","70","Connect Ack"
"924965","5885.699277129","192.168.15.3","192.168.15.4","MQTT","70","Publish Ack (id=5806)"
"924967","5885.700023468","192.168.15.4","192.168.15.3","MQTT","68","Disconnect Req"
"924981","5886.704059742","192.168.15.4","192.168.15.3","MQTT","90","Connect Command"
"924983","5886.706958737","192.168.15.4","192.168.15.3","MQTT","97","Publish Message (id=5807) [Deviceb'Device - 2']"
"924984","5886.707365034","192.168.15.3","192.168.15.4","MQTT","70","Connect Ack"
"924987","5886.709904090","192.168.15.3","192.168.15.4","MQTT","70","Publish Ack (id=5807)"
"924989","5886.710617377","192.168.15.4","192.168.15.3","MQTT","68","Disconnect Req"
"925001","5887.715692556","192.168.15.4","192.168.15.3","MQTT","90","Connect Command"
"925003","5887.720111010","192.168.15.4","192.168.15.3","MQTT","97","Publish Message (id=5808) [Deviceb'Device - 2']"
"925005","5887.724764058","192.168.15.3","192.168.15.4","MQTT","70","Connect Ack"
"925007","5887.727296270","192.168.15.3","192.168.15.4","MQTT","70","Publish Ack (id=5808)"
"925009","5887.727654837","192.168.15.4","192.168.15.3","MQTT","68","Disconnect Req"
"925024","5888.731845638","192.168.15.4","192.168.15.3","MQTT","90","Connect Command"
"925026","5888.734880680","192.168.15.4","192.168.15.3","MQTT","97","Publish Message (id=5809) [Deviceb'Device - 2']"
"925027","5888.735358643","192.168.15.3","192.168.15.4","MQTT","70","Connect Ack"
"925030","5888.737808950","192.168.15.3","192.168.15.4","MQTT","70","Publish Ack (id=5809)"
"925032","5888.738608771","192.168.15.4","192.168.15.3","MQTT","68","Disconnect Req"
"925044","5889.742281096","192.168.15.4","192.168.15.3","MQTT","90","Connect Command"
"925047","5889.745302913","192.168.15.4","192.168.15.3","MQTT","97","Publish Message (id=5810) [Deviceb'Device - 2']"
"925048","5889.745813156","192.168.15.3","192.168.15.4","MQTT","70","Connect Ack"
"925052","5889.748687855","192.168.15.3","192.168.15.4","MQTT","70","Publish Ack (id=5810)"
"925054","5889.749287257","192.168.15.4","192.168.15.3","MQTT","68","Disconnect Req"
"926259","5890.753030939","192.168.15.4","192.168.15.3","MQTT","90","Connect Command"
"926261","5890.755989837","192.168.15.4","192.168.15.3","MQTT","97","Publish Message (id=5811) [Deviceb'Device - 2']"
"926262","5890.756718824","192.168.15.3","192.168.15.4","MQTT","70","Connect Ack"
"926276","5890.762822962","192.168.15.3","192.168.15.4","MQTT","70","Publish Ack (id=5811)"
"926278","5890.763196708","192.168.15.4","192.168.15.3","MQTT","68","Disconnect Req"
"926914","5891.766745034","192.168.15.4","192.168.15.3","MQTT","90","Connect Command"
"926916","5891.769649048","192.168.15.4","192.168.15.3","MQTT","97","Publish Message (id=5812) [Deviceb'Device - 2']"
"926917","5891.770016252","192.168.15.3","192.168.15.4","MQTT","70","Connect Ack"
"926920","5891.773492467","192.168.15.3","192.168.15.4","MQTT","70","Publish Ack (id=5812)"
"926922","5891.773924222","192.168.15.4","192.168.15.3","MQTT","68","Disconnect Req"
"926934","5892.777762228","192.168.15.4","192.168.15.3","MQTT","90","Connect Command"
"926936","5892.780713121","192.168.15.4","192.168.15.3","MQTT","97","Publish Message (id=5813) [Deviceb'Device - 2']"
"926938","5892.785131665","192.168.15.3","192.168.15.4","MQTT","70","Connect Ack"
"926940","5892.787793502","192.168.15.3","192.168.15.4","MQTT","70","Publish Ack (id=5813)"
"926942","5892.788347859","192.168.15.4","192.168.15.3","MQTT","68","Disconnect Req"
"926963","5893.792446830","192.168.15.4","192.168.15.3","MQTT","90","Connect Command"
"926965","5893.795361234","192.168.15.4","192.168.15.3","MQTT","97","Publish Message (id=5814) [Deviceb'Device - 2']"
"926966","5893.795805353","192.168.15.3","192.168.15.4","MQTT","70","Connect Ack"
"926969","5893.798328338","192.168.15.3","192.168.15.4","MQTT","70","Publish Ack (id=5814)"
"926971","5893.798695140","192.168.15.4","192.168.15.3","MQTT","68","Disconnect Req"
"926983","5894.803300110","192.168.15.4","192.168.15.3","MQTT","90","Connect Command"
"926985","5894.806232488","192.168.15.4","192.168.15.3","MQTT","97","Publish Message (id=5815) [Deviceb'Device - 2']"
"926986","5894.806654946","192.168.15.3","192.168.15.4","MQTT","70","Connect Ack"
"926989","5894.809238345","192.168.15.3","192.168.15.4","MQTT","70","Publish Ack (id=5815)"
"926991","5894.809800967","192.168.15.4","192.168.15.3","MQTT","68","Disconnect Req"
"927003","5895.814142231","192.168.15.4","192.168.15.3","MQTT","90","Connect Command"
"927005","5895.817108403","192.168.15.4","192.168.15.3","MQTT","97","Publish Message (id=5816) [Deviceb'Device - 2']"
"927006","5895.817496867","192.168.15.3","192.168.15.4","MQTT","70","Connect Ack"
"927009","5895.820115742","192.168.15.3","192.168.15.4","MQTT","70","Publish Ack (id=5816)"
"927011","5895.820693343","192.168.15.4","192.168.15.3","MQTT","68","Disconnect Req"
"927024","5896.824506312","192.168.15.4","192.168.15.3","MQTT","90","Connect Command"
"927026","5896.827509634","192.168.15.4","192.168.15.3","MQTT","97","Publish Message (id=5817) [Deviceb'Device - 2']"
"927027","5896.827915070","192.168.15.3","192.168.15.4","MQTT","70","Connect Ack"
"927030","5896.830540468","192.168.15.3","192.168.15.4","MQTT","70","Publish Ack (id=5817)"
"927032","5896.830879799","192.168.15.4","192.168.15.3","MQTT","68","Disconnect Req"
"927040","5897.834570680","192.168.15.4","192.168.15.3","MQTT","90","Connect Command"
"927043","5897.837873087","192.168.15.4","192.168.15.3","MQTT","97","Publish Message (id=5818) [Deviceb'Device - 2']"
"927045","5897.841988188","192.168.15.3","192.168.15.4","MQTT","70","Connect Ack"
"927047","5897.844546339","192.168.15.3","192.168.15.4","MQTT","70","Publish Ack (id=5818)"
"927049","5897.844799568","192.168.15.4","192.168.15.3","MQTT","68","Disconnect Req"
"927063","5898.848764910","192.168.15.4","192.168.15.3","MQTT","90","Connect Command"
"927065","5898.851826512","192.168.15.4","192.168.15.3","MQTT","97","Publish Message (id=5819) [Deviceb'Device - 2']"
"927066","5898.852206279","192.168.15.3","192.168.15.4","MQTT","70","Connect Ack"
"927069","5898.854870310","192.168.15.3","192.168.15.4","MQTT","70","Publish Ack (id=5819)"
"927071","5898.855250839","192.168.15.4","192.168.15.3","MQTT","68","Disconnect Req"
"927083","5899.859457949","192.168.15.4","192.168.15.3","MQTT","90","Connect Command"
"927085","5899.862442436","192.168.15.4","192.168.15.3","MQTT","97","Publish Message (id=5820) [Deviceb'Device - 2']"
"927086","5899.862865615","192.168.15.3","192.168.15.4","MQTT","70","Connect Ack"
"927089","5899.865345178","192.168.15.3","192.168.15.4","MQTT","70","Publish Ack (id=5820)"
"927091","5899.865718323","192.168.15.4","192.168.15.3","MQTT","68","Disconnect Req"
"928825","5900.869507227","192.168.15.4","192.168.15.3","MQTT","90","Connect Command"
"928827","5900.872485341","192.168.15.4","192.168.15.3","MQTT","97","Publish Message (id=5821) [Deviceb'Device - 2']"
"928828","5900.872909232","192.168.15.3","192.168.15.4","MQTT","70","Connect Ack"
"928831","5900.875314354","192.168.15.3","192.168.15.4","MQTT","70","Publish Ack (id=5821)"
"928833","5900.875604402","192.168.15.4","192.168.15.3","MQTT","68","Disconnect Req"
"928845","5901.879297207","192.168.15.4","192.168.15.3","MQTT","90","Connect Command"
"928847","5901.882344252","192.168.15.4","192.168.15.3","MQTT","97","Publish Message (id=5822) [Deviceb'Device - 2']"
"928848","5901.882738827","192.168.15.3","192.168.15.4","MQTT","70","Connect Ack"
"928851","5901.885254007","192.168.15.3","192.168.15.4","MQTT","70","Publish Ack (id=5822)"
"928853","5901.885568200","192.168.15.4","192.168.15.3","MQTT","68","Disconnect Req"
"928869","5902.889456297","192.168.15.4","192.168.15.3","MQTT","90","Connect Command"
"928871","5902.892352777","192.168.15.4","192.168.15.3","MQTT","97","Publish Message (id=5823) [Deviceb'Device - 2']"
"928873","5902.896808603","192.168.15.3","192.168.15.4","MQTT","70","Connect Ack"
"928875","5902.899202954","192.168.15.3","192.168.15.4","MQTT","70","Publish Ack (id=5823)"
"928877","5902.899655549","192.168.15.4","192.168.15.3","MQTT","68","Disconnect Req"
"928892","5903.903504434","192.168.15.4","192.168.15.3","MQTT","90","Connect Command"
"928894","5903.906486245","192.168.15.4","192.168.15.3","MQTT","97","Publish Message (id=5824) [Deviceb'Device - 2']"
"928895","5903.906904535","192.168.15.3","192.168.15.4","MQTT","70","Connect Ack"
"928898","5903.909500798","192.168.15.3","192.168.15.4","MQTT","70","Publish Ack (id=5824)"
"928900","5903.909793370","192.168.15.4","192.168.15.3","MQTT","68","Disconnect Req"
"928931","5904.913558280","192.168.15.4","192.168.15.3","MQTT","90","Connect Command"
"928933","5904.916591378","192.168.15.4","192.168.15.3","MQTT","97","Publish Message (id=5825) [Deviceb'Device - 2']"
"928934","5904.916996894","192.168.15.3","192.168.15.4","MQTT","70","Connect Ack"
"928937","5904.919621641","192.168.15.3","192.168.15.4","MQTT","70","Publish Ack (id=5825)"
"928939","5904.920506752","192.168.15.4","192.168.15.3","MQTT","68","Disconnect Req"
"928954","5905.924835489","192.168.15.4","192.168.15.3","MQTT","90","Connect Command"
"928956","5905.927735606","192.168.15.4","192.168.15.3","MQTT","97","Publish Message (id=5826) [Deviceb'Device - 2']"
"928957","5905.928163003","192.168.15.3","192.168.15.4","MQTT","70","Connect Ack"
"928960","5905.930672142","192.168.15.3","192.168.15.4","MQTT","70","Publish Ack (id=5826)"
"928962","5905.931156266","192.168.15.4","192.168.15.3","MQTT","68","Disconnect Req"
"928974","5906.934699092","192.168.15.4","192.168.15.3","MQTT","90","Connect Command"
"928976","5906.937696523","192.168.15.4","192.168.15.3","MQTT","97","Publish Message (id=5827) [Deviceb'Device - 2']"
"928977","5906.938109604","192.168.15.3","192.168.15.4","MQTT","70","Connect Ack"
"928980","5906.940714333","192.168.15.3","192.168.15.4","MQTT","70","Publish Ack (id=5827)"
"928982","5906.941003900","192.168.15.4","192.168.15.3","MQTT","68","Disconnect Req"
"929003","5907.944867003","192.168.15.4","192.168.15.3","MQTT","90","Connect Command"
"929005","5907.947542275","192.168.15.4","192.168.15.3","MQTT","97","Publish Message (id=5828) [Deviceb'Device - 2']"
"929009","5907.951985376","192.168.15.3","192.168.15.4","MQTT","70","Connect Ack"
"929011","5907.956152246","192.168.15.3","192.168.15.4","MQTT","70","Publish Ack (id=5828)"
"929013","5907.956586075","192.168.15.4","192.168.15.3","MQTT","68","Disconnect Req"
"929025","5908.960328733","192.168.15.4","192.168.15.3","MQTT","90","Connect Command"
"929027","5908.963325161","192.168.15.4","192.168.15.3","MQTT","97","Publish Message (id=5829) [Deviceb'Device - 2']"
"929028","5908.963746748","192.168.15.3","192.168.15.4","MQTT","70","Connect Ack"
"929031","5908.966335778","192.168.15.3","192.168.15.4","MQTT","70","Publish Ack (id=5829)"
"929033","5908.966738759","192.168.15.4","192.168.15.3","MQTT","68","Disconnect Req"
"929047","5909.971112862","192.168.15.4","192.168.15.3","MQTT","90","Connect Command"
"929049","5909.974002399","192.168.15.4","192.168.15.3","MQTT","97","Publish Message (id=5830) [Deviceb'Device - 2']"
"929050","5909.974447159","192.168.15.3","192.168.15.4","MQTT","70","Connect Ack"
"929053","5909.977013897","192.168.15.3","192.168.15.4","MQTT","70","Publish Ack (id=5830)"
"929055","5909.977656070","192.168.15.4","192.168.15.3","MQTT","68","Disconnect Req"
"931188","5910.981905089","192.168.15.4","192.168.15.3","MQTT","90","Connect Command"
"931190","5910.984352481","192.168.15.4","192.168.15.3","MQTT","97","Publish Message (id=5831) [Deviceb'Device - 2']"
"931191","5910.984785348","192.168.15.3","192.168.15.4","MQTT","70","Connect Ack"
"931194","5910.987229494","192.168.15.3","192.168.15.4","MQTT","70","Publish Ack (id=5831)"
"931196","5910.987787989","192.168.15.4","192.168.15.3","MQTT","68","Disconnect Req"
"931208","5911.991475910","192.168.15.4","192.168.15.3","MQTT","90","Connect Command"
"931210","5911.994203822","192.168.15.4","192.168.15.3","MQTT","97","Publish Message (id=5832) [Deviceb'Device - 2']"
"931211","5911.994661235","192.168.15.3","192.168.15.4","MQTT","70","Connect Ack"
"931214","5911.997184180","192.168.15.3","192.168.15.4","MQTT","70","Publish Ack (id=5832)"
"931216","5911.997460342","192.168.15.4","192.168.15.3","MQTT","68","Disconnect Req"
"931257","5913.001986380","192.168.15.4","192.168.15.3","MQTT","90","Connect Command"
"931259","5913.004934488","192.168.15.4","192.168.15.3","MQTT","97","Publish Message (id=5833) [Deviceb'Device - 2']"
"931261","5913.009365927","192.168.15.3","192.168.15.4","MQTT","70","Connect Ack"
"931263","5913.012096204","192.168.15.3","192.168.15.4","MQTT","70","Publish Ack (id=5833)"
"931265","5913.012759446","192.168.15.4","192.168.15.3","MQTT","68","Disconnect Req"
"931285","5914.017435460","192.168.15.4","192.168.15.3","MQTT","90","Connect Command"
"931287","5914.020208206","192.168.15.4","192.168.15.3","MQTT","97","Publish Message (id=5834) [Deviceb'Device - 2']"
"931288","5914.020628199","192.168.15.3","192.168.15.4","MQTT","70","Connect Ack"
"931291","5914.023239872","192.168.15.3","192.168.15.4","MQTT","70","Publish Ack (id=5834)"
"931293","5914.023767218","192.168.15.4","192.168.15.3","MQTT","68","Disconnect Req"
"931327","5915.027676374","192.168.15.4","192.168.15.3","MQTT","90","Connect Command"
"931329","5915.032572772","192.168.15.4","192.168.15.3","MQTT","97","Publish Message (id=5835) [Deviceb'Device - 2']"
"931330","5915.032984299","192.168.15.3","192.168.15.4","MQTT","70","Connect Ack"
"931333","5915.035509688","192.168.15.3","192.168.15.4","MQTT","70","Publish Ack (id=5835)"
"931335","5915.035859749","192.168.15.4","192.168.15.3","MQTT","68","Disconnect Req"
"931351","5916.040245099","192.168.15.4","192.168.15.3","MQTT","90","Connect Command"
"931353","5916.043263660","192.168.15.4","192.168.15.3","MQTT","97","Publish Message (id=5836) [Deviceb'Device - 2']"
"931354","5916.043683933","192.168.15.3","192.168.15.4","MQTT","70","Connect Ack"
"931357","5916.046128881","192.168.15.3","192.168.15.4","MQTT","70","Publish Ack (id=5836)"
"931359","5916.046421393","192.168.15.4","192.168.15.3","MQTT","68","Disconnect Req"
"931377","5917.050911543","192.168.15.4","192.168.15.3","MQTT","90","Connect Command"
"931379","5917.053796942","192.168.15.4","192.168.15.3","MQTT","97","Publish Message (id=5837) [Deviceb'Device - 2']"
"931380","5917.054244287","192.168.15.3","192.168.15.4","MQTT","70","Connect Ack"
"931383","5917.056869164","192.168.15.3","192.168.15.4","MQTT","70","Publish Ack (id=5837)"
"931385","5917.057182977","192.168.15.4","192.168.15.3","MQTT","68","Disconnect Req"
"931400","5918.060778429","192.168.15.4","192.168.15.3","MQTT","90","Connect Command"
"931402","5918.063597694","192.168.15.4","192.168.15.3","MQTT","97","Publish Message (id=5838) [Deviceb'Device - 2']"
"931404","5918.068073697","192.168.15.3","192.168.15.4","MQTT","70","Connect Ack"
"931406","5918.070614335","192.168.15.3","192.168.15.4","MQTT","70","Publish Ack (id=5838)"
"931408","5918.071329065","192.168.15.4","192.168.15.3","MQTT","68","Disconnect Req"
"931420","5919.075649769","192.168.15.4","192.168.15.3","MQTT","90","Connect Command"
"931422","5919.078669442","192.168.15.4","192.168.15.3","MQTT","97","Publish Message (id=5839) [Deviceb'Device - 2']"
"931423","5919.079114813","192.168.15.3","192.168.15.4","MQTT","70","Connect Ack"
"931426","5919.081722468","192.168.15.3","192.168.15.4","MQTT","70","Publish Ack (id=5839)"
"931428","5919.082030660","192.168.15.4","192.168.15.3","MQTT","68","Disconnect Req"
"931440","5920.086354303","192.168.15.4","192.168.15.3","MQTT","90","Connect Command"
"931442","5920.089287673","192.168.15.4","192.168.15.3","MQTT","97","Publish Message (id=5840) [Deviceb'Device - 2']"
"931443","5920.089660296","192.168.15.3","192.168.15.4","MQTT","70","Connect Ack"
"931446","5920.092151411","192.168.15.3","192.168.15.4","MQTT","70","Publish Ack (id=5840)"
"931448","5920.092469842","192.168.15.4","192.168.15.3","MQTT","68","Disconnect Req"
"933411","5921.096593160","192.168.15.4","192.168.15.3","MQTT","90","Connect Command"
"933413","5921.099498867","192.168.15.4","192.168.15.3","MQTT","97","Publish Message (id=5841) [Deviceb'Device - 2']"
"933414","5921.099930863","192.168.15.3","192.168.15.4","MQTT","70","Connect Ack"
"933418","5921.102390408","192.168.15.3","192.168.15.4","MQTT","70","Publish Ack (id=5841)"
"933420","5921.102850467","192.168.15.4","192.168.15.3","MQTT","68","Disconnect Req"
"933442","5922.107111877","192.168.15.4","192.168.15.3","MQTT","90","Connect Command"
"933444","5922.110179551","192.168.15.4","192.168.15.3","MQTT","97","Publish Message (id=5842) [Deviceb'Device - 2']"
"933445","5922.110595296","192.168.15.3","192.168.15.4","MQTT","70","Connect Ack"
"933448","5922.113158607","192.168.15.3","192.168.15.4","MQTT","70","Publish Ack (id=5842)"
"933450","5922.113535799","192.168.15.4","192.168.15.3","MQTT","68","Disconnect Req"
"933465","5923.117999063","192.168.15.4","192.168.15.3","MQTT","90","Connect Command"
"933467","5923.122748323","192.168.15.4","192.168.15.3","MQTT","97","Publish Message (id=5843) [Deviceb'Device - 2']"
"933469","5923.127087909","192.168.15.3","192.168.15.4","MQTT","70","Connect Ack"
"933471","5923.131804857","192.168.15.3","192.168.15.4","MQTT","70","Publish Ack (id=5843)"
"933473","5923.132126975","192.168.15.4","192.168.15.3","MQTT","68","Disconnect Req"
"933485","5924.135880080","192.168.15.4","192.168.15.3","MQTT","90","Connect Command"
"933487","5924.139330536","192.168.15.4","192.168.15.3","MQTT","97","Publish Message (id=5844) [Deviceb'Device - 2']"
"933488","5924.139660159","192.168.15.3","192.168.15.4","MQTT","70","Connect Ack"
"933491","5924.142555808","192.168.15.3","192.168.15.4","MQTT","70","Publish Ack (id=5844)"
"933493","5924.142887173","192.168.15.4","192.168.15.3","MQTT","68","Disconnect Req"
"933508","5925.145923567","192.168.15.4","192.168.15.3","MQTT","90","Connect Command"
"933510","5925.148968498","192.168.15.4","192.168.15.3","MQTT","97","Publish Message (id=5845) [Deviceb'Device - 2']"
"933511","5925.149624246","192.168.15.3","192.168.15.4","MQTT","70","Connect Ack"
"933514","5925.151855460","192.168.15.3","192.168.15.4","MQTT","70","Publish Ack (id=5845)"
"933516","5925.152262469","192.168.15.4","192.168.15.3","MQTT","68","Disconnect Req"
"933528","5926.156161946","192.168.15.4","192.168.15.3","MQTT","90","Connect Command"
"933530","5926.159023850","192.168.15.4","192.168.15.3","MQTT","97","Publish Message (id=5846) [Deviceb'Device - 2']"
"933531","5926.159441068","192.168.15.3","192.168.15.4","MQTT","70","Connect Ack"
"933534","5926.161996034","192.168.15.3","192.168.15.4","MQTT","70","Publish Ack (id=5846)"
"933536","5926.162420375","192.168.15.4","192.168.15.3","MQTT","68","Disconnect Req"
"933548","5927.166706394","192.168.15.4","192.168.15.3","MQTT","90","Connect Command"
"933550","5927.169518715","192.168.15.4","192.168.15.3","MQTT","97","Publish Message (id=5847) [Deviceb'Device - 2']"
"933551","5927.169945221","192.168.15.3","192.168.15.4","MQTT","70","Connect Ack"
"933554","5927.172469408","192.168.15.3","192.168.15.4","MQTT","70","Publish Ack (id=5847)"
"933556","5927.172880835","192.168.15.4","192.168.15.3","MQTT","68","Disconnect Req"
"933571","5928.176853143","192.168.15.4","192.168.15.3","MQTT","90","Connect Command"
"933573","5928.179757398","192.168.15.4","192.168.15.3","MQTT","97","Publish Message (id=5848) [Deviceb'Device - 2']"
"933575","5928.184082998","192.168.15.3","192.168.15.4","MQTT","70","Connect Ack"
"933577","5928.186522024","192.168.15.3","192.168.15.4","MQTT","70","Publish Ack (id=5848)"
"933579","5928.187234179","192.168.15.4","192.168.15.3","MQTT","68","Disconnect Req"
"933594","5929.191206240","192.168.15.4","192.168.15.3","MQTT","90","Connect Command"
"933596","5929.194200154","192.168.15.4","192.168.15.3","MQTT","97","Publish Message (id=5849) [Deviceb'Device - 2']"
"933597","5929.194619807","192.168.15.3","192.168.15.4","MQTT","70","Connect Ack"
"933600","5929.196961309","192.168.15.3","192.168.15.4","MQTT","70","Publish Ack (id=5849)"
"933602","5929.197333111","192.168.15.4","192.168.15.3","MQTT","68","Disconnect Req"
"935528","5930.201311086","192.168.15.4","192.168.15.3","MQTT","90","Connect Command"
"935530","5930.204225681","192.168.15.4","192.168.15.3","MQTT","97","Publish Message (id=5850) [Deviceb'Device - 2']"
"935531","5930.204625666","192.168.15.3","192.168.15.4","MQTT","70","Connect Ack"
"935535","5930.207016562","192.168.15.3","192.168.15.4","MQTT","70","Publish Ack (id=5850)"
"935537","5930.207234663","192.168.15.4","192.168.15.3","MQTT","68","Disconnect Req"
"935549","5931.211306918","192.168.15.4","192.168.15.3","MQTT","90","Connect Command"
"935551","5931.214265015","192.168.15.4","192.168.15.3","MQTT","97","Publish Message (id=5851) [Deviceb'Device - 2']"
"935552","5931.214661263","192.168.15.3","192.168.15.4","MQTT","70","Connect Ack"
"935555","5931.217331336","192.168.15.3","192.168.15.4","MQTT","70","Publish Ack (id=5851)"
"935557","5931.217932812","192.168.15.4","192.168.15.3","MQTT","68","Disconnect Req"
"935569","5932.222083939","192.168.15.4","192.168.15.3","MQTT","90","Connect Command"
"935571","5932.225075629","192.168.15.4","192.168.15.3","MQTT","97","Publish Message (id=5852) [Deviceb'Device - 2']"
"935572","5932.225644223","192.168.15.3","192.168.15.4","MQTT","70","Connect Ack"
"935575","5932.227894894","192.168.15.3","192.168.15.4","MQTT","70","Publish Ack (id=5852)"
"935577","5932.228181204","192.168.15.4","192.168.15.3","MQTT","68","Disconnect Req"
"935592","5933.232131194","192.168.15.4","192.168.15.3","MQTT","90","Connect Command"
"935594","5933.235001545","192.168.15.4","192.168.15.3","MQTT","97","Publish Message (id=5853) [Deviceb'Device - 2']"
"935596","5933.239401124","192.168.15.3","192.168.15.4","MQTT","70","Connect Ack"
"935598","5933.242128095","192.168.15.3","192.168.15.4","MQTT","70","Publish Ack (id=5853)"
"935600","5933.242477064","192.168.15.4","192.168.15.3","MQTT","68","Disconnect Req"
"935616","5934.246504982","192.168.15.4","192.168.15.3","MQTT","90","Connect Command"
"935618","5934.249438933","192.168.15.4","192.168.15.3","MQTT","97","Publish Message (id=5854) [Deviceb'Device - 2']"
"935619","5934.249850280","192.168.15.3","192.168.15.4","MQTT","70","Connect Ack"
"935622","5934.251984932","192.168.15.3","192.168.15.4","MQTT","70","Publish Ack (id=5854)"
"935624","5934.252415986","192.168.15.4","192.168.15.3","MQTT","68","Disconnect Req"
"935636","5935.256511254","192.168.15.4","192.168.15.3","MQTT","90","Connect Command"
"935638","5935.259445125","192.168.15.4","192.168.15.3","MQTT","97","Publish Message (id=5855) [Deviceb'Device - 2']"
"935639","5935.259864637","192.168.15.3","192.168.15.4","MQTT","70","Connect Ack"
"935642","5935.262322449","192.168.15.3","192.168.15.4","MQTT","70","Publish Ack (id=5855)"
"935644","5935.262608900","192.168.15.4","192.168.15.3","MQTT","68","Disconnect Req"
"935677","5936.266753243","192.168.15.4","192.168.15.3","MQTT","90","Connect Command"
"935679","5936.269713845","192.168.15.4","192.168.15.3","MQTT","97","Publish Message (id=5856) [Deviceb'Device - 2']"
"935680","5936.270100195","192.168.15.3","192.168.15.4","MQTT","70","Connect Ack"
"935683","5936.272564119","192.168.15.3","192.168.15.4","MQTT","70","Publish Ack (id=5856)"
"935685","5936.273069773","192.168.15.4","192.168.15.3","MQTT","68","Disconnect Req"
"935707","5937.277200573","192.168.15.4","192.168.15.3","MQTT","90","Connect Command"
"935709","5937.280156315","192.168.15.4","192.168.15.3","MQTT","97","Publish Message (id=5857) [Deviceb'Device - 2']"
"935710","5937.280548967","192.168.15.3","192.168.15.4","MQTT","70","Connect Ack"
"935713","5937.283310843","192.168.15.3","192.168.15.4","MQTT","70","Publish Ack (id=5857)"
"935715","5937.283790309","192.168.15.4","192.168.15.3","MQTT","68","Disconnect Req"
"935731","5938.287577883","192.168.15.4","192.168.15.3","MQTT","90","Connect Command"
"935733","5938.290432685","192.168.15.4","192.168.15.3","MQTT","97","Publish Message (id=5858) [Deviceb'Device - 2']"
"935735","5938.294885915","192.168.15.3","192.168.15.4","MQTT","70","Connect Ack"
"935737","5938.297378944","192.168.15.3","192.168.15.4","MQTT","70","Publish Ack (id=5858)"
"935739","5938.297733333","192.168.15.4","192.168.15.3","MQTT","68","Disconnect Req"
"935758","5939.301548883","192.168.15.4","192.168.15.3","MQTT","90","Connect Command"
"935760","5939.304491480","192.168.15.4","192.168.15.3","MQTT","97","Publish Message (id=5859) [Deviceb'Device - 2']"
"935761","5939.304913938","192.168.15.3","192.168.15.4","MQTT","70","Connect Ack"
"935764","5939.307367422","192.168.15.3","192.168.15.4","MQTT","70","Publish Ack (id=5859)"
"935766","5939.307743001","192.168.15.4","192.168.15.3","MQTT","68","Disconnect Req"
"937830","5940.311690823","192.168.15.4","192.168.15.3","MQTT","90","Connect Command"
"937834","5940.316851219","192.168.15.4","192.168.15.3","MQTT","97","Publish Message (id=5860) [Deviceb'Device - 2']"
"937835","5940.317252126","192.168.15.3","192.168.15.4","MQTT","70","Connect Ack"
"937838","5940.319906058","192.168.15.3","192.168.15.4","MQTT","70","Publish Ack (id=5860)"
"937840","5940.320378801","192.168.15.4","192.168.15.3","MQTT","68","Disconnect Req"
"937850","5941.324523167","192.168.15.4","192.168.15.3","MQTT","90","Connect Command"
"937852","5941.327454684","192.168.15.4","192.168.15.3","MQTT","97","Publish Message (id=5861) [Deviceb'Device - 2']"
"937853","5941.327859679","192.168.15.3","192.168.15.4","MQTT","70","Connect Ack"
"937856","5941.330397882","192.168.15.3","192.168.15.4","MQTT","70","Publish Ack (id=5861)"
"937858","5941.330731132","192.168.15.4","192.168.15.3","MQTT","68","Disconnect Req"
"937872","5942.335238656","192.168.15.4","192.168.15.3","MQTT","90","Connect Command"
"937874","5942.337561683","192.168.15.4","192.168.15.3","MQTT","97","Publish Message (id=5862) [Deviceb'Device - 2']"
"937875","5942.338003037","192.168.15.3","192.168.15.4","MQTT","70","Connect Ack"
"937878","5942.340513698","192.168.15.3","192.168.15.4","MQTT","70","Publish Ack (id=5862)"
"937880","5942.340807694","192.168.15.4","192.168.15.3","MQTT","68","Disconnect Req"
"937895","5943.345122907","192.168.15.4","192.168.15.3","MQTT","90","Connect Command"
"937897","5943.348151327","192.168.15.4","192.168.15.3","MQTT","97","Publish Message (id=5863) [Deviceb'Device - 2']"
"937899","5943.352552259","192.168.15.3","192.168.15.4","MQTT","70","Connect Ack"
"937901","5943.355101082","192.168.15.3","192.168.15.4","MQTT","70","Publish Ack (id=5863)"
"937903","5943.355452977","192.168.15.4","192.168.15.3","MQTT","68","Disconnect Req"
"937915","5944.359508973","192.168.15.4","192.168.15.3","MQTT","90","Connect Command"
"937917","5944.362532363","192.168.15.4","192.168.15.3","MQTT","97","Publish Message (id=5864) [Deviceb'Device - 2']"
"937918","5944.362961854","192.168.15.3","192.168.15.4","MQTT","70","Connect Ack"
"937921","5944.365449453","192.168.15.3","192.168.15.4","MQTT","70","Publish Ack (id=5864)"
"937923","5944.365878583","192.168.15.4","192.168.15.3","MQTT","68","Disconnect Req"
"937943","5945.369348324","192.168.15.4","192.168.15.3","MQTT","90","Connect Command"
"937945","5945.372309215","192.168.15.4","192.168.15.3","MQTT","97","Publish Message (id=5865) [Deviceb'Device - 2']"
"937946","5945.372721765","192.168.15.3","192.168.15.4","MQTT","70","Connect Ack"
"937949","5945.375326845","192.168.15.3","192.168.15.4","MQTT","70","Publish Ack (id=5865)"
"937951","5945.375612905","192.168.15.4","192.168.15.3","MQTT","68","Disconnect Req"
"937963","5946.379228003","192.168.15.4","192.168.15.3","MQTT","90","Connect Command"
"937965","5946.381737532","192.168.15.4","192.168.15.3","MQTT","97","Publish Message (id=5866) [Deviceb'Device - 2']"
"937966","5946.382219082","192.168.15.3","192.168.15.4","MQTT","70","Connect Ack"
"937969","5946.384701400","192.168.15.3","192.168.15.4","MQTT","70","Publish Ack (id=5866)"
"937971","5946.385156159","192.168.15.4","192.168.15.3","MQTT","68","Disconnect Req"
"937983","5947.389502360","192.168.15.4","192.168.15.3","MQTT","90","Connect Command"
"937985","5947.392470947","192.168.15.4","192.168.15.3","MQTT","97","Publish Message (id=5867) [Deviceb'Device - 2']"
"937986","5947.392884007","192.168.15.3","192.168.15.4","MQTT","70","Connect Ack"
"937989","5947.395327653","192.168.15.3","192.168.15.4","MQTT","70","Publish Ack (id=5867)"
"937991","5947.395603794","192.168.15.4","192.168.15.3","MQTT","68","Disconnect Req"
"938006","5948.399491823","192.168.15.4","192.168.15.3","MQTT","90","Connect Command"
"938008","5948.402332287","192.168.15.4","192.168.15.3","MQTT","97","Publish Message (id=5868) [Deviceb'Device - 2']"
"938010","5948.406630785","192.168.15.3","192.168.15.4","MQTT","70","Connect Ack"
"938012","5948.409166885","192.168.15.3","192.168.15.4","MQTT","70","Publish Ack (id=5868)"
"938014","5948.409584714","192.168.15.4","192.168.15.3","MQTT","68","Disconnect Req"
"938026","5949.413734881","192.168.15.4","192.168.15.3","MQTT","90","Connect Command"
"938028","5949.416704098","192.168.15.4","192.168.15.3","MQTT","97","Publish Message (id=5869) [Deviceb'Device - 2']"
"938029","5949.417062585","192.168.15.3","192.168.15.4","MQTT","70","Connect Ack"
"938032","5949.419713291","192.168.15.3","192.168.15.4","MQTT","70","Publish Ack (id=5869)"
"938034","5949.420545994","192.168.15.4","192.168.15.3","MQTT","68","Disconnect Req"
"939496","5950.424989837","192.168.15.4","192.168.15.3","MQTT","90","Connect Command"
"939498","5950.427943756","192.168.15.4","192.168.15.3","MQTT","97","Publish Message (id=5870) [Deviceb'Device - 2']"
"939499","5950.428354252","192.168.15.3","192.168.15.4","MQTT","70","Connect Ack"
"939502","5950.430894790","192.168.15.3","192.168.15.4","MQTT","70","Publish Ack (id=5870)"
"939504","5950.431498780","192.168.15.4","192.168.15.3","MQTT","68","Disconnect Req"
"939524","5951.435977872","192.168.15.4","192.168.15.3","MQTT","90","Connect Command"
"939526","5951.438948091","192.168.15.4","192.168.15.3","MQTT","97","Publish Message (id=5871) [Deviceb'Device - 2']"
"939527","5951.439376510","192.168.15.3","192.168.15.4","MQTT","70","Connect Ack"
"939530","5951.442030213","192.168.15.3","192.168.15.4","MQTT","70","Publish Ack (id=5871)"
"939532","5951.442422694","192.168.15.4","192.168.15.3","MQTT","68","Disconnect Req"
"939544","5952.446916315","192.168.15.4","192.168.15.3","MQTT","90","Connect Command"
"939546","5952.449846449","192.168.15.4","192.168.15.3","MQTT","97","Publish Message (id=5872) [Deviceb'Device - 2']"
"939547","5952.450227860","192.168.15.3","192.168.15.4","MQTT","70","Connect Ack"
"939550","5952.452809786","192.168.15.3","192.168.15.4","MQTT","70","Publish Ack (id=5872)"
"939552","5952.453743309","192.168.15.4","192.168.15.3","MQTT","68","Disconnect Req"
"939575","5953.457173434","192.168.15.4","192.168.15.3","MQTT","90","Connect Command"
"939577","5953.460189320","192.168.15.4","192.168.15.3","MQTT","97","Publish Message (id=5873) [Deviceb'Device - 2']"
"939579","5953.464741578","192.168.15.3","192.168.15.4","MQTT","70","Connect Ack"
"939581","5953.467285603","192.168.15.3","192.168.15.4","MQTT","70","Publish Ack (id=5873)"
"939583","5953.467987058","192.168.15.4","192.168.15.3","MQTT","68","Disconnect Req"
"939780","5954.471977914","192.168.15.4","192.168.15.3","MQTT","90","Connect Command"
"939782","5954.474865037","192.168.15.4","192.168.15.3","MQTT","97","Publish Message (id=5874) [Deviceb'Device - 2']"
"939783","5954.475318814","192.168.15.3","192.168.15.4","MQTT","70","Connect Ack"
"939786","5954.477681096","192.168.15.3","192.168.15.4","MQTT","70","Publish Ack (id=5874)"
"939788","5954.478048730","192.168.15.4","192.168.15.3","MQTT","68","Disconnect Req"
"939800","5955.481799546","192.168.15.4","192.168.15.3","MQTT","90","Connect Command"
"939802","5955.484728037","192.168.15.4","192.168.15.3","MQTT","97","Publish Message (id=5875) [Deviceb'Device - 2']"
"939803","5955.485120969","192.168.15.3","192.168.15.4","MQTT","70","Connect Ack"
"939806","5955.488592015","192.168.15.3","192.168.15.4","MQTT","70","Publish Ack (id=5875)"
"939808","5955.489012809","192.168.15.4","192.168.15.3","MQTT","68","Disconnect Req"
"939823","5956.493538751","192.168.15.4","192.168.15.3","MQTT","90","Connect Command"
"939825","5956.496516896","192.168.15.4","192.168.15.3","MQTT","97","Publish Message (id=5876) [Deviceb'Device - 2']"
"939826","5956.496957969","192.168.15.3","192.168.15.4","MQTT","70","Connect Ack"
"939829","5956.499418456","192.168.15.3","192.168.15.4","MQTT","70","Publish Ack (id=5876)"
"939831","5956.499875840","192.168.15.4","192.168.15.3","MQTT","68","Disconnect Req"
"939840","5957.504059417","192.168.15.4","192.168.15.3","MQTT","90","Connect Command"
"939842","5957.507034336","192.168.15.4","192.168.15.3","MQTT","97","Publish Message (id=5877) [Deviceb'Device - 2']"
"939843","5957.507448027","192.168.15.3","192.168.15.4","MQTT","70","Connect Ack"
"939846","5957.509913023","192.168.15.3","192.168.15.4","MQTT","70","Publish Ack (id=5877)"
"939848","5957.510179827","192.168.15.4","192.168.15.3","MQTT","68","Disconnect Req"
"939864","5958.513681008","192.168.15.4","192.168.15.3","MQTT","90","Connect Command"
"939866","5958.516709538","192.168.15.4","192.168.15.3","MQTT","97","Publish Message (id=5878) [Deviceb'Device - 2']"
"939868","5958.521071366","192.168.15.3","192.168.15.4","MQTT","70","Connect Ack"
"939870","5958.523491827","192.168.15.3","192.168.15.4","MQTT","70","Publish Ack (id=5878)"
"939872","5958.523978777","192.168.15.4","192.168.15.3","MQTT","68","Disconnect Req"
"939884","5959.527520457","192.168.15.4","192.168.15.3","MQTT","90","Connect Command"
"939886","5959.530454218","192.168.15.4","192.168.15.3","MQTT","97","Publish Message (id=5879) [Deviceb'Device - 2']"
"939887","5959.530882647","192.168.15.3","192.168.15.4","MQTT","70","Connect Ack"
"939890","5959.533461067","192.168.15.3","192.168.15.4","MQTT","70","Publish Ack (id=5879)"
"939892","5959.534059708","192.168.15.4","192.168.15.3","MQTT","68","Disconnect Req"
"941521","5960.537989873","192.168.15.4","192.168.15.3","MQTT","90","Connect Command"
"941523","5960.540996652","192.168.15.4","192.168.15.3","MQTT","97","Publish Message (id=5880) [Deviceb'Device - 2']"
"941524","5960.541414111","192.168.15.3","192.168.15.4","MQTT","70","Connect Ack"
"941527","5960.543866823","192.168.15.3","192.168.15.4","MQTT","70","Publish Ack (id=5880)"
"941529","5960.544109341","192.168.15.4","192.168.15.3","MQTT","68","Disconnect Req"
"941541","5961.547447632","192.168.15.4","192.168.15.3","MQTT","90","Connect Command"
"941543","5961.550448269","192.168.15.4","192.168.15.3","MQTT","97","Publish Message (id=5881) [Deviceb'Device - 2']"
"941544","5961.550853524","192.168.15.3","192.168.15.4","MQTT","70","Connect Ack"
"941547","5961.553277242","192.168.15.3","192.168.15.4","MQTT","70","Publish Ack (id=5881)"
"941549","5961.553572059","192.168.15.4","192.168.15.3","MQTT","68","Disconnect Req"
"941557","5962.556839136","192.168.15.4","192.168.15.3","MQTT","90","Connect Command"
"941559","5962.559862787","192.168.15.4","192.168.15.3","MQTT","97","Publish Message (id=5882) [Deviceb'Device - 2']"
"941560","5962.560278021","192.168.15.3","192.168.15.4","MQTT","70","Connect Ack"
"941563","5962.562721076","192.168.15.3","192.168.15.4","MQTT","70","Publish Ack (id=5882)"
"941565","5962.563097968","192.168.15.4","192.168.15.3","MQTT","68","Disconnect Req"
"941585","5963.567668210","192.168.15.4","192.168.15.3","MQTT","90","Connect Command"
"941587","5963.570660201","192.168.15.4","192.168.15.3","MQTT","97","Publish Message (id=5883) [Deviceb'Device - 2']"
"941589","5963.575020025","192.168.15.3","192.168.15.4","MQTT","70","Connect Ack"
"941591","5963.579457145","192.168.15.3","192.168.15.4","MQTT","70","Publish Ack (id=5883)"
"941593","5963.579935799","192.168.15.4","192.168.15.3","MQTT","68","Disconnect Req"
"941633","5964.583780302","192.168.15.4","192.168.15.3","MQTT","90","Connect Command"
"941635","5964.586824402","192.168.15.4","192.168.15.3","MQTT","97","Publish Message (id=5884) [Deviceb'Device - 2']"
"941636","5964.587595919","192.168.15.3","192.168.15.4","MQTT","70","Connect Ack"
"941639","5964.589912975","192.168.15.3","192.168.15.4","MQTT","70","Publish Ack (id=5884)"
"941641","5964.590196490","192.168.15.4","192.168.15.3","MQTT","68","Disconnect Req"
"941656","5965.593876055","192.168.15.4","192.168.15.3","MQTT","90","Connect Command"
"941658","5965.596859700","192.168.15.4","192.168.15.3","MQTT","97","Publish Message (id=5885) [Deviceb'Device - 2']"
"941659","5965.597282258","192.168.15.3","192.168.15.4","MQTT","70","Connect Ack"
"941662","5965.599698943","192.168.15.3","192.168.15.4","MQTT","70","Publish Ack (id=5885)"
"941664","5965.600441816","192.168.15.4","192.168.15.3","MQTT","68","Disconnect Req"
"941683","5966.604130700","192.168.15.4","192.168.15.3","MQTT","90","Connect Command"
"941685","5966.607133712","192.168.15.4","192.168.15.3","MQTT","97","Publish Message (id=5886) [Deviceb'Device - 2']"
"941686","5966.607542484","192.168.15.3","192.168.15.4","MQTT","70","Connect Ack"
"941689","5966.610172882","192.168.15.3","192.168.15.4","MQTT","70","Publish Ack (id=5886)"
"941691","5966.610554703","192.168.15.4","192.168.15.3","MQTT","68","Disconnect Req"
"941703","5967.614819788","192.168.15.4","192.168.15.3","MQTT","90","Connect Command"
"941705","5967.617769218","192.168.15.4","192.168.15.3","MQTT","97","Publish Message (id=5887) [Deviceb'Device - 2']"
"941706","5967.618192939","192.168.15.3","192.168.15.4","MQTT","70","Connect Ack"
"941709","5967.620816544","192.168.15.3","192.168.15.4","MQTT","70","Publish Ack (id=5887)"
"941711","5967.621113284","192.168.15.4","192.168.15.3","MQTT","68","Disconnect Req"
"941866","5968.625381457","192.168.15.4","192.168.15.3","MQTT","90","Connect Command"
"941868","5968.628358199","192.168.15.4","192.168.15.3","MQTT","97","Publish Message (id=5888) [Deviceb'Device - 2']"
"941870","5968.632838631","192.168.15.3","192.168.15.4","MQTT","70","Connect Ack"
"941872","5968.635465933","192.168.15.3","192.168.15.4","MQTT","70","Publish Ack (id=5888)"
"941874","5968.635781229","192.168.15.4","192.168.15.3","MQTT","68","Disconnect Req"
"942895","5969.642783398","192.168.15.4","192.168.15.3","MQTT","90","Connect Command"
"942962","5969.648984861","192.168.15.4","192.168.15.3","MQTT","97","Publish Message (id=5889) [Deviceb'Device - 2']"
"942974","5969.650016750","192.168.15.3","192.168.15.4","MQTT","70","Connect Ack"
"943045","5969.656572762","192.168.15.3","192.168.15.4","MQTT","70","Publish Ack (id=5889)"
"943052","5969.657062758","192.168.15.4","192.168.15.3","MQTT","68","Disconnect Req"
"943498","5970.660661380","192.168.15.4","192.168.15.3","MQTT","90","Connect Command"
"943500","5970.665580140","192.168.15.4","192.168.15.3","MQTT","97","Publish Message (id=5890) [Deviceb'Device - 2']"
"943501","5970.665961711","192.168.15.3","192.168.15.4","MQTT","70","Connect Ack"
"943504","5970.668862189","192.168.15.3","192.168.15.4","MQTT","70","Publish Ack (id=5890)"
"943506","5970.669254971","192.168.15.4","192.168.15.3","MQTT","68","Disconnect Req"
"943518","5971.672945249","192.168.15.4","192.168.15.3","MQTT","90","Connect Command"
"943520","5971.675931379","192.168.15.4","192.168.15.3","MQTT","97","Publish Message (id=5891) [Deviceb'Device - 2']"
"943521","5971.676353988","192.168.15.3","192.168.15.4","MQTT","70","Connect Ack"
"943524","5971.678735636","192.168.15.3","192.168.15.4","MQTT","70","Publish Ack (id=5891)"
"943526","5971.679138206","192.168.15.4","192.168.15.3","MQTT","68","Disconnect Req"
"943534","5972.682798440","192.168.15.4","192.168.15.3","MQTT","90","Connect Command"
"943536","5972.685592116","192.168.15.4","192.168.15.3","MQTT","97","Publish Message (id=5892) [Deviceb'Device - 2']"
"943537","5972.686009354","192.168.15.3","192.168.15.4","MQTT","70","Connect Ack"
"943540","5972.688429966","192.168.15.3","192.168.15.4","MQTT","70","Publish Ack (id=5892)"
"943542","5972.688903480","192.168.15.4","192.168.15.3","MQTT","68","Disconnect Req"
"943557","5973.692923516","192.168.15.4","192.168.15.3","MQTT","90","Connect Command"
"943559","5973.696680311","192.168.15.4","192.168.15.3","MQTT","97","Publish Message (id=5893) [Deviceb'Device - 2']"
"943561","5973.700116792","192.168.15.3","192.168.15.4","MQTT","70","Connect Ack"
"943563","5973.702624999","192.168.15.3","192.168.15.4","MQTT","70","Publish Ack (id=5893)"
"943565","5973.703017400","192.168.15.4","192.168.15.3","MQTT","68","Disconnect Req"
"943614","5974.707138579","192.168.15.4","192.168.15.3","MQTT","90","Connect Command"
"943616","5974.710162109","192.168.15.4","192.168.15.3","MQTT","97","Publish Message (id=5894) [Deviceb'Device - 2']"
"943617","5974.710643809","192.168.15.3","192.168.15.4","MQTT","70","Connect Ack"
"943620","5974.713196851","192.168.15.3","192.168.15.4","MQTT","70","Publish Ack (id=5894)"
"943622","5974.713932290","192.168.15.4","192.168.15.3","MQTT","68","Disconnect Req"
"943645","5975.717552475","192.168.15.4","192.168.15.3","MQTT","90","Connect Command"
"943647","5975.720578480","192.168.15.4","192.168.15.3","MQTT","97","Publish Message (id=5895) [Deviceb'Device - 2']"
"943648","5975.720987332","192.168.15.3","192.168.15.4","MQTT","70","Connect Ack"
"943651","5975.723636736","192.168.15.3","192.168.15.4","MQTT","70","Publish Ack (id=5895)"
"943653","5975.723884344","192.168.15.4","192.168.15.3","MQTT","68","Disconnect Req"
"943665","5976.728051994","192.168.15.4","192.168.15.3","MQTT","90","Connect Command"
"943667","5976.731084843","192.168.15.4","192.168.15.3","MQTT","97","Publish Message (id=5896) [Deviceb'Device - 2']"
"943668","5976.731451094","192.168.15.3","192.168.15.4","MQTT","70","Connect Ack"
"943671","5976.734148399","192.168.15.3","192.168.15.4","MQTT","70","Publish Ack (id=5896)"
"943673","5976.734456851","192.168.15.4","192.168.15.3","MQTT","68","Disconnect Req"
"943696","5977.738406633","192.168.15.4","192.168.15.3","MQTT","90","Connect Command"
"943698","5977.741432769","192.168.15.4","192.168.15.3","MQTT","97","Publish Message (id=5897) [Deviceb'Device - 2']"
"943699","5977.741823426","192.168.15.3","192.168.15.4","MQTT","70","Connect Ack"
"943702","5977.744379955","192.168.15.3","192.168.15.4","MQTT","70","Publish Ack (id=5897)"
"943704","5977.744628995","192.168.15.4","192.168.15.3","MQTT","68","Disconnect Req"
"943716","5978.748484040","192.168.15.4","192.168.15.3","MQTT","90","Connect Command"
"943718","5978.751296883","192.168.15.4","192.168.15.3","MQTT","97","Publish Message (id=5898) [Deviceb'Device - 2']"
"943720","5978.755572990","192.168.15.3","192.168.15.4","MQTT","70","Connect Ack"
"943722","5978.758120261","192.168.15.3","192.168.15.4","MQTT","70","Publish Ack (id=5898)"
"943724","5978.758428343","192.168.15.4","192.168.15.3","MQTT","68","Disconnect Req"
"945392","5979.762322904","192.168.15.4","192.168.15.3","MQTT","90","Connect Command"
"945394","5979.765369138","192.168.15.4","192.168.15.3","MQTT","97","Publish Message (id=5899) [Deviceb'Device - 2']"
"945395","5979.765781307","192.168.15.3","192.168.15.4","MQTT","70","Connect Ack"
"945398","5979.768189655","192.168.15.3","192.168.15.4","MQTT","70","Publish Ack (id=5899)"
"945400","5979.768807903","192.168.15.4","192.168.15.3","MQTT","68","Disconnect Req"
"945413","5980.772718387","192.168.15.4","192.168.15.3","MQTT","90","Connect Command"
"945415","5980.775706591","192.168.15.4","192.168.15.3","MQTT","97","Publish Message (id=5900) [Deviceb'Device - 2']"
"945416","5980.776092229","192.168.15.3","192.168.15.4","MQTT","70","Connect Ack"
"945419","5980.778722026","192.168.15.3","192.168.15.4","MQTT","70","Publish Ack (id=5900)"
"945421","5980.778956950","192.168.15.4","192.168.15.3","MQTT","68","Disconnect Req"
"945464","5981.784329988","192.168.15.4","192.168.15.3","MQTT","90","Connect Command"
"945466","5981.787456053","192.168.15.4","192.168.15.3","MQTT","97","Publish Message (id=5901) [Deviceb'Device - 2']"
"945467","5981.787881827","192.168.15.3","192.168.15.4","MQTT","70","Connect Ack"
"945470","5981.790376809","192.168.15.3","192.168.15.4","MQTT","70","Publish Ack (id=5901)"
"945472","5981.790636139","192.168.15.4","192.168.15.3","MQTT","68","Disconnect Req"
"945484","5982.794644612","192.168.15.4","192.168.15.3","MQTT","90","Connect Command"
"945486","5982.797521266","192.168.15.4","192.168.15.3","MQTT","97","Publish Message (id=5902) [Deviceb'Device - 2']"
"945487","5982.797923656","192.168.15.3","192.168.15.4","MQTT","70","Connect Ack"
"945490","5982.800376569","192.168.15.3","192.168.15.4","MQTT","70","Publish Ack (id=5902)"
"945492","5982.800914806","192.168.15.4","192.168.15.3","MQTT","68","Disconnect Req"
"945507","5983.805298690","192.168.15.4","192.168.15.3","MQTT","90","Connect Command"
"945509","5983.808216221","192.168.15.4","192.168.15.3","MQTT","97","Publish Message (id=5903) [Deviceb'Device - 2']"
"945511","5983.812568381","192.168.15.3","192.168.15.4","MQTT","70","Connect Ack"
"945513","5983.815016525","192.168.15.3","192.168.15.4","MQTT","70","Publish Ack (id=5903)"
"945515","5983.815480521","192.168.15.4","192.168.15.3","MQTT","68","Disconnect Req"
"945527","5984.819461227","192.168.15.4","192.168.15.3","MQTT","90","Connect Command"
"945529","5984.822470240","192.168.15.4","192.168.15.3","MQTT","97","Publish Message (id=5904) [Deviceb'Device - 2']"
"945530","5984.822895012","192.168.15.3","192.168.15.4","MQTT","70","Connect Ack"
"945533","5984.825520371","192.168.15.3","192.168.15.4","MQTT","70","Publish Ack (id=5904)"
"945535","5984.825824476","192.168.15.4","192.168.15.3","MQTT","68","Disconnect Req"
"945543","5985.829401781","192.168.15.4","192.168.15.3","MQTT","90","Connect Command"
"945545","5985.832327828","192.168.15.4","192.168.15.3","MQTT","97","Publish Message (id=5905) [Deviceb'Device - 2']"
"945546","5985.832742411","192.168.15.3","192.168.15.4","MQTT","70","Connect Ack"
"945549","5985.835345468","192.168.15.3","192.168.15.4","MQTT","70","Publish Ack (id=5905)"
"945551","5985.835748289","192.168.15.4","192.168.15.3","MQTT","68","Disconnect Req"
"945568","5986.840128082","192.168.15.4","192.168.15.3","MQTT","90","Connect Command"
"945570","5986.843108031","192.168.15.4","192.168.15.3","MQTT","97","Publish Message (id=5906) [Deviceb'Device - 2']"
"945571","5986.843557940","192.168.15.3","192.168.15.4","MQTT","70","Connect Ack"
"945574","5986.846054656","192.168.15.3","192.168.15.4","MQTT","70","Publish Ack (id=5906)"
"945576","5986.846426819","192.168.15.4","192.168.15.3","MQTT","68","Disconnect Req"
"945593","5987.850441315","192.168.15.4","192.168.15.3","MQTT","90","Connect Command"
"945595","5987.853371229","192.168.15.4","192.168.15.3","MQTT","97","Publish Message (id=5907) [Deviceb'Device - 2']"
"945596","5987.853789108","192.168.15.3","192.168.15.4","MQTT","70","Connect Ack"
"945599","5987.856310460","192.168.15.3","192.168.15.4","MQTT","70","Publish Ack (id=5907)"
"945601","5987.856673546","192.168.15.4","192.168.15.3","MQTT","68","Disconnect Req"
"945617","5988.860779998","192.168.15.4","192.168.15.3","MQTT","90","Connect Command"
"945619","5988.863761259","192.168.15.4","192.168.15.3","MQTT","97","Publish Message (id=5908) [Deviceb'Device - 2']"
"945621","5988.868075488","192.168.15.3","192.168.15.4","MQTT","70","Connect Ack"
"945623","5988.871701617","192.168.15.3","192.168.15.4","MQTT","70","Publish Ack (id=5908)"
"945625","5988.872003076","192.168.15.4","192.168.15.3","MQTT","68","Disconnect Req"
"947194","5989.876890596","192.168.15.4","192.168.15.3","MQTT","90","Connect Command"
"947196","5989.879834436","192.168.15.4","192.168.15.3","MQTT","97","Publish Message (id=5909) [Deviceb'Device - 2']"
"947197","5989.880731701","192.168.15.3","192.168.15.4","MQTT","70","Connect Ack"
"947200","5989.882743681","192.168.15.3","192.168.15.4","MQTT","70","Publish Ack (id=5909)"
"947202","5989.883058475","192.168.15.4","192.168.15.3","MQTT","68","Disconnect Req"
"947215","5990.886862581","192.168.15.4","192.168.15.3","MQTT","90","Connect Command"
"947217","5990.889774892","192.168.15.4","192.168.15.3","MQTT","97","Publish Message (id=5910) [Deviceb'Device - 2']"
"947218","5990.890199985","192.168.15.3","192.168.15.4","MQTT","70","Connect Ack"
"947221","5990.892905194","192.168.15.3","192.168.15.4","MQTT","70","Publish Ack (id=5910)"
"947223","5990.893236069","192.168.15.4","192.168.15.3","MQTT","68","Disconnect Req"
"947235","5991.897135998","192.168.15.4","192.168.15.3","MQTT","90","Connect Command"
"947237","5991.899879329","192.168.15.4","192.168.15.3","MQTT","97","Publish Message (id=5911) [Deviceb'Device - 2']"
"947238","5991.900296667","192.168.15.3","192.168.15.4","MQTT","70","Connect Ack"
"947241","5991.902877302","192.168.15.3","192.168.15.4","MQTT","70","Publish Ack (id=5911)"
"947243","5991.903458439","192.168.15.4","192.168.15.3","MQTT","68","Disconnect Req"
"947255","5992.907694996","192.168.15.4","192.168.15.3","MQTT","90","Connect Command"
"947257","5992.910611825","192.168.15.4","192.168.15.3","MQTT","97","Publish Message (id=5912) [Deviceb'Device - 2']"
"947258","5992.911022691","192.168.15.3","192.168.15.4","MQTT","70","Connect Ack"
"947261","5992.913487526","192.168.15.3","192.168.15.4","MQTT","70","Publish Ack (id=5912)"
"947263","5992.914225490","192.168.15.4","192.168.15.3","MQTT","68","Disconnect Req"
"947330","5993.918234850","192.168.15.4","192.168.15.3","MQTT","90","Connect Command"
"947332","5993.921105182","192.168.15.4","192.168.15.3","MQTT","97","Publish Message (id=5913) [Deviceb'Device - 2']"
"947334","5993.925455168","192.168.15.3","192.168.15.4","MQTT","70","Connect Ack"
"947336","5993.928223567","192.168.15.3","192.168.15.4","MQTT","70","Publish Ack (id=5913)"
"947338","5993.928571544","192.168.15.4","192.168.15.3","MQTT","68","Disconnect Req"
"947352","5994.932176011","192.168.15.4","192.168.15.3","MQTT","90","Connect Command"
"947354","5994.934981019","192.168.15.4","192.168.15.3","MQTT","97","Publish Message (id=5914) [Deviceb'Device - 2']"
"947355","5994.935354495","192.168.15.3","192.168.15.4","MQTT","70","Connect Ack"
"947358","5994.937720483","192.168.15.3","192.168.15.4","MQTT","70","Publish Ack (id=5914)"
"947360","5994.938021181","192.168.15.4","192.168.15.3","MQTT","68","Disconnect Req"
"947378","5995.942691774","192.168.15.4","192.168.15.3","MQTT","90","Connect Command"
"947380","5995.945718040","192.168.15.4","192.168.15.3","MQTT","97","Publish Message (id=5915) [Deviceb'Device - 2']"
"947381","5995.946209068","192.168.15.3","192.168.15.4","MQTT","70","Connect Ack"
"947384","5995.948716544","192.168.15.3","192.168.15.4","MQTT","70","Publish Ack (id=5915)"
"947386","5995.949135105","192.168.15.4","192.168.15.3","MQTT","68","Disconnect Req"
"947394","5996.953219181","192.168.15.4","192.168.15.3","MQTT","90","Connect Command"
"947396","5996.956239136","192.168.15.4","192.168.15.3","MQTT","97","Publish Message (id=5916) [Deviceb'Device - 2']"
"947397","5996.956665190","192.168.15.3","192.168.15.4","MQTT","70","Connect Ack"
"947400","5996.959364148","192.168.15.3","192.168.15.4","MQTT","70","Publish Ack (id=5916)"
"947402","5996.959622416","192.168.15.4","192.168.15.3","MQTT","68","Disconnect Req"
"947414","5997.963590055","192.168.15.4","192.168.15.3","MQTT","90","Connect Command"
"947416","5997.968810645","192.168.15.4","192.168.15.3","MQTT","97","Publish Message (id=5917) [Deviceb'Device - 2']"
"947417","5997.969193589","192.168.15.3","192.168.15.4","MQTT","70","Connect Ack"
"947420","5997.971712276","192.168.15.3","192.168.15.4","MQTT","70","Publish Ack (id=5917)"
"947422","5997.971977927","192.168.15.4","192.168.15.3","MQTT","68","Disconnect Req"
"947437","5998.975635012","192.168.15.4","192.168.15.3","MQTT","90","Connect Command"
"947439","5998.978619029","192.168.15.4","192.168.15.3","MQTT","97","Publish Message (id=5918) [Deviceb'Device - 2']"
"947440","5998.979199495","192.168.15.3","192.168.15.4","MQTT","70","Connect Ack"
"947443","5998.981662287","192.168.15.3","192.168.15.4","MQTT","70","Publish Ack (id=5918)"
"947445","5998.982642468","192.168.15.4","192.168.15.3","MQTT","68","Disconnect Req"
"949821","5999.986422518","192.168.15.4","192.168.15.3","MQTT","90","Connect Command"
"949823","5999.989441470","192.168.15.4","192.168.15.3","MQTT","97","Publish Message (id=5919) [Deviceb'Device - 2']"
"949824","5999.989867043","192.168.15.3","192.168.15.4","MQTT","70","Connect Ack"
"949827","5999.992537247","192.168.15.3","192.168.15.4","MQTT","70","Publish Ack (id=5919)"
"949829","5999.992826212","192.168.15.4","192.168.15.3","MQTT","68","Disconnect Req"
"949852","6000.997269917","192.168.15.4","192.168.15.3","MQTT","90","Connect Command"
"949854","6001.000089353","192.168.15.4","192.168.15.3","MQTT","97","Publish Message (id=5920) [Deviceb'Device - 2']"
"949855","6001.000509146","192.168.15.3","192.168.15.4","MQTT","70","Connect Ack"
"949858","6001.002959484","192.168.15.3","192.168.15.4","MQTT","70","Publish Ack (id=5920)"
"949860","6001.003300598","192.168.15.4","192.168.15.3","MQTT","68","Disconnect Req"
"949876","6002.007190820","192.168.15.4","192.168.15.3","MQTT","90","Connect Command"
"949878","6002.010094104","192.168.15.4","192.168.15.3","MQTT","97","Publish Message (id=5921) [Deviceb'Device - 2']"
"949879","6002.011219800","192.168.15.3","192.168.15.4","MQTT","70","Connect Ack"
"949882","6002.013025210","192.168.15.3","192.168.15.4","MQTT","70","Publish Ack (id=5921)"
"949884","6002.013471463","192.168.15.4","192.168.15.3","MQTT","68","Disconnect Req"
"949898","6003.017561415","192.168.15.4","192.168.15.3","MQTT","90","Connect Command"
"949900","6003.020541343","192.168.15.4","192.168.15.3","MQTT","97","Publish Message (id=5922) [Deviceb'Device - 2']"
"949901","6003.020964322","192.168.15.3","192.168.15.4","MQTT","70","Connect Ack"
"949904","6003.023478130","192.168.15.3","192.168.15.4","MQTT","70","Publish Ack (id=5922)"
"949906","6003.023796672","192.168.15.4","192.168.15.3","MQTT","68","Disconnect Req"
"949921","6004.027937651","192.168.15.4","192.168.15.3","MQTT","90","Connect Command"
"949923","6004.030972663","192.168.15.4","192.168.15.3","MQTT","97","Publish Message (id=5923) [Deviceb'Device - 2']"
"949925","6004.035246967","192.168.15.3","192.168.15.4","MQTT","70","Connect Ack"
"949927","6004.037721891","192.168.15.3","192.168.15.4","MQTT","70","Publish Ack (id=5923)"
"949929","6004.038014835","192.168.15.4","192.168.15.3","MQTT","68","Disconnect Req"
"949942","6005.041749398","192.168.15.4","192.168.15.3","MQTT","90","Connect Command"
"949944","6005.044637513","192.168.15.4","192.168.15.3","MQTT","97","Publish Message (id=5924) [Deviceb'Device - 2']"
"949945","6005.045027089","192.168.15.3","192.168.15.4","MQTT","70","Connect Ack"
"949948","6005.047515980","192.168.15.3","192.168.15.4","MQTT","70","Publish Ack (id=5924)"
"949950","6005.047873405","192.168.15.4","192.168.15.3","MQTT","68","Disconnect Req"
"949964","6006.052402893","192.168.15.4","192.168.15.3","MQTT","90","Connect Command"
"949966","6006.055381679","192.168.15.4","192.168.15.3","MQTT","97","Publish Message (id=5925) [Deviceb'Device - 2']"
"949967","6006.055802985","192.168.15.3","192.168.15.4","MQTT","70","Connect Ack"
"949970","6006.058722108","192.168.15.3","192.168.15.4","MQTT","70","Publish Ack (id=5925)"
"949972","6006.059063704","192.168.15.4","192.168.15.3","MQTT","68","Disconnect Req"
"949987","6007.062963815","192.168.15.4","192.168.15.3","MQTT","90","Connect Command"
"949989","6007.065944996","192.168.15.4","192.168.15.3","MQTT","97","Publish Message (id=5926) [Deviceb'Device - 2']"
"949990","6007.066358808","192.168.15.3","192.168.15.4","MQTT","70","Connect Ack"
"949993","6007.068829434","192.168.15.3","192.168.15.4","MQTT","70","Publish Ack (id=5926)"
"949995","6007.069370085","192.168.15.4","192.168.15.3","MQTT","68","Disconnect Req"
"951740","6008.073634386","192.168.15.4","192.168.15.3","MQTT","90","Connect Command"
"951742","6008.076654771","192.168.15.4","192.168.15.3","MQTT","97","Publish Message (id=5927) [Deviceb'Device - 2']"
"951743","6008.077097066","192.168.15.3","192.168.15.4","MQTT","70","Connect Ack"
"951746","6008.079647113","192.168.15.3","192.168.15.4","MQTT","70","Publish Ack (id=5927)"
"951748","6008.079969261","192.168.15.4","192.168.15.3","MQTT","68","Disconnect Req"
"951760","6009.084081998","192.168.15.4","192.168.15.3","MQTT","90","Connect Command"
"951762","6009.086967789","192.168.15.4","192.168.15.3","MQTT","97","Publish Message (id=5928) [Deviceb'Device - 2']"
"951764","6009.091274153","192.168.15.3","192.168.15.4","MQTT","70","Connect Ack"
"951766","6009.093641644","192.168.15.3","192.168.15.4","MQTT","70","Publish Ack (id=5928)"
"951768","6009.093951089","192.168.15.4","192.168.15.3","MQTT","68","Disconnect Req"
"951782","6010.098014805","192.168.15.4","192.168.15.3","MQTT","90","Connect Command"
"951784","6010.100971921","192.168.15.4","192.168.15.3","MQTT","97","Publish Message (id=5929) [Deviceb'Device - 2']"
"951785","6010.101376805","192.168.15.3","192.168.15.4","MQTT","70","Connect Ack"
"951788","6010.104017824","192.168.15.3","192.168.15.4","MQTT","70","Publish Ack (id=5929)"
"951790","6010.104664555","192.168.15.4","192.168.15.3","MQTT","68","Disconnect Req"
"951823","6011.108614629","192.168.15.4","192.168.15.3","MQTT","90","Connect Command"
"951825","6011.113503644","192.168.15.4","192.168.15.3","MQTT","97","Publish Message (id=5930) [Deviceb'Device - 2']"
"951826","6011.113888340","192.168.15.3","192.168.15.4","MQTT","70","Connect Ack"
"951829","6011.116372903","192.168.15.3","192.168.15.4","MQTT","70","Publish Ack (id=5930)"
"951831","6011.117205546","192.168.15.4","192.168.15.3","MQTT","68","Disconnect Req"
"951845","6012.121666506","192.168.15.4","192.168.15.3","MQTT","90","Connect Command"
"951847","6012.124684537","192.168.15.4","192.168.15.3","MQTT","97","Publish Message (id=5931) [Deviceb'Device - 2']"
"951848","6012.125115951","192.168.15.3","192.168.15.4","MQTT","70","Connect Ack"
"951851","6012.127692528","192.168.15.3","192.168.15.4","MQTT","70","Publish Ack (id=5931)"
"951853","6012.127926119","192.168.15.4","192.168.15.3","MQTT","68","Disconnect Req"
"951868","6013.132342929","192.168.15.4","192.168.15.3","MQTT","90","Connect Command"
"951870","6013.135314251","192.168.15.4","192.168.15.3","MQTT","97","Publish Message (id=5932) [Deviceb'Device - 2']"
"951871","6013.135773979","192.168.15.3","192.168.15.4","MQTT","70","Connect Ack"
"951874","6013.138203388","192.168.15.3","192.168.15.4","MQTT","70","Publish Ack (id=5932)"
"951876","6013.138423554","192.168.15.4","192.168.15.3","MQTT","68","Disconnect Req"
"951908","6014.142662550","192.168.15.4","192.168.15.3","MQTT","90","Connect Command"
"951910","6014.146088150","192.168.15.4","192.168.15.3","MQTT","97","Publish Message (id=5933) [Deviceb'Device - 2']"
"951911","6014.146445145","192.168.15.3","192.168.15.4","MQTT","70","Connect Ack"
"951914","6014.149068630","192.168.15.3","192.168.15.4","MQTT","70","Publish Ack (id=5933)"
"951916","6014.149490436","192.168.15.4","192.168.15.3","MQTT","68","Disconnect Req"
"951936","6015.153187621","192.168.15.4","192.168.15.3","MQTT","90","Connect Command"
"951938","6015.156186165","192.168.15.4","192.168.15.3","MQTT","97","Publish Message (id=5934) [Deviceb'Device - 2']"
"951939","6015.156621677","192.168.15.3","192.168.15.4","MQTT","70","Connect Ack"
"951942","6015.158987415","192.168.15.3","192.168.15.4","MQTT","70","Publish Ack (id=5934)"
"951944","6015.159299224","192.168.15.4","192.168.15.3","MQTT","68","Disconnect Req"
"951958","6016.164727100","192.168.15.4","192.168.15.3","MQTT","90","Connect Command"
"951960","6016.168121622","192.168.15.4","192.168.15.3","MQTT","97","Publish Message (id=5935) [Deviceb'Device - 2']"
"951961","6016.168479638","192.168.15.3","192.168.15.4","MQTT","70","Connect Ack"
"951964","6016.170878559","192.168.15.3","192.168.15.4","MQTT","70","Publish Ack (id=5935)"
"951966","6016.171478613","192.168.15.4","192.168.15.3","MQTT","68","Disconnect Req"
"951977","6017.175150734","192.168.15.4","192.168.15.3","MQTT","90","Connect Command"
"951979","6017.178077653","192.168.15.4","192.168.15.3","MQTT","97","Publish Message (id=5936) [Deviceb'Device - 2']"
"951980","6017.178528244","192.168.15.3","192.168.15.4","MQTT","70","Connect Ack"
"951983","6017.180889945","192.168.15.3","192.168.15.4","MQTT","70","Publish Ack (id=5936)"
"951985","6017.181238693","192.168.15.4","192.168.15.3","MQTT","68","Disconnect Req"
"951998","6018.185515338","192.168.15.4","192.168.15.3","MQTT","90","Connect Command"
"952000","6018.188414965","192.168.15.4","192.168.15.3","MQTT","97","Publish Message (id=5937) [Deviceb'Device - 2']"
"952001","6018.188848734","192.168.15.3","192.168.15.4","MQTT","70","Connect Ack"
"952004","6018.191366500","192.168.15.3","192.168.15.4","MQTT","70","Publish Ack (id=5937)"
"952006","6018.192105336","192.168.15.4","192.168.15.3","MQTT","68","Disconnect Req"
"953626","6019.196264051","192.168.15.4","192.168.15.3","MQTT","90","Connect Command"
"953628","6019.199058649","192.168.15.4","192.168.15.3","MQTT","97","Publish Message (id=5938) [Deviceb'Device - 2']"
"953630","6019.203391222","192.168.15.3","192.168.15.4","MQTT","70","Connect Ack"
"953632","6019.205788200","192.168.15.3","192.168.15.4","MQTT","70","Publish Ack (id=5938)"
"953634","6019.206273386","192.168.15.4","192.168.15.3","MQTT","68","Disconnect Req"
"953653","6020.209842549","192.168.15.4","192.168.15.3","MQTT","90","Connect Command"
"953655","6020.213193288","192.168.15.4","192.168.15.3","MQTT","97","Publish Message (id=5939) [Deviceb'Device - 2']"
"953656","6020.213698903","192.168.15.3","192.168.15.4","MQTT","70","Connect Ack"
"953659","6020.216065744","192.168.15.3","192.168.15.4","MQTT","70","Publish Ack (id=5939)"
"953661","6020.216420183","192.168.15.4","192.168.15.3","MQTT","68","Disconnect Req"
"953791","6021.220056364","192.168.15.4","192.168.15.3","MQTT","90","Connect Command"
"953793","6021.223068614","192.168.15.4","192.168.15.3","MQTT","97","Publish Message (id=5940) [Deviceb'Device - 2']"
"953794","6021.223480031","192.168.15.3","192.168.15.4","MQTT","70","Connect Ack"
"953797","6021.226104929","192.168.15.3","192.168.15.4","MQTT","70","Publish Ack (id=5940)"
"953799","6021.226425575","192.168.15.4","192.168.15.3","MQTT","68","Disconnect Req"
"953821","6022.230173670","192.168.15.4","192.168.15.3","MQTT","90","Connect Command"
"953823","6022.233096991","192.168.15.4","192.168.15.3","MQTT","97","Publish Message (id=5941) [Deviceb'Device - 2']"
"953824","6022.233503629","192.168.15.3","192.168.15.4","MQTT","70","Connect Ack"
"953827","6022.236096557","192.168.15.3","192.168.15.4","MQTT","70","Publish Ack (id=5941)"
"953829","6022.236460675","192.168.15.4","192.168.15.3","MQTT","68","Disconnect Req"
"953852","6023.240507907","192.168.15.4","192.168.15.3","MQTT","90","Connect Command"
"953854","6023.243448973","192.168.15.4","192.168.15.3","MQTT","97","Publish Message (id=5942) [Deviceb'Device - 2']"
"953855","6023.243877171","192.168.15.3","192.168.15.4","MQTT","70","Connect Ack"
"953858","6023.246507609","192.168.15.3","192.168.15.4","MQTT","70","Publish Ack (id=5942)"
"953860","6023.247330434","192.168.15.4","192.168.15.3","MQTT","68","Disconnect Req"
"953872","6024.251038568","192.168.15.4","192.168.15.3","MQTT","90","Connect Command"
"953874","6024.254075223","192.168.15.4","192.168.15.3","MQTT","97","Publish Message (id=5943) [Deviceb'Device - 2']"
"953876","6024.258314350","192.168.15.3","192.168.15.4","MQTT","70","Connect Ack"
"953878","6024.260869046","192.168.15.3","192.168.15.4","MQTT","70","Publish Ack (id=5943)"
"953880","6024.261190884","192.168.15.4","192.168.15.3","MQTT","68","Disconnect Req"
"953892","6025.264792528","192.168.15.4","192.168.15.3","MQTT","90","Connect Command"
"953894","6025.269616130","192.168.15.4","192.168.15.3","MQTT","97","Publish Message (id=5944) [Deviceb'Device - 2']"
"953895","6025.269971391","192.168.15.3","192.168.15.4","MQTT","70","Connect Ack"
"953898","6025.272617007","192.168.15.3","192.168.15.4","MQTT","70","Publish Ack (id=5944)"
"953900","6025.273007295","192.168.15.4","192.168.15.3","MQTT","68","Disconnect Req"
"953912","6026.276529552","192.168.15.4","192.168.15.3","MQTT","90","Connect Command"
"953914","6026.279552591","192.168.15.4","192.168.15.3","MQTT","97","Publish Message (id=5945) [Deviceb'Device - 2']"
"953915","6026.279934773","192.168.15.3","192.168.15.4","MQTT","70","Connect Ack"
"953918","6026.282367819","192.168.15.3","192.168.15.4","MQTT","70","Publish Ack (id=5945)"
"953920","6026.282828679","192.168.15.4","192.168.15.3","MQTT","68","Disconnect Req"
"953932","6027.286180396","192.168.15.4","192.168.15.3","MQTT","90","Connect Command"
"953934","6027.289157960","192.168.15.4","192.168.15.3","MQTT","97","Publish Message (id=5946) [Deviceb'Device - 2']"
"953935","6027.289601177","192.168.15.3","192.168.15.4","MQTT","70","Connect Ack"
"953938","6027.291962508","192.168.15.3","192.168.15.4","MQTT","70","Publish Ack (id=5946)"
"953940","6027.292200878","192.168.15.4","192.168.15.3","MQTT","68","Disconnect Req"
"953955","6028.295540865","192.168.15.4","192.168.15.3","MQTT","90","Connect Command"
"953957","6028.298464136","192.168.15.4","192.168.15.3","MQTT","97","Publish Message (id=5947) [Deviceb'Device - 2']"
"953958","6028.298884400","192.168.15.3","192.168.15.4","MQTT","70","Connect Ack"
"953961","6028.301402887","192.168.15.3","192.168.15.4","MQTT","70","Publish Ack (id=5947)"
"953963","6028.301727580","192.168.15.4","192.168.15.3","MQTT","68","Disconnect Req"
"955715","6029.305114327","192.168.15.4","192.168.15.3","MQTT","90","Connect Command"
"955717","6029.308553823","192.168.15.4","192.168.15.3","MQTT","97","Publish Message (id=5948) [Deviceb'Device - 2']"
"955719","6029.312469159","192.168.15.3","192.168.15.4","MQTT","70","Connect Ack"
"955721","6029.314902936","192.168.15.3","192.168.15.4","MQTT","70","Publish Ack (id=5948)"
"955723","6029.315230876","192.168.15.4","192.168.15.3","MQTT","68","Disconnect Req"
"956146","6030.319247795","192.168.15.4","192.168.15.3","MQTT","90","Connect Command"
"956148","6030.322279030","192.168.15.4","192.168.15.3","MQTT","97","Publish Message (id=5949) [Deviceb'Device - 2']"
"956149","6030.322735221","192.168.15.3","192.168.15.4","MQTT","70","Connect Ack"
"956152","6030.325608479","192.168.15.3","192.168.15.4","MQTT","70","Publish Ack (id=5949)"
"956154","6030.325916480","192.168.15.4","192.168.15.3","MQTT","68","Disconnect Req"
"956163","6031.329768180","192.168.15.4","192.168.15.3","MQTT","90","Connect Command"
"956165","6031.332732889","192.168.15.4","192.168.15.3","MQTT","97","Publish Message (id=5950) [Deviceb'Device - 2']"
"956166","6031.333123327","192.168.15.3","192.168.15.4","MQTT","70","Connect Ack"
"956169","6031.335683172","192.168.15.3","192.168.15.4","MQTT","70","Publish Ack (id=5950)"
"956171","6031.335979772","192.168.15.4","192.168.15.3","MQTT","68","Disconnect Req"
"956179","6032.340301782","192.168.15.4","192.168.15.3","MQTT","90","Connect Command"
"956181","6032.343344689","192.168.15.4","192.168.15.3","MQTT","97","Publish Message (id=5951) [Deviceb'Device - 2']"
"956182","6032.343790702","192.168.15.3","192.168.15.4","MQTT","70","Connect Ack"
"956185","6032.346377688","192.168.15.3","192.168.15.4","MQTT","70","Publish Ack (id=5951)"
"956187","6032.346895326","192.168.15.4","192.168.15.3","MQTT","68","Disconnect Req"
"956211","6033.350539618","192.168.15.4","192.168.15.3","MQTT","90","Connect Command"
"956213","6033.353561966","192.168.15.4","192.168.15.3","MQTT","97","Publish Message (id=5952) [Deviceb'Device - 2']"
"956214","6033.353996197","192.168.15.3","192.168.15.4","MQTT","70","Connect Ack"
"956217","6033.356369108","192.168.15.3","192.168.15.4","MQTT","70","Publish Ack (id=5952)"
"956219","6033.356632546","192.168.15.4","192.168.15.3","MQTT","68","Disconnect Req"
"956231","6034.359957837","192.168.15.4","192.168.15.3","MQTT","90","Connect Command"
"956233","6034.362980977","192.168.15.4","192.168.15.3","MQTT","97","Publish Message (id=5953) [Deviceb'Device - 2']"
"956235","6034.367348637","192.168.15.3","192.168.15.4","MQTT","70","Connect Ack"
"956237","6034.369801470","192.168.15.3","192.168.15.4","MQTT","70","Publish Ack (id=5953)"
"956239","6034.370109021","192.168.15.4","192.168.15.3","MQTT","68","Disconnect Req"
"956273","6035.374584727","192.168.15.4","192.168.15.3","MQTT","90","Connect Command"
"956275","6035.377552522","192.168.15.4","192.168.15.3","MQTT","97","Publish Message (id=5954) [Deviceb'Device - 2']"
"956276","6035.377971153","192.168.15.3","192.168.15.4","MQTT","70","Connect Ack"
"956279","6035.380500801","192.168.15.3","192.168.15.4","MQTT","70","Publish Ack (id=5954)"
"956281","6035.380941784","192.168.15.4","192.168.15.3","MQTT","68","Disconnect Req"
"956293","6036.385333273","192.168.15.4","192.168.15.3","MQTT","90","Connect Command"
"956295","6036.388940035","192.168.15.4","192.168.15.3","MQTT","97","Publish Message (id=5955) [Deviceb'Device - 2']"
"956296","6036.389297982","192.168.15.3","192.168.15.4","MQTT","70","Connect Ack"
"956299","6036.391974137","192.168.15.3","192.168.15.4","MQTT","70","Publish Ack (id=5955)"
"956301","6036.392235901","192.168.15.4","192.168.15.3","MQTT","68","Disconnect Req"
"956321","6037.396197880","192.168.15.4","192.168.15.3","MQTT","90","Connect Command"
"956323","6037.398819713","192.168.15.4","192.168.15.3","MQTT","97","Publish Message (id=5956) [Deviceb'Device - 2']"
"956324","6037.399305500","192.168.15.3","192.168.15.4","MQTT","70","Connect Ack"
"956327","6037.401745509","192.168.15.3","192.168.15.4","MQTT","70","Publish Ack (id=5956)"
"956329","6037.402031840","192.168.15.4","192.168.15.3","MQTT","68","Disconnect Req"
"957131","6038.408732324","192.168.15.4","192.168.15.3","MQTT","90","Connect Command"
"957211","6038.416149965","192.168.15.4","192.168.15.3","MQTT","97","Publish Message (id=5957) [Deviceb'Device - 2']"
"957220","6038.416984251","192.168.15.3","192.168.15.4","MQTT","70","Connect Ack"
"957282","6038.422578638","192.168.15.3","192.168.15.4","MQTT","70","Publish Ack (id=5957)"
"957286","6038.422888092","192.168.15.4","192.168.15.3","MQTT","68","Disconnect Req"
"958077","6039.427154171","192.168.15.4","192.168.15.3","MQTT","90","Connect Command"
"958079","6039.430065280","192.168.15.4","192.168.15.3","MQTT","97","Publish Message (id=5958) [Deviceb'Device - 2']"
"958081","6039.434786938","192.168.15.3","192.168.15.4","MQTT","70","Connect Ack"
"958083","6039.437251513","192.168.15.3","192.168.15.4","MQTT","70","Publish Ack (id=5958)"
"958085","6039.437578180","192.168.15.4","192.168.15.3","MQTT","68","Disconnect Req"
"958097","6040.441268824","192.168.15.4","192.168.15.3","MQTT","90","Connect Command"
"958099","6040.444252219","192.168.15.4","192.168.15.3","MQTT","97","Publish Message (id=5959) [Deviceb'Device - 2']"
"958100","6040.444669006","192.168.15.3","192.168.15.4","MQTT","70","Connect Ack"
"958103","6040.447229022","192.168.15.3","192.168.15.4","MQTT","70","Publish Ack (id=5959)"
"958105","6040.447471751","192.168.15.4","192.168.15.3","MQTT","68","Disconnect Req"
"958118","6041.450999818","192.168.15.4","192.168.15.3","MQTT","90","Connect Command"
"958120","6041.456158072","192.168.15.4","192.168.15.3","MQTT","97","Publish Message (id=5960) [Deviceb'Device - 2']"
"958121","6041.456545233","192.168.15.3","192.168.15.4","MQTT","70","Connect Ack"
"958124","6041.459061206","192.168.15.3","192.168.15.4","MQTT","70","Publish Ack (id=5960)"
"958126","6041.459399605","192.168.15.4","192.168.15.3","MQTT","68","Disconnect Req"
"958134","6042.462887508","192.168.15.4","192.168.15.3","MQTT","90","Connect Command"
"958136","6042.465850104","192.168.15.4","192.168.15.3","MQTT","97","Publish Message (id=5961) [Deviceb'Device - 2']"
"958137","6042.466218980","192.168.15.3","192.168.15.4","MQTT","70","Connect Ack"
"958140","6042.468871491","192.168.15.3","192.168.15.4","MQTT","70","Publish Ack (id=5961)"
"958142","6042.469144797","192.168.15.4","192.168.15.3","MQTT","68","Disconnect Req"
"958157","6043.472490304","192.168.15.4","192.168.15.3","MQTT","90","Connect Command"
"958159","6043.475492254","192.168.15.4","192.168.15.3","MQTT","97","Publish Message (id=5962) [Deviceb'Device - 2']"
"958160","6043.476079924","192.168.15.3","192.168.15.4","MQTT","70","Connect Ack"
"958163","6043.478561131","192.168.15.3","192.168.15.4","MQTT","70","Publish Ack (id=5962)"
"958165","6043.478865105","192.168.15.4","192.168.15.3","MQTT","68","Disconnect Req"
"958180","6044.483115163","192.168.15.4","192.168.15.3","MQTT","90","Connect Command"
"958182","6044.486105661","192.168.15.4","192.168.15.3","MQTT","97","Publish Message (id=5963) [Deviceb'Device - 2']"
"958184","6044.490415261","192.168.15.3","192.168.15.4","MQTT","70","Connect Ack"
"958186","6044.492928068","192.168.15.3","192.168.15.4","MQTT","70","Publish Ack (id=5963)"
"958188","6044.493235218","192.168.15.4","192.168.15.3","MQTT","68","Disconnect Req"
"958203","6045.496597090","192.168.15.4","192.168.15.3","MQTT","90","Connect Command"
"958205","6045.499971884","192.168.15.4","192.168.15.3","MQTT","97","Publish Message (id=5964) [Deviceb'Device - 2']"
"958206","6045.500806431","192.168.15.3","192.168.15.4","MQTT","70","Connect Ack"
"958209","6045.502903592","192.168.15.3","192.168.15.4","MQTT","70","Publish Ack (id=5964)"
"958211","6045.503133737","192.168.15.4","192.168.15.3","MQTT","68","Disconnect Req"
"958227","6046.507078081","192.168.15.4","192.168.15.3","MQTT","90","Connect Command"
"958229","6046.510114416","192.168.15.4","192.168.15.3","MQTT","97","Publish Message (id=5965) [Deviceb'Device - 2']"
"958230","6046.510531033","192.168.15.3","192.168.15.4","MQTT","70","Connect Ack"
"958233","6046.513083364","192.168.15.3","192.168.15.4","MQTT","70","Publish Ack (id=5965)"
"958235","6046.513539155","192.168.15.4","192.168.15.3","MQTT","68","Disconnect Req"
"958247","6047.517496866","192.168.15.4","192.168.15.3","MQTT","90","Connect Command"
"958249","6047.520519125","192.168.15.4","192.168.15.3","MQTT","97","Publish Message (id=5966) [Deviceb'Device - 2']"
"958250","6047.520961019","192.168.15.3","192.168.15.4","MQTT","70","Connect Ack"
"958253","6047.525543575","192.168.15.3","192.168.15.4","MQTT","70","Publish Ack (id=5966)"
"958255","6047.525795381","192.168.15.4","192.168.15.3","MQTT","68","Disconnect Req"
"960189","6048.529822906","192.168.15.4","192.168.15.3","MQTT","90","Connect Command"
"960191","6048.532682357","192.168.15.4","192.168.15.3","MQTT","97","Publish Message (id=5967) [Deviceb'Device - 2']"
"960192","6048.533126706","192.168.15.3","192.168.15.4","MQTT","70","Connect Ack"
"960195","6048.535557047","192.168.15.3","192.168.15.4","MQTT","70","Publish Ack (id=5967)"
"960197","6048.535932696","192.168.15.4","192.168.15.3","MQTT","68","Disconnect Req"
"960209","6049.539554076","192.168.15.4","192.168.15.3","MQTT","90","Connect Command"
"960211","6049.542541068","192.168.15.4","192.168.15.3","MQTT","97","Publish Message (id=5968) [Deviceb'Device - 2']"
"960213","6049.546941170","192.168.15.3","192.168.15.4","MQTT","70","Connect Ack"
"960215","6049.549403761","192.168.15.3","192.168.15.4","MQTT","70","Publish Ack (id=5968)"
"960217","6049.550041105","192.168.15.4","192.168.15.3","MQTT","68","Disconnect Req"
"960229","6050.554143996","192.168.15.4","192.168.15.3","MQTT","90","Connect Command"
"960231","6050.557060565","192.168.15.4","192.168.15.3","MQTT","97","Publish Message (id=5969) [Deviceb'Device - 2']"
"960232","6050.557493022","192.168.15.3","192.168.15.4","MQTT","70","Connect Ack"
"960235","6050.560111428","192.168.15.3","192.168.15.4","MQTT","70","Publish Ack (id=5969)"
"960237","6050.560485284","192.168.15.4","192.168.15.3","MQTT","68","Disconnect Req"
"960250","6051.565273662","192.168.15.4","192.168.15.3","MQTT","90","Connect Command"
"960252","6051.568148071","192.168.15.4","192.168.15.3","MQTT","97","Publish Message (id=5970) [Deviceb'Device - 2']"
"960253","6051.568559338","192.168.15.3","192.168.15.4","MQTT","70","Connect Ack"
"960256","6051.571187443","192.168.15.3","192.168.15.4","MQTT","70","Publish Ack (id=5970)"
"960258","6051.571485105","192.168.15.4","192.168.15.3","MQTT","68","Disconnect Req"
"960266","6052.574900311","192.168.15.4","192.168.15.3","MQTT","90","Connect Command"
"960268","6052.577946154","192.168.15.4","192.168.15.3","MQTT","97","Publish Message (id=5971) [Deviceb'Device - 2']"
"960269","6052.578325541","192.168.15.3","192.168.15.4","MQTT","70","Connect Ack"
"960272","6052.580778755","192.168.15.3","192.168.15.4","MQTT","70","Publish Ack (id=5971)"
"960274","6052.581343912","192.168.15.4","192.168.15.3","MQTT","68","Disconnect Req"
"960299","6053.584758189","192.168.15.4","192.168.15.3","MQTT","90","Connect Command"
"960301","6053.589437447","192.168.15.4","192.168.15.3","MQTT","97","Publish Message (id=5972) [Deviceb'Device - 2']"
"960302","6053.589789081","192.168.15.3","192.168.15.4","MQTT","70","Connect Ack"
"960305","6053.592427205","192.168.15.3","192.168.15.4","MQTT","70","Publish Ack (id=5972)"
"960307","6053.592671726","192.168.15.4","192.168.15.3","MQTT","68","Disconnect Req"
"960319","6054.596692280","192.168.15.4","192.168.15.3","MQTT","90","Connect Command"
"960321","6054.599701494","192.168.15.4","192.168.15.3","MQTT","97","Publish Message (id=5973) [Deviceb'Device - 2']"
"960323","6054.604068844","192.168.15.3","192.168.15.4","MQTT","70","Connect Ack"
"960325","6054.606694393","192.168.15.3","192.168.15.4","MQTT","70","Publish Ack (id=5973)"
"960327","6054.607287203","192.168.15.4","192.168.15.3","MQTT","68","Disconnect Req"
"960341","6055.611776904","192.168.15.4","192.168.15.3","MQTT","90","Connect Command"
"960343","6055.614731235","192.168.15.4","192.168.15.3","MQTT","97","Publish Message (id=5974) [Deviceb'Device - 2']"
"960344","6055.615167148","192.168.15.3","192.168.15.4","MQTT","70","Connect Ack"
"960347","6055.617774794","192.168.15.3","192.168.15.4","MQTT","70","Publish Ack (id=5974)"
"960349","6055.618016670","192.168.15.4","192.168.15.3","MQTT","68","Disconnect Req"
"960361","6056.621969660","192.168.15.4","192.168.15.3","MQTT","90","Connect Command"
"960363","6056.624994444","192.168.15.4","192.168.15.3","MQTT","97","Publish Message (id=5975) [Deviceb'Device - 2']"
"960364","6056.625425528","192.168.15.3","192.168.15.4","MQTT","70","Connect Ack"
"960367","6056.628070794","192.168.15.3","192.168.15.4","MQTT","70","Publish Ack (id=5975)"
"960369","6056.628474657","192.168.15.4","192.168.15.3","MQTT","68","Disconnect Req"
"960382","6057.632948042","192.168.15.4","192.168.15.3","MQTT","90","Connect Command"
"960384","6057.635832610","192.168.15.4","192.168.15.3","MQTT","97","Publish Message (id=5976) [Deviceb'Device - 2']"
"960385","6057.636263184","192.168.15.3","192.168.15.4","MQTT","70","Connect Ack"
"960388","6057.638956140","192.168.15.3","192.168.15.4","MQTT","70","Publish Ack (id=5976)"
"960390","6057.639243163","192.168.15.4","192.168.15.3","MQTT","68","Disconnect Req"
"962629","6058.642847859","192.168.15.4","192.168.15.3","MQTT","90","Connect Command"
"962631","6058.645882030","192.168.15.4","192.168.15.3","MQTT","97","Publish Message (id=5977) [Deviceb'Device - 2']"
"962632","6058.646266126","192.168.15.3","192.168.15.4","MQTT","70","Connect Ack"
"962635","6058.648854505","192.168.15.3","192.168.15.4","MQTT","70","Publish Ack (id=5977)"
"962637","6058.649099518","192.168.15.4","192.168.15.3","MQTT","68","Disconnect Req"
"962648","6059.652894725","192.168.15.4","192.168.15.3","MQTT","90","Connect Command"
"962652","6059.657796103","192.168.15.4","192.168.15.3","MQTT","97","Publish Message (id=5978) [Deviceb'Device - 2']"
"962654","6059.662166719","192.168.15.3","192.168.15.4","MQTT","70","Connect Ack"
"962656","6059.664722015","192.168.15.3","192.168.15.4","MQTT","70","Publish Ack (id=5978)"
"962658","6059.665068430","192.168.15.4","192.168.15.3","MQTT","68","Disconnect Req"
"962669","6060.669211897","192.168.15.4","192.168.15.3","MQTT","90","Connect Command"
"962671","6060.672174032","192.168.15.4","192.168.15.3","MQTT","97","Publish Message (id=5979) [Deviceb'Device - 2']"
"962672","6060.672671793","192.168.15.3","192.168.15.4","MQTT","70","Connect Ack"
"962675","6060.674945127","192.168.15.3","192.168.15.4","MQTT","70","Publish Ack (id=5979)"
"962677","6060.675247207","192.168.15.4","192.168.15.3","MQTT","68","Disconnect Req"
"962689","6061.679729997","192.168.15.4","192.168.15.3","MQTT","90","Connect Command"
"962691","6061.682678356","192.168.15.4","192.168.15.3","MQTT","97","Publish Message (id=5980) [Deviceb'Device - 2']"
"962692","6061.683069866","192.168.15.3","192.168.15.4","MQTT","70","Connect Ack"
"962695","6061.685626956","192.168.15.3","192.168.15.4","MQTT","70","Publish Ack (id=5980)"
"962697","6061.685874343","192.168.15.4","192.168.15.3","MQTT","68","Disconnect Req"
"962713","6062.689636003","192.168.15.4","192.168.15.3","MQTT","90","Connect Command"
"962715","6062.694537982","192.168.15.4","192.168.15.3","MQTT","97","Publish Message (id=5981) [Deviceb'Device - 2']"
"962716","6062.694915425","192.168.15.3","192.168.15.4","MQTT","70","Connect Ack"
"962719","6062.697511960","192.168.15.3","192.168.15.4","MQTT","70","Publish Ack (id=5981)"
"962721","6062.697799543","192.168.15.4","192.168.15.3","MQTT","68","Disconnect Req"
"962746","6063.701298218","192.168.15.4","192.168.15.3","MQTT","90","Connect Command"
"962748","6063.704291231","192.168.15.4","192.168.15.3","MQTT","97","Publish Message (id=5982) [Deviceb'Device - 2']"
"962749","6063.704680366","192.168.15.3","192.168.15.4","MQTT","70","Connect Ack"
"962752","6063.707212980","192.168.15.3","192.168.15.4","MQTT","70","Publish Ack (id=5982)"
"962754","6063.707447523","192.168.15.4","192.168.15.3","MQTT","68","Disconnect Req"
"962766","6064.712165113","192.168.15.4","192.168.15.3","MQTT","90","Connect Command"
"962768","6064.714999537","192.168.15.4","192.168.15.3","MQTT","97","Publish Message (id=5983) [Deviceb'Device - 2']"
"962769","6064.715417286","192.168.15.3","192.168.15.4","MQTT","70","Connect Ack"
"962772","6064.718075066","192.168.15.3","192.168.15.4","MQTT","70","Publish Ack (id=5983)"
"962774","6064.718416050","192.168.15.4","192.168.15.3","MQTT","68","Disconnect Req"
"962786","6065.722257506","192.168.15.4","192.168.15.3","MQTT","90","Connect Command"
"962788","6065.725224711","192.168.15.4","192.168.15.3","MQTT","97","Publish Message (id=5984) [Deviceb'Device - 2']"
"962789","6065.725652599","192.168.15.3","192.168.15.4","MQTT","70","Connect Ack"
"962792","6065.728015262","192.168.15.3","192.168.15.4","MQTT","70","Publish Ack (id=5984)"
"962794","6065.728421259","192.168.15.4","192.168.15.3","MQTT","68","Disconnect Req"
"962802","6066.732508721","192.168.15.4","192.168.15.3","MQTT","90","Connect Command"
"962804","6066.735477840","192.168.15.4","192.168.15.3","MQTT","97","Publish Message (id=5985) [Deviceb'Device - 2']"
"962806","6066.736030674","192.168.15.3","192.168.15.4","MQTT","70","Connect Ack"
"962809","6066.738703382","192.168.15.3","192.168.15.4","MQTT","70","Publish Ack (id=5985)"
"962811","6066.739079824","192.168.15.4","192.168.15.3","MQTT","68","Disconnect Req"
"964123","6067.742862242","192.168.15.4","192.168.15.3","MQTT","90","Connect Command"
"964125","6067.745723166","192.168.15.4","192.168.15.3","MQTT","97","Publish Message (id=5986) [Deviceb'Device - 2']"
"964126","6067.746163548","192.168.15.3","192.168.15.4","MQTT","70","Connect Ack"
"964129","6067.748547972","192.168.15.3","192.168.15.4","MQTT","70","Publish Ack (id=5986)"
"964131","6067.749072512","192.168.15.4","192.168.15.3","MQTT","68","Disconnect Req"
"964146","6068.753254207","192.168.15.4","192.168.15.3","MQTT","90","Connect Command"
"964148","6068.756170246","192.168.15.4","192.168.15.3","MQTT","97","Publish Message (id=5987) [Deviceb'Device - 2']"
"964149","6068.756589878","192.168.15.3","192.168.15.4","MQTT","70","Connect Ack"
"964152","6068.759083599","192.168.15.3","192.168.15.4","MQTT","70","Publish Ack (id=5987)"
"964154","6068.759683021","192.168.15.4","192.168.15.3","MQTT","68","Disconnect Req"
"964173","6069.763614374","192.168.15.4","192.168.15.3","MQTT","90","Connect Command"
"964175","6069.766590546","192.168.15.4","192.168.15.3","MQTT","97","Publish Message (id=5988) [Deviceb'Device - 2']"
"964177","6069.771011276","192.168.15.3","192.168.15.4","MQTT","70","Connect Ack"
"964179","6069.773450484","192.168.15.3","192.168.15.4","MQTT","70","Publish Ack (id=5988)"
"964181","6069.773754708","192.168.15.4","192.168.15.3","MQTT","68","Disconnect Req"
"964194","6070.777813234","192.168.15.4","192.168.15.3","MQTT","90","Connect Command"
"964196","6070.780999442","192.168.15.4","192.168.15.3","MQTT","97","Publish Message (id=5989) [Deviceb'Device - 2']"
"964197","6070.781674447","192.168.15.3","192.168.15.4","MQTT","70","Connect Ack"
"964200","6070.783964763","192.168.15.3","192.168.15.4","MQTT","70","Publish Ack (id=5989)"
"964202","6070.784548045","192.168.15.4","192.168.15.3","MQTT","68","Disconnect Req"
"964226","6071.788691623","192.168.15.4","192.168.15.3","MQTT","90","Connect Command"
"964228","6071.791773695","192.168.15.4","192.168.15.3","MQTT","97","Publish Message (id=5990) [Deviceb'Device - 2']"
"964229","6071.792168571","192.168.15.3","192.168.15.4","MQTT","70","Connect Ack"
"964232","6071.794782739","192.168.15.3","192.168.15.4","MQTT","70","Publish Ack (id=5990)"
"964234","6071.795589983","192.168.15.4","192.168.15.3","MQTT","68","Disconnect Req"
"964268","6072.799526162","192.168.15.4","192.168.15.3","MQTT","90","Connect Command"
"964270","6072.802819973","192.168.15.4","192.168.15.3","MQTT","97","Publish Message (id=5991) [Deviceb'Device - 2']"
"964271","6072.803204680","192.168.15.3","192.168.15.4","MQTT","70","Connect Ack"
"964274","6072.805816414","192.168.15.3","192.168.15.4","MQTT","70","Publish Ack (id=5991)"
"964276","6072.806101953","192.168.15.4","192.168.15.3","MQTT","68","Disconnect Req"
"964299","6073.809969743","192.168.15.4","192.168.15.3","MQTT","90","Connect Command"
"964301","6073.812780423","192.168.15.4","192.168.15.3","MQTT","97","Publish Message (id=5992) [Deviceb'Device - 2']"
"964302","6073.813222287","192.168.15.3","192.168.15.4","MQTT","70","Connect Ack"
"964305","6073.815653430","192.168.15.3","192.168.15.4","MQTT","70","Publish Ack (id=5992)"
"964307","6073.815962454","192.168.15.4","192.168.15.3","MQTT","68","Disconnect Req"
"964336","6074.819456781","192.168.15.4","192.168.15.3","MQTT","90","Connect Command"
"964338","6074.822467798","192.168.15.4","192.168.15.3","MQTT","97","Publish Message (id=5993) [Deviceb'Device - 2']"
"964340","6074.826795082","192.168.15.3","192.168.15.4","MQTT","70","Connect Ack"
"964342","6074.829354226","192.168.15.3","192.168.15.4","MQTT","70","Publish Ack (id=5993)"
"964344","6074.829968517","192.168.15.4","192.168.15.3","MQTT","68","Disconnect Req"
"964363","6075.833943173","192.168.15.4","192.168.15.3","MQTT","90","Connect Command"
"964365","6075.836938111","192.168.15.4","192.168.15.3","MQTT","97","Publish Message (id=5994) [Deviceb'Device - 2']"
"964366","6075.837355950","192.168.15.3","192.168.15.4","MQTT","70","Connect Ack"
"964369","6075.839729193","192.168.15.3","192.168.15.4","MQTT","70","Publish Ack (id=5994)"
"964371","6075.839991789","192.168.15.4","192.168.15.3","MQTT","68","Disconnect Req"
"964380","6076.843931410","192.168.15.4","192.168.15.3","MQTT","90","Connect Command"
"964382","6076.849040942","192.168.15.4","192.168.15.3","MQTT","97","Publish Message (id=5995) [Deviceb'Device - 2']"
"964383","6076.849328796","192.168.15.3","192.168.15.4","MQTT","70","Connect Ack"
"964386","6076.852054034","192.168.15.3","192.168.15.4","MQTT","70","Publish Ack (id=5995)"
"964388","6076.852425856","192.168.15.4","192.168.15.3","MQTT","68","Disconnect Req"
"966105","6077.856422327","192.168.15.4","192.168.15.3","MQTT","90","Connect Command"
"966107","6077.859327314","192.168.15.4","192.168.15.3","MQTT","97","Publish Message (id=5996) [Deviceb'Device - 2']"
"966108","6077.859755052","192.168.15.3","192.168.15.4","MQTT","70","Connect Ack"
"966111","6077.862348712","192.168.15.3","192.168.15.4","MQTT","70","Publish Ack (id=5996)"
"966113","6077.862808170","192.168.15.4","192.168.15.3","MQTT","68","Disconnect Req"
"966128","6078.867296862","192.168.15.4","192.168.15.3","MQTT","90","Connect Command"
"966130","6078.870694861","192.168.15.4","192.168.15.3","MQTT","97","Publish Message (id=5997) [Deviceb'Device - 2']"
"966131","6078.870706814","192.168.15.3","192.168.15.4","MQTT","70","Connect Ack"
"966134","6078.873948787","192.168.15.3","192.168.15.4","MQTT","70","Publish Ack (id=5997)"
"966136","6078.874357920","192.168.15.4","192.168.15.3","MQTT","68","Disconnect Req"
"966148","6079.878235661","192.168.15.4","192.168.15.3","MQTT","90","Connect Command"
"966150","6079.881179712","192.168.15.4","192.168.15.3","MQTT","97","Publish Message (id=5998) [Deviceb'Device - 2']"
"966152","6079.885555868","192.168.15.3","192.168.15.4","MQTT","70","Connect Ack"
"966154","6079.888158054","192.168.15.3","192.168.15.4","MQTT","70","Publish Ack (id=5998)"
"966156","6079.888435307","192.168.15.4","192.168.15.3","MQTT","68","Disconnect Req"
"966171","6080.892489132","192.168.15.4","192.168.15.3","MQTT","90","Connect Command"
"966173","6080.895446128","192.168.15.4","192.168.15.3","MQTT","97","Publish Message (id=5999) [Deviceb'Device - 2']"
"966174","6080.896001367","192.168.15.3","192.168.15.4","MQTT","70","Connect Ack"
"966177","6080.898959585","192.168.15.3","192.168.15.4","MQTT","70","Publish Ack (id=5999)"
"966179","6080.899317691","192.168.15.4","192.168.15.3","MQTT","68","Disconnect Req"
"966191","6081.902860663","192.168.15.4","192.168.15.3","MQTT","90","Connect Command"
"966193","6081.905862814","192.168.15.4","192.168.15.3","MQTT","97","Publish Message (id=6000) [Deviceb'Device - 2']"
"966194","6081.906302344","192.168.15.3","192.168.15.4","MQTT","70","Connect Ack"
"966197","6081.908702197","192.168.15.3","192.168.15.4","MQTT","70","Publish Ack (id=6000)"
"966199","6081.909506757","192.168.15.4","192.168.15.3","MQTT","68","Disconnect Req"
"966211","6082.913113641","192.168.15.4","192.168.15.3","MQTT","90","Connect Command"
"966213","6082.916119069","192.168.15.4","192.168.15.3","MQTT","97","Publish Message (id=6001) [Deviceb'Device - 2']"
"966214","6082.916558378","192.168.15.3","192.168.15.4","MQTT","70","Connect Ack"
"966217","6082.919063821","192.168.15.3","192.168.15.4","MQTT","70","Publish Ack (id=6001)"
"966219","6082.919361163","192.168.15.4","192.168.15.3","MQTT","68","Disconnect Req"
"966234","6083.923136288","192.168.15.4","192.168.15.3","MQTT","90","Connect Command"
"966236","6083.926120534","192.168.15.4","192.168.15.3","MQTT","97","Publish Message (id=6002) [Deviceb'Device - 2']"
"966237","6083.926522383","192.168.15.3","192.168.15.4","MQTT","70","Connect Ack"
"966240","6083.928896859","192.168.15.3","192.168.15.4","MQTT","70","Publish Ack (id=6002)"
"966242","6083.929400370","192.168.15.4","192.168.15.3","MQTT","68","Disconnect Req"
"966266","6084.933088552","192.168.15.4","192.168.15.3","MQTT","90","Connect Command"
"966268","6084.936003819","192.168.15.4","192.168.15.3","MQTT","97","Publish Message (id=6003) [Deviceb'Device - 2']"
"966271","6084.940409019","192.168.15.3","192.168.15.4","MQTT","70","Connect Ack"
"966273","6084.943038035","192.168.15.3","192.168.15.4","MQTT","70","Publish Ack (id=6003)"
"966275","6084.943511229","192.168.15.4","192.168.15.3","MQTT","68","Disconnect Req"
"966289","6085.948699968","192.168.15.4","192.168.15.3","MQTT","90","Connect Command"
"966291","6085.951533741","192.168.15.4","192.168.15.3","MQTT","97","Publish Message (id=6004) [Deviceb'Device - 2']"
"966292","6085.951948184","192.168.15.3","192.168.15.4","MQTT","70","Connect Ack"
"966295","6085.954491348","192.168.15.3","192.168.15.4","MQTT","70","Publish Ack (id=6004)"
"966297","6085.954833324","192.168.15.4","192.168.15.3","MQTT","68","Disconnect Req"
"966307","6086.958585350","192.168.15.4","192.168.15.3","MQTT","90","Connect Command"
"966309","6086.963529469","192.168.15.4","192.168.15.3","MQTT","97","Publish Message (id=6005) [Deviceb'Device - 2']"
"966310","6086.963895530","192.168.15.3","192.168.15.4","MQTT","70","Connect Ack"
"966313","6086.966426361","192.168.15.3","192.168.15.4","MQTT","70","Publish Ack (id=6005)"
"966315","6086.966883946","192.168.15.4","192.168.15.3","MQTT","68","Disconnect Req"
"968666","6087.970412261","192.168.15.4","192.168.15.3","MQTT","90","Connect Command"
"968668","6087.976559363","192.168.15.4","192.168.15.3","MQTT","97","Publish Message (id=6006) [Deviceb'Device - 2']"
"968669","6087.976863247","192.168.15.3","192.168.15.4","MQTT","70","Connect Ack"
"968672","6087.979475421","192.168.15.3","192.168.15.4","MQTT","70","Publish Ack (id=6006)"
"968674","6087.979850950","192.168.15.4","192.168.15.3","MQTT","68","Disconnect Req"
"968685","6088.983709831","192.168.15.4","192.168.15.3","MQTT","90","Connect Command"
"968687","6088.986644795","192.168.15.4","192.168.15.3","MQTT","97","Publish Message (id=6007) [Deviceb'Device - 2']"
"968688","6088.987072353","192.168.15.3","192.168.15.4","MQTT","70","Connect Ack"
"968691","6088.989504688","192.168.15.3","192.168.15.4","MQTT","70","Publish Ack (id=6007)"
"968693","6088.989893553","192.168.15.4","192.168.15.3","MQTT","68","Disconnect Req"
"968705","6089.993987480","192.168.15.4","192.168.15.3","MQTT","90","Connect Command"
"968707","6089.996938755","192.168.15.4","192.168.15.3","MQTT","97","Publish Message (id=6008) [Deviceb'Device - 2']"
"968709","6090.001271138","192.168.15.3","192.168.15.4","MQTT","70","Connect Ack"
"968711","6090.003691079","192.168.15.3","192.168.15.4","MQTT","70","Publish Ack (id=6008)"
"968713","6090.004021704","192.168.15.4","192.168.15.3","MQTT","68","Disconnect Req"
"968737","6091.007950271","192.168.15.4","192.168.15.3","MQTT","90","Connect Command"
"968739","6091.010973231","192.168.15.4","192.168.15.3","MQTT","97","Publish Message (id=6009) [Deviceb'Device - 2']"
"968740","6091.011378627","192.168.15.3","192.168.15.4","MQTT","70","Connect Ack"
"968743","6091.013969241","192.168.15.3","192.168.15.4","MQTT","70","Publish Ack (id=6009)"
"968745","6091.014518448","192.168.15.4","192.168.15.3","MQTT","68","Disconnect Req"
"968759","6092.019158420","192.168.15.4","192.168.15.3","MQTT","90","Connect Command"
"968761","6092.022154179","192.168.15.4","192.168.15.3","MQTT","97","Publish Message (id=6010) [Deviceb'Device - 2']"
"968762","6092.022640678","192.168.15.3","192.168.15.4","MQTT","70","Connect Ack"
"968765","6092.025001507","192.168.15.3","192.168.15.4","MQTT","70","Publish Ack (id=6010)"
"968767","6092.025482215","192.168.15.4","192.168.15.3","MQTT","68","Disconnect Req"
"968780","6093.029767129","192.168.15.4","192.168.15.3","MQTT","90","Connect Command"
"968782","6093.034500250","192.168.15.4","192.168.15.3","MQTT","97","Publish Message (id=6011) [Deviceb'Device - 2']"
"968783","6093.034920033","192.168.15.3","192.168.15.4","MQTT","70","Connect Ack"
"968786","6093.037493694","192.168.15.3","192.168.15.4","MQTT","70","Publish Ack (id=6011)"
"968788","6093.037822295","192.168.15.4","192.168.15.3","MQTT","68","Disconnect Req"
"968803","6094.042069149","192.168.15.4","192.168.15.3","MQTT","90","Connect Command"
"968805","6094.044901188","192.168.15.4","192.168.15.3","MQTT","97","Publish Message (id=6012) [Deviceb'Device - 2']"
"968806","6094.045310301","192.168.15.3","192.168.15.4","MQTT","70","Connect Ack"
"968809","6094.047791298","192.168.15.3","192.168.15.4","MQTT","70","Publish Ack (id=6012)"
"968811","6094.048118185","192.168.15.4","192.168.15.3","MQTT","68","Disconnect Req"
"968849","6095.051783892","192.168.15.4","192.168.15.3","MQTT","90","Connect Command"
"968851","6095.054730629","192.168.15.4","192.168.15.3","MQTT","97","Publish Message (id=6013) [Deviceb'Device - 2']"
"968853","6095.059048665","192.168.15.3","192.168.15.4","MQTT","70","Connect Ack"
"968855","6095.061557314","192.168.15.3","192.168.15.4","MQTT","70","Publish Ack (id=6013)"
"968857","6095.061981365","192.168.15.4","192.168.15.3","MQTT","68","Disconnect Req"
"968869","6096.066463717","192.168.15.4","192.168.15.3","MQTT","90","Connect Command"
"968871","6096.069399071","192.168.15.4","192.168.15.3","MQTT","97","Publish Message (id=6014) [Deviceb'Device - 2']"
"968872","6096.070247204","192.168.15.3","192.168.15.4","MQTT","70","Connect Ack"
"968875","6096.072233596","192.168.15.3","192.168.15.4","MQTT","70","Publish Ack (id=6014)"
"968877","6096.072575331","192.168.15.4","192.168.15.3","MQTT","68","Disconnect Req"
"970108","6097.076960060","192.168.15.4","192.168.15.3","MQTT","90","Connect Command"
"970110","6097.079782612","192.168.15.4","192.168.15.3","MQTT","97","Publish Message (id=6015) [Deviceb'Device - 2']"
"970111","6097.080165265","192.168.15.3","192.168.15.4","MQTT","70","Connect Ack"
"970114","6097.082705473","192.168.15.3","192.168.15.4","MQTT","70","Publish Ack (id=6015)"
"970116","6097.083036609","192.168.15.4","192.168.15.3","MQTT","68","Disconnect Req"
"970136","6098.087008260","192.168.15.4","192.168.15.3","MQTT","90","Connect Command"
"970138","6098.089924579","192.168.15.4","192.168.15.3","MQTT","97","Publish Message (id=6016) [Deviceb'Device - 2']"
"970139","6098.090326097","192.168.15.3","192.168.15.4","MQTT","70","Connect Ack"
"970142","6098.093060092","192.168.15.3","192.168.15.4","MQTT","70","Publish Ack (id=6016)"
"970144","6098.093525110","192.168.15.4","192.168.15.3","MQTT","68","Disconnect Req"
"970160","6099.097682294","192.168.15.4","192.168.15.3","MQTT","90","Connect Command"
"970162","6099.100594916","192.168.15.4","192.168.15.3","MQTT","97","Publish Message (id=6017) [Deviceb'Device - 2']"
"970163","6099.100955547","192.168.15.3","192.168.15.4","MQTT","70","Connect Ack"
"970166","6099.103575446","192.168.15.3","192.168.15.4","MQTT","70","Publish Ack (id=6017)"
"970168","6099.104462772","192.168.15.4","192.168.15.3","MQTT","68","Disconnect Req"
"970178","6100.108223457","192.168.15.4","192.168.15.3","MQTT","90","Connect Command"
"970180","6100.111326709","192.168.15.4","192.168.15.3","MQTT","97","Publish Message (id=6018) [Deviceb'Device - 2']"
"970181","6100.111769837","192.168.15.3","192.168.15.4","MQTT","70","Connect Ack"
"970184","6100.114341003","192.168.15.3","192.168.15.4","MQTT","70","Publish Ack (id=6018)"
"970186","6100.114659154","192.168.15.4","192.168.15.3","MQTT","68","Disconnect Req"
"970223","6101.118694791","192.168.15.4","192.168.15.3","MQTT","90","Connect Command"
"970225","6101.121632370","192.168.15.4","192.168.15.3","MQTT","97","Publish Message (id=6019) [Deviceb'Device - 2']"
"970226","6101.122016215","192.168.15.3","192.168.15.4","MQTT","70","Connect Ack"
"970229","6101.124607480","192.168.15.3","192.168.15.4","MQTT","70","Publish Ack (id=6019)"
"970231","6101.125466322","192.168.15.4","192.168.15.3","MQTT","68","Disconnect Req"
"970262","6102.130630272","192.168.15.4","192.168.15.3","MQTT","90","Connect Command"
"970331","6102.137043176","192.168.15.4","192.168.15.3","MQTT","97","Publish Message (id=6020) [Deviceb'Device - 2']"
"970332","6102.137056621","192.168.15.3","192.168.15.4","MQTT","70","Connect Ack"
"970375","6102.141045076","192.168.15.3","192.168.15.4","MQTT","70","Publish Ack (id=6020)"
"970377","6102.141725090","192.168.15.4","192.168.15.3","MQTT","68","Disconnect Req"
"971881","6103.145999312","192.168.15.4","192.168.15.3","MQTT","90","Connect Command"
"971883","6103.148956698","192.168.15.4","192.168.15.3","MQTT","97","Publish Message (id=6021) [Deviceb'Device - 2']"
"971884","6103.149515493","192.168.15.3","192.168.15.4","MQTT","70","Connect Ack"
"971887","6103.151865302","192.168.15.3","192.168.15.4","MQTT","70","Publish Ack (id=6021)"
"971889","6103.152546218","192.168.15.4","192.168.15.3","MQTT","68","Disconnect Req"
"971901","6104.156710203","192.168.15.4","192.168.15.3","MQTT","90","Connect Command"
"971903","6104.160419710","192.168.15.4","192.168.15.3","MQTT","97","Publish Message (id=6022) [Deviceb'Device - 2']"
"971904","6104.160433115","192.168.15.3","192.168.15.4","MQTT","70","Connect Ack"
"971907","6104.163842035","192.168.15.3","192.168.15.4","MQTT","70","Publish Ack (id=6022)"
"971909","6104.164358911","192.168.15.4","192.168.15.3","MQTT","68","Disconnect Req"
"971918","6105.167719429","192.168.15.4","192.168.15.3","MQTT","90","Connect Command"
"971920","6105.170695881","192.168.15.4","192.168.15.3","MQTT","97","Publish Message (id=6023) [Deviceb'Device - 2']"
"971922","6105.175000984","192.168.15.3","192.168.15.4","MQTT","70","Connect Ack"
"971924","6105.177452334","192.168.15.3","192.168.15.4","MQTT","70","Publish Ack (id=6023)"
"971926","6105.178164730","192.168.15.4","192.168.15.3","MQTT","68","Disconnect Req"
"971934","6106.182586495","192.168.15.4","192.168.15.3","MQTT","90","Connect Command"
"971936","6106.185498936","192.168.15.4","192.168.15.3","MQTT","97","Publish Message (id=6024) [Deviceb'Device - 2']"
"971937","6106.185941863","192.168.15.3","192.168.15.4","MQTT","70","Connect Ack"
"971940","6106.188411518","192.168.15.3","192.168.15.4","MQTT","70","Publish Ack (id=6024)"
"971942","6106.188831041","192.168.15.4","192.168.15.3","MQTT","68","Disconnect Req"
"971955","6107.193025577","192.168.15.4","192.168.15.3","MQTT","90","Connect Command"
"971957","6107.195774730","192.168.15.4","192.168.15.3","MQTT","97","Publish Message (id=6025) [Deviceb'Device - 2']"
"971958","6107.196244137","192.168.15.3","192.168.15.4","MQTT","70","Connect Ack"
"971961","6107.198545825","192.168.15.3","192.168.15.4","MQTT","70","Publish Ack (id=6025)"
"971963","6107.198923699","192.168.15.4","192.168.15.3","MQTT","68","Disconnect Req"
"971978","6108.202918702","192.168.15.4","192.168.15.3","MQTT","90","Connect Command"
"971980","6108.205829531","192.168.15.4","192.168.15.3","MQTT","97","Publish Message (id=6026) [Deviceb'Device - 2']"
"971981","6108.206317923","192.168.15.3","192.168.15.4","MQTT","70","Connect Ack"
"971984","6108.209032571","192.168.15.3","192.168.15.4","MQTT","70","Publish Ack (id=6026)"
"971986","6108.209699400","192.168.15.4","192.168.15.3","MQTT","68","Disconnect Req"
"971998","6109.213333192","192.168.15.4","192.168.15.3","MQTT","90","Connect Command"
"972000","6109.216354319","192.168.15.4","192.168.15.3","MQTT","97","Publish Message (id=6027) [Deviceb'Device - 2']"
"972001","6109.216668633","192.168.15.3","192.168.15.4","MQTT","70","Connect Ack"
"972004","6109.219335040","192.168.15.3","192.168.15.4","MQTT","70","Publish Ack (id=6027)"
"972006","6109.219758179","192.168.15.4","192.168.15.3","MQTT","68","Disconnect Req"
"972022","6110.223777000","192.168.15.4","192.168.15.3","MQTT","90","Connect Command"
"972024","6110.226775454","192.168.15.4","192.168.15.3","MQTT","97","Publish Message (id=6028) [Deviceb'Device - 2']"
"972026","6110.231044458","192.168.15.3","192.168.15.4","MQTT","70","Connect Ack"
"972028","6110.233525715","192.168.15.3","192.168.15.4","MQTT","70","Publish Ack (id=6028)"
"972030","6110.234345373","192.168.15.4","192.168.15.3","MQTT","68","Disconnect Req"
"972039","6111.238848871","192.168.15.4","192.168.15.3","MQTT","90","Connect Command"
"972041","6111.242000785","192.168.15.4","192.168.15.3","MQTT","97","Publish Message (id=6029) [Deviceb'Device - 2']"
"972042","6111.242314678","192.168.15.3","192.168.15.4","MQTT","70","Connect Ack"
"972045","6111.244843946","192.168.15.3","192.168.15.4","MQTT","70","Publish Ack (id=6029)"
"972047","6111.245537175","192.168.15.4","192.168.15.3","MQTT","68","Disconnect Req"
"972059","6112.250323138","192.168.15.4","192.168.15.3","MQTT","90","Connect Command"
"972061","6112.253517372","192.168.15.4","192.168.15.3","MQTT","97","Publish Message (id=6030) [Deviceb'Device - 2']"
"972062","6112.253529555","192.168.15.3","192.168.15.4","MQTT","70","Connect Ack"
"972065","6112.256439132","192.168.15.3","192.168.15.4","MQTT","70","Publish Ack (id=6030)"
"972067","6112.256991074","192.168.15.4","192.168.15.3","MQTT","68","Disconnect Req"
"973640","6113.261350695","192.168.15.4","192.168.15.3","MQTT","90","Connect Command"
"973642","6113.264329372","192.168.15.4","192.168.15.3","MQTT","97","Publish Message (id=6031) [Deviceb'Device - 2']"
"973643","6113.264769283","192.168.15.3","192.168.15.4","MQTT","70","Connect Ack"
"973646","6113.267374785","192.168.15.3","192.168.15.4","MQTT","70","Publish Ack (id=6031)"
"973648","6113.267711721","192.168.15.4","192.168.15.3","MQTT","68","Disconnect Req"
"973660","6114.271363075","192.168.15.4","192.168.15.3","MQTT","90","Connect Command"
"973662","6114.274394442","192.168.15.4","192.168.15.3","MQTT","97","Publish Message (id=6032) [Deviceb'Device - 2']"
"973663","6114.274798936","192.168.15.3","192.168.15.4","MQTT","70","Connect Ack"
"973666","6114.277446998","192.168.15.3","192.168.15.4","MQTT","70","Publish Ack (id=6032)"
"973668","6114.278203707","192.168.15.4","192.168.15.3","MQTT","68","Disconnect Req"
"973682","6115.282132797","192.168.15.4","192.168.15.3","MQTT","90","Connect Command"
"973684","6115.285002859","192.168.15.4","192.168.15.3","MQTT","97","Publish Message (id=6033) [Deviceb'Device - 2']"
"973686","6115.289518960","192.168.15.3","192.168.15.4","MQTT","70","Connect Ack"
"973688","6115.291922650","192.168.15.3","192.168.15.4","MQTT","70","Publish Ack (id=6033)"
"973690","6115.292851384","192.168.15.4","192.168.15.3","MQTT","68","Disconnect Req"
"973702","6116.296891977","192.168.15.4","192.168.15.3","MQTT","90","Connect Command"
"973704","6116.299818976","192.168.15.4","192.168.15.3","MQTT","97","Publish Message (id=6034) [Deviceb'Device - 2']"
"973705","6116.300227949","192.168.15.3","192.168.15.4","MQTT","70","Connect Ack"
"973708","6116.302677085","192.168.15.3","192.168.15.4","MQTT","70","Publish Ack (id=6034)"
"973710","6116.303168073","192.168.15.4","192.168.15.3","MQTT","68","Disconnect Req"
"973730","6117.306996536","192.168.15.4","192.168.15.3","MQTT","90","Connect Command"
"973732","6117.309920179","192.168.15.4","192.168.15.3","MQTT","97","Publish Message (id=6035) [Deviceb'Device - 2']"
"973733","6117.310321056","192.168.15.3","192.168.15.4","MQTT","70","Connect Ack"
"973736","6117.312938049","192.168.15.3","192.168.15.4","MQTT","70","Publish Ack (id=6035)"
"973738","6117.313579852","192.168.15.4","192.168.15.3","MQTT","68","Disconnect Req"
"973753","6118.318213597","192.168.15.4","192.168.15.3","MQTT","90","Connect Command"
"973755","6118.321595054","192.168.15.4","192.168.15.3","MQTT","97","Publish Message (id=6036) [Deviceb'Device - 2']"
"973756","6118.321855546","192.168.15.3","192.168.15.4","MQTT","70","Connect Ack"
"973759","6118.324665945","192.168.15.3","192.168.15.4","MQTT","70","Publish Ack (id=6036)"
"973761","6118.325234549","192.168.15.4","192.168.15.3","MQTT","68","Disconnect Req"
"973773","6119.329226415","192.168.15.4","192.168.15.3","MQTT","90","Connect Command"
"973775","6119.332136121","192.168.15.4","192.168.15.3","MQTT","97","Publish Message (id=6037) [Deviceb'Device - 2']"
"973776","6119.332520948","192.168.15.3","192.168.15.4","MQTT","70","Connect Ack"
"973779","6119.335042351","192.168.15.3","192.168.15.4","MQTT","70","Publish Ack (id=6037)"
"973781","6119.335720462","192.168.15.4","192.168.15.3","MQTT","68","Disconnect Req"
"973793","6120.340128586","192.168.15.4","192.168.15.3","MQTT","90","Connect Command"
"973795","6120.344642092","192.168.15.4","192.168.15.3","MQTT","97","Publish Message (id=6038) [Deviceb'Device - 2']"
"973796","6120.347135742","192.168.15.3","192.168.15.4","MQTT","70","Connect Ack"
"973799","6120.349667635","192.168.15.3","192.168.15.4","MQTT","70","Publish Ack (id=6038)"
"973801","6120.350321711","192.168.15.4","192.168.15.3","MQTT","68","Disconnect Req"
"973814","6121.354379435","192.168.15.4","192.168.15.3","MQTT","90","Connect Command"
"973816","6121.359200332","192.168.15.4","192.168.15.3","MQTT","97","Publish Message (id=6039) [Deviceb'Device - 2']"
"973817","6121.359212384","192.168.15.3","192.168.15.4","MQTT","70","Connect Ack"
"973820","6121.362152969","192.168.15.3","192.168.15.4","MQTT","70","Publish Ack (id=6039)"
"973822","6121.362841891","192.168.15.4","192.168.15.3","MQTT","68","Disconnect Req"
"973830","6122.367482497","192.168.15.4","192.168.15.3","MQTT","90","Connect Command"
"973832","6122.370395129","192.168.15.4","192.168.15.3","MQTT","97","Publish Message (id=6040) [Deviceb'Device - 2']"
"973833","6122.370805073","192.168.15.3","192.168.15.4","MQTT","70","Connect Ack"
"973836","6122.373460139","192.168.15.3","192.168.15.4","MQTT","70","Publish Ack (id=6040)"
"973838","6122.374137038","192.168.15.4","192.168.15.3","MQTT","68","Disconnect Req"
"976205","6123.377627412","192.168.15.4","192.168.15.3","MQTT","90","Connect Command"
"976207","6123.380653368","192.168.15.4","192.168.15.3","MQTT","97","Publish Message (id=6041) [Deviceb'Device - 2']"
"976208","6123.381109861","192.168.15.3","192.168.15.4","MQTT","70","Connect Ack"
"976211","6123.383657954","192.168.15.3","192.168.15.4","MQTT","70","Publish Ack (id=6041)"
"976213","6123.384262766","192.168.15.4","192.168.15.3","MQTT","68","Disconnect Req"
"976225","6124.388671407","192.168.15.4","192.168.15.3","MQTT","90","Connect Command"
"976227","6124.391632942","192.168.15.4","192.168.15.3","MQTT","97","Publish Message (id=6042) [Deviceb'Device - 2']"
"976228","6124.392042666","192.168.15.3","192.168.15.4","MQTT","70","Connect Ack"
"976231","6124.394553178","192.168.15.3","192.168.15.4","MQTT","70","Publish Ack (id=6042)"
"976233","6124.395040449","192.168.15.4","192.168.15.3","MQTT","68","Disconnect Req"
"976252","6125.398923990","192.168.15.4","192.168.15.3","MQTT","90","Connect Command"
"976254","6125.401923256","192.168.15.4","192.168.15.3","MQTT","97","Publish Message (id=6043) [Deviceb'Device - 2']"
"976256","6125.406265198","192.168.15.3","192.168.15.4","MQTT","70","Connect Ack"
"976258","6125.408690449","192.168.15.3","192.168.15.4","MQTT","70","Publish Ack (id=6043)"
"976260","6125.408953917","192.168.15.4","192.168.15.3","MQTT","68","Disconnect Req"
"976275","6126.413034199","192.168.15.4","192.168.15.3","MQTT","90","Connect Command"
"976277","6126.415963001","192.168.15.4","192.168.15.3","MQTT","97","Publish Message (id=6044) [Deviceb'Device - 2']"
"976278","6126.416376052","192.168.15.3","192.168.15.4","MQTT","70","Connect Ack"
"976281","6126.418832572","192.168.15.3","192.168.15.4","MQTT","70","Publish Ack (id=6044)"
"976283","6126.419123281","192.168.15.4","192.168.15.3","MQTT","68","Disconnect Req"
"976295","6127.423044396","192.168.15.4","192.168.15.3","MQTT","90","Connect Command"
"976297","6127.426027190","192.168.15.4","192.168.15.3","MQTT","97","Publish Message (id=6045) [Deviceb'Device - 2']"
"976298","6127.426698588","192.168.15.3","192.168.15.4","MQTT","70","Connect Ack"
"976301","6127.428883356","192.168.15.3","192.168.15.4","MQTT","70","Publish Ack (id=6045)"
"976303","6127.429459344","192.168.15.4","192.168.15.3","MQTT","68","Disconnect Req"
"976318","6128.437845454","192.168.15.4","192.168.15.3","MQTT","90","Connect Command"
"976320","6128.440761343","192.168.15.4","192.168.15.3","MQTT","97","Publish Message (id=6046) [Deviceb'Device - 2']"
"976321","6128.441146260","192.168.15.3","192.168.15.4","MQTT","70","Connect Ack"
"976324","6128.446077254","192.168.15.3","192.168.15.4","MQTT","70","Publish Ack (id=6046)"
"976326","6128.446977074","192.168.15.4","192.168.15.3","MQTT","68","Disconnect Req"
"976342","6129.451242273","192.168.15.4","192.168.15.3","MQTT","90","Connect Command"
"976344","6129.454132643","192.168.15.4","192.168.15.3","MQTT","97","Publish Message (id=6047) [Deviceb'Device - 2']"
"976345","6129.454577152","192.168.15.3","192.168.15.4","MQTT","70","Connect Ack"
"976348","6129.456904919","192.168.15.3","192.168.15.4","MQTT","70","Publish Ack (id=6047)"
"976350","6129.457759474","192.168.15.4","192.168.15.3","MQTT","68","Disconnect Req"
"976364","6130.462073777","192.168.15.4","192.168.15.3","MQTT","90","Connect Command"
"976366","6130.464945612","192.168.15.4","192.168.15.3","MQTT","97","Publish Message (id=6048) [Deviceb'Device - 2']"
"976368","6130.469322450","192.168.15.3","192.168.15.4","MQTT","70","Connect Ack"
"976370","6130.471791093","192.168.15.3","192.168.15.4","MQTT","70","Publish Ack (id=6048)"
"976372","6130.472549616","192.168.15.4","192.168.15.3","MQTT","68","Disconnect Req"
"976397","6131.476874862","192.168.15.4","192.168.15.3","MQTT","90","Connect Command"
"976399","6131.479816398","192.168.15.4","192.168.15.3","MQTT","97","Publish Message (id=6049) [Deviceb'Device - 2']"
"976400","6131.480204211","192.168.15.3","192.168.15.4","MQTT","70","Connect Ack"
"976403","6131.482714293","192.168.15.3","192.168.15.4","MQTT","70","Publish Ack (id=6049)"
"976405","6131.483415457","192.168.15.4","192.168.15.3","MQTT","68","Disconnect Req"
"978369","6132.487997209","192.168.15.4","192.168.15.3","MQTT","90","Connect Command"
"978371","6132.490895003","192.168.15.4","192.168.15.3","MQTT","97","Publish Message (id=6050) [Deviceb'Device - 2']"
"978372","6132.491325125","192.168.15.3","192.168.15.4","MQTT","70","Connect Ack"
"978375","6132.493755877","192.168.15.3","192.168.15.4","MQTT","70","Publish Ack (id=6050)"
"978377","6132.494212860","192.168.15.4","192.168.15.3","MQTT","68","Disconnect Req"
"978394","6133.497583404","192.168.15.4","192.168.15.3","MQTT","90","Connect Command"
"978396","6133.500568152","192.168.15.4","192.168.15.3","MQTT","97","Publish Message (id=6051) [Deviceb'Device - 2']"
"978397","6133.500935346","192.168.15.3","192.168.15.4","MQTT","70","Connect Ack"
"978400","6133.503670983","192.168.15.3","192.168.15.4","MQTT","70","Publish Ack (id=6051)"
"978402","6133.504277299","192.168.15.4","192.168.15.3","MQTT","68","Disconnect Req"
"978414","6134.508429611","192.168.15.4","192.168.15.3","MQTT","90","Connect Command"
"978416","6134.511354847","192.168.15.4","192.168.15.3","MQTT","97","Publish Message (id=6052) [Deviceb'Device - 2']"
"978417","6134.511774750","192.168.15.3","192.168.15.4","MQTT","70","Connect Ack"
"978420","6134.514237803","192.168.15.3","192.168.15.4","MQTT","70","Publish Ack (id=6052)"
"978422","6134.514479009","192.168.15.4","192.168.15.3","MQTT","68","Disconnect Req"
"978434","6135.518396119","192.168.15.4","192.168.15.3","MQTT","90","Connect Command"
"978436","6135.521411966","192.168.15.4","192.168.15.3","MQTT","97","Publish Message (id=6053) [Deviceb'Device - 2']"
"978438","6135.525738649","192.168.15.3","192.168.15.4","MQTT","70","Connect Ack"
"978440","6135.528161546","192.168.15.3","192.168.15.4","MQTT","70","Publish Ack (id=6053)"
"978442","6135.528460240","192.168.15.4","192.168.15.3","MQTT","68","Disconnect Req"
"978454","6136.532821230","192.168.15.4","192.168.15.3","MQTT","90","Connect Command"
"978456","6136.537388729","192.168.15.4","192.168.15.3","MQTT","97","Publish Message (id=6054) [Deviceb'Device - 2']"
"978457","6136.537699245","192.168.15.3","192.168.15.4","MQTT","70","Connect Ack"
"978460","6136.540299237","192.168.15.3","192.168.15.4","MQTT","70","Publish Ack (id=6054)"
"978462","6136.541000111","192.168.15.4","192.168.15.3","MQTT","68","Disconnect Req"
"978483","6137.544826553","192.168.15.4","192.168.15.3","MQTT","90","Connect Command"
"978485","6137.548333287","192.168.15.4","192.168.15.3","MQTT","97","Publish Message (id=6055) [Deviceb'Device - 2']"
"978486","6137.548343136","192.168.15.3","192.168.15.4","MQTT","70","Connect Ack"
"978489","6137.551079325","192.168.15.3","192.168.15.4","MQTT","70","Publish Ack (id=6055)"
"978491","6137.551577235","192.168.15.4","192.168.15.3","MQTT","68","Disconnect Req"
"978506","6138.555615009","192.168.15.4","192.168.15.3","MQTT","90","Connect Command"
"978508","6138.558566875","192.168.15.4","192.168.15.3","MQTT","97","Publish Message (id=6056) [Deviceb'Device - 2']"
"978509","6138.558973062","192.168.15.3","192.168.15.4","MQTT","70","Connect Ack"
"978512","6138.561492422","192.168.15.3","192.168.15.4","MQTT","70","Publish Ack (id=6056)"
"978514","6138.562009759","192.168.15.4","192.168.15.3","MQTT","68","Disconnect Req"
"978526","6139.566343734","192.168.15.4","192.168.15.3","MQTT","90","Connect Command"
"978528","6139.569295510","192.168.15.4","192.168.15.3","MQTT","97","Publish Message (id=6057) [Deviceb'Device - 2']"
"978529","6139.569778843","192.168.15.3","192.168.15.4","MQTT","70","Connect Ack"
"978532","6139.572288885","192.168.15.3","192.168.15.4","MQTT","70","Publish Ack (id=6057)"
"978534","6139.572829366","192.168.15.4","192.168.15.3","MQTT","68","Disconnect Req"
"978546","6140.576754450","192.168.15.4","192.168.15.3","MQTT","90","Connect Command"
"978548","6140.581606455","192.168.15.4","192.168.15.3","MQTT","97","Publish Message (id=6058) [Deviceb'Device - 2']"
"978550","6140.585927237","192.168.15.3","192.168.15.4","MQTT","70","Connect Ack"
"978553","6140.588496641","192.168.15.3","192.168.15.4","MQTT","70","Publish Ack (id=6058)"
"978555","6140.589000583","192.168.15.4","192.168.15.3","MQTT","68","Disconnect Req"
"980487","6141.593116127","192.168.15.4","192.168.15.3","MQTT","90","Connect Command"
"980489","6141.595973485","192.168.15.4","192.168.15.3","MQTT","97","Publish Message (id=6059) [Deviceb'Device - 2']"
"980490","6141.596412534","192.168.15.3","192.168.15.4","MQTT","70","Connect Ack"
"980493","6141.598749058","192.168.15.3","192.168.15.4","MQTT","70","Publish Ack (id=6059)"
"980495","6141.599047332","192.168.15.4","192.168.15.3","MQTT","68","Disconnect Req"
"980508","6142.603135385","192.168.15.4","192.168.15.3","MQTT","90","Connect Command"
"980510","6142.606026597","192.168.15.4","192.168.15.3","MQTT","97","Publish Message (id=6060) [Deviceb'Device - 2']"
"980511","6142.606535078","192.168.15.3","192.168.15.4","MQTT","70","Connect Ack"
"980514","6142.609085265","192.168.15.3","192.168.15.4","MQTT","70","Publish Ack (id=6060)"
"980516","6142.609778515","192.168.15.4","192.168.15.3","MQTT","68","Disconnect Req"
"980531","6143.614416610","192.168.15.4","192.168.15.3","MQTT","90","Connect Command"
"980533","6143.617273737","192.168.15.4","192.168.15.3","MQTT","97","Publish Message (id=6061) [Deviceb'Device - 2']"
"980534","6143.617688771","192.168.15.3","192.168.15.4","MQTT","70","Connect Ack"
"980537","6143.620150962","192.168.15.3","192.168.15.4","MQTT","70","Publish Ack (id=6061)"
"980539","6143.620488771","192.168.15.4","192.168.15.3","MQTT","68","Disconnect Req"
"980551","6144.624236435","192.168.15.4","192.168.15.3","MQTT","90","Connect Command"
"980553","6144.627109413","192.168.15.4","192.168.15.3","MQTT","97","Publish Message (id=6062) [Deviceb'Device - 2']"
"980554","6144.627570874","192.168.15.3","192.168.15.4","MQTT","70","Connect Ack"
"980557","6144.629948466","192.168.15.3","192.168.15.4","MQTT","70","Publish Ack (id=6062)"
"980559","6144.630341408","192.168.15.4","192.168.15.3","MQTT","68","Disconnect Req"
"980571","6145.634193503","192.168.15.4","192.168.15.3","MQTT","90","Connect Command"
"980573","6145.639331529","192.168.15.4","192.168.15.3","MQTT","97","Publish Message (id=6063) [Deviceb'Device - 2']"
"980575","6145.643707896","192.168.15.3","192.168.15.4","MQTT","70","Connect Ack"
"980577","6145.646671033","192.168.15.3","192.168.15.4","MQTT","70","Publish Ack (id=6063)"
"980579","6145.647466817","192.168.15.4","192.168.15.3","MQTT","68","Disconnect Req"
"980591","6146.652462702","192.168.15.4","192.168.15.3","MQTT","90","Connect Command"
"980593","6146.655368672","192.168.15.4","192.168.15.3","MQTT","97","Publish Message (id=6064) [Deviceb'Device - 2']"
"980594","6146.656545154","192.168.15.3","192.168.15.4","MQTT","70","Connect Ack"
"980597","6146.658260495","192.168.15.3","192.168.15.4","MQTT","70","Publish Ack (id=6064)"
"980599","6146.658917456","192.168.15.4","192.168.15.3","MQTT","68","Disconnect Req"
"980643","6147.662764002","192.168.15.4","192.168.15.3","MQTT","90","Connect Command"
"980645","6147.665693035","192.168.15.4","192.168.15.3","MQTT","97","Publish Message (id=6065) [Deviceb'Device - 2']"
"980646","6147.666221964","192.168.15.3","192.168.15.4","MQTT","70","Connect Ack"
"980649","6147.668692421","192.168.15.3","192.168.15.4","MQTT","70","Publish Ack (id=6065)"
"980651","6147.669175754","192.168.15.4","192.168.15.3","MQTT","68","Disconnect Req"
"980662","6148.672605676","192.168.15.4","192.168.15.3","MQTT","90","Connect Command"
"980664","6148.675572681","192.168.15.4","192.168.15.3","MQTT","97","Publish Message (id=6066) [Deviceb'Device - 2']"
"980665","6148.676006109","192.168.15.3","192.168.15.4","MQTT","70","Connect Ack"
"980669","6148.678613856","192.168.15.3","192.168.15.4","MQTT","70","Publish Ack (id=6066)"
"980671","6148.678938409","192.168.15.4","192.168.15.3","MQTT","68","Disconnect Req"
"980682","6149.682590250","192.168.15.4","192.168.15.3","MQTT","90","Connect Command"
"980684","6149.685585308","192.168.15.4","192.168.15.3","MQTT","97","Publish Message (id=6067) [Deviceb'Device - 2']"
"980685","6149.685988730","192.168.15.3","192.168.15.4","MQTT","70","Connect Ack"
"980688","6149.688405836","192.168.15.3","192.168.15.4","MQTT","70","Publish Ack (id=6067)"
"980690","6149.689131096","192.168.15.4","192.168.15.3","MQTT","68","Disconnect Req"
"980702","6150.693066154","192.168.15.4","192.168.15.3","MQTT","90","Connect Command"
"980704","6150.696051684","192.168.15.4","192.168.15.3","MQTT","97","Publish Message (id=6068) [Deviceb'Device - 2']"
"980706","6150.700443992","192.168.15.3","192.168.15.4","MQTT","70","Connect Ack"
"980708","6150.703018295","192.168.15.3","192.168.15.4","MQTT","70","Publish Ack (id=6068)"
"980710","6150.703250994","192.168.15.4","192.168.15.3","MQTT","68","Disconnect Req"
"980723","6151.706914792","192.168.15.4","192.168.15.3","MQTT","90","Connect Command"
"980725","6151.709869233","192.168.15.4","192.168.15.3","MQTT","97","Publish Message (id=6069) [Deviceb'Device - 2']"
"980726","6151.710314855","192.168.15.3","192.168.15.4","MQTT","70","Connect Ack"
"980729","6151.712768851","192.168.15.3","192.168.15.4","MQTT","70","Publish Ack (id=6069)"
"980731","6151.713013743","192.168.15.4","192.168.15.3","MQTT","68","Disconnect Req"
"982778","6152.716828629","192.168.15.4","192.168.15.3","MQTT","90","Connect Command"
"982780","6152.719717146","192.168.15.4","192.168.15.3","MQTT","97","Publish Message (id=6070) [Deviceb'Device - 2']"
"982781","6152.720093457","192.168.15.3","192.168.15.4","MQTT","70","Connect Ack"
"982784","6152.722537794","192.168.15.3","192.168.15.4","MQTT","70","Publish Ack (id=6070)"
"982786","6152.723313830","192.168.15.4","192.168.15.3","MQTT","68","Disconnect Req"
"982809","6153.726841685","192.168.15.4","192.168.15.3","MQTT","90","Connect Command"
"982811","6153.729697560","192.168.15.4","192.168.15.3","MQTT","97","Publish Message (id=6071) [Deviceb'Device - 2']"
"982812","6153.730115529","192.168.15.3","192.168.15.4","MQTT","70","Connect Ack"
"982815","6153.733329470","192.168.15.3","192.168.15.4","MQTT","70","Publish Ack (id=6071)"
"982817","6153.733994186","192.168.15.4","192.168.15.3","MQTT","68","Disconnect Req"
"982854","6154.738679358","192.168.15.4","192.168.15.3","MQTT","90","Connect Command"
"982856","6154.741989190","192.168.15.4","192.168.15.3","MQTT","97","Publish Message (id=6072) [Deviceb'Device - 2']"
"982857","6154.742346636","192.168.15.3","192.168.15.4","MQTT","70","Connect Ack"
"982860","6154.744918594","192.168.15.3","192.168.15.4","MQTT","70","Publish Ack (id=6072)"
"982862","6154.745270228","192.168.15.4","192.168.15.3","MQTT","68","Disconnect Req"
"982874","6155.749173365","192.168.15.4","192.168.15.3","MQTT","90","Connect Command"
"982876","6155.752078263","192.168.15.4","192.168.15.3","MQTT","97","Publish Message (id=6073) [Deviceb'Device - 2']"
"982878","6155.756389066","192.168.15.3","192.168.15.4","MQTT","70","Connect Ack"
"982880","6155.758910519","192.168.15.3","192.168.15.4","MQTT","70","Publish Ack (id=6073)"
"982882","6155.759293252","192.168.15.4","192.168.15.3","MQTT","68","Disconnect Req"
"982892","6156.763024887","192.168.15.4","192.168.15.3","MQTT","90","Connect Command"
"982894","6156.766034923","192.168.15.4","192.168.15.3","MQTT","97","Publish Message (id=6074) [Deviceb'Device - 2']"
"982895","6156.766500493","192.168.15.3","192.168.15.4","MQTT","70","Connect Ack"
"982898","6156.769033147","192.168.15.3","192.168.15.4","MQTT","70","Publish Ack (id=6074)"
"982900","6156.769272640","192.168.15.4","192.168.15.3","MQTT","68","Disconnect Req"
"982914","6157.773077192","192.168.15.4","192.168.15.3","MQTT","90","Connect Command"
"982916","6157.776112646","192.168.15.4","192.168.15.3","MQTT","97","Publish Message (id=6075) [Deviceb'Device - 2']"
"982917","6157.776517010","192.168.15.3","192.168.15.4","MQTT","70","Connect Ack"
"982920","6157.779049855","192.168.15.3","192.168.15.4","MQTT","70","Publish Ack (id=6075)"
"982922","6157.779285170","192.168.15.4","192.168.15.3","MQTT","68","Disconnect Req"
"982937","6158.783234448","192.168.15.4","192.168.15.3","MQTT","90","Connect Command"
"982939","6158.786281985","192.168.15.4","192.168.15.3","MQTT","97","Publish Message (id=6076) [Deviceb'Device - 2']"
"982940","6158.786730833","192.168.15.3","192.168.15.4","MQTT","70","Connect Ack"
"982943","6158.789314634","192.168.15.3","192.168.15.4","MQTT","70","Publish Ack (id=6076)"
"982945","6158.789764243","192.168.15.4","192.168.15.3","MQTT","68","Disconnect Req"
"982959","6159.793296405","192.168.15.4","192.168.15.3","MQTT","90","Connect Command"
"982961","6159.796305189","192.168.15.4","192.168.15.3","MQTT","97","Publish Message (id=6077) [Deviceb'Device - 2']"
"982962","6159.796718860","192.168.15.3","192.168.15.4","MQTT","70","Connect Ack"
"982965","6159.799097163","192.168.15.3","192.168.15.4","MQTT","70","Publish Ack (id=6077)"
"982967","6159.799351644","192.168.15.4","192.168.15.3","MQTT","68","Disconnect Req"
"982979","6160.802939312","192.168.15.4","192.168.15.3","MQTT","90","Connect Command"
"982981","6160.805912208","192.168.15.4","192.168.15.3","MQTT","97","Publish Message (id=6078) [Deviceb'Device - 2']"
"982983","6160.810304215","192.168.15.3","192.168.15.4","MQTT","70","Connect Ack"
"982985","6160.812797735","192.168.15.3","192.168.15.4","MQTT","70","Publish Ack (id=6078)"
"982987","6160.813112840","192.168.15.4","192.168.15.3","MQTT","68","Disconnect Req"
"983021","6161.817181279","192.168.15.4","192.168.15.3","MQTT","90","Connect Command"
"983023","6161.820178511","192.168.15.4","192.168.15.3","MQTT","97","Publish Message (id=6079) [Deviceb'Device - 2']"
"983024","6161.820965908","192.168.15.3","192.168.15.4","MQTT","70","Connect Ack"
"983027","6161.822987728","192.168.15.3","192.168.15.4","MQTT","70","Publish Ack (id=6079)"
"983029","6161.823367665","192.168.15.4","192.168.15.3","MQTT","68","Disconnect Req"
"984788","6162.826770829","192.168.15.4","192.168.15.3","MQTT","90","Connect Command"
"984790","6162.829801113","192.168.15.4","192.168.15.3","MQTT","97","Publish Message (id=6080) [Deviceb'Device - 2']"
"984791","6162.830210837","192.168.15.3","192.168.15.4","MQTT","70","Connect Ack"
"984794","6162.832754663","192.168.15.3","192.168.15.4","MQTT","70","Publish Ack (id=6080)"
"984796","6162.833059258","192.168.15.4","192.168.15.3","MQTT","68","Disconnect Req"
"984811","6163.837100097","192.168.15.4","192.168.15.3","MQTT","90","Connect Command"
"984813","6163.840114672","192.168.15.4","192.168.15.3","MQTT","97","Publish Message (id=6081) [Deviceb'Device - 2']"
"984814","6163.840502034","192.168.15.3","192.168.15.4","MQTT","70","Connect Ack"
"984817","6163.843210801","192.168.15.3","192.168.15.4","MQTT","70","Publish Ack (id=6081)"
"984819","6163.843698202","192.168.15.4","192.168.15.3","MQTT","68","Disconnect Req"
"984831","6164.847530047","192.168.15.4","192.168.15.3","MQTT","90","Connect Command"
"984833","6164.850566123","192.168.15.4","192.168.15.3","MQTT","97","Publish Message (id=6082) [Deviceb'Device - 2']"
"984834","6164.850966639","192.168.15.3","192.168.15.4","MQTT","70","Connect Ack"
"984837","6164.853482101","192.168.15.3","192.168.15.4","MQTT","70","Publish Ack (id=6082)"
"984839","6164.853842742","192.168.15.4","192.168.15.3","MQTT","68","Disconnect Req"
"984854","6165.857825414","192.168.15.4","192.168.15.3","MQTT","90","Connect Command"
"984856","6165.860618611","192.168.15.4","192.168.15.3","MQTT","97","Publish Message (id=6083) [Deviceb'Device - 2']"
"984857","6165.861157679","192.168.15.3","192.168.15.4","MQTT","70","Connect Ack"
"984860","6165.863411847","192.168.15.3","192.168.15.4","MQTT","70","Publish Ack (id=6083)"
"984862","6165.863788279","192.168.15.4","192.168.15.3","MQTT","68","Disconnect Req"
"984874","6166.867414519","192.168.15.4","192.168.15.3","MQTT","90","Connect Command"
"984876","6166.870308135","192.168.15.4","192.168.15.3","MQTT","97","Publish Message (id=6084) [Deviceb'Device - 2']"
"984877","6166.870687652","192.168.15.3","192.168.15.4","MQTT","70","Connect Ack"
"984880","6166.873891575","192.168.15.3","192.168.15.4","MQTT","70","Publish Ack (id=6084)"
"984882","6166.874396088","192.168.15.4","192.168.15.3","MQTT","68","Disconnect Req"
"984901","6167.878136216","192.168.15.4","192.168.15.3","MQTT","90","Connect Command"
"984903","6167.881109903","192.168.15.4","192.168.15.3","MQTT","97","Publish Message (id=6085) [Deviceb'Device - 2']"
"984904","6167.881529295","192.168.15.3","192.168.15.4","MQTT","70","Connect Ack"
"984907","6167.883960348","192.168.15.3","192.168.15.4","MQTT","70","Publish Ack (id=6085)"
"984909","6167.884214999","192.168.15.4","192.168.15.3","MQTT","68","Disconnect Req"
"984924","6168.887777963","192.168.15.4","192.168.15.3","MQTT","90","Connect Command"
"984926","6168.890802397","192.168.15.4","192.168.15.3","MQTT","97","Publish Message (id=6086) [Deviceb'Device - 2']"
"984927","6168.891209405","192.168.15.3","192.168.15.4","MQTT","70","Connect Ack"
"984930","6168.893829836","192.168.15.3","192.168.15.4","MQTT","70","Publish Ack (id=6086)"
"984932","6168.894104665","192.168.15.4","192.168.15.3","MQTT","68","Disconnect Req"
"984944","6169.898249691","192.168.15.4","192.168.15.3","MQTT","90","Connect Command"
"984946","6169.901715177","192.168.15.4","192.168.15.3","MQTT","97","Publish Message (id=6087) [Deviceb'Device - 2']"
"984947","6169.902089795","192.168.15.3","192.168.15.4","MQTT","70","Connect Ack"
"984950","6169.905492082","192.168.15.3","192.168.15.4","MQTT","70","Publish Ack (id=6087)"
"984952","6169.905871479","192.168.15.4","192.168.15.3","MQTT","68","Disconnect Req"
"984964","6170.910323536","192.168.15.4","192.168.15.3","MQTT","90","Connect Command"
"984966","6170.913331399","192.168.15.4","192.168.15.3","MQTT","97","Publish Message (id=6088) [Deviceb'Device - 2']"
"984968","6170.917675575","192.168.15.3","192.168.15.4","MQTT","70","Connect Ack"
"984970","6170.920110765","192.168.15.3","192.168.15.4","MQTT","70","Publish Ack (id=6088)"
"984972","6170.920551859","192.168.15.4","192.168.15.3","MQTT","68","Disconnect Req"
"984985","6171.924899780","192.168.15.4","192.168.15.3","MQTT","90","Connect Command"
"984987","6171.927796512","192.168.15.4","192.168.15.3","MQTT","97","Publish Message (id=6089) [Deviceb'Device - 2']"
"984988","6171.928204483","192.168.15.3","192.168.15.4","MQTT","70","Connect Ack"
"984991","6171.931010103","192.168.15.3","192.168.15.4","MQTT","70","Publish Ack (id=6089)"
"984993","6171.931353241","192.168.15.4","192.168.15.3","MQTT","68","Disconnect Req"
"985005","6172.935888629","192.168.15.4","192.168.15.3","MQTT","90","Connect Command"
"985007","6172.947979189","192.168.15.4","192.168.15.3","MQTT","97","Publish Message (id=6090) [Deviceb'Device - 2']"
"985008","6172.948357243","192.168.15.3","192.168.15.4","MQTT","70","Connect Ack"
"985011","6172.950846906","192.168.15.3","192.168.15.4","MQTT","70","Publish Ack (id=6090)"
"985013","6172.951502465","192.168.15.4","192.168.15.3","MQTT","68","Disconnect Req"
"985028","6173.955620425","192.168.15.4","192.168.15.3","MQTT","90","Connect Command"
"985030","6173.958664876","192.168.15.4","192.168.15.3","MQTT","97","Publish Message (id=6091) [Deviceb'Device - 2']"
"985031","6173.959045465","192.168.15.3","192.168.15.4","MQTT","70","Connect Ack"
"985034","6173.961669131","192.168.15.3","192.168.15.4","MQTT","70","Publish Ack (id=6091)"
"985036","6173.962277200","192.168.15.4","192.168.15.3","MQTT","68","Disconnect Req"
"985048","6174.966440017","192.168.15.4","192.168.15.3","MQTT","90","Connect Command"
"985050","6174.969453319","192.168.15.4","192.168.15.3","MQTT","97","Publish Message (id=6092) [Deviceb'Device - 2']"
"985051","6174.969876298","192.168.15.3","192.168.15.4","MQTT","70","Connect Ack"
"985054","6174.972334101","192.168.15.3","192.168.15.4","MQTT","70","Publish Ack (id=6092)"
"985056","6174.972752772","192.168.15.4","192.168.15.3","MQTT","68","Disconnect Req"
"985068","6175.976301500","192.168.15.4","192.168.15.3","MQTT","90","Connect Command"
"985070","6175.979331594","192.168.15.4","192.168.15.3","MQTT","97","Publish Message (id=6093) [Deviceb'Device - 2']"
"985072","6175.983665902","192.168.15.3","192.168.15.4","MQTT","70","Connect Ack"
"985074","6175.986617468","192.168.15.3","192.168.15.4","MQTT","70","Publish Ack (id=6093)"
"985076","6175.987050636","192.168.15.4","192.168.15.3","MQTT","68","Disconnect Req"
"985089","6176.990984734","192.168.15.4","192.168.15.3","MQTT","90","Connect Command"
"985091","6176.993497180","192.168.15.4","192.168.15.3","MQTT","97","Publish Message (id=6094) [Deviceb'Device - 2']"
"985092","6176.993924317","192.168.15.3","192.168.15.4","MQTT","70","Connect Ack"
"985095","6176.996467762","192.168.15.3","192.168.15.4","MQTT","70","Publish Ack (id=6094)"
"985097","6176.997506695","192.168.15.4","192.168.15.3","MQTT","68","Disconnect Req"
"985115","6178.000810102","192.168.15.4","192.168.15.3","MQTT","90","Connect Command"
"985117","6178.003845767","192.168.15.4","192.168.15.3","MQTT","97","Publish Message (id=6095) [Deviceb'Device - 2']"
"985118","6178.004255631","192.168.15.3","192.168.15.4","MQTT","70","Connect Ack"
"985121","6178.007168965","192.168.15.3","192.168.15.4","MQTT","70","Publish Ack (id=6095)"
"985123","6178.007808413","192.168.15.4","192.168.15.3","MQTT","68","Disconnect Req"
"985135","6179.011814780","192.168.15.4","192.168.15.3","MQTT","90","Connect Command"
"985137","6179.014824255","192.168.15.4","192.168.15.3","MQTT","97","Publish Message (id=6096) [Deviceb'Device - 2']"
"985138","6179.015242034","192.168.15.3","192.168.15.4","MQTT","70","Connect Ack"
"985141","6179.017761464","192.168.15.3","192.168.15.4","MQTT","70","Publish Ack (id=6096)"
"985143","6179.018121143","192.168.15.4","192.168.15.3","MQTT","68","Disconnect Req"
"985152","6180.021570750","192.168.15.4","192.168.15.3","MQTT","90","Connect Command"
"985154","6180.024603620","192.168.15.4","192.168.15.3","MQTT","97","Publish Message (id=6097) [Deviceb'Device - 2']"
"985155","6180.025003345","192.168.15.3","192.168.15.4","MQTT","70","Connect Ack"
"985158","6180.027685412","192.168.15.3","192.168.15.4","MQTT","70","Publish Ack (id=6097)"
"985160","6180.027955392","192.168.15.4","192.168.15.3","MQTT","68","Disconnect Req"
"985174","6181.031193000","192.168.15.4","192.168.15.3","MQTT","90","Connect Command"
"985176","6181.034201864","192.168.15.4","192.168.15.3","MQTT","97","Publish Message (id=6098) [Deviceb'Device - 2']"
"985178","6181.038585845","192.168.15.3","192.168.15.4","MQTT","70","Connect Ack"
"985180","6181.041466036","192.168.15.3","192.168.15.4","MQTT","70","Publish Ack (id=6098)"
"985182","6181.041790649","192.168.15.4","192.168.15.3","MQTT","68","Disconnect Req"
"985194","6182.045655555","192.168.15.4","192.168.15.3","MQTT","90","Connect Command"
"985196","6182.048709775","192.168.15.4","192.168.15.3","MQTT","97","Publish Message (id=6099) [Deviceb'Device - 2']"
"985197","6182.049153523","192.168.15.3","192.168.15.4","MQTT","70","Connect Ack"
"985200","6182.051767701","192.168.15.3","192.168.15.4","MQTT","70","Publish Ack (id=6099)"
"985202","6182.052059803","192.168.15.4","192.168.15.3","MQTT","68","Disconnect Req"
"985214","6183.055621056","192.168.15.4","192.168.15.3","MQTT","90","Connect Command"
"985216","6183.058505795","192.168.15.4","192.168.15.3","MQTT","97","Publish Message (id=6100) [Deviceb'Device - 2']"
"985217","6183.058905260","192.168.15.3","192.168.15.4","MQTT","70","Connect Ack"
"985220","6183.061434789","192.168.15.3","192.168.15.4","MQTT","70","Publish Ack (id=6100)"
"985222","6183.062056413","192.168.15.4","192.168.15.3","MQTT","68","Disconnect Req"
"985236","6184.065757120","192.168.15.4","192.168.15.3","MQTT","90","Connect Command"
"985238","6184.068746898","192.168.15.4","192.168.15.3","MQTT","97","Publish Message (id=6101) [Deviceb'Device - 2']"
"985239","6184.069170107","192.168.15.3","192.168.15.4","MQTT","70","Connect Ack"
"985242","6184.071855410","192.168.15.3","192.168.15.4","MQTT","70","Publish Ack (id=6101)"
"985244","6184.072131732","192.168.15.4","192.168.15.3","MQTT","68","Disconnect Req"
"985253","6185.075578712","192.168.15.4","192.168.15.3","MQTT","90","Connect Command"
"985255","6185.078582837","192.168.15.4","192.168.15.3","MQTT","97","Publish Message (id=6102) [Deviceb'Device - 2']"
"985256","6185.079026305","192.168.15.3","192.168.15.4","MQTT","70","Connect Ack"
"985259","6185.081535505","192.168.15.3","192.168.15.4","MQTT","70","Publish Ack (id=6102)"
"985261","6185.082153953","192.168.15.4","192.168.15.3","MQTT","68","Disconnect Req"
"985273","6186.085619469","192.168.15.4","192.168.15.3","MQTT","90","Connect Command"
"985275","6186.088594008","192.168.15.4","192.168.15.3","MQTT","97","Publish Message (id=6103) [Deviceb'Device - 2']"
"985277","6186.092941701","192.168.15.3","192.168.15.4","MQTT","70","Connect Ack"
"985279","6186.095506887","192.168.15.3","192.168.15.4","MQTT","70","Publish Ack (id=6103)"
"985281","6186.095809689","192.168.15.4","192.168.15.3","MQTT","68","Disconnect Req"
"985299","6187.100904685","192.168.15.4","192.168.15.3","MQTT","90","Connect Command"
"985301","6187.103827617","192.168.15.4","192.168.15.3","MQTT","97","Publish Message (id=6104) [Deviceb'Device - 2']"
"985302","6187.104775207","192.168.15.3","192.168.15.4","MQTT","70","Connect Ack"
"985305","6187.106802978","192.168.15.3","192.168.15.4","MQTT","70","Publish Ack (id=6104)"
"985307","6187.107623398","192.168.15.4","192.168.15.3","MQTT","68","Disconnect Req"
"985319","6188.111844955","192.168.15.4","192.168.15.3","MQTT","90","Connect Command"
"985321","6188.116649772","192.168.15.4","192.168.15.3","MQTT","97","Publish Message (id=6105) [Deviceb'Device - 2']"
"985322","6188.117077821","192.168.15.3","192.168.15.4","MQTT","70","Connect Ack"
"985325","6188.119651433","192.168.15.3","192.168.15.4","MQTT","70","Publish Ack (id=6105)"
"985327","6188.120292003","192.168.15.4","192.168.15.3","MQTT","68","Disconnect Req"
"985342","6189.124351785","192.168.15.4","192.168.15.3","MQTT","90","Connect Command"
"985344","6189.127177744","192.168.15.4","192.168.15.3","MQTT","97","Publish Message (id=6106) [Deviceb'Device - 2']"
"985345","6189.127596535","192.168.15.3","192.168.15.4","MQTT","70","Connect Ack"
"985348","6189.130103461","192.168.15.3","192.168.15.4","MQTT","70","Publish Ack (id=6106)"
"985350","6189.130593587","192.168.15.4","192.168.15.3","MQTT","68","Disconnect Req"
"985362","6190.134935124","192.168.15.4","192.168.15.3","MQTT","90","Connect Command"
"985364","6190.137875038","192.168.15.4","192.168.15.3","MQTT","97","Publish Message (id=6107) [Deviceb'Device - 2']"
"985365","6190.138418324","192.168.15.3","192.168.15.4","MQTT","70","Connect Ack"
"985368","6190.140806656","192.168.15.3","192.168.15.4","MQTT","70","Publish Ack (id=6107)"
"985370","6190.141414714","192.168.15.4","192.168.15.3","MQTT","68","Disconnect Req"
"985379","6191.145476224","192.168.15.4","192.168.15.3","MQTT","90","Connect Command"
"985381","6191.148359451","192.168.15.4","192.168.15.3","MQTT","97","Publish Message (id=6108) [Deviceb'Device - 2']"
"985383","6191.152619829","192.168.15.3","192.168.15.4","MQTT","70","Connect Ack"
"985385","6191.155098953","192.168.15.3","192.168.15.4","MQTT","70","Publish Ack (id=6108)"
"985387","6191.155434256","192.168.15.4","192.168.15.3","MQTT","68","Disconnect Req"
"985411","6192.159852982","192.168.15.4","192.168.15.3","MQTT","90","Connect Command"
"985413","6192.162829394","192.168.15.4","192.168.15.3","MQTT","97","Publish Message (id=6109) [Deviceb'Device - 2']"
"985414","6192.163309992","192.168.15.3","192.168.15.4","MQTT","70","Connect Ack"
"985417","6192.165842036","192.168.15.3","192.168.15.4","MQTT","70","Publish Ack (id=6109)"
"985419","6192.166495431","192.168.15.4","192.168.15.3","MQTT","68","Disconnect Req"
"985439","6193.170710162","192.168.15.4","192.168.15.3","MQTT","90","Connect Command"
"985441","6193.173653352","192.168.15.4","192.168.15.3","MQTT","97","Publish Message (id=6110) [Deviceb'Device - 2']"
"985442","6193.174057115","192.168.15.3","192.168.15.4","MQTT","70","Connect Ack"
"985445","6193.176760191","192.168.15.3","192.168.15.4","MQTT","70","Publish Ack (id=6110)"
"985447","6193.177087279","192.168.15.4","192.168.15.3","MQTT","68","Disconnect Req"
"985462","6194.181150947","192.168.15.4","192.168.15.3","MQTT","90","Connect Command"
"985464","6194.184053931","192.168.15.4","192.168.15.3","MQTT","97","Publish Message (id=6111) [Deviceb'Device - 2']"
"985465","6194.184507017","192.168.15.3","192.168.15.4","MQTT","70","Connect Ack"
"985468","6194.188718723","192.168.15.3","192.168.15.4","MQTT","70","Publish Ack (id=6111)"
"985470","6194.189239447","192.168.15.4","192.168.15.3","MQTT","68","Disconnect Req"
"985483","6195.193312544","192.168.15.4","192.168.15.3","MQTT","90","Connect Command"
"985485","6195.196234234","192.168.15.4","192.168.15.3","MQTT","97","Publish Message (id=6112) [Deviceb'Device - 2']"
"985486","6195.196686648","192.168.15.3","192.168.15.4","MQTT","70","Connect Ack"
"985489","6195.199426414","192.168.15.3","192.168.15.4","MQTT","70","Publish Ack (id=6112)"
"985491","6195.199684942","192.168.15.4","192.168.15.3","MQTT","68","Disconnect Req"
"985504","6196.203266392","192.168.15.4","192.168.15.3","MQTT","90","Connect Command"
"985506","6196.206334158","192.168.15.4","192.168.15.3","MQTT","97","Publish Message (id=6113) [Deviceb'Device - 2']"
"985507","6196.207137125","192.168.15.3","192.168.15.4","MQTT","70","Connect Ack"
"985510","6196.209174464","192.168.15.3","192.168.15.4","MQTT","70","Publish Ack (id=6113)"
"985512","6196.209561234","192.168.15.4","192.168.15.3","MQTT","68","Disconnect Req"
"985525","6197.213283502","192.168.15.4","192.168.15.3","MQTT","90","Connect Command"
"985527","6197.216285663","192.168.15.4","192.168.15.3","MQTT","97","Publish Message (id=6114) [Deviceb'Device - 2']"
"985528","6197.216678415","192.168.15.3","192.168.15.4","MQTT","70","Connect Ack"
"985531","6197.219263519","192.168.15.3","192.168.15.4","MQTT","70","Publish Ack (id=6114)"
"985533","6197.219924177","192.168.15.4","192.168.15.3","MQTT","68","Disconnect Req"
"985548","6198.223778134","192.168.15.4","192.168.15.3","MQTT","90","Connect Command"
"985550","6198.226661461","192.168.15.4","192.168.15.3","MQTT","97","Publish Message (id=6115) [Deviceb'Device - 2']"
"985551","6198.227077738","192.168.15.3","192.168.15.4","MQTT","70","Connect Ack"
"985554","6198.229539077","192.168.15.3","192.168.15.4","MQTT","70","Publish Ack (id=6115)"
"985556","6198.230126798","192.168.15.4","192.168.15.3","MQTT","68","Disconnect Req"
"985568","6199.234244625","192.168.15.4","192.168.15.3","MQTT","90","Connect Command"
"985570","6199.237110278","192.168.15.4","192.168.15.3","MQTT","97","Publish Message (id=6116) [Deviceb'Device - 2']"
"985571","6199.237525363","192.168.15.3","192.168.15.4","MQTT","70","Connect Ack"
"985574","6199.240125234","192.168.15.3","192.168.15.4","MQTT","70","Publish Ack (id=6116)"
"985576","6199.241030544","192.168.15.4","192.168.15.3","MQTT","68","Disconnect Req"
"985596","6200.245297896","192.168.15.4","192.168.15.3","MQTT","90","Connect Command"
"985598","6200.248184168","192.168.15.4","192.168.15.3","MQTT","97","Publish Message (id=6117) [Deviceb'Device - 2']"
"985599","6200.248611005","192.168.15.3","192.168.15.4","MQTT","70","Connect Ack"
"985602","6200.251056134","192.168.15.3","192.168.15.4","MQTT","70","Publish Ack (id=6117)"
"985604","6200.251799949","192.168.15.4","192.168.15.3","MQTT","68","Disconnect Req"
"985619","6201.255731998","192.168.15.4","192.168.15.3","MQTT","90","Connect Command"
"985621","6201.258622799","192.168.15.4","192.168.15.3","MQTT","97","Publish Message (id=6118) [Deviceb'Device - 2']"
"985623","6201.262822563","192.168.15.3","192.168.15.4","MQTT","70","Connect Ack"
"985625","6201.265254317","192.168.15.3","192.168.15.4","MQTT","70","Publish Ack (id=6118)"
"985627","6201.265951735","192.168.15.4","192.168.15.3","MQTT","68","Disconnect Req"
"985635","6202.269880971","192.168.15.4","192.168.15.3","MQTT","90","Connect Command"
"985637","6202.272904112","192.168.15.4","192.168.15.3","MQTT","97","Publish Message (id=6119) [Deviceb'Device - 2']"
"985638","6202.273358951","192.168.15.3","192.168.15.4","MQTT","70","Connect Ack"
"985641","6202.276795814","192.168.15.3","192.168.15.4","MQTT","70","Publish Ack (id=6119)"
"985643","6202.277175330","192.168.15.4","192.168.15.3","MQTT","68","Disconnect Req"
"985658","6203.281416586","192.168.15.4","192.168.15.3","MQTT","90","Connect Command"
"985660","6203.284392408","192.168.15.4","192.168.15.3","MQTT","97","Publish Message (id=6120) [Deviceb'Device - 2']"
"985661","6203.284797333","192.168.15.3","192.168.15.4","MQTT","70","Connect Ack"
"985664","6203.288294861","192.168.15.3","192.168.15.4","MQTT","70","Publish Ack (id=6120)"
"985666","6203.288669418","192.168.15.4","192.168.15.3","MQTT","68","Disconnect Req"
"985678","6204.292569942","192.168.15.4","192.168.15.3","MQTT","90","Connect Command"
"985680","6204.295428072","192.168.15.4","192.168.15.3","MQTT","97","Publish Message (id=6121) [Deviceb'Device - 2']"
"985681","6204.295875107","192.168.15.3","192.168.15.4","MQTT","70","Connect Ack"
"985684","6204.298230787","192.168.15.3","192.168.15.4","MQTT","70","Publish Ack (id=6121)"
"985686","6204.299000330","192.168.15.4","192.168.15.3","MQTT","68","Disconnect Req"
"985701","6205.303260065","192.168.15.4","192.168.15.3","MQTT","90","Connect Command"
"985703","6205.306497981","192.168.15.4","192.168.15.3","MQTT","97","Publish Message (id=6122) [Deviceb'Device - 2']"
"985704","6205.306781377","192.168.15.3","192.168.15.4","MQTT","70","Connect Ack"
"985707","6205.309564534","192.168.15.3","192.168.15.4","MQTT","70","Publish Ack (id=6122)"
"985709","6205.310282912","192.168.15.4","192.168.15.3","MQTT","68","Disconnect Req"
"985721","6206.314436927","192.168.15.4","192.168.15.3","MQTT","90","Connect Command"
"985723","6206.317341865","192.168.15.4","192.168.15.3","MQTT","97","Publish Message (id=6123) [Deviceb'Device - 2']"
"985725","6206.321672006","192.168.15.3","192.168.15.4","MQTT","70","Connect Ack"
"985727","6206.324117265","192.168.15.3","192.168.15.4","MQTT","70","Publish Ack (id=6123)"
"985729","6206.324883633","192.168.15.4","192.168.15.3","MQTT","68","Disconnect Req"
"985749","6207.329100879","192.168.15.4","192.168.15.3","MQTT","90","Connect Command"
"985751","6207.331987784","192.168.15.4","192.168.15.3","MQTT","97","Publish Message (id=6124) [Deviceb'Device - 2']"
"985752","6207.332388741","192.168.15.3","192.168.15.4","MQTT","70","Connect Ack"
"985755","6207.334971049","192.168.15.3","192.168.15.4","MQTT","70","Publish Ack (id=6124)"
"985757","6207.335669699","192.168.15.4","192.168.15.3","MQTT","68","Disconnect Req"
"985772","6208.339411809","192.168.15.4","192.168.15.3","MQTT","90","Connect Command"
"985774","6208.342241385","192.168.15.4","192.168.15.3","MQTT","97","Publish Message (id=6125) [Deviceb'Device - 2']"
"985775","6208.342696375","192.168.15.3","192.168.15.4","MQTT","70","Connect Ack"
"985778","6208.345143818","192.168.15.3","192.168.15.4","MQTT","70","Publish Ack (id=6125)"
"985780","6208.345850714","192.168.15.4","192.168.15.3","MQTT","68","Disconnect Req"
"985792","6209.349825926","192.168.15.4","192.168.15.3","MQTT","90","Connect Command"
"985794","6209.352738889","192.168.15.4","192.168.15.3","MQTT","97","Publish Message (id=6126) [Deviceb'Device - 2']"
"985795","6209.353909130","192.168.15.3","192.168.15.4","MQTT","70","Connect Ack"
"985798","6209.355688040","192.168.15.3","192.168.15.4","MQTT","70","Publish Ack (id=6126)"
"985800","6209.356555199","192.168.15.4","192.168.15.3","MQTT","68","Disconnect Req"
"985817","6210.360869593","192.168.15.4","192.168.15.3","MQTT","90","Connect Command"
"985819","6210.364619798","192.168.15.4","192.168.15.3","MQTT","97","Publish Message (id=6127) [Deviceb'Device - 2']"
"985820","6210.365506102","192.168.15.3","192.168.15.4","MQTT","70","Connect Ack"
"985823","6210.367587344","192.168.15.3","192.168.15.4","MQTT","70","Publish Ack (id=6127)"
"985825","6210.368283078","192.168.15.4","192.168.15.3","MQTT","68","Disconnect Req"
"985838","6211.371823222","192.168.15.4","192.168.15.3","MQTT","90","Connect Command"
"985840","6211.374761423","192.168.15.4","192.168.15.3","MQTT","97","Publish Message (id=6128) [Deviceb'Device - 2']"
"985842","6211.378972488","192.168.15.3","192.168.15.4","MQTT","70","Connect Ack"
"985844","6211.381398230","192.168.15.3","192.168.15.4","MQTT","70","Publish Ack (id=6128)"
"985846","6211.381792786","192.168.15.4","192.168.15.3","MQTT","68","Disconnect Req"
"985870","6212.386140126","192.168.15.4","192.168.15.3","MQTT","90","Connect Command"
"985872","6212.389616773","192.168.15.4","192.168.15.3","MQTT","97","Publish Message (id=6129) [Deviceb'Device - 2']"
"985873","6212.389932239","192.168.15.3","192.168.15.4","MQTT","70","Connect Ack"
"985876","6212.392539384","192.168.15.3","192.168.15.4","MQTT","70","Publish Ack (id=6129)"
"985878","6212.392904133","192.168.15.4","192.168.15.3","MQTT","68","Disconnect Req"
"985904","6213.397098476","192.168.15.4","192.168.15.3","MQTT","90","Connect Command"
"985906","6213.400062075","192.168.15.4","192.168.15.3","MQTT","97","Publish Message (id=6130) [Deviceb'Device - 2']"
"985907","6213.400474424","192.168.15.3","192.168.15.4","MQTT","70","Connect Ack"
"985910","6213.402934381","192.168.15.3","192.168.15.4","MQTT","70","Publish Ack (id=6130)"
"985912","6213.403744001","192.168.15.4","192.168.15.3","MQTT","68","Disconnect Req"
"985924","6214.407355674","192.168.15.4","192.168.15.3","MQTT","90","Connect Command"
"985926","6214.410358807","192.168.15.4","192.168.15.3","MQTT","97","Publish Message (id=6131) [Deviceb'Device - 2']"
"985927","6214.410771286","192.168.15.3","192.168.15.4","MQTT","70","Connect Ack"
"985930","6214.413247765","192.168.15.3","192.168.15.4","MQTT","70","Publish Ack (id=6131)"
"985932","6214.413495753","192.168.15.4","192.168.15.3","MQTT","68","Disconnect Req"
"985970","6215.417891679","192.168.15.4","192.168.15.3","MQTT","90","Connect Command"
"985972","6215.420806325","192.168.15.4","192.168.15.3","MQTT","97","Publish Message (id=6132) [Deviceb'Device - 2']"
"985973","6215.421219335","192.168.15.3","192.168.15.4","MQTT","70","Connect Ack"
"985976","6215.423808577","192.168.15.3","192.168.15.4","MQTT","70","Publish Ack (id=6132)"
"985978","6215.424099827","192.168.15.4","192.168.15.3","MQTT","68","Disconnect Req"
"985990","6216.428029493","192.168.15.4","192.168.15.3","MQTT","90","Connect Command"
"985992","6216.431779337","192.168.15.4","192.168.15.3","MQTT","97","Publish Message (id=6133) [Deviceb'Device - 2']"
"985994","6216.435360713","192.168.15.3","192.168.15.4","MQTT","70","Connect Ack"
"985996","6216.437832172","192.168.15.3","192.168.15.4","MQTT","70","Publish Ack (id=6133)"
"985998","6216.438406898","192.168.15.4","192.168.15.3","MQTT","68","Disconnect Req"
"986007","6217.442497409","192.168.15.4","192.168.15.3","MQTT","90","Connect Command"
"986009","6217.445489422","192.168.15.4","192.168.15.3","MQTT","97","Publish Message (id=6134) [Deviceb'Device - 2']"
"986010","6217.445913022","192.168.15.3","192.168.15.4","MQTT","70","Connect Ack"
"986013","6217.448327463","192.168.15.3","192.168.15.4","MQTT","70","Publish Ack (id=6134)"
"986015","6217.448564771","192.168.15.4","192.168.15.3","MQTT","68","Disconnect Req"
"986029","6218.452379323","192.168.15.4","192.168.15.3","MQTT","90","Connect Command"
"986031","6218.455309829","192.168.15.4","192.168.15.3","MQTT","97","Publish Message (id=6135) [Deviceb'Device - 2']"
"986032","6218.455747626","192.168.15.3","192.168.15.4","MQTT","70","Connect Ack"
"986035","6218.458210629","192.168.15.3","192.168.15.4","MQTT","70","Publish Ack (id=6135)"
"986037","6218.458505476","192.168.15.4","192.168.15.3","MQTT","68","Disconnect Req"
"986049","6219.462912769","192.168.15.4","192.168.15.3","MQTT","90","Connect Command"
"986051","6219.465780807","192.168.15.4","192.168.15.3","MQTT","97","Publish Message (id=6136) [Deviceb'Device - 2']"
"986052","6219.466237199","192.168.15.3","192.168.15.4","MQTT","70","Connect Ack"
"986055","6219.468667570","192.168.15.3","192.168.15.4","MQTT","70","Publish Ack (id=6136)"
"986057","6219.468954172","192.168.15.4","192.168.15.3","MQTT","68","Disconnect Req"
"986069","6220.473019701","192.168.15.4","192.168.15.3","MQTT","90","Connect Command"
"986071","6220.477746951","192.168.15.4","192.168.15.3","MQTT","97","Publish Message (id=6137) [Deviceb'Device - 2']"
"986072","6220.478152167","192.168.15.3","192.168.15.4","MQTT","70","Connect Ack"
"986075","6220.480713956","192.168.15.3","192.168.15.4","MQTT","70","Publish Ack (id=6137)"
"986077","6220.481044441","192.168.15.4","192.168.15.3","MQTT","68","Disconnect Req"
"986090","6221.484926774","192.168.15.4","192.168.15.3","MQTT","90","Connect Command"
"986092","6221.487899080","192.168.15.4","192.168.15.3","MQTT","97","Publish Message (id=6138) [Deviceb'Device - 2']"
"986094","6221.492601052","192.168.15.3","192.168.15.4","MQTT","70","Connect Ack"
"986096","6221.495128898","192.168.15.3","192.168.15.4","MQTT","70","Publish Ack (id=6138)"
"986098","6221.495401623","192.168.15.4","192.168.15.3","MQTT","68","Disconnect Req"
"986110","6222.499494936","192.168.15.4","192.168.15.3","MQTT","90","Connect Command"
"986112","6222.502514350","192.168.15.4","192.168.15.3","MQTT","97","Publish Message (id=6139) [Deviceb'Device - 2']"
"986113","6222.502947739","192.168.15.3","192.168.15.4","MQTT","70","Connect Ack"
"986116","6222.505458072","192.168.15.3","192.168.15.4","MQTT","70","Publish Ack (id=6139)"
"986118","6222.506098532","192.168.15.4","192.168.15.3","MQTT","68","Disconnect Req"
"986133","6223.510737307","192.168.15.4","192.168.15.3","MQTT","90","Connect Command"
"986135","6223.513586240","192.168.15.4","192.168.15.3","MQTT","97","Publish Message (id=6140) [Deviceb'Device - 2']"
"986136","6223.513968191","192.168.15.3","192.168.15.4","MQTT","70","Connect Ack"
"986139","6223.516507498","192.168.15.3","192.168.15.4","MQTT","70","Publish Ack (id=6140)"
"986141","6223.517094006","192.168.15.4","192.168.15.3","MQTT","68","Disconnect Req"
"986153","6224.521115507","192.168.15.4","192.168.15.3","MQTT","90","Connect Command"
"986155","6224.524099875","192.168.15.4","192.168.15.3","MQTT","97","Publish Message (id=6141) [Deviceb'Device - 2']"
"986156","6224.524500783","192.168.15.3","192.168.15.4","MQTT","70","Connect Ack"
"986159","6224.527137804","192.168.15.3","192.168.15.4","MQTT","70","Publish Ack (id=6141)"
"986161","6224.527705437","192.168.15.4","192.168.15.3","MQTT","68","Disconnect Req"
"986169","6225.531483199","192.168.15.4","192.168.15.3","MQTT","90","Connect Command"
"986171","6225.534471424","192.168.15.4","192.168.15.3","MQTT","97","Publish Message (id=6142) [Deviceb'Device - 2']"
"986172","6225.534895956","192.168.15.3","192.168.15.4","MQTT","70","Connect Ack"
"986175","6225.537337268","192.168.15.3","192.168.15.4","MQTT","70","Publish Ack (id=6142)"
"986177","6225.537795123","192.168.15.4","192.168.15.3","MQTT","68","Disconnect Req"
"986189","6226.541637277","192.168.15.4","192.168.15.3","MQTT","90","Connect Command"
"986191","6226.545036549","192.168.15.4","192.168.15.3","MQTT","97","Publish Message (id=6143) [Deviceb'Device - 2']"
"986193","6226.548835126","192.168.15.3","192.168.15.4","MQTT","70","Connect Ack"
"986195","6226.551344576","192.168.15.3","192.168.15.4","MQTT","70","Publish Ack (id=6143)"
"986197","6226.551701991","192.168.15.4","192.168.15.3","MQTT","68","Disconnect Req"
"986217","6227.556384324","192.168.15.4","192.168.15.3","MQTT","90","Connect Command"
"986219","6227.561104091","192.168.15.4","192.168.15.3","MQTT","97","Publish Message (id=6144) [Deviceb'Device - 2']"
"986220","6227.561522722","192.168.15.3","192.168.15.4","MQTT","70","Connect Ack"
"986223","6227.564161527","192.168.15.3","192.168.15.4","MQTT","70","Publish Ack (id=6144)"
"986225","6227.564937433","192.168.15.4","192.168.15.3","MQTT","68","Disconnect Req"
"986240","6228.569231735","192.168.15.4","192.168.15.3","MQTT","90","Connect Command"
"986242","6228.572131774","192.168.15.4","192.168.15.3","MQTT","97","Publish Message (id=6145) [Deviceb'Device - 2']"
"986243","6228.573179623","192.168.15.3","192.168.15.4","MQTT","70","Connect Ack"
"986246","6228.575196543","192.168.15.3","192.168.15.4","MQTT","70","Publish Ack (id=6145)"
"986248","6228.575724561","192.168.15.4","192.168.15.3","MQTT","68","Disconnect Req"
"986260","6229.579334862","192.168.15.4","192.168.15.3","MQTT","90","Connect Command"
"986262","6229.582350058","192.168.15.4","192.168.15.3","MQTT","97","Publish Message (id=6146) [Deviceb'Device - 2']"
"986263","6229.582798455","192.168.15.3","192.168.15.4","MQTT","70","Connect Ack"
"986266","6229.585168332","192.168.15.3","192.168.15.4","MQTT","70","Publish Ack (id=6146)"
"986268","6229.585741134","192.168.15.4","192.168.15.3","MQTT","68","Disconnect Req"
"986280","6230.589951039","192.168.15.4","192.168.15.3","MQTT","90","Connect Command"
"986282","6230.592776818","192.168.15.4","192.168.15.3","MQTT","97","Publish Message (id=6147) [Deviceb'Device - 2']"
"986283","6230.593265852","192.168.15.3","192.168.15.4","MQTT","70","Connect Ack"
"986286","6230.595637743","192.168.15.3","192.168.15.4","MQTT","70","Publish Ack (id=6147)"
"986288","6230.595942939","192.168.15.4","192.168.15.3","MQTT","68","Disconnect Req"
"986301","6231.600203722","192.168.15.4","192.168.15.3","MQTT","90","Connect Command"
"986303","6231.603205953","192.168.15.4","192.168.15.3","MQTT","97","Publish Message (id=6148) [Deviceb'Device - 2']"
"986305","6231.607533860","192.168.15.3","192.168.15.4","MQTT","70","Connect Ack"
"986307","6231.609973288","192.168.15.3","192.168.15.4","MQTT","70","Publish Ack (id=6148)"
"986309","6231.610330393","192.168.15.4","192.168.15.3","MQTT","68","Disconnect Req"
"986321","6232.614550249","192.168.15.4","192.168.15.3","MQTT","90","Connect Command"
"986323","6232.617438997","192.168.15.4","192.168.15.3","MQTT","97","Publish Message (id=6149) [Deviceb'Device - 2']"
"986324","6232.617857157","192.168.15.3","192.168.15.4","MQTT","70","Connect Ack"
"986327","6232.620333685","192.168.15.3","192.168.15.4","MQTT","70","Publish Ack (id=6149)"
"986329","6232.620848017","192.168.15.4","192.168.15.3","MQTT","68","Disconnect Req"
"986354","6233.624408950","192.168.15.4","192.168.15.3","MQTT","90","Connect Command"
"986356","6233.627300944","192.168.15.4","192.168.15.3","MQTT","97","Publish Message (id=6150) [Deviceb'Device - 2']"
"986357","6233.627692554","192.168.15.3","192.168.15.4","MQTT","70","Connect Ack"
"986360","6233.630240357","192.168.15.3","192.168.15.4","MQTT","70","Publish Ack (id=6150)"
"986362","6233.630563217","192.168.15.4","192.168.15.3","MQTT","68","Disconnect Req"
"986374","6234.634976452","192.168.15.4","192.168.15.3","MQTT","90","Connect Command"
"986376","6234.637980597","192.168.15.4","192.168.15.3","MQTT","97","Publish Message (id=6151) [Deviceb'Device - 2']"
"986377","6234.638384660","192.168.15.3","192.168.15.4","MQTT","70","Connect Ack"
"986380","6234.640832825","192.168.15.3","192.168.15.4","MQTT","70","Publish Ack (id=6151)"
"986382","6234.641453297","192.168.15.4","192.168.15.3","MQTT","68","Disconnect Req"
"986394","6235.644923963","192.168.15.4","192.168.15.3","MQTT","90","Connect Command"
"986396","6235.648725645","192.168.15.4","192.168.15.3","MQTT","97","Publish Message (id=6152) [Deviceb'Device - 2']"
"986397","6235.648737347","192.168.15.3","192.168.15.4","MQTT","70","Connect Ack"
"986400","6235.651616517","192.168.15.3","192.168.15.4","MQTT","70","Publish Ack (id=6152)"
"986402","6235.651991646","192.168.15.4","192.168.15.3","MQTT","68","Disconnect Req"
"986414","6236.656504661","192.168.15.4","192.168.15.3","MQTT","90","Connect Command"
"986416","6236.659384011","192.168.15.4","192.168.15.3","MQTT","97","Publish Message (id=6153) [Deviceb'Device - 2']"
"986418","6236.663695085","192.168.15.3","192.168.15.4","MQTT","70","Connect Ack"
"986420","6236.666127050","192.168.15.3","192.168.15.4","MQTT","70","Publish Ack (id=6153)"
"986422","6236.666525643","192.168.15.4","192.168.15.3","MQTT","68","Disconnect Req"
"986440","6237.670034223","192.168.15.4","192.168.15.3","MQTT","90","Connect Command"
"986442","6237.672988393","192.168.15.4","192.168.15.3","MQTT","97","Publish Message (id=6154) [Deviceb'Device - 2']"
"986443","6237.673470925","192.168.15.3","192.168.15.4","MQTT","70","Connect Ack"
"986446","6237.675991357","192.168.15.3","192.168.15.4","MQTT","70","Publish Ack (id=6154)"
"986448","6237.676289310","192.168.15.4","192.168.15.3","MQTT","68","Disconnect Req"
"986465","6238.680071668","192.168.15.4","192.168.15.3","MQTT","90","Connect Command"
"986467","6238.683069280","192.168.15.4","192.168.15.3","MQTT","97","Publish Message (id=6155) [Deviceb'Device - 2']"
"986468","6238.683535581","192.168.15.3","192.168.15.4","MQTT","70","Connect Ack"
"986471","6238.686096670","192.168.15.3","192.168.15.4","MQTT","70","Publish Ack (id=6155)"
"986473","6238.686427355","192.168.15.4","192.168.15.3","MQTT","68","Disconnect Req"
"986485","6239.690315123","192.168.15.4","192.168.15.3","MQTT","90","Connect Command"
"986487","6239.693294201","192.168.15.4","192.168.15.3","MQTT","97","Publish Message (id=6156) [Deviceb'Device - 2']"
"986488","6239.693699347","192.168.15.3","192.168.15.4","MQTT","70","Connect Ack"
"986491","6239.696289370","192.168.15.3","192.168.15.4","MQTT","70","Publish Ack (id=6156)"
"986493","6239.696603453","192.168.15.4","192.168.15.3","MQTT","68","Disconnect Req"
"986505","6240.700731226","192.168.15.4","192.168.15.3","MQTT","90","Connect Command"
"986507","6240.703730593","192.168.15.4","192.168.15.3","MQTT","97","Publish Message (id=6157) [Deviceb'Device - 2']"
"986508","6240.704139506","192.168.15.3","192.168.15.4","MQTT","70","Connect Ack"
"986511","6240.706596417","192.168.15.3","192.168.15.4","MQTT","70","Publish Ack (id=6157)"
"986513","6240.706927833","192.168.15.4","192.168.15.3","MQTT","68","Disconnect Req"
"986528","6241.710760701","192.168.15.4","192.168.15.3","MQTT","90","Connect Command"
"986530","6241.713751351","192.168.15.4","192.168.15.3","MQTT","97","Publish Message (id=6158) [Deviceb'Device - 2']"
"986532","6241.718102782","192.168.15.3","192.168.15.4","MQTT","70","Connect Ack"
"986534","6241.720543122","192.168.15.3","192.168.15.4","MQTT","70","Publish Ack (id=6158)"
"986536","6241.721064327","192.168.15.4","192.168.15.3","MQTT","68","Disconnect Req"
"986546","6242.724852200","192.168.15.4","192.168.15.3","MQTT","90","Connect Command"
"986548","6242.727863709","192.168.15.4","192.168.15.3","MQTT","97","Publish Message (id=6159) [Deviceb'Device - 2']"
"986549","6242.728268725","192.168.15.3","192.168.15.4","MQTT","70","Connect Ack"
"986552","6242.730845703","192.168.15.3","192.168.15.4","MQTT","70","Publish Ack (id=6159)"
"986554","6242.731137965","192.168.15.4","192.168.15.3","MQTT","68","Disconnect Req"
"986576","6243.734850848","192.168.15.4","192.168.15.3","MQTT","90","Connect Command"
"986578","6243.737271562","192.168.15.4","192.168.15.3","MQTT","97","Publish Message (id=6160) [Deviceb'Device - 2']"
"986579","6243.737688129","192.168.15.3","192.168.15.4","MQTT","70","Connect Ack"
"986582","6243.740232806","192.168.15.3","192.168.15.4","MQTT","70","Publish Ack (id=6160)"
"986584","6243.740552260","192.168.15.4","192.168.15.3","MQTT","68","Disconnect Req"
"986598","6244.744085956","192.168.15.4","192.168.15.3","MQTT","90","Connect Command"
"986600","6244.747084210","192.168.15.4","192.168.15.3","MQTT","97","Publish Message (id=6161) [Deviceb'Device - 2']"
"986601","6244.747499465","192.168.15.3","192.168.15.4","MQTT","70","Connect Ack"
"986604","6244.749960935","192.168.15.3","192.168.15.4","MQTT","70","Publish Ack (id=6161)"
"986606","6244.750214073","192.168.15.4","192.168.15.3","MQTT","68","Disconnect Req"
"986624","6245.754402799","192.168.15.4","192.168.15.3","MQTT","90","Connect Command"
"986626","6245.757976540","192.168.15.4","192.168.15.3","MQTT","97","Publish Message (id=6162) [Deviceb'Device - 2']"
"986627","6245.758385513","192.168.15.3","192.168.15.4","MQTT","70","Connect Ack"
"986630","6245.760841392","192.168.15.3","192.168.15.4","MQTT","70","Publish Ack (id=6162)"
"986632","6245.761564729","192.168.15.4","192.168.15.3","MQTT","68","Disconnect Req"
"986654","6246.765263510","192.168.15.4","192.168.15.3","MQTT","90","Connect Command"
"986657","6246.768198074","192.168.15.4","192.168.15.3","MQTT","97","Publish Message (id=6163) [Deviceb'Device - 2']"
"986661","6246.772570805","192.168.15.3","192.168.15.4","MQTT","70","Connect Ack"
"986663","6246.775016625","192.168.15.3","192.168.15.4","MQTT","70","Publish Ack (id=6163)"
"986665","6246.775901156","192.168.15.4","192.168.15.3","MQTT","68","Disconnect Req"
"986693","6247.780457539","192.168.15.4","192.168.15.3","MQTT","90","Connect Command"
"986695","6247.785197824","192.168.15.4","192.168.15.3","MQTT","97","Publish Message (id=6164) [Deviceb'Device - 2']"
"986696","6247.785553927","192.168.15.3","192.168.15.4","MQTT","70","Connect Ack"
"986699","6247.788152146","192.168.15.3","192.168.15.4","MQTT","70","Publish Ack (id=6164)"
"986701","6247.788755496","192.168.15.4","192.168.15.3","MQTT","68","Disconnect Req"
"987237","6248.792883150","192.168.15.4","192.168.15.3","MQTT","90","Connect Command"
"987240","6248.795728565","192.168.15.4","192.168.15.3","MQTT","97","Publish Message (id=6165) [Deviceb'Device - 2']"
"987241","6248.796155872","192.168.15.3","192.168.15.4","MQTT","70","Connect Ack"
"987244","6248.798639224","192.168.15.3","192.168.15.4","MQTT","70","Publish Ack (id=6165)"
"987246","6248.799093983","192.168.15.4","192.168.15.3","MQTT","68","Disconnect Req"
"987255","6249.803421105","192.168.15.4","192.168.15.3","MQTT","90","Connect Command"
"987257","6249.806431392","192.168.15.4","192.168.15.3","MQTT","97","Publish Message (id=6166) [Deviceb'Device - 2']"
"987258","6249.806896431","192.168.15.3","192.168.15.4","MQTT","70","Connect Ack"
"987261","6249.809430668","192.168.15.3","192.168.15.4","MQTT","70","Publish Ack (id=6166)"
"987263","6249.809806408","192.168.15.4","192.168.15.3","MQTT","68","Disconnect Req"
"988073","6250.813500675","192.168.15.4","192.168.15.3","MQTT","90","Connect Command"
"988075","6250.816556058","192.168.15.4","192.168.15.3","MQTT","97","Publish Message (id=6167) [Deviceb'Device - 2']"
"988076","6250.816977574","192.168.15.3","192.168.15.4","MQTT","70","Connect Ack"
"988079","6250.819557398","192.168.15.3","192.168.15.4","MQTT","70","Publish Ack (id=6167)"
"988081","6250.820108459","192.168.15.4","192.168.15.3","MQTT","68","Disconnect Req"
"988224","6251.824110640","192.168.15.4","192.168.15.3","MQTT","90","Connect Command"
"988226","6251.827056335","192.168.15.4","192.168.15.3","MQTT","97","Publish Message (id=6168) [Deviceb'Device - 2']"
"988228","6251.831323797","192.168.15.3","192.168.15.4","MQTT","70","Connect Ack"
"988230","6251.833914522","192.168.15.3","192.168.15.4","MQTT","70","Publish Ack (id=6168)"
"988232","6251.834401622","192.168.15.4","192.168.15.3","MQTT","68","Disconnect Req"
"989648","6252.838757141","192.168.15.4","192.168.15.3","MQTT","90","Connect Command"
"989686","6252.842719857","192.168.15.3","192.168.15.4","MQTT","70","Connect Ack"
"989687","6252.842748020","192.168.15.4","192.168.15.3","MQTT","97","Publish Message (id=6169) [Deviceb'Device - 2']"
"989692","6252.846433143","192.168.15.3","192.168.15.4","MQTT","70","Publish Ack (id=6169)"
"989694","6252.846857765","192.168.15.4","192.168.15.3","MQTT","68","Disconnect Req"
"989718","6253.851091676","192.168.15.4","192.168.15.3","MQTT","90","Connect Command"
"989720","6253.854047811","192.168.15.4","192.168.15.3","MQTT","97","Publish Message (id=6170) [Deviceb'Device - 2']"
"989721","6253.854415215","192.168.15.3","192.168.15.4","MQTT","70","Connect Ack"
"989724","6253.857089798","192.168.15.3","192.168.15.4","MQTT","70","Publish Ack (id=6170)"
"989726","6253.857907863","192.168.15.4","192.168.15.3","MQTT","68","Disconnect Req"
"989734","6254.861770845","192.168.15.4","192.168.15.3","MQTT","90","Connect Command"
"989736","6254.864670403","192.168.15.4","192.168.15.3","MQTT","97","Publish Message (id=6171) [Deviceb'Device - 2']"
"989737","6254.865069256","192.168.15.3","192.168.15.4","MQTT","70","Connect Ack"
"989740","6254.867704986","192.168.15.3","192.168.15.4","MQTT","70","Publish Ack (id=6171)"
"989742","6254.868375012","192.168.15.4","192.168.15.3","MQTT","68","Disconnect Req"
"989757","6255.872722339","192.168.15.4","192.168.15.3","MQTT","90","Connect Command"
"989759","6255.875704764","192.168.15.4","192.168.15.3","MQTT","97","Publish Message (id=6172) [Deviceb'Device - 2']"
"989760","6255.876121682","192.168.15.3","192.168.15.4","MQTT","70","Connect Ack"
"989763","6255.878518490","192.168.15.3","192.168.15.4","MQTT","70","Publish Ack (id=6172)"
"989765","6255.878909489","192.168.15.4","192.168.15.3","MQTT","68","Disconnect Req"
"990789","6256.882144747","192.168.15.4","192.168.15.3","MQTT","90","Connect Command"
"990791","6256.885106161","192.168.15.4","192.168.15.3","MQTT","97","Publish Message (id=6173) [Deviceb'Device - 2']"
"990793","6256.889433818","192.168.15.3","192.168.15.4","MQTT","70","Connect Ack"
"990795","6256.891858458","192.168.15.3","192.168.15.4","MQTT","70","Publish Ack (id=6173)"
"990797","6256.892183512","192.168.15.4","192.168.15.3","MQTT","68","Disconnect Req"
"990820","6257.896375690","192.168.15.4","192.168.15.3","MQTT","90","Connect Command"
"990822","6257.901287850","192.168.15.4","192.168.15.3","MQTT","97","Publish Message (id=6174) [Deviceb'Device - 2']"
"990823","6257.901646237","192.168.15.3","192.168.15.4","MQTT","70","Connect Ack"
"990826","6257.904256097","192.168.15.3","192.168.15.4","MQTT","70","Publish Ack (id=6174)"
"990828","6257.904636135","192.168.15.4","192.168.15.3","MQTT","68","Disconnect Req"
"990843","6258.909212390","192.168.15.4","192.168.15.3","MQTT","90","Connect Command"
"990845","6258.912045933","192.168.15.4","192.168.15.3","MQTT","97","Publish Message (id=6175) [Deviceb'Device - 2']"
"990846","6258.912463943","192.168.15.3","192.168.15.4","MQTT","70","Connect Ack"
"990849","6258.914950520","192.168.15.3","192.168.15.4","MQTT","70","Publish Ack (id=6175)"
"990851","6258.915544062","192.168.15.4","192.168.15.3","MQTT","68","Disconnect Req"
"990863","6259.919884041","192.168.15.4","192.168.15.3","MQTT","90","Connect Command"
"990865","6259.922740728","192.168.15.4","192.168.15.3","MQTT","97","Publish Message (id=6176) [Deviceb'Device - 2']"
"990866","6259.923112801","192.168.15.3","192.168.15.4","MQTT","70","Connect Ack"
"990869","6259.925785240","192.168.15.3","192.168.15.4","MQTT","70","Publish Ack (id=6176)"
"990871","6259.926118499","192.168.15.4","192.168.15.3","MQTT","68","Disconnect Req"
"990880","6260.930505869","192.168.15.4","192.168.15.3","MQTT","90","Connect Command"
"990883","6260.933445964","192.168.15.4","192.168.15.3","MQTT","97","Publish Message (id=6177) [Deviceb'Device - 2']"
"990884","6260.933857050","192.168.15.3","192.168.15.4","MQTT","70","Connect Ack"
"990887","6260.936539969","192.168.15.3","192.168.15.4","MQTT","70","Publish Ack (id=6177)"
"990889","6260.937546140","192.168.15.4","192.168.15.3","MQTT","68","Disconnect Req"
"990900","6261.942264567","192.168.15.4","192.168.15.3","MQTT","90","Connect Command"
"990902","6261.945265757","192.168.15.4","192.168.15.3","MQTT","97","Publish Message (id=6178) [Deviceb'Device - 2']"
"990904","6261.949596138","192.168.15.3","192.168.15.4","MQTT","70","Connect Ack"
"990906","6261.951994600","192.168.15.3","192.168.15.4","MQTT","70","Publish Ack (id=6178)"
"990908","6261.952333630","192.168.15.4","192.168.15.3","MQTT","68","Disconnect Req"
"990958","6262.956603250","192.168.15.4","192.168.15.3","MQTT","90","Connect Command"
"990960","6262.959525060","192.168.15.4","192.168.15.3","MQTT","97","Publish Message (id=6179) [Deviceb'Device - 2']"
"990961","6262.959977845","192.168.15.3","192.168.15.4","MQTT","70","Connect Ack"
"990964","6262.962471687","192.168.15.3","192.168.15.4","MQTT","70","Publish Ack (id=6179)"
"990966","6262.963007269","192.168.15.4","192.168.15.3","MQTT","68","Disconnect Req"
"992341","6263.967194635","192.168.15.4","192.168.15.3","MQTT","90","Connect Command"
"992343","6263.970130571","192.168.15.4","192.168.15.3","MQTT","97","Publish Message (id=6180) [Deviceb'Device - 2']"
"992344","6263.970515659","192.168.15.3","192.168.15.4","MQTT","70","Connect Ack"
"992347","6263.973043555","192.168.15.3","192.168.15.4","MQTT","70","Publish Ack (id=6180)"
"992349","6263.973834549","192.168.15.4","192.168.15.3","MQTT","68","Disconnect Req"
"992642","6264.978038187","192.168.15.4","192.168.15.3","MQTT","90","Connect Command"
"992644","6264.980878123","192.168.15.4","192.168.15.3","MQTT","97","Publish Message (id=6181) [Deviceb'Device - 2']"
"992645","6264.981304448","192.168.15.3","192.168.15.4","MQTT","70","Connect Ack"
"992648","6264.983824819","192.168.15.3","192.168.15.4","MQTT","70","Publish Ack (id=6181)"
"992650","6264.984451133","192.168.15.4","192.168.15.3","MQTT","68","Disconnect Req"
"992662","6265.988944109","192.168.15.4","192.168.15.3","MQTT","90","Connect Command"
"992664","6265.993992046","192.168.15.4","192.168.15.3","MQTT","97","Publish Message (id=6182) [Deviceb'Device - 2']"
"992665","6265.994370651","192.168.15.3","192.168.15.4","MQTT","70","Connect Ack"
"992668","6265.996850445","192.168.15.3","192.168.15.4","MQTT","70","Publish Ack (id=6182)"
"992670","6265.997651339","192.168.15.4","192.168.15.3","MQTT","68","Disconnect Req"
"992682","6267.002022125","192.168.15.4","192.168.15.3","MQTT","90","Connect Command"
"992684","6267.004912967","192.168.15.4","192.168.15.3","MQTT","97","Publish Message (id=6183) [Deviceb'Device - 2']"
"992686","6267.009237687","192.168.15.3","192.168.15.4","MQTT","70","Connect Ack"
"992688","6267.011680522","192.168.15.3","192.168.15.4","MQTT","70","Publish Ack (id=6183)"
"992690","6267.012435258","192.168.15.4","192.168.15.3","MQTT","68","Disconnect Req"
"992702","6268.016795596","192.168.15.4","192.168.15.3","MQTT","90","Connect Command"
"992704","6268.019739297","192.168.15.4","192.168.15.3","MQTT","97","Publish Message (id=6184) [Deviceb'Device - 2']"
"992705","6268.020332248","192.168.15.3","192.168.15.4","MQTT","70","Connect Ack"
"992708","6268.022490475","192.168.15.3","192.168.15.4","MQTT","70","Publish Ack (id=6184)"
"992710","6268.023126146","192.168.15.4","192.168.15.3","MQTT","68","Disconnect Req"
"992725","6269.027092380","192.168.15.4","192.168.15.3","MQTT","90","Connect Command"
"992727","6269.030018068","192.168.15.4","192.168.15.3","MQTT","97","Publish Message (id=6185) [Deviceb'Device - 2']"
"992728","6269.030452889","192.168.15.3","192.168.15.4","MQTT","70","Connect Ack"
"992731","6269.032987748","192.168.15.3","192.168.15.4","MQTT","70","Publish Ack (id=6185)"
"992733","6269.033754336","192.168.15.4","192.168.15.3","MQTT","68","Disconnect Req"
"992745","6270.038214696","192.168.15.4","192.168.15.3","MQTT","90","Connect Command"
"992747","6270.041400204","192.168.15.4","192.168.15.3","MQTT","97","Publish Message (id=6186) [Deviceb'Device - 2']"
"992748","6270.041649194","192.168.15.3","192.168.15.4","MQTT","70","Connect Ack"
"992751","6270.044348264","192.168.15.3","192.168.15.4","MQTT","70","Publish Ack (id=6186)"
"992753","6270.045046563","192.168.15.4","192.168.15.3","MQTT","68","Disconnect Req"
"992764","6271.049420751","192.168.15.4","192.168.15.3","MQTT","90","Connect Command"
"992767","6271.052350797","192.168.15.4","192.168.15.3","MQTT","97","Publish Message (id=6187) [Deviceb'Device - 2']"
"992768","6271.052764087","192.168.15.3","192.168.15.4","MQTT","70","Connect Ack"
"992771","6271.055500397","192.168.15.3","192.168.15.4","MQTT","70","Publish Ack (id=6187)"
"992773","6271.056330395","192.168.15.4","192.168.15.3","MQTT","68","Disconnect Req"
"992782","6272.060422141","192.168.15.4","192.168.15.3","MQTT","90","Connect Command"
"992784","6272.063226749","192.168.15.4","192.168.15.3","MQTT","97","Publish Message (id=6188) [Deviceb'Device - 2']"
"992785","6272.063802838","192.168.15.3","192.168.15.4","MQTT","70","Connect Ack"
"992788","6272.066247887","192.168.15.3","192.168.15.4","MQTT","70","Publish Ack (id=6188)"
"992790","6272.067036757","192.168.15.4","192.168.15.3","MQTT","68","Disconnect Req"
"992810","6273.071723047","192.168.15.4","192.168.15.3","MQTT","90","Connect Command"
"992812","6273.074608569","192.168.15.4","192.168.15.3","MQTT","97","Publish Message (id=6189) [Deviceb'Device - 2']"
"992813","6273.075045314","192.168.15.3","192.168.15.4","MQTT","70","Connect Ack"
"992816","6273.077609759","192.168.15.3","192.168.15.4","MQTT","70","Publish Ack (id=6189)"
"992818","6273.078397547","192.168.15.4","192.168.15.3","MQTT","68","Disconnect Req"
"992833","6274.082289248","192.168.15.4","192.168.15.3","MQTT","90","Connect Command"
"992835","6274.085223050","192.168.15.4","192.168.15.3","MQTT","97","Publish Message (id=6190) [Deviceb'Device - 2']"
"992836","6274.085633305","192.168.15.3","192.168.15.4","MQTT","70","Connect Ack"
"992839","6274.088039571","192.168.15.3","192.168.15.4","MQTT","70","Publish Ack (id=6190)"
"992841","6274.088384763","192.168.15.4","192.168.15.3","MQTT","68","Disconnect Req"
"992875","6275.092847143","192.168.15.4","192.168.15.3","MQTT","90","Connect Command"
"992877","6275.095729949","192.168.15.4","192.168.15.3","MQTT","97","Publish Message (id=6191) [Deviceb'Device - 2']"
"992878","6275.096157477","192.168.15.3","192.168.15.4","MQTT","70","Connect Ack"
"992881","6275.098811331","192.168.15.3","192.168.15.4","MQTT","70","Publish Ack (id=6191)"
"992883","6275.099500954","192.168.15.4","192.168.15.3","MQTT","68","Disconnect Req"
"993257","6276.103891920","192.168.15.4","192.168.15.3","MQTT","90","Connect Command"
"993259","6276.106785667","192.168.15.4","192.168.15.3","MQTT","97","Publish Message (id=6192) [Deviceb'Device - 2']"
"993260","6276.107178569","192.168.15.3","192.168.15.4","MQTT","70","Connect Ack"
"993263","6276.109817214","192.168.15.3","192.168.15.4","MQTT","70","Publish Ack (id=6192)"
"993265","6276.110770595","192.168.15.4","192.168.15.3","MQTT","68","Disconnect Req"
"993277","6277.115538004","192.168.15.4","192.168.15.3","MQTT","90","Connect Command"
"993279","6277.118493177","192.168.15.4","192.168.15.3","MQTT","97","Publish Message (id=6193) [Deviceb'Device - 2']"
"993281","6277.122774946","192.168.15.3","192.168.15.4","MQTT","70","Connect Ack"
"993283","6277.125225416","192.168.15.3","192.168.15.4","MQTT","70","Publish Ack (id=6193)"
"993285","6277.125561891","192.168.15.4","192.168.15.3","MQTT","68","Disconnect Req"
"993297","6278.129464157","192.168.15.4","192.168.15.3","MQTT","90","Connect Command"
"993299","6278.132437724","192.168.15.4","192.168.15.3","MQTT","97","Publish Message (id=6194) [Deviceb'Device - 2']"
"993300","6278.132850233","192.168.15.3","192.168.15.4","MQTT","70","Connect Ack"
"993303","6278.135658219","192.168.15.3","192.168.15.4","MQTT","70","Publish Ack (id=6194)"
"993305","6278.136159586","192.168.15.4","192.168.15.3","MQTT","68","Disconnect Req"
"993454","6279.140623203","192.168.15.4","192.168.15.3","MQTT","90","Connect Command"
"993456","6279.143544392","192.168.15.4","192.168.15.3","MQTT","97","Publish Message (id=6195) [Deviceb'Device - 2']"
"993457","6279.143935180","192.168.15.3","192.168.15.4","MQTT","70","Connect Ack"
"993460","6279.146579175","192.168.15.3","192.168.15.4","MQTT","70","Publish Ack (id=6195)"
"993462","6279.147330474","192.168.15.4","192.168.15.3","MQTT","68","Disconnect Req"
"993474","6280.151449432","192.168.15.4","192.168.15.3","MQTT","90","Connect Command"
"993476","6280.154399946","192.168.15.4","192.168.15.3","MQTT","97","Publish Message (id=6196) [Deviceb'Device - 2']"
"993477","6280.154781597","192.168.15.3","192.168.15.4","MQTT","70","Connect Ack"
"993480","6280.157479715","192.168.15.3","192.168.15.4","MQTT","70","Publish Ack (id=6196)"
"993482","6280.158186199","192.168.15.4","192.168.15.3","MQTT","68","Disconnect Req"
"993500","6281.162717336","192.168.15.4","192.168.15.3","MQTT","90","Connect Command"
"993502","6281.165625701","192.168.15.4","192.168.15.3","MQTT","97","Publish Message (id=6197) [Deviceb'Device - 2']"
"993503","6281.166054401","192.168.15.3","192.168.15.4","MQTT","70","Connect Ack"
"993506","6281.168495212","192.168.15.3","192.168.15.4","MQTT","70","Publish Ack (id=6197)"
"993508","6281.169249347","192.168.15.4","192.168.15.3","MQTT","68","Disconnect Req"
"993522","6282.173504392","192.168.15.4","192.168.15.3","MQTT","90","Connect Command"
"993524","6282.176251372","192.168.15.4","192.168.15.3","MQTT","97","Publish Message (id=6198) [Deviceb'Device - 2']"
"993526","6282.180625847","192.168.15.3","192.168.15.4","MQTT","70","Connect Ack"
"993528","6282.183089331","192.168.15.3","192.168.15.4","MQTT","70","Publish Ack (id=6198)"
"993530","6282.183904721","192.168.15.4","192.168.15.3","MQTT","68","Disconnect Req"
"993542","6283.188041526","192.168.15.4","192.168.15.3","MQTT","90","Connect Command"
"993544","6283.190947587","192.168.15.4","192.168.15.3","MQTT","97","Publish Message (id=6199) [Deviceb'Device - 2']"
"993545","6283.191351770","192.168.15.3","192.168.15.4","MQTT","70","Connect Ack"
"993548","6283.194227043","192.168.15.3","192.168.15.4","MQTT","70","Publish Ack (id=6199)"
"993550","6283.194940330","192.168.15.4","192.168.15.3","MQTT","68","Disconnect Req"
"993565","6284.199828377","192.168.15.4","192.168.15.3","MQTT","90","Connect Command"
"993567","6284.202586718","192.168.15.4","192.168.15.3","MQTT","97","Publish Message (id=6200) [Deviceb'Device - 2']"
"993568","6284.202998056","192.168.15.3","192.168.15.4","MQTT","70","Connect Ack"
"993571","6284.205379835","192.168.15.3","192.168.15.4","MQTT","70","Publish Ack (id=6200)"
"993573","6284.206054310","192.168.15.4","192.168.15.3","MQTT","68","Disconnect Req"
"993588","6285.210474141","192.168.15.4","192.168.15.3","MQTT","90","Connect Command"
"993590","6285.213410208","192.168.15.4","192.168.15.3","MQTT","97","Publish Message (id=6201) [Deviceb'Device - 2']"
"993591","6285.213788072","192.168.15.3","192.168.15.4","MQTT","70","Connect Ack"
"993594","6285.216305037","192.168.15.3","192.168.15.4","MQTT","70","Publish Ack (id=6201)"
"993596","6285.217027302","192.168.15.4","192.168.15.3","MQTT","68","Disconnect Req"
"993608","6286.221377042","192.168.15.4","192.168.15.3","MQTT","90","Connect Command"
"993610","6286.225239609","192.168.15.4","192.168.15.3","MQTT","97","Publish Message (id=6202) [Deviceb'Device - 2']"
"993611","6286.225568120","192.168.15.3","192.168.15.4","MQTT","70","Connect Ack"
"993614","6286.229235880","192.168.15.3","192.168.15.4","MQTT","70","Publish Ack (id=6202)"
"993616","6286.229956631","192.168.15.4","192.168.15.3","MQTT","68","Disconnect Req"
"993634","6287.233865720","192.168.15.4","192.168.15.3","MQTT","90","Connect Command"
"993642","6287.236817968","192.168.15.4","192.168.15.3","MQTT","97","Publish Message (id=6203) [Deviceb'Device - 2']"
"993646","6287.241072526","192.168.15.3","192.168.15.4","MQTT","70","Connect Ack"
"993650","6287.243518848","192.168.15.3","192.168.15.4","MQTT","70","Publish Ack (id=6203)"
"993652","6287.244281538","192.168.15.4","192.168.15.3","MQTT","68","Disconnect Req"
"993770","6288.248338998","192.168.15.4","192.168.15.3","MQTT","90","Connect Command"
"993772","6288.251198180","192.168.15.4","192.168.15.3","MQTT","97","Publish Message (id=6204) [Deviceb'Device - 2']"
"993773","6288.251587776","192.168.15.3","192.168.15.4","MQTT","70","Connect Ack"
"993776","6288.254278129","192.168.15.3","192.168.15.4","MQTT","70","Publish Ack (id=6204)"
"993778","6288.254857774","192.168.15.4","192.168.15.3","MQTT","68","Disconnect Req"
"995428","6289.258285777","192.168.15.4","192.168.15.3","MQTT","90","Connect Command"
"995430","6289.261285814","192.168.15.4","192.168.15.3","MQTT","97","Publish Message (id=6205) [Deviceb'Device - 2']"
"995431","6289.261664259","192.168.15.3","192.168.15.4","MQTT","70","Connect Ack"
"995434","6289.264250054","192.168.15.3","192.168.15.4","MQTT","70","Publish Ack (id=6205)"
"995436","6289.264482042","192.168.15.4","192.168.15.3","MQTT","68","Disconnect Req"
"997016","6290.268108912","192.168.15.4","192.168.15.3","MQTT","90","Connect Command"
"997020","6290.271049097","192.168.15.4","192.168.15.3","MQTT","97","Publish Message (id=6206) [Deviceb'Device - 2']"
"997021","6290.271870148","192.168.15.3","192.168.15.4","MQTT","70","Connect Ack"
"997024","6290.274521878","192.168.15.3","192.168.15.4","MQTT","70","Publish Ack (id=6206)"
"997026","6290.274833426","192.168.15.4","192.168.15.3","MQTT","68","Disconnect Req"
"997864","6291.278352243","192.168.15.4","192.168.15.3","MQTT","90","Connect Command"
"997866","6291.281363773","192.168.15.4","192.168.15.3","MQTT","97","Publish Message (id=6207) [Deviceb'Device - 2']"
"997867","6291.281750463","192.168.15.3","192.168.15.4","MQTT","70","Connect Ack"
"997870","6291.284248192","192.168.15.3","192.168.15.4","MQTT","70","Publish Ack (id=6207)"
"997872","6291.284565121","192.168.15.4","192.168.15.3","MQTT","68","Disconnect Req"
"1002193","6292.289379276","192.168.15.4","192.168.15.3","MQTT","90","Connect Command"
"1002195","6292.291976493","192.168.15.4","192.168.15.3","MQTT","97","Publish Message (id=6208) [Deviceb'Device - 2']"
"1002199","6292.296235770","192.168.15.3","192.168.15.4","MQTT","70","Connect Ack"
"1002202","6292.298928216","192.168.15.3","192.168.15.4","MQTT","70","Publish Ack (id=6208)"
"1002205","6292.299297103","192.168.15.4","192.168.15.3","MQTT","68","Disconnect Req"
"1003042","6293.303931360","192.168.15.4","192.168.15.3","MQTT","90","Connect Command"
"1003044","6293.306889699","192.168.15.4","192.168.15.3","MQTT","97","Publish Message (id=6209) [Deviceb'Device - 2']"
"1003045","6293.307325162","192.168.15.3","192.168.15.4","MQTT","70","Connect Ack"
"1003048","6293.310509989","192.168.15.3","192.168.15.4","MQTT","70","Publish Ack (id=6209)"
"1003050","6293.311467548","192.168.15.4","192.168.15.3","MQTT","68","Disconnect Req"
"1004213","6294.315674228","192.168.15.4","192.168.15.3","MQTT","90","Connect Command"
"1004215","6294.318700495","192.168.15.4","192.168.15.3","MQTT","97","Publish Message (id=6210) [Deviceb'Device - 2']"
"1004216","6294.319102755","192.168.15.3","192.168.15.4","MQTT","70","Connect Ack"
"1004222","6294.321552193","192.168.15.3","192.168.15.4","MQTT","70","Publish Ack (id=6210)"
"1004224","6294.322047468","192.168.15.4","192.168.15.3","MQTT","68","Disconnect Req"
"1005060","6295.326056386","192.168.15.4","192.168.15.3","MQTT","90","Connect Command"
"1005064","6295.329043409","192.168.15.4","192.168.15.3","MQTT","97","Publish Message (id=6211) [Deviceb'Device - 2']"
"1005065","6295.329479814","192.168.15.3","192.168.15.4","MQTT","70","Connect Ack"
"1005068","6295.332004975","192.168.15.3","192.168.15.4","MQTT","70","Publish Ack (id=6211)"
"1005070","6295.332433294","192.168.15.4","192.168.15.3","MQTT","68","Disconnect Req"
"1008832","6296.336480344","192.168.15.4","192.168.15.3","MQTT","90","Connect Command"
"1008835","6296.339427322","192.168.15.4","192.168.15.3","MQTT","97","Publish Message (id=6212) [Deviceb'Device - 2']"
"1008836","6296.339845883","192.168.15.3","192.168.15.4","MQTT","70","Connect Ack"
"1008839","6296.342236299","192.168.15.3","192.168.15.4","MQTT","70","Publish Ack (id=6212)"
"1008841","6296.342583415","192.168.15.4","192.168.15.3","MQTT","68","Disconnect Req"
"1010461","6297.346980768","192.168.15.4","192.168.15.3","MQTT","90","Connect Command"
"1010466","6297.349891047","192.168.15.4","192.168.15.3","MQTT","97","Publish Message (id=6213) [Deviceb'Device - 2']"
"1010476","6297.354342056","192.168.15.3","192.168.15.4","MQTT","70","Connect Ack"
"1010480","6297.356847399","192.168.15.3","192.168.15.4","MQTT","70","Publish Ack (id=6213)"
"1010482","6297.357608207","192.168.15.4","192.168.15.3","MQTT","68","Disconnect Req"
"1014453","6298.361570179","192.168.15.4","192.168.15.3","MQTT","90","Connect Command"
"1014455","6298.364469156","192.168.15.4","192.168.15.3","MQTT","97","Publish Message (id=6214) [Deviceb'Device - 2']"
"1014456","6298.364920468","192.168.15.3","192.168.15.4","MQTT","70","Connect Ack"
"1014459","6298.367375747","192.168.15.3","192.168.15.4","MQTT","70","Publish Ack (id=6214)"
"1014461","6298.368137707","192.168.15.4","192.168.15.3","MQTT","68","Disconnect Req"
"1017359","6299.372662644","192.168.15.4","192.168.15.3","MQTT","90","Connect Command"
"1017361","6299.375536834","192.168.15.4","192.168.15.3","MQTT","97","Publish Message (id=6215) [Deviceb'Device - 2']"
"1017362","6299.375960254","192.168.15.3","192.168.15.4","MQTT","70","Connect Ack"
"1017365","6299.378462732","192.168.15.3","192.168.15.4","MQTT","70","Publish Ack (id=6215)"
"1017367","6299.379243797","192.168.15.4","192.168.15.3","MQTT","68","Disconnect Req"
"1018299","6300.383454873","192.168.15.4","192.168.15.3","MQTT","90","Connect Command"
"1018352","6300.387889471","192.168.15.4","192.168.15.3","MQTT","97","Publish Message (id=6216) [Deviceb'Device - 2']"
"1018353","6300.387897336","192.168.15.3","192.168.15.4","MQTT","70","Connect Ack"
"1018357","6300.390864311","192.168.15.3","192.168.15.4","MQTT","70","Publish Ack (id=6216)"
"1018359","6300.391533295","192.168.15.4","192.168.15.3","MQTT","68","Disconnect Req"
"1019712","6301.395929091","192.168.15.4","192.168.15.3","MQTT","90","Connect Command"
"1019714","6301.401915100","192.168.15.4","192.168.15.3","MQTT","97","Publish Message (id=6217) [Deviceb'Device - 2']"
"1019715","6301.402190791","192.168.15.3","192.168.15.4","MQTT","70","Connect Ack"
"1019718","6301.404948671","192.168.15.3","192.168.15.4","MQTT","70","Publish Ack (id=6217)"
"1019720","6301.405669383","192.168.15.4","192.168.15.3","MQTT","68","Disconnect Req"
"1020833","6302.409532995","192.168.15.4","192.168.15.3","MQTT","90","Connect Command"
"1020835","6302.412590341","192.168.15.4","192.168.15.3","MQTT","97","Publish Message (id=6218) [Deviceb'Device - 2']"
"1020837","6302.416638578","192.168.15.3","192.168.15.4","MQTT","70","Connect Ack"
"1020840","6302.419076715","192.168.15.3","192.168.15.4","MQTT","70","Publish Ack (id=6218)"
"1020842","6302.419638165","192.168.15.4","192.168.15.3","MQTT","68","Disconnect Req"
"1022247","6303.424863160","192.168.15.4","192.168.15.3","MQTT","90","Connect Command"
"1022249","6303.428598507","192.168.15.4","192.168.15.3","MQTT","97","Publish Message (id=6219) [Deviceb'Device - 2']"
"1022250","6303.428918352","192.168.15.3","192.168.15.4","MQTT","70","Connect Ack"
"1022253","6303.432237553","192.168.15.3","192.168.15.4","MQTT","70","Publish Ack (id=6219)"
"1022255","6303.432517792","192.168.15.4","192.168.15.3","MQTT","68","Disconnect Req"
"1023239","6304.437065028","192.168.15.4","192.168.15.3","MQTT","90","Connect Command"
"1023241","6304.439873023","192.168.15.4","192.168.15.3","MQTT","97","Publish Message (id=6220) [Deviceb'Device - 2']"
"1023242","6304.440362878","192.168.15.3","192.168.15.4","MQTT","70","Connect Ack"
"1023245","6304.442852551","192.168.15.3","192.168.15.4","MQTT","70","Publish Ack (id=6220)"
"1023247","6304.443747001","192.168.15.4","192.168.15.3","MQTT","68","Disconnect Req"
"1024652","6305.447352118","192.168.15.4","192.168.15.3","MQTT","90","Connect Command"
"1024654","6305.450296431","192.168.15.4","192.168.15.3","MQTT","97","Publish Message (id=6221) [Deviceb'Device - 2']"
"1024655","6305.450698190","192.168.15.3","192.168.15.4","MQTT","70","Connect Ack"
"1024658","6305.452911752","192.168.15.3","192.168.15.4","MQTT","70","Publish Ack (id=6221)"
"1024660","6305.453682899","192.168.15.4","192.168.15.3","MQTT","68","Disconnect Req"
"1025478","6306.458089931","192.168.15.4","192.168.15.3","MQTT","90","Connect Command"
"1025480","6306.460981725","192.168.15.4","192.168.15.3","MQTT","97","Publish Message (id=6222) [Deviceb'Device - 2']"
"1025481","6306.461373124","192.168.15.3","192.168.15.4","MQTT","70","Connect Ack"
"1025484","6306.464044030","192.168.15.3","192.168.15.4","MQTT","70","Publish Ack (id=6222)"
"1025486","6306.464884879","192.168.15.4","192.168.15.3","MQTT","68","Disconnect Req"
"1026837","6307.469768483","192.168.15.4","192.168.15.3","MQTT","90","Connect Command"
"1026839","6307.472628266","192.168.15.4","192.168.15.3","MQTT","97","Publish Message (id=6223) [Deviceb'Device - 2']"
"1026841","6307.477050050","192.168.15.3","192.168.15.4","MQTT","70","Connect Ack"
"1026843","6307.479534935","192.168.15.3","192.168.15.4","MQTT","70","Publish Ack (id=6223)"
"1026845","6307.480174643","192.168.15.4","192.168.15.3","MQTT","68","Disconnect Req"
"1027857","6308.484351684","192.168.15.4","192.168.15.3","MQTT","90","Connect Command"
"1027859","6308.487300104","192.168.15.4","192.168.15.3","MQTT","97","Publish Message (id=6224) [Deviceb'Device - 2']"
"1027860","6308.487713555","192.168.15.3","192.168.15.4","MQTT","70","Connect Ack"
"1027863","6308.490242623","192.168.15.3","192.168.15.4","MQTT","70","Publish Ack (id=6224)"
"1027865","6308.491040882","192.168.15.4","192.168.15.3","MQTT","68","Disconnect Req"
"1029250","6309.495354101","192.168.15.4","192.168.15.3","MQTT","90","Connect Command"
"1029282","6309.498283245","192.168.15.4","192.168.15.3","MQTT","97","Publish Message (id=6225) [Deviceb'Device - 2']"
"1029283","6309.498696936","192.168.15.3","192.168.15.4","MQTT","70","Connect Ack"
"1029286","6309.501106739","192.168.15.3","192.168.15.4","MQTT","70","Publish Ack (id=6225)"
"1029288","6309.502085128","192.168.15.4","192.168.15.3","MQTT","68","Disconnect Req"
"1030623","6310.506227255","192.168.15.4","192.168.15.3","MQTT","90","Connect Command"
"1030625","6310.509123406","192.168.15.4","192.168.15.3","MQTT","97","Publish Message (id=6226) [Deviceb'Device - 2']"
"1030626","6310.509530576","192.168.15.3","192.168.15.4","MQTT","70","Connect Ack"
"1030629","6310.512048433","192.168.15.3","192.168.15.4","MQTT","70","Publish Ack (id=6226)"
"1030631","6310.512823767","192.168.15.4","192.168.15.3","MQTT","68","Disconnect Req"
"1031630","6311.517243580","192.168.15.4","192.168.15.3","MQTT","90","Connect Command"
"1031632","6311.520246233","192.168.15.4","192.168.15.3","MQTT","97","Publish Message (id=6227) [Deviceb'Device - 2']"
"1031633","6311.520612164","192.168.15.3","192.168.15.4","MQTT","70","Connect Ack"
"1031636","6311.523259025","192.168.15.3","192.168.15.4","MQTT","70","Publish Ack (id=6227)"
"1031638","6311.523592084","192.168.15.4","192.168.15.3","MQTT","68","Disconnect Req"
"1032733","6312.527119432","192.168.15.4","192.168.15.3","MQTT","90","Connect Command"
"1032735","6312.530053014","192.168.15.4","192.168.15.3","MQTT","97","Publish Message (id=6228) [Deviceb'Device - 2']"
"1032737","6312.534424513","192.168.15.3","192.168.15.4","MQTT","70","Connect Ack"
"1032739","6312.536893207","192.168.15.3","192.168.15.4","MQTT","70","Publish Ack (id=6228)"
"1032741","6312.537554867","192.168.15.4","192.168.15.3","MQTT","68","Disconnect Req"
"1034223","6313.541563997","192.168.15.4","192.168.15.3","MQTT","90","Connect Command"
"1034225","6313.544459597","192.168.15.4","192.168.15.3","MQTT","97","Publish Message (id=6229) [Deviceb'Device - 2']"
"1034226","6313.544927932","192.168.15.3","192.168.15.4","MQTT","70","Connect Ack"
"1034229","6313.547317407","192.168.15.3","192.168.15.4","MQTT","70","Publish Ack (id=6229)"
"1034231","6313.548015305","192.168.15.4","192.168.15.3","MQTT","68","Disconnect Req"
"1035498","6314.551829477","192.168.15.4","192.168.15.3","MQTT","90","Connect Command"
"1035506","6314.555026758","192.168.15.4","192.168.15.3","MQTT","97","Publish Message (id=6230) [Deviceb'Device - 2']"
"1035518","6314.555993184","192.168.15.3","192.168.15.4","MQTT","70","Connect Ack"
"1035566","6314.559191726","192.168.15.3","192.168.15.4","MQTT","70","Publish Ack (id=6230)"
"1035571","6314.559919091","192.168.15.4","192.168.15.3","MQTT","68","Disconnect Req"
"1036946","6315.563884210","192.168.15.4","192.168.15.3","MQTT","90","Connect Command"
"1036948","6315.566869059","192.168.15.4","192.168.15.3","MQTT","97","Publish Message (id=6231) [Deviceb'Device - 2']"
"1036949","6315.567224591","192.168.15.3","192.168.15.4","MQTT","70","Connect Ack"
"1036952","6315.569824913","192.168.15.3","192.168.15.4","MQTT","70","Publish Ack (id=6231)"
"1036954","6315.570285373","192.168.15.4","192.168.15.3","MQTT","68","Disconnect Req"
"1038534","6316.574304404","192.168.15.4","192.168.15.3","MQTT","90","Connect Command"
"1038536","6316.576978677","192.168.15.4","192.168.15.3","MQTT","97","Publish Message (id=6232) [Deviceb'Device - 2']"
"1038537","6316.577388652","192.168.15.3","192.168.15.4","MQTT","70","Connect Ack"
"1038576","6316.593635807","192.168.15.3","192.168.15.4","MQTT","70","Publish Ack (id=6232)"
"1038579","6316.594171089","192.168.15.4","192.168.15.3","MQTT","68","Disconnect Req"
"1039819","6317.598488955","192.168.15.4","192.168.15.3","MQTT","90","Connect Command"
"1039855","6317.603857979","192.168.15.4","192.168.15.3","MQTT","97","Publish Message (id=6233) [Deviceb'Device - 2']"
"1039857","6317.607997119","192.168.15.3","192.168.15.4","MQTT","70","Connect Ack"
"1039859","6317.610508464","192.168.15.3","192.168.15.4","MQTT","70","Publish Ack (id=6233)"
"1039861","6317.610877962","192.168.15.4","192.168.15.3","MQTT","68","Disconnect Req"
"1041123","6318.614339322","192.168.15.4","192.168.15.3","MQTT","90","Connect Command"
"1041125","6318.617376901","192.168.15.4","192.168.15.3","MQTT","97","Publish Message (id=6234) [Deviceb'Device - 2']"
"1041126","6318.617773981","192.168.15.3","192.168.15.4","MQTT","70","Connect Ack"
"1041129","6318.620193272","192.168.15.3","192.168.15.4","MQTT","70","Publish Ack (id=6234)"
"1041131","6318.620487949","192.168.15.4","192.168.15.3","MQTT","68","Disconnect Req"
"1042591","6319.624349566","192.168.15.4","192.168.15.3","MQTT","90","Connect Command"
"1042593","6319.627339455","192.168.15.4","192.168.15.3","MQTT","97","Publish Message (id=6235) [Deviceb'Device - 2']"
"1042594","6319.627753457","192.168.15.3","192.168.15.4","MQTT","70","Connect Ack"
"1042597","6319.630253260","192.168.15.3","192.168.15.4","MQTT","70","Publish Ack (id=6235)"
"1042599","6319.630525705","192.168.15.4","192.168.15.3","MQTT","68","Disconnect Req"
"1043855","6320.634668935","192.168.15.4","192.168.15.3","MQTT","90","Connect Command"
"1043891","6320.638242086","192.168.15.3","192.168.15.4","MQTT","70","Connect Ack"
"1043892","6320.638282592","192.168.15.4","192.168.15.3","MQTT","97","Publish Message (id=6236) [Deviceb'Device - 2']"
"1043896","6320.640993725","192.168.15.3","192.168.15.4","MQTT","70","Publish Ack (id=6236)"
"1043898","6320.641354416","192.168.15.4","192.168.15.3","MQTT","68","Disconnect Req"
"1045213","6321.644710641","192.168.15.4","192.168.15.3","MQTT","90","Connect Command"
"1045215","6321.647658390","192.168.15.4","192.168.15.3","MQTT","97","Publish Message (id=6237) [Deviceb'Device - 2']"
"1045216","6321.648080798","192.168.15.3","192.168.15.4","MQTT","70","Connect Ack"
"1045219","6321.651978071","192.168.15.3","192.168.15.4","MQTT","70","Publish Ack (id=6237)"
"1045221","6321.652456235","192.168.15.4","192.168.15.3","MQTT","68","Disconnect Req"
"1046544","6322.656127596","192.168.15.4","192.168.15.3","MQTT","90","Connect Command"
"1046546","6322.658978793","192.168.15.4","192.168.15.3","MQTT","97","Publish Message (id=6238) [Deviceb'Device - 2']"
"1046549","6322.663322670","192.168.15.3","192.168.15.4","MQTT","70","Connect Ack"
"1046551","6322.665758812","192.168.15.3","192.168.15.4","MQTT","70","Publish Ack (id=6238)"
"1046553","6322.666336895","192.168.15.4","192.168.15.3","MQTT","68","Disconnect Req"
"1047773","6323.670618089","192.168.15.4","192.168.15.3","MQTT","90","Connect Command"
"1047775","6323.673434821","192.168.15.4","192.168.15.3","MQTT","97","Publish Message (id=6239) [Deviceb'Device - 2']"
"1047776","6323.673928173","192.168.15.3","192.168.15.4","MQTT","70","Connect Ack"
"1047779","6323.676328478","192.168.15.3","192.168.15.4","MQTT","70","Publish Ack (id=6239)"
"1047781","6323.677140692","192.168.15.4","192.168.15.3","MQTT","68","Disconnect Req"
"1049297","6324.681047742","192.168.15.4","192.168.15.3","MQTT","90","Connect Command"
"1049299","6324.684113674","192.168.15.4","192.168.15.3","MQTT","97","Publish Message (id=6240) [Deviceb'Device - 2']"
"1049300","6324.684493472","192.168.15.3","192.168.15.4","MQTT","70","Connect Ack"
"1049303","6324.687173044","192.168.15.3","192.168.15.4","MQTT","70","Publish Ack (id=6240)"
"1049305","6324.687497136","192.168.15.4","192.168.15.3","MQTT","68","Disconnect Req"
"1050569","6325.692299458","192.168.15.4","192.168.15.3","MQTT","90","Connect Command"
"1050571","6325.694970645","192.168.15.4","192.168.15.3","MQTT","97","Publish Message (id=6241) [Deviceb'Device - 2']"
"1050572","6325.695350011","192.168.15.3","192.168.15.4","MQTT","70","Connect Ack"
"1050575","6325.697987053","192.168.15.3","192.168.15.4","MQTT","70","Publish Ack (id=6241)"
"1050577","6325.698556860","192.168.15.4","192.168.15.3","MQTT","68","Disconnect Req"
"1051955","6326.702703394","192.168.15.4","192.168.15.3","MQTT","90","Connect Command"
"1051957","6326.705862723","192.168.15.4","192.168.15.3","MQTT","97","Publish Message (id=6242) [Deviceb'Device - 2']"
"1051958","6326.706601038","192.168.15.3","192.168.15.4","MQTT","70","Connect Ack"
"1051961","6326.708883840","192.168.15.3","192.168.15.4","MQTT","70","Publish Ack (id=6242)"
"1051965","6326.709466331","192.168.15.4","192.168.15.3","MQTT","68","Disconnect Req"
"1053091","6327.713127890","192.168.15.4","192.168.15.3","MQTT","90","Connect Command"
"1053093","6327.716075970","192.168.15.4","192.168.15.3","MQTT","97","Publish Message (id=6243) [Deviceb'Device - 2']"
"1053095","6327.720401361","192.168.15.3","192.168.15.4","MQTT","70","Connect Ack"
"1053097","6327.722833066","192.168.15.3","192.168.15.4","MQTT","70","Publish Ack (id=6243)"
"1053099","6327.723376112","192.168.15.4","192.168.15.3","MQTT","68","Disconnect Req"
"1054514","6328.727575016","192.168.15.4","192.168.15.3","MQTT","90","Connect Command"
"1054516","6328.730354447","192.168.15.4","192.168.15.3","MQTT","97","Publish Message (id=6244) [Deviceb'Device - 2']"
"1054517","6328.730693468","192.168.15.3","192.168.15.4","MQTT","70","Connect Ack"
"1054520","6328.733388510","192.168.15.3","192.168.15.4","MQTT","70","Publish Ack (id=6244)"
"1054522","6328.734191998","192.168.15.4","192.168.15.3","MQTT","68","Disconnect Req"
"1055969","6329.737986159","192.168.15.4","192.168.15.3","MQTT","90","Connect Command"
"1055971","6329.741253192","192.168.15.4","192.168.15.3","MQTT","97","Publish Message (id=6245) [Deviceb'Device - 2']"
"1055972","6329.741606479","192.168.15.3","192.168.15.4","MQTT","70","Connect Ack"
"1055975","6329.744157840","192.168.15.3","192.168.15.4","MQTT","70","Publish Ack (id=6245)"
"1055977","6329.744541364","192.168.15.4","192.168.15.3","MQTT","68","Disconnect Req"
"1057414","6330.748706608","192.168.15.4","192.168.15.3","MQTT","90","Connect Command"
"1057416","6330.751465520","192.168.15.4","192.168.15.3","MQTT","97","Publish Message (id=6246) [Deviceb'Device - 2']"
"1057417","6330.751868522","192.168.15.3","192.168.15.4","MQTT","70","Connect Ack"
"1057420","6330.754507748","192.168.15.3","192.168.15.4","MQTT","70","Publish Ack (id=6246)"
"1057422","6330.754943581","192.168.15.4","192.168.15.3","MQTT","68","Disconnect Req"
"1058498","6331.758631484","192.168.15.4","192.168.15.3","MQTT","90","Connect Command"
"1058500","6331.761500555","192.168.15.4","192.168.15.3","MQTT","97","Publish Message (id=6247) [Deviceb'Device - 2']"
"1058501","6331.761900110","192.168.15.3","192.168.15.4","MQTT","70","Connect Ack"
"1058504","6331.764573771","192.168.15.3","192.168.15.4","MQTT","70","Publish Ack (id=6247)"
"1058506","6331.765030384","192.168.15.4","192.168.15.3","MQTT","68","Disconnect Req"
"1059894","6332.768946509","192.168.15.4","192.168.15.3","MQTT","90","Connect Command"
"1059949","6332.773075840","192.168.15.4","192.168.15.3","MQTT","97","Publish Message (id=6248) [Deviceb'Device - 2']"
"1059951","6332.776666324","192.168.15.3","192.168.15.4","MQTT","70","Connect Ack"
"1059953","6332.779276836","192.168.15.3","192.168.15.4","MQTT","70","Publish Ack (id=6248)"
"1059955","6332.779717909","192.168.15.4","192.168.15.3","MQTT","68","Disconnect Req"
"1061104","6333.783921899","192.168.15.4","192.168.15.3","MQTT","90","Connect Command"
"1061106","6333.786818161","192.168.15.4","192.168.15.3","MQTT","97","Publish Message (id=6249) [Deviceb'Device - 2']"
"1061107","6333.787246541","192.168.15.3","192.168.15.4","MQTT","70","Connect Ack"
"1061110","6333.789834831","192.168.15.3","192.168.15.4","MQTT","70","Publish Ack (id=6249)"
"1061112","6333.790188168","192.168.15.4","192.168.15.3","MQTT","68","Disconnect Req"
"1062458","6334.794022762","192.168.15.4","192.168.15.3","MQTT","90","Connect Command"
"1062460","6334.797075409","192.168.15.4","192.168.15.3","MQTT","97","Publish Message (id=6250) [Deviceb'Device - 2']"
"1062461","6334.797523686","192.168.15.3","192.168.15.4","MQTT","70","Connect Ack"
"1062464","6334.799986739","192.168.15.3","192.168.15.4","MQTT","70","Publish Ack (id=6250)"
"1062466","6334.800359093","192.168.15.4","192.168.15.3","MQTT","68","Disconnect Req"
"1064001","6335.804080484","192.168.15.4","192.168.15.3","MQTT","90","Connect Command"
"1064003","6335.806995240","192.168.15.4","192.168.15.3","MQTT","97","Publish Message (id=6251) [Deviceb'Device - 2']"
"1064004","6335.807421716","192.168.15.3","192.168.15.4","MQTT","70","Connect Ack"
"1064044","6335.810427475","192.168.15.3","192.168.15.4","MQTT","70","Publish Ack (id=6251)"
"1064046","6335.810743903","192.168.15.4","192.168.15.3","MQTT","68","Disconnect Req"
"1065493","6336.815416281","192.168.15.4","192.168.15.3","MQTT","90","Connect Command"
"1065495","6336.818324967","192.168.15.4","192.168.15.3","MQTT","97","Publish Message (id=6252) [Deviceb'Device - 2']"
"1065496","6336.819376073","192.168.15.3","192.168.15.4","MQTT","70","Connect Ack"
"1065499","6336.821109978","192.168.15.3","192.168.15.4","MQTT","70","Publish Ack (id=6252)"
"1065501","6336.821518911","192.168.15.4","192.168.15.3","MQTT","68","Disconnect Req"
"1066609","6337.825170973","192.168.15.4","192.168.15.3","MQTT","90","Connect Command"
"1066611","6337.828165440","192.168.15.4","192.168.15.3","MQTT","97","Publish Message (id=6253) [Deviceb'Device - 2']"
"1066661","6337.832840012","192.168.15.3","192.168.15.4","MQTT","70","Connect Ack"
"1066664","6337.835854277","192.168.15.3","192.168.15.4","MQTT","70","Publish Ack (id=6253)"
"1066666","6337.836564719","192.168.15.4","192.168.15.3","MQTT","68","Disconnect Req"
"1067955","6338.840787310","192.168.15.4","192.168.15.3","MQTT","90","Connect Command"
"1067957","6338.843786196","192.168.15.4","192.168.15.3","MQTT","97","Publish Message (id=6254) [Deviceb'Device - 2']"
"1067958","6338.844159201","192.168.15.3","192.168.15.4","MQTT","70","Connect Ack"
"1067962","6338.846714108","192.168.15.3","192.168.15.4","MQTT","70","Publish Ack (id=6254)"
"1067964","6338.847241734","192.168.15.4","192.168.15.3","MQTT","68","Disconnect Req"
"1069225","6339.852084779","192.168.15.4","192.168.15.3","MQTT","90","Connect Command"
"1069227","6339.855059729","192.168.15.4","192.168.15.3","MQTT","97","Publish Message (id=6255) [Deviceb'Device - 2']"
"1069228","6339.855432704","192.168.15.3","192.168.15.4","MQTT","70","Connect Ack"
"1069231","6339.857973594","192.168.15.3","192.168.15.4","MQTT","70","Publish Ack (id=6255)"
"1069233","6339.858247993","192.168.15.4","192.168.15.3","MQTT","68","Disconnect Req"
"1070503","6340.862119553","192.168.15.4","192.168.15.3","MQTT","90","Connect Command"
"1070505","6340.865131744","192.168.15.4","192.168.15.3","MQTT","97","Publish Message (id=6256) [Deviceb'Device - 2']"
"1070506","6340.865551477","192.168.15.3","192.168.15.4","MQTT","70","Connect Ack"
"1070509","6340.867965257","192.168.15.3","192.168.15.4","MQTT","70","Publish Ack (id=6256)"
"1070511","6340.868256948","192.168.15.4","192.168.15.3","MQTT","68","Disconnect Req"
"1072143","6341.872174937","192.168.15.4","192.168.15.3","MQTT","90","Connect Command"
"1072145","6341.875501382","192.168.15.4","192.168.15.3","MQTT","97","Publish Message (id=6257) [Deviceb'Device - 2']"
"1072146","6341.875834582","192.168.15.3","192.168.15.4","MQTT","70","Connect Ack"
"1072149","6341.878407613","192.168.15.3","192.168.15.4","MQTT","70","Publish Ack (id=6257)"
"1072151","6341.878785567","192.168.15.4","192.168.15.3","MQTT","68","Disconnect Req"
"1073417","6342.882279586","192.168.15.4","192.168.15.3","MQTT","90","Connect Command"
"1073443","6342.886197538","192.168.15.4","192.168.15.3","MQTT","97","Publish Message (id=6258) [Deviceb'Device - 2']"
"1073455","6342.887154145","192.168.15.3","192.168.15.4","MQTT","70","Connect Ack"
"1073473","6342.889422280","192.168.15.3","192.168.15.4","MQTT","70","Publish Ack (id=6258)"
"1073475","6342.890092166","192.168.15.4","192.168.15.3","MQTT","68","Disconnect Req"
"1074837","6343.894155221","192.168.15.4","192.168.15.3","MQTT","90","Connect Command"
"1074839","6343.897102219","192.168.15.4","192.168.15.3","MQTT","97","Publish Message (id=6259) [Deviceb'Device - 2']"
"1074840","6343.897547780","192.168.15.3","192.168.15.4","MQTT","70","Connect Ack"
"1074843","6343.900126462","192.168.15.3","192.168.15.4","MQTT","70","Publish Ack (id=6259)"
"1074845","6343.900882951","192.168.15.4","192.168.15.3","MQTT","68","Disconnect Req"
"1076326","6344.905307711","192.168.15.4","192.168.15.3","MQTT","90","Connect Command"
"1076328","6344.908162234","192.168.15.4","192.168.15.3","MQTT","97","Publish Message (id=6260) [Deviceb'Device - 2']"
"1076329","6344.909165981","192.168.15.3","192.168.15.4","MQTT","70","Connect Ack"
"1076332","6344.910945833","192.168.15.3","192.168.15.4","MQTT","70","Publish Ack (id=6260)"
"1076334","6344.911660413","192.168.15.4","192.168.15.3","MQTT","68","Disconnect Req"
"1077479","6345.915953064","192.168.15.4","192.168.15.3","MQTT","90","Connect Command"
"1077534","6345.920961437","192.168.15.4","192.168.15.3","MQTT","97","Publish Message (id=6261) [Deviceb'Device - 2']"
"1077535","6345.921388063","192.168.15.3","192.168.15.4","MQTT","70","Connect Ack"
"1077538","6345.923901902","192.168.15.3","192.168.15.4","MQTT","70","Publish Ack (id=6261)"
"1077540","6345.924589291","192.168.15.4","192.168.15.3","MQTT","68","Disconnect Req"
"1078886","6346.928137476","192.168.15.4","192.168.15.3","MQTT","90","Connect Command"
"1078888","6346.931025212","192.168.15.4","192.168.15.3","MQTT","97","Publish Message (id=6262) [Deviceb'Device - 2']"
"1078889","6346.931423705","192.168.15.3","192.168.15.4","MQTT","70","Connect Ack"
"1078892","6346.933945339","192.168.15.3","192.168.15.4","MQTT","70","Publish Ack (id=6262)"
"1078894","6346.934723079","192.168.15.4","192.168.15.3","MQTT","68","Disconnect Req"
"1080057","6347.938951881","192.168.15.4","192.168.15.3","MQTT","90","Connect Command"
"1080059","6347.943802476","192.168.15.4","192.168.15.3","MQTT","97","Publish Message (id=6263) [Deviceb'Device - 2']"
"1080061","6347.948135352","192.168.15.3","192.168.15.4","MQTT","70","Connect Ack"
"1080063","6347.950606460","192.168.15.3","192.168.15.4","MQTT","70","Publish Ack (id=6263)"
"1080065","6347.951395060","192.168.15.4","192.168.15.3","MQTT","68","Disconnect Req"
"1081692","6348.955923761","192.168.15.4","192.168.15.3","MQTT","90","Connect Command"
"1081694","6348.958877100","192.168.15.4","192.168.15.3","MQTT","97","Publish Message (id=6264) [Deviceb'Device - 2']"
"1081695","6348.959258912","192.168.15.3","192.168.15.4","MQTT","70","Connect Ack"
"1081698","6348.961774945","192.168.15.3","192.168.15.4","MQTT","70","Publish Ack (id=6264)"
"1081700","6348.962235315","192.168.15.4","192.168.15.3","MQTT","68","Disconnect Req"
"1082821","6349.966167840","192.168.15.4","192.168.15.3","MQTT","90","Connect Command"
"1082823","6349.969005691","192.168.15.4","192.168.15.3","MQTT","97","Publish Message (id=6265) [Deviceb'Device - 2']"
"1082824","6349.969396269","192.168.15.3","192.168.15.4","MQTT","70","Connect Ack"
"1082827","6349.971908236","192.168.15.3","192.168.15.4","MQTT","70","Publish Ack (id=6265)"
"1082829","6349.972161384","192.168.15.4","192.168.15.3","MQTT","68","Disconnect Req"
"1084260","6350.976336468","192.168.15.4","192.168.15.3","MQTT","90","Connect Command"
"1084262","6350.979273156","192.168.15.4","192.168.15.3","MQTT","97","Publish Message (id=6266) [Deviceb'Device - 2']"
"1084263","6350.979650389","192.168.15.3","192.168.15.4","MQTT","70","Connect Ack"
"1084266","6350.982068257","192.168.15.3","192.168.15.4","MQTT","70","Publish Ack (id=6266)"
"1084268","6350.982890621","192.168.15.4","192.168.15.3","MQTT","68","Disconnect Req"
"1085513","6351.986468438","192.168.15.4","192.168.15.3","MQTT","90","Connect Command"
"1085535","6351.990313813","192.168.15.4","192.168.15.3","MQTT","97","Publish Message (id=6267) [Deviceb'Device - 2']"
"1085545","6351.991156165","192.168.15.3","192.168.15.4","MQTT","70","Connect Ack"
"1085557","6351.993083015","192.168.15.3","192.168.15.4","MQTT","70","Publish Ack (id=6267)"
"1085559","6351.993377542","192.168.15.4","192.168.15.3","MQTT","68","Disconnect Req"
"1086929","6352.997224057","192.168.15.4","192.168.15.3","MQTT","90","Connect Command"
"1086931","6353.003272063","192.168.15.4","192.168.15.3","MQTT","97","Publish Message (id=6268) [Deviceb'Device - 2']"
"1086933","6353.007532693","192.168.15.3","192.168.15.4","MQTT","70","Connect Ack"
"1086935","6353.009940242","192.168.15.3","192.168.15.4","MQTT","70","Publish Ack (id=6268)"
"1086937","6353.010287658","192.168.15.4","192.168.15.3","MQTT","68","Disconnect Req"
"1088172","6354.014054544","192.168.15.4","192.168.15.3","MQTT","90","Connect Command"
"1088174","6354.017051848","192.168.15.4","192.168.15.3","MQTT","97","Publish Message (id=6269) [Deviceb'Device - 2']"
"1088175","6354.017434110","192.168.15.3","192.168.15.4","MQTT","70","Connect Ack"
"1088178","6354.020098393","192.168.15.3","192.168.15.4","MQTT","70","Publish Ack (id=6269)"
"1088180","6354.020559645","192.168.15.4","192.168.15.3","MQTT","68","Disconnect Req"
"1089609","6355.024063916","192.168.15.4","192.168.15.3","MQTT","90","Connect Command"
"1089611","6355.027155678","192.168.15.4","192.168.15.3","MQTT","97","Publish Message (id=6270) [Deviceb'Device - 2']"
"1089612","6355.027570682","192.168.15.3","192.168.15.4","MQTT","70","Connect Ack"
"1089615","6355.030062369","192.168.15.3","192.168.15.4","MQTT","70","Publish Ack (id=6270)"
"1089617","6355.030604423","192.168.15.4","192.168.15.3","MQTT","68","Disconnect Req"
"1090840","6356.034791986","192.168.15.4","192.168.15.3","MQTT","90","Connect Command"
"1090842","6356.037694279","192.168.15.4","192.168.15.3","MQTT","97","Publish Message (id=6271) [Deviceb'Device - 2']"
"1090843","6356.038096650","192.168.15.3","192.168.15.4","MQTT","70","Connect Ack"
"1090846","6356.040671665","192.168.15.3","192.168.15.4","MQTT","70","Publish Ack (id=6271)"
"1090848","6356.041385183","192.168.15.4","192.168.15.3","MQTT","68","Disconnect Req"
"1092404","6357.045704306","192.168.15.4","192.168.15.3","MQTT","90","Connect Command"
"1092436","6357.048571673","192.168.15.4","192.168.15.3","MQTT","97","Publish Message (id=6272) [Deviceb'Device - 2']"
"1092437","6357.049023928","192.168.15.3","192.168.15.4","MQTT","70","Connect Ack"
"1092440","6357.051417871","192.168.15.3","192.168.15.4","MQTT","70","Publish Ack (id=6272)"
"1092442","6357.051942231","192.168.15.4","192.168.15.3","MQTT","68","Disconnect Req"
"1093397","6358.056053753","192.168.15.4","192.168.15.3","MQTT","90","Connect Command"
"1093399","6358.058868040","192.168.15.4","192.168.15.3","MQTT","97","Publish Message (id=6273) [Deviceb'Device - 2']"
"1093401","6358.063156222","192.168.15.3","192.168.15.4","MQTT","70","Connect Ack"
"1093403","6358.065616981","192.168.15.3","192.168.15.4","MQTT","70","Publish Ack (id=6273)"
"1093405","6358.066168533","192.168.15.4","192.168.15.3","MQTT","68","Disconnect Req"
"1094648","6359.069928682","192.168.15.4","192.168.15.3","MQTT","90","Connect Command"
"1094654","6359.073178422","192.168.15.4","192.168.15.3","MQTT","97","Publish Message (id=6274) [Deviceb'Device - 2']"
"1094666","6359.074144307","192.168.15.3","192.168.15.4","MQTT","70","Connect Ack"
"1094701","6359.076566443","192.168.15.3","192.168.15.4","MQTT","70","Publish Ack (id=6274)"
"1094703","6359.077032944","192.168.15.4","192.168.15.3","MQTT","68","Disconnect Req"
"1095770","6360.081060540","192.168.15.4","192.168.15.3","MQTT","90","Connect Command"
"1095772","6360.083943096","192.168.15.4","192.168.15.3","MQTT","97","Publish Message (id=6275) [Deviceb'Device - 2']"
"1095773","6360.084330087","192.168.15.3","192.168.15.4","MQTT","70","Connect Ack"
"1095776","6360.086739539","192.168.15.3","192.168.15.4","MQTT","70","Publish Ack (id=6275)"
"1095778","6360.087254282","192.168.15.4","192.168.15.3","MQTT","68","Disconnect Req"
"1097084","6361.091348404","192.168.15.4","192.168.15.3","MQTT","90","Connect Command"
"1097086","6361.096285582","192.168.15.4","192.168.15.3","MQTT","97","Publish Message (id=6276) [Deviceb'Device - 2']"
"1097087","6361.096657104","192.168.15.3","192.168.15.4","MQTT","70","Connect Ack"
"1097090","6361.101377652","192.168.15.3","192.168.15.4","MQTT","70","Publish Ack (id=6276)"
"1097092","6361.101983417","192.168.15.4","192.168.15.3","MQTT","68","Disconnect Req"
"1098164","6362.106101115","192.168.15.4","192.168.15.3","MQTT","90","Connect Command"
"1098166","6362.109022845","192.168.15.4","192.168.15.3","MQTT","97","Publish Message (id=6277) [Deviceb'Device - 2']"
"1098167","6362.109428210","192.168.15.3","192.168.15.4","MQTT","70","Connect Ack"
"1098170","6362.112541062","192.168.15.3","192.168.15.4","MQTT","70","Publish Ack (id=6277)"
"1098172","6362.112913465","192.168.15.4","192.168.15.3","MQTT","68","Disconnect Req"
"1099448","6363.116649793","192.168.15.4","192.168.15.3","MQTT","90","Connect Command"
"1099450","6363.119561324","192.168.15.4","192.168.15.3","MQTT","97","Publish Message (id=6278) [Deviceb'Device - 2']"
"1099452","6363.123929828","192.168.15.3","192.168.15.4","MQTT","70","Connect Ack"
"1099454","6363.126420293","192.168.15.3","192.168.15.4","MQTT","70","Publish Ack (id=6278)"
"1099456","6363.126878679","192.168.15.4","192.168.15.3","MQTT","68","Disconnect Req"
"1100534","6364.130875451","192.168.15.4","192.168.15.3","MQTT","90","Connect Command"
"1100577","6364.135625264","192.168.15.4","192.168.15.3","MQTT","97","Publish Message (id=6279) [Deviceb'Device - 2']"
"1100578","6364.136020170","192.168.15.3","192.168.15.4","MQTT","70","Connect Ack"
"1100581","6364.138604773","192.168.15.3","192.168.15.4","MQTT","70","Publish Ack (id=6279)"
"1100583","6364.139395998","192.168.15.4","192.168.15.3","MQTT","68","Disconnect Req"
"1101919","6365.143451953","192.168.15.4","192.168.15.3","MQTT","90","Connect Command"
"1101921","6365.146374033","192.168.15.4","192.168.15.3","MQTT","97","Publish Message (id=6280) [Deviceb'Device - 2']"
"1101922","6365.146816600","192.168.15.3","192.168.15.4","MQTT","70","Connect Ack"
"1101925","6365.149204411","192.168.15.3","192.168.15.4","MQTT","70","Publish Ack (id=6280)"
"1101927","6365.149942325","192.168.15.4","192.168.15.3","MQTT","68","Disconnect Req"
"1103068","6366.154182829","192.168.15.4","192.168.15.3","MQTT","90","Connect Command"
"1103070","6366.157083750","192.168.15.4","192.168.15.3","MQTT","97","Publish Message (id=6281) [Deviceb'Device - 2']"
"1103071","6366.157447307","192.168.15.3","192.168.15.4","MQTT","70","Connect Ack"
"1103074","6366.160068289","192.168.15.3","192.168.15.4","MQTT","70","Publish Ack (id=6281)"
"1103076","6366.160822323","192.168.15.4","192.168.15.3","MQTT","68","Disconnect Req"
"1104229","6367.164622466","192.168.15.4","192.168.15.3","MQTT","90","Connect Command"
"1104231","6367.167493240","192.168.15.4","192.168.15.3","MQTT","97","Publish Message (id=6282) [Deviceb'Device - 2']"
"1104232","6367.167905389","192.168.15.3","192.168.15.4","MQTT","70","Connect Ack"
"1104235","6367.170347723","192.168.15.3","192.168.15.4","MQTT","70","Publish Ack (id=6282)"
"1104237","6367.170747268","192.168.15.4","192.168.15.3","MQTT","68","Disconnect Req"
"1105352","6368.174521743","192.168.15.4","192.168.15.3","MQTT","90","Connect Command"
"1105354","6368.177545586","192.168.15.4","192.168.15.3","MQTT","97","Publish Message (id=6283) [Deviceb'Device - 2']"
"1105356","6368.181854858","192.168.15.3","192.168.15.4","MQTT","70","Connect Ack"
"1105358","6368.184277876","192.168.15.3","192.168.15.4","MQTT","70","Publish Ack (id=6283)"
"1105360","6368.185081865","192.168.15.4","192.168.15.3","MQTT","68","Disconnect Req"
"1106640","6369.190370823","192.168.15.4","192.168.15.3","MQTT","90","Connect Command"
"1106642","6369.193264170","192.168.15.4","192.168.15.3","MQTT","97","Publish Message (id=6284) [Deviceb'Device - 2']"
"1106643","6369.193664125","192.168.15.3","192.168.15.4","MQTT","70","Connect Ack"
"1106646","6369.196216407","192.168.15.3","192.168.15.4","MQTT","70","Publish Ack (id=6284)"
"1106648","6369.197159048","192.168.15.4","192.168.15.3","MQTT","68","Disconnect Req"
"1107730","6370.201421618","192.168.15.4","192.168.15.3","MQTT","90","Connect Command"
"1107732","6370.206364046","192.168.15.4","192.168.15.3","MQTT","97","Publish Message (id=6285) [Deviceb'Device - 2']"
"1107733","6370.206809578","192.168.15.3","192.168.15.4","MQTT","70","Connect Ack"
"1107736","6370.209309621","192.168.15.3","192.168.15.4","MQTT","70","Publish Ack (id=6285)"
"1107738","6370.209723172","192.168.15.4","192.168.15.3","MQTT","68","Disconnect Req"
"1109046","6371.213599414","192.168.15.4","192.168.15.3","MQTT","90","Connect Command"
"1109048","6371.216614460","192.168.15.4","192.168.15.3","MQTT","97","Publish Message (id=6286) [Deviceb'Device - 2']"
"1109049","6371.217025727","192.168.15.3","192.168.15.4","MQTT","70","Connect Ack"
"1109052","6371.219560556","192.168.15.3","192.168.15.4","MQTT","70","Publish Ack (id=6286)"
"1109054","6371.220001018","192.168.15.4","192.168.15.3","MQTT","68","Disconnect Req"
"1110138","6372.224719421","192.168.15.4","192.168.15.3","MQTT","90","Connect Command"
"1110140","6372.227735890","192.168.15.4","192.168.15.3","MQTT","97","Publish Message (id=6287) [Deviceb'Device - 2']"
"1110141","6372.228160903","192.168.15.3","192.168.15.4","MQTT","70","Connect Ack"
"1110144","6372.230613988","192.168.15.3","192.168.15.4","MQTT","70","Publish Ack (id=6287)"
"1110146","6372.231124583","192.168.15.4","192.168.15.3","MQTT","68","Disconnect Req"
"1111476","6373.235279141","192.168.15.4","192.168.15.3","MQTT","90","Connect Command"
"1111478","6373.237525676","192.168.15.4","192.168.15.3","MQTT","97","Publish Message (id=6288) [Deviceb'Device - 2']"
"1111480","6373.241824157","192.168.15.3","192.168.15.4","MQTT","70","Connect Ack"
"1111482","6373.244204785","192.168.15.3","192.168.15.4","MQTT","70","Publish Ack (id=6288)"
"1111484","6373.244806572","192.168.15.4","192.168.15.3","MQTT","68","Disconnect Req"
"1112517","6374.248868567","192.168.15.4","192.168.15.3","MQTT","90","Connect Command"
"1112519","6374.251675009","192.168.15.4","192.168.15.3","MQTT","97","Publish Message (id=6289) [Deviceb'Device - 2']"
"1112520","6374.252068623","192.168.15.3","192.168.15.4","MQTT","70","Connect Ack"
"1112523","6374.254508052","192.168.15.3","192.168.15.4","MQTT","70","Publish Ack (id=6289)"
"1112525","6374.254995603","192.168.15.4","192.168.15.3","MQTT","68","Disconnect Req"
"1113904","6375.258989601","192.168.15.4","192.168.15.3","MQTT","90","Connect Command"
"1113906","6375.261913355","192.168.15.4","192.168.15.3","MQTT","97","Publish Message (id=6290) [Deviceb'Device - 2']"
"1113907","6375.262307880","192.168.15.3","192.168.15.4","MQTT","70","Connect Ack"
"1113910","6375.264746397","192.168.15.3","192.168.15.4","MQTT","70","Publish Ack (id=6290)"
"1113912","6375.265213660","192.168.15.4","192.168.15.3","MQTT","68","Disconnect Req"
"1114907","6376.269184645","192.168.15.4","192.168.15.3","MQTT","90","Connect Command"
"1114909","6376.272185184","192.168.15.4","192.168.15.3","MQTT","97","Publish Message (id=6291) [Deviceb'Device - 2']"
"1114910","6376.272630866","192.168.15.3","192.168.15.4","MQTT","70","Connect Ack"
"1114913","6376.274968383","192.168.15.3","192.168.15.4","MQTT","70","Publish Ack (id=6291)"
"1114915","6376.275343642","192.168.15.4","192.168.15.3","MQTT","68","Disconnect Req"
"1116242","6377.279484618","192.168.15.4","192.168.15.3","MQTT","90","Connect Command"
"1116244","6377.282476632","192.168.15.4","192.168.15.3","MQTT","97","Publish Message (id=6292) [Deviceb'Device - 2']"
"1116245","6377.282873482","192.168.15.3","192.168.15.4","MQTT","70","Connect Ack"
"1116248","6377.285594743","192.168.15.3","192.168.15.4","MQTT","70","Publish Ack (id=6292)"
"1116250","6377.285904718","192.168.15.4","192.168.15.3","MQTT","68","Disconnect Req"
"1117277","6378.289483525","192.168.15.4","192.168.15.3","MQTT","90","Connect Command"
"1117279","6378.292579805","192.168.15.4","192.168.15.3","MQTT","97","Publish Message (id=6293) [Deviceb'Device - 2']"
"1117280","6378.293072656","192.168.15.3","192.168.15.4","MQTT","70","Connect Ack"
"1117283","6378.295558312","192.168.15.3","192.168.15.4","MQTT","70","Publish Ack (id=6293)"
"1117285","6378.295897723","192.168.15.4","192.168.15.3","MQTT","68","Disconnect Req"
"1118646","6379.300063850","192.168.15.4","192.168.15.3","MQTT","90","Connect Command"
"1118648","6379.302960683","192.168.15.4","192.168.15.3","MQTT","97","Publish Message (id=6294) [Deviceb'Device - 2']"
"1118649","6379.303334309","192.168.15.3","192.168.15.4","MQTT","70","Connect Ack"
"1118652","6379.305966712","192.168.15.3","192.168.15.4","MQTT","70","Publish Ack (id=6294)"
"1118654","6379.306587726","192.168.15.4","192.168.15.3","MQTT","68","Disconnect Req"
"1119738","6380.310197763","192.168.15.4","192.168.15.3","MQTT","90","Connect Command"
"1119740","6380.313278313","192.168.15.4","192.168.15.3","MQTT","97","Publish Message (id=6295) [Deviceb'Device - 2']"
"1119741","6380.313696584","192.168.15.3","192.168.15.4","MQTT","70","Connect Ack"
"1119744","6380.315938650","192.168.15.3","192.168.15.4","MQTT","70","Publish Ack (id=6295)"
"1119746","6380.316588698","192.168.15.4","192.168.15.3","MQTT","68","Disconnect Req"
"1120975","6381.320517758","192.168.15.4","192.168.15.3","MQTT","90","Connect Command"
"1120977","6381.323395605","192.168.15.4","192.168.15.3","MQTT","97","Publish Message (id=6296) [Deviceb'Device - 2']"
"1120978","6381.324371389","192.168.15.3","192.168.15.4","MQTT","70","Connect Ack"
"1121007","6381.327216024","192.168.15.3","192.168.15.4","MQTT","70","Publish Ack (id=6296)"
"1121015","6381.327626339","192.168.15.4","192.168.15.3","MQTT","68","Disconnect Req"
"1122126","6382.332024277","192.168.15.4","192.168.15.3","MQTT","90","Connect Command"
"1122129","6382.334912513","192.168.15.4","192.168.15.3","MQTT","97","Publish Message (id=6297) [Deviceb'Device - 2']"
"1122130","6382.335276250","192.168.15.3","192.168.15.4","MQTT","70","Connect Ack"
"1122133","6382.337953399","192.168.15.3","192.168.15.4","MQTT","70","Publish Ack (id=6297)"
"1122135","6382.338311205","192.168.15.4","192.168.15.3","MQTT","68","Disconnect Req"
"1123477","6383.342220260","192.168.15.4","192.168.15.3","MQTT","90","Connect Command"
"1123479","6383.345279530","192.168.15.4","192.168.15.3","MQTT","97","Publish Message (id=6298) [Deviceb'Device - 2']"
"1123481","6383.349397240","192.168.15.3","192.168.15.4","MQTT","70","Connect Ack"
"1123483","6383.351922541","192.168.15.3","192.168.15.4","MQTT","70","Publish Ack (id=6298)"
"1123485","6383.352376749","192.168.15.4","192.168.15.3","MQTT","68","Disconnect Req"
"1124605","6384.356370916","192.168.15.4","192.168.15.3","MQTT","90","Connect Command"
"1124607","6384.359372367","192.168.15.4","192.168.15.3","MQTT","97","Publish Message (id=6299) [Deviceb'Device - 2']"
"1124608","6384.359802369","192.168.15.3","192.168.15.4","MQTT","70","Connect Ack"
"1124611","6384.362266705","192.168.15.3","192.168.15.4","MQTT","70","Publish Ack (id=6299)"
"1124613","6384.362510305","192.168.15.4","192.168.15.3","MQTT","68","Disconnect Req"
"1125930","6385.366491930","192.168.15.4","192.168.15.3","MQTT","90","Connect Command"
"1125932","6385.369457894","192.168.15.4","192.168.15.3","MQTT","97","Publish Message (id=6300) [Deviceb'Device - 2']"
"1125933","6385.369893016","192.168.15.3","192.168.15.4","MQTT","70","Connect Ack"
"1125936","6385.372335130","192.168.15.3","192.168.15.4","MQTT","70","Publish Ack (id=6300)"
"1125938","6385.372580393","192.168.15.4","192.168.15.3","MQTT","68","Disconnect Req"
"1127040","6386.376338627","192.168.15.4","192.168.15.3","MQTT","90","Connect Command"
"1127042","6386.379379903","192.168.15.4","192.168.15.3","MQTT","97","Publish Message (id=6301) [Deviceb'Device - 2']"
"1127043","6386.379719865","192.168.15.3","192.168.15.4","MQTT","70","Connect Ack"
"1127046","6386.382655962","192.168.15.3","192.168.15.4","MQTT","70","Publish Ack (id=6301)"
"1127048","6386.383503594","192.168.15.4","192.168.15.3","MQTT","68","Disconnect Req"
"1128326","6387.387018909","192.168.15.4","192.168.15.3","MQTT","90","Connect Command"
"1128329","6387.390058903","192.168.15.4","192.168.15.3","MQTT","97","Publish Message (id=6302) [Deviceb'Device - 2']"
"1128330","6387.390446074","192.168.15.3","192.168.15.4","MQTT","70","Connect Ack"
"1128335","6387.392684393","192.168.15.3","192.168.15.4","MQTT","70","Publish Ack (id=6302)"
"1128337","6387.393126368","192.168.15.4","192.168.15.3","MQTT","68","Disconnect Req"
"1129427","6388.396452136","192.168.15.4","192.168.15.3","MQTT","90","Connect Command"
"1129429","6388.399496849","192.168.15.4","192.168.15.3","MQTT","97","Publish Message (id=6303) [Deviceb'Device - 2']"
"1129464","6388.403723996","192.168.15.3","192.168.15.4","MQTT","70","Connect Ack"
"1129466","6388.406241162","192.168.15.3","192.168.15.4","MQTT","70","Publish Ack (id=6303)"
"1129469","6388.406755684","192.168.15.4","192.168.15.3","MQTT","68","Disconnect Req"
"1130752","6389.410511535","192.168.15.4","192.168.15.3","MQTT","90","Connect Command"
"1130754","6389.413473892","192.168.15.4","192.168.15.3","MQTT","97","Publish Message (id=6304) [Deviceb'Device - 2']"
"1130755","6389.413912241","192.168.15.3","192.168.15.4","MQTT","70","Connect Ack"
"1130758","6389.415979066","192.168.15.3","192.168.15.4","MQTT","70","Publish Ack (id=6304)"
"1130760","6389.416561346","192.168.15.4","192.168.15.3","MQTT","68","Disconnect Req"
"1131707","6390.420338479","192.168.15.4","192.168.15.3","MQTT","90","Connect Command"
"1131709","6390.423316415","192.168.15.4","192.168.15.3","MQTT","97","Publish Message (id=6305) [Deviceb'Device - 2']"
"1131710","6390.423654634","192.168.15.3","192.168.15.4","MQTT","70","Connect Ack"
"1131713","6390.425803193","192.168.15.3","192.168.15.4","MQTT","70","Publish Ack (id=6305)"
"1131715","6390.426191066","192.168.15.4","192.168.15.3","MQTT","68","Disconnect Req"
"1132991","6391.430656851","192.168.15.4","192.168.15.3","MQTT","90","Connect Command"
"1132993","6391.433685013","192.168.15.4","192.168.15.3","MQTT","97","Publish Message (id=6306) [Deviceb'Device - 2']"
"1132994","6391.434117430","192.168.15.3","192.168.15.4","MQTT","70","Connect Ack"
"1132997","6391.436594299","192.168.15.3","192.168.15.4","MQTT","70","Publish Ack (id=6306)"
"1132999","6391.436941816","192.168.15.4","192.168.15.3","MQTT","68","Disconnect Req"
"1134092","6392.440843035","192.168.15.4","192.168.15.3","MQTT","90","Connect Command"
"1134094","6392.443862991","192.168.15.4","192.168.15.3","MQTT","97","Publish Message (id=6307) [Deviceb'Device - 2']"
"1134095","6392.444255853","192.168.15.3","192.168.15.4","MQTT","70","Connect Ack"
"1134098","6392.446917652","192.168.15.3","192.168.15.4","MQTT","70","Publish Ack (id=6307)"
"1134100","6392.447429369","192.168.15.4","192.168.15.3","MQTT","68","Disconnect Req"
"1135356","6393.451282489","192.168.15.4","192.168.15.3","MQTT","90","Connect Command"
"1135358","6393.454290342","192.168.15.4","192.168.15.3","MQTT","97","Publish Message (id=6308) [Deviceb'Device - 2']"
"1135360","6393.459611165","192.168.15.3","192.168.15.4","MQTT","70","Connect Ack"
"1135362","6393.462212670","192.168.15.3","192.168.15.4","MQTT","70","Publish Ack (id=6308)"
"1135364","6393.462773349","192.168.15.4","192.168.15.3","MQTT","68","Disconnect Req"
"1136405","6394.466998693","192.168.15.4","192.168.15.3","MQTT","90","Connect Command"
"1136407","6394.469969816","192.168.15.4","192.168.15.3","MQTT","97","Publish Message (id=6309) [Deviceb'Device - 2']"
"1136408","6394.470330929","192.168.15.3","192.168.15.4","MQTT","70","Connect Ack"
"1136411","6394.472614022","192.168.15.3","192.168.15.4","MQTT","70","Publish Ack (id=6309)"
"1136413","6394.472942453","192.168.15.4","192.168.15.3","MQTT","68","Disconnect Req"
"1137689","6395.477143993","192.168.15.4","192.168.15.3","MQTT","90","Connect Command"
"1137691","6395.480004437","192.168.15.4","192.168.15.3","MQTT","97","Publish Message (id=6310) [Deviceb'Device - 2']"
"1137692","6395.480327187","192.168.15.3","192.168.15.4","MQTT","70","Connect Ack"
"1137695","6395.482705029","192.168.15.3","192.168.15.4","MQTT","70","Publish Ack (id=6310)"
"1137697","6395.483550166","192.168.15.4","192.168.15.3","MQTT","68","Disconnect Req"
"1138666","6396.487815708","192.168.15.4","192.168.15.3","MQTT","90","Connect Command"
"1138668","6396.498614200","192.168.15.4","192.168.15.3","MQTT","97","Publish Message (id=6311) [Deviceb'Device - 2']"
"1138669","6396.498936709","192.168.15.3","192.168.15.4","MQTT","70","Connect Ack"
"1138672","6396.501169308","192.168.15.3","192.168.15.4","MQTT","70","Publish Ack (id=6311)"
"1138674","6396.501699870","192.168.15.4","192.168.15.3","MQTT","68","Disconnect Req"
"1140120","6397.506128761","192.168.15.4","192.168.15.3","MQTT","90","Connect Command"
"1140122","6397.509150200","192.168.15.4","192.168.15.3","MQTT","97","Publish Message (id=6312) [Deviceb'Device - 2']"
"1140123","6397.509522594","192.168.15.3","192.168.15.4","MQTT","70","Connect Ack"
"1140126","6397.512228276","192.168.15.3","192.168.15.4","MQTT","70","Publish Ack (id=6312)"
"1140128","6397.512858526","192.168.15.4","192.168.15.3","MQTT","68","Disconnect Req"
"1141396","6398.516899426","192.168.15.4","192.168.15.3","MQTT","90","Connect Command"
"1141398","6398.519789586","192.168.15.4","192.168.15.3","MQTT","97","Publish Message (id=6313) [Deviceb'Device - 2']"
"1141400","6398.523997336","192.168.15.3","192.168.15.4","MQTT","70","Connect Ack"
"1141402","6398.526521586","192.168.15.3","192.168.15.4","MQTT","70","Publish Ack (id=6313)"
"1141404","6398.527217911","192.168.15.4","192.168.15.3","MQTT","68","Disconnect Req"
"1142579","6399.531018978","192.168.15.4","192.168.15.3","MQTT","90","Connect Command"
"1142581","6399.534028895","192.168.15.4","192.168.15.3","MQTT","97","Publish Message (id=6314) [Deviceb'Device - 2']"
"1142582","6399.534478294","192.168.15.3","192.168.15.4","MQTT","70","Connect Ack"
"1142585","6399.536996843","192.168.15.3","192.168.15.4","MQTT","70","Publish Ack (id=6314)"
"1142587","6399.537447635","192.168.15.4","192.168.15.3","MQTT","68","Disconnect Req"
"1143849","6400.545618769","192.168.15.4","192.168.15.3","MQTT","90","Connect Command"
"1143851","6400.550529387","192.168.15.4","192.168.15.3","MQTT","97","Publish Message (id=6315) [Deviceb'Device - 2']"
"1143852","6400.550891481","192.168.15.3","192.168.15.4","MQTT","70","Connect Ack"
"1143855","6400.553506141","192.168.15.3","192.168.15.4","MQTT","70","Publish Ack (id=6315)"
"1143857","6400.553866492","192.168.15.4","192.168.15.3","MQTT","68","Disconnect Req"
"1145003","6401.557469948","192.168.15.4","192.168.15.3","MQTT","90","Connect Command"
"1145005","6401.560493861","192.168.15.4","192.168.15.3","MQTT","97","Publish Message (id=6316) [Deviceb'Device - 2']"
"1145006","6401.560939944","192.168.15.3","192.168.15.4","MQTT","70","Connect Ack"
"1145009","6401.563423867","192.168.15.3","192.168.15.4","MQTT","70","Publish Ack (id=6316)"
"1145011","6401.563726339","192.168.15.4","192.168.15.3","MQTT","68","Disconnect Req"
"1146295","6402.568582102","192.168.15.4","192.168.15.3","MQTT","90","Connect Command"
"1146297","6402.575634206","192.168.15.4","192.168.15.3","MQTT","97","Publish Message (id=6317) [Deviceb'Device - 2']"
"1146298","6402.575988305","192.168.15.3","192.168.15.4","MQTT","70","Connect Ack"
"1146301","6402.578606020","192.168.15.3","192.168.15.4","MQTT","70","Publish Ack (id=6317)"
"1146303","6402.579046683","192.168.15.4","192.168.15.3","MQTT","68","Disconnect Req"
"1147329","6403.582965847","192.168.15.4","192.168.15.3","MQTT","90","Connect Command"
"1147331","6403.586681547","192.168.15.4","192.168.15.3","MQTT","97","Publish Message (id=6318) [Deviceb'Device - 2']"
"1147333","6403.589821881","192.168.15.3","192.168.15.4","MQTT","70","Connect Ack"
"1147335","6403.592304872","192.168.15.3","192.168.15.4","MQTT","70","Publish Ack (id=6318)"
"1147337","6403.592772856","192.168.15.4","192.168.15.3","MQTT","68","Disconnect Req"
"1148634","6404.596433873","192.168.15.4","192.168.15.3","MQTT","90","Connect Command"
"1148636","6404.599461614","192.168.15.4","192.168.15.3","MQTT","97","Publish Message (id=6319) [Deviceb'Device - 2']"
"1148637","6404.599839688","192.168.15.3","192.168.15.4","MQTT","70","Connect Ack"
"1148640","6404.602192143","192.168.15.3","192.168.15.4","MQTT","70","Publish Ack (id=6319)"
"1148642","6404.602626464","192.168.15.4","192.168.15.3","MQTT","68","Disconnect Req"
"1149775","6405.606575336","192.168.15.4","192.168.15.3","MQTT","90","Connect Command"
"1149777","6405.609512224","192.168.15.4","192.168.15.3","MQTT","97","Publish Message (id=6320) [Deviceb'Device - 2']"
"1149778","6405.609852147","192.168.15.3","192.168.15.4","MQTT","70","Connect Ack"
"1149781","6405.612625647","192.168.15.3","192.168.15.4","MQTT","70","Publish Ack (id=6320)"
"1149783","6405.613057233","192.168.15.4","192.168.15.3","MQTT","68","Disconnect Req"
"1151029","6406.617136863","192.168.15.4","192.168.15.3","MQTT","90","Connect Command"
"1151031","6406.622092797","192.168.15.4","192.168.15.3","MQTT","97","Publish Message (id=6321) [Deviceb'Device - 2']"
"1151032","6406.622520395","192.168.15.3","192.168.15.4","MQTT","70","Connect Ack"
"1151035","6406.624978599","192.168.15.3","192.168.15.4","MQTT","70","Publish Ack (id=6321)"
"1151037","6406.625387371","192.168.15.4","192.168.15.3","MQTT","68","Disconnect Req"
"1152181","6407.629423951","192.168.15.4","192.168.15.3","MQTT","90","Connect Command"
"1152228","6407.634413839","192.168.15.4","192.168.15.3","MQTT","97","Publish Message (id=6322) [Deviceb'Device - 2']"
"1152240","6407.635381647","192.168.15.3","192.168.15.4","MQTT","70","Connect Ack"
"1152246","6407.636883455","192.168.15.3","192.168.15.4","MQTT","70","Publish Ack (id=6322)"
"1152248","6407.637232053","192.168.15.4","192.168.15.3","MQTT","68","Disconnect Req"
"1153494","6408.642912821","192.168.15.4","192.168.15.3","MQTT","90","Connect Command"
"1153506","6408.647780828","192.168.15.4","192.168.15.3","MQTT","97","Publish Message (id=6323) [Deviceb'Device - 2']"
"1153508","6408.652024877","192.168.15.3","192.168.15.4","MQTT","70","Connect Ack"
"1153510","6408.654495865","192.168.15.3","192.168.15.4","MQTT","70","Publish Ack (id=6323)"
"1153512","6408.654779732","192.168.15.4","192.168.15.3","MQTT","68","Disconnect Req"
"1154569","6409.659185922","192.168.15.4","192.168.15.3","MQTT","90","Connect Command"
"1154571","6409.662208132","192.168.15.4","192.168.15.3","MQTT","97","Publish Message (id=6324) [Deviceb'Device - 2']"
"1154572","6409.662598179","192.168.15.3","192.168.15.4","MQTT","70","Connect Ack"
"1154575","6409.665185187","192.168.15.3","192.168.15.4","MQTT","70","Publish Ack (id=6324)"
"1154577","6409.666142636","192.168.15.4","192.168.15.3","MQTT","68","Disconnect Req"
"1155855","6410.670423530","192.168.15.4","192.168.15.3","MQTT","90","Connect Command"
"1155857","6410.673367542","192.168.15.4","192.168.15.3","MQTT","97","Publish Message (id=6325) [Deviceb'Device - 2']"
"1155858","6410.673758451","192.168.15.3","192.168.15.4","MQTT","70","Connect Ack"
"1155861","6410.675893174","192.168.15.3","192.168.15.4","MQTT","70","Publish Ack (id=6325)"
"1155863","6410.676211245","192.168.15.4","192.168.15.3","MQTT","68","Disconnect Req"
"1156978","6411.680369048","192.168.15.4","192.168.15.3","MQTT","90","Connect Command"
"1156980","6411.683834064","192.168.15.4","192.168.15.3","MQTT","97","Publish Message (id=6326) [Deviceb'Device - 2']"
"1156981","6411.684225243","192.168.15.3","192.168.15.4","MQTT","70","Connect Ack"
"1156984","6411.686871173","192.168.15.3","192.168.15.4","MQTT","70","Publish Ack (id=6326)"
"1156987","6411.687264947","192.168.15.4","192.168.15.3","MQTT","68","Disconnect Req"
"1158412","6412.691633088","192.168.15.4","192.168.15.3","MQTT","90","Connect Command"
"1158414","6412.694550390","192.168.15.4","192.168.15.3","MQTT","97","Publish Message (id=6327) [Deviceb'Device - 2']"
"1158415","6412.694953111","192.168.15.3","192.168.15.4","MQTT","70","Connect Ack"
"1158418","6412.697547563","192.168.15.3","192.168.15.4","MQTT","70","Publish Ack (id=6327)"
"1158420","6412.698226215","192.168.15.4","192.168.15.3","MQTT","68","Disconnect Req"
"1159377","6413.702110342","192.168.15.4","192.168.15.3","MQTT","90","Connect Command"
"1159379","6413.705167839","192.168.15.4","192.168.15.3","MQTT","97","Publish Message (id=6328) [Deviceb'Device - 2']"
"1159381","6413.709707126","192.168.15.3","192.168.15.4","MQTT","70","Connect Ack"
"1159383","6413.712160431","192.168.15.3","192.168.15.4","MQTT","70","Publish Ack (id=6328)"
"1159385","6413.712513148","192.168.15.4","192.168.15.3","MQTT","68","Disconnect Req"
"1160743","6414.716347682","192.168.15.4","192.168.15.3","MQTT","90","Connect Command"
"1160746","6414.719222163","192.168.15.4","192.168.15.3","MQTT","97","Publish Message (id=6329) [Deviceb'Device - 2']"
"1160747","6414.719603283","192.168.15.3","192.168.15.4","MQTT","70","Connect Ack"
"1160750","6414.722248251","192.168.15.3","192.168.15.4","MQTT","70","Publish Ack (id=6329)"
"1160752","6414.722996094","192.168.15.4","192.168.15.3","MQTT","68","Disconnect Req"
"1161851","6415.726775646","192.168.15.4","192.168.15.3","MQTT","90","Connect Command"
"1161853","6415.729846518","192.168.15.4","192.168.15.3","MQTT","97","Publish Message (id=6330) [Deviceb'Device - 2']"
"1161854","6415.730215876","192.168.15.3","192.168.15.4","MQTT","70","Connect Ack"
"1161857","6415.732679130","192.168.15.3","192.168.15.4","MQTT","70","Publish Ack (id=6330)"
"1161859","6415.733031956","192.168.15.4","192.168.15.3","MQTT","68","Disconnect Req"
"1163095","6416.737110774","192.168.15.4","192.168.15.3","MQTT","90","Connect Command"
"1163097","6416.741994622","192.168.15.4","192.168.15.3","MQTT","97","Publish Message (id=6331) [Deviceb'Device - 2']"
"1163098","6416.742403936","192.168.15.3","192.168.15.4","MQTT","70","Connect Ack"
"1163101","6416.744597049","192.168.15.3","192.168.15.4","MQTT","70","Publish Ack (id=6331)"
"1163103","6416.744919969","192.168.15.4","192.168.15.3","MQTT","68","Disconnect Req"
"1164629","6417.748798600","192.168.15.4","192.168.15.3","MQTT","90","Connect Command"
"1164643","6417.751759224","192.168.15.4","192.168.15.3","MQTT","97","Publish Message (id=6332) [Deviceb'Device - 2']"
"1164644","6417.752202972","192.168.15.3","192.168.15.4","MQTT","70","Connect Ack"
"1164647","6417.754776945","192.168.15.3","192.168.15.4","MQTT","70","Publish Ack (id=6332)"
"1164653","6417.755241944","192.168.15.4","192.168.15.3","MQTT","68","Disconnect Req"
"1166497","6418.758927351","192.168.15.4","192.168.15.3","MQTT","90","Connect Command"
"1166499","6418.762050302","192.168.15.4","192.168.15.3","MQTT","97","Publish Message (id=6333) [Deviceb'Device - 2']"
"1166501","6418.766132725","192.168.15.3","192.168.15.4","MQTT","70","Connect Ack"
"1166503","6418.768568096","192.168.15.3","192.168.15.4","MQTT","70","Publish Ack (id=6333)"
"1166505","6418.768911876","192.168.15.4","192.168.15.3","MQTT","68","Disconnect Req"
"1167605","6419.774169344","192.168.15.4","192.168.15.3","MQTT","90","Connect Command"
"1167607","6419.781077306","192.168.15.4","192.168.15.3","MQTT","97","Publish Message (id=6334) [Deviceb'Device - 2']"
"1167608","6419.781392381","192.168.15.3","192.168.15.4","MQTT","70","Connect Ack"
"1167611","6419.784124894","192.168.15.3","192.168.15.4","MQTT","70","Publish Ack (id=6334)"
"1167613","6419.784576787","192.168.15.4","192.168.15.3","MQTT","68","Disconnect Req"
"1168854","6420.790273376","192.168.15.4","192.168.15.3","MQTT","90","Connect Command"
"1168856","6420.793261632","192.168.15.4","192.168.15.3","MQTT","97","Publish Message (id=6335) [Deviceb'Device - 2']"
"1168857","6420.793697045","192.168.15.3","192.168.15.4","MQTT","70","Connect Ack"
"1168860","6420.796134520","192.168.15.3","192.168.15.4","MQTT","70","Publish Ack (id=6335)"
"1168862","6420.796477999","192.168.15.4","192.168.15.3","MQTT","68","Disconnect Req"
"1169924","6421.801096221","192.168.15.4","192.168.15.3","MQTT","90","Connect Command"
"1169926","6421.804346482","192.168.15.4","192.168.15.3","MQTT","97","Publish Message (id=6336) [Deviceb'Device - 2']"
"1169927","6421.804724887","192.168.15.3","192.168.15.4","MQTT","70","Connect Ack"
"1169930","6421.807807181","192.168.15.3","192.168.15.4","MQTT","70","Publish Ack (id=6336)"
"1169932","6421.808077401","192.168.15.4","192.168.15.3","MQTT","68","Disconnect Req"
"1171240","6422.811543678","192.168.15.4","192.168.15.3","MQTT","90","Connect Command"
"1171242","6422.814597869","192.168.15.4","192.168.15.3","MQTT","97","Publish Message (id=6337) [Deviceb'Device - 2']"
"1171243","6422.815015448","192.168.15.3","192.168.15.4","MQTT","70","Connect Ack"
"1171247","6422.817517595","192.168.15.3","192.168.15.4","MQTT","70","Publish Ack (id=6337)"
"1171249","6422.817837950","192.168.15.4","192.168.15.3","MQTT","68","Disconnect Req"
"1172306","6423.821422662","192.168.15.4","192.168.15.3","MQTT","90","Connect Command"
"1172356","6423.825647274","192.168.15.4","192.168.15.3","MQTT","97","Publish Message (id=6338) [Deviceb'Device - 2']"
"1172368","6423.828680184","192.168.15.3","192.168.15.4","MQTT","70","Connect Ack"
"1172370","6423.840256897","192.168.15.3","192.168.15.4","MQTT","70","Publish Ack (id=6338)"
"1172372","6423.840576180","192.168.15.4","192.168.15.3","MQTT","68","Disconnect Req"
"1173614","6424.844470918","192.168.15.4","192.168.15.3","MQTT","90","Connect Command"
"1173616","6424.847501144","192.168.15.4","192.168.15.3","MQTT","97","Publish Message (id=6339) [Deviceb'Device - 2']"
"1173617","6424.847857046","192.168.15.3","192.168.15.4","MQTT","70","Connect Ack"
"1173620","6424.850014673","192.168.15.3","192.168.15.4","MQTT","70","Publish Ack (id=6339)"
"1173622","6424.850778456","192.168.15.4","192.168.15.3","MQTT","68","Disconnect Req"
"1174688","6425.854647897","192.168.15.4","192.168.15.3","MQTT","90","Connect Command"
"1174690","6425.857617728","192.168.15.4","192.168.15.3","MQTT","97","Publish Message (id=6340) [Deviceb'Device - 2']"
"1174691","6425.858039575","192.168.15.3","192.168.15.4","MQTT","70","Connect Ack"
"1174694","6425.860683130","192.168.15.3","192.168.15.4","MQTT","70","Publish Ack (id=6340)"
"1174696","6425.861091031","192.168.15.4","192.168.15.3","MQTT","68","Disconnect Req"
"1175968","6426.865396096","192.168.15.4","192.168.15.3","MQTT","90","Connect Command"
"1175970","6426.868728833","192.168.15.4","192.168.15.3","MQTT","97","Publish Message (id=6341) [Deviceb'Device - 2']"
"1175971","6426.868993683","192.168.15.3","192.168.15.4","MQTT","70","Connect Ack"
"1175998","6426.872756743","192.168.15.3","192.168.15.4","MQTT","70","Publish Ack (id=6341)"
"1176007","6426.873313495","192.168.15.4","192.168.15.3","MQTT","68","Disconnect Req"
"1177121","6427.878943033","192.168.15.4","192.168.15.3","MQTT","90","Connect Command"
"1177127","6427.882723466","192.168.15.4","192.168.15.3","MQTT","97","Publish Message (id=6342) [Deviceb'Device - 2']"
"1177128","6427.883113313","192.168.15.3","192.168.15.4","MQTT","70","Connect Ack"
"1177131","6427.885508187","192.168.15.3","192.168.15.4","MQTT","70","Publish Ack (id=6342)"
"1177133","6427.885786062","192.168.15.4","192.168.15.3","MQTT","68","Disconnect Req"
"1178411","6428.890726460","192.168.15.4","192.168.15.3","MQTT","90","Connect Command"
"1178413","6428.893616090","192.168.15.4","192.168.15.3","MQTT","97","Publish Message (id=6343) [Deviceb'Device - 2']"
"1178415","6428.897822067","192.168.15.3","192.168.15.4","MQTT","70","Connect Ack"
"1178417","6428.900297774","192.168.15.3","192.168.15.4","MQTT","70","Publish Ack (id=6343)"
"1178419","6428.901287324","192.168.15.4","192.168.15.3","MQTT","68","Disconnect Req"
"1179405","6429.905438872","192.168.15.4","192.168.15.3","MQTT","90","Connect Command"
"1179407","6429.908396180","192.168.15.4","192.168.15.3","MQTT","97","Publish Message (id=6344) [Deviceb'Device - 2']"
"1179408","6429.908743205","192.168.15.3","192.168.15.4","MQTT","70","Connect Ack"
"1179411","6429.911101912","192.168.15.3","192.168.15.4","MQTT","70","Publish Ack (id=6344)"
"1179413","6429.911652993","192.168.15.4","192.168.15.3","MQTT","68","Disconnect Req"
"1180802","6430.915603111","192.168.15.4","192.168.15.3","MQTT","90","Connect Command"
"1180804","6430.918657933","192.168.15.4","192.168.15.3","MQTT","97","Publish Message (id=6345) [Deviceb'Device - 2']"
"1180805","6430.919082124","192.168.15.3","192.168.15.4","MQTT","70","Connect Ack"
"1180808","6430.921348376","192.168.15.3","192.168.15.4","MQTT","70","Publish Ack (id=6345)"
"1180810","6430.921711091","192.168.15.4","192.168.15.3","MQTT","68","Disconnect Req"
"1181894","6431.925824760","192.168.15.4","192.168.15.3","MQTT","90","Connect Command"
"1181896","6431.928762130","192.168.15.4","192.168.15.3","MQTT","97","Publish Message (id=6346) [Deviceb'Device - 2']"
"1181908","6431.929757490","192.168.15.3","192.168.15.4","MQTT","70","Connect Ack"
"1181941","6431.931927651","192.168.15.3","192.168.15.4","MQTT","70","Publish Ack (id=6346)"
"1181943","6431.932479954","192.168.15.4","192.168.15.3","MQTT","68","Disconnect Req"
"1183243","6432.936665529","192.168.15.4","192.168.15.3","MQTT","90","Connect Command"
"1183246","6432.939265812","192.168.15.4","192.168.15.3","MQTT","97","Publish Message (id=6347) [Deviceb'Device - 2']"
"1183247","6432.939611345","192.168.15.3","192.168.15.4","MQTT","70","Connect Ack"
"1183250","6432.942284125","192.168.15.3","192.168.15.4","MQTT","70","Publish Ack (id=6347)"
"1183252","6432.942852208","192.168.15.4","192.168.15.3","MQTT","68","Disconnect Req"
"1184550","6433.949102886","192.168.15.4","192.168.15.3","MQTT","90","Connect Command"
"1184553","6433.953926049","192.168.15.4","192.168.15.3","MQTT","97","Publish Message (id=6348) [Deviceb'Device - 2']"
"1184555","6433.958157143","192.168.15.3","192.168.15.4","MQTT","70","Connect Ack"
"1184557","6433.960733972","192.168.15.3","192.168.15.4","MQTT","70","Publish Ack (id=6348)"
"1184559","6433.961262550","192.168.15.4","192.168.15.3","MQTT","68","Disconnect Req"
"1185633","6434.965181834","192.168.15.4","192.168.15.3","MQTT","90","Connect Command"
"1185635","6434.968230174","192.168.15.4","192.168.15.3","MQTT","97","Publish Message (id=6349) [Deviceb'Device - 2']"
"1185636","6434.968604141","192.168.15.3","192.168.15.4","MQTT","70","Connect Ack"
"1185639","6434.971184115","192.168.15.3","192.168.15.4","MQTT","70","Publish Ack (id=6349)"
"1185641","6434.971542963","192.168.15.4","192.168.15.3","MQTT","68","Disconnect Req"
"1186798","6435.975233165","192.168.15.4","192.168.15.3","MQTT","90","Connect Command"
"1186800","6435.978317323","192.168.15.4","192.168.15.3","MQTT","97","Publish Message (id=6350) [Deviceb'Device - 2']"
"1186801","6435.978675399","192.168.15.3","192.168.15.4","MQTT","70","Connect Ack"
"1186804","6435.981439191","192.168.15.3","192.168.15.4","MQTT","70","Publish Ack (id=6350)"
"1186806","6435.981926942","192.168.15.4","192.168.15.3","MQTT","68","Disconnect Req"
"1187940","6436.985713277","192.168.15.4","192.168.15.3","MQTT","90","Connect Command"
"1187942","6436.988693949","192.168.15.4","192.168.15.3","MQTT","97","Publish Message (id=6351) [Deviceb'Device - 2']"
"1187943","6436.989014224","192.168.15.3","192.168.15.4","MQTT","70","Connect Ack"
"1187946","6436.991622843","192.168.15.3","192.168.15.4","MQTT","70","Publish Ack (id=6351)"
"1187948","6436.992354204","192.168.15.4","192.168.15.3","MQTT","68","Disconnect Req"
"1189039","6437.996650122","192.168.15.4","192.168.15.3","MQTT","90","Connect Command"
"1189041","6437.999588364","192.168.15.4","192.168.15.3","MQTT","97","Publish Message (id=6352) [Deviceb'Device - 2']"
"1189042","6438.000003508","192.168.15.3","192.168.15.4","MQTT","70","Connect Ack"
"1189045","6438.003991644","192.168.15.3","192.168.15.4","MQTT","70","Publish Ack (id=6352)"
"1189047","6438.004901963","192.168.15.4","192.168.15.3","MQTT","68","Disconnect Req"
"1190236","6439.008904658","192.168.15.4","192.168.15.3","MQTT","90","Connect Command"
"1190238","6439.011870081","192.168.15.4","192.168.15.3","MQTT","97","Publish Message (id=6353) [Deviceb'Device - 2']"
"1190240","6439.016061180","192.168.15.3","192.168.15.4","MQTT","70","Connect Ack"
"1190242","6439.018646294","192.168.15.3","192.168.15.4","MQTT","70","Publish Ack (id=6353)"
"1190244","6439.019158081","192.168.15.4","192.168.15.3","MQTT","68","Disconnect Req"
"1191669","6440.022897570","192.168.15.4","192.168.15.3","MQTT","90","Connect Command"
"1191671","6440.025914330","192.168.15.4","192.168.15.3","MQTT","97","Publish Message (id=6354) [Deviceb'Device - 2']"
"1191672","6440.026281193","192.168.15.3","192.168.15.4","MQTT","70","Connect Ack"
"1191675","6440.028623879","192.168.15.3","192.168.15.4","MQTT","70","Publish Ack (id=6354)"
"1191677","6440.029055545","192.168.15.4","192.168.15.3","MQTT","68","Disconnect Req"
"1192839","6441.032958403","192.168.15.4","192.168.15.3","MQTT","90","Connect Command"
"1192841","6441.035826843","192.168.15.4","192.168.15.3","MQTT","97","Publish Message (id=6355) [Deviceb'Device - 2']"
"1192842","6441.036222460","192.168.15.3","192.168.15.4","MQTT","70","Connect Ack"
"1192845","6441.038739426","192.168.15.3","192.168.15.4","MQTT","70","Publish Ack (id=6355)"
"1192847","6441.039092793","192.168.15.4","192.168.15.3","MQTT","68","Disconnect Req"
"1193905","6442.043393364","192.168.15.4","192.168.15.3","MQTT","90","Connect Command"
"1193907","6442.046434039","192.168.15.4","192.168.15.3","MQTT","97","Publish Message (id=6356) [Deviceb'Device - 2']"
"1193908","6442.046889389","192.168.15.3","192.168.15.4","MQTT","70","Connect Ack"
"1193911","6442.049456429","192.168.15.3","192.168.15.4","MQTT","70","Publish Ack (id=6356)"
"1193913","6442.049815698","192.168.15.4","192.168.15.3","MQTT","68","Disconnect Req"
"1195248","6443.053659036","192.168.15.4","192.168.15.3","MQTT","90","Connect Command"
"1195301","6443.058817793","192.168.15.4","192.168.15.3","MQTT","97","Publish Message (id=6357) [Deviceb'Device - 2']"
"1195311","6443.059664723","192.168.15.3","192.168.15.4","MQTT","70","Connect Ack"
"1195319","6443.061625688","192.168.15.3","192.168.15.4","MQTT","70","Publish Ack (id=6357)"
"1195321","6443.062076891","192.168.15.4","192.168.15.3","MQTT","68","Disconnect Req"
"1196341","6444.066044664","192.168.15.4","192.168.15.3","MQTT","90","Connect Command"
"1196343","6444.068910259","192.168.15.4","192.168.15.3","MQTT","97","Publish Message (id=6358) [Deviceb'Device - 2']"
"1196345","6444.073224179","192.168.15.3","192.168.15.4","MQTT","70","Connect Ack"
"1196347","6444.075686972","192.168.15.3","192.168.15.4","MQTT","70","Publish Ack (id=6358)"
"1196349","6444.076378098","192.168.15.4","192.168.15.3","MQTT","68","Disconnect Req"
"1197624","6445.080479806","192.168.15.4","192.168.15.3","MQTT","90","Connect Command"
"1197626","6445.086020033","192.168.15.3","192.168.15.4","MQTT","70","Connect Ack"
"1197627","6445.086056733","192.168.15.4","192.168.15.3","MQTT","97","Publish Message (id=6359) [Deviceb'Device - 2']"
"1197630","6445.088799134","192.168.15.3","192.168.15.4","MQTT","70","Publish Ack (id=6359)"
"1197632","6445.089610347","192.168.15.4","192.168.15.3","MQTT","68","Disconnect Req"
"1198693","6446.093765637","192.168.15.4","192.168.15.3","MQTT","90","Connect Command"
"1198695","6446.096739435","192.168.15.4","192.168.15.3","MQTT","97","Publish Message (id=6360) [Deviceb'Device - 2']"
"1198696","6446.097141795","192.168.15.3","192.168.15.4","MQTT","70","Connect Ack"
"1198699","6446.099638994","192.168.15.3","192.168.15.4","MQTT","70","Publish Ack (id=6360)"
"1198701","6446.100308399","192.168.15.4","192.168.15.3","MQTT","68","Disconnect Req"
"1199963","6447.103673225","192.168.15.4","192.168.15.3","MQTT","90","Connect Command"
"1199965","6447.108651802","192.168.15.4","192.168.15.3","MQTT","97","Publish Message (id=6361) [Deviceb'Device - 2']"
"1199966","6447.109061216","192.168.15.3","192.168.15.4","MQTT","70","Connect Ack"
"1199969","6447.111482771","192.168.15.3","192.168.15.4","MQTT","70","Publish Ack (id=6361)"
"1199971","6447.111840227","192.168.15.4","192.168.15.3","MQTT","68","Disconnect Req"
"1201001","6448.115088614","192.168.15.4","192.168.15.3","MQTT","90","Connect Command"
"1201003","6448.118105134","192.168.15.4","192.168.15.3","MQTT","97","Publish Message (id=6362) [Deviceb'Device - 2']"
"1201004","6448.118529115","192.168.15.3","192.168.15.4","MQTT","70","Connect Ack"
"1201007","6448.121472246","192.168.15.3","192.168.15.4","MQTT","70","Publish Ack (id=6362)"
"1201009","6448.121896036","192.168.15.4","192.168.15.3","MQTT","68","Disconnect Req"
"1202269","6449.126249423","192.168.15.4","192.168.15.3","MQTT","90","Connect Command"
"1202271","6449.129130376","192.168.15.4","192.168.15.3","MQTT","97","Publish Message (id=6363) [Deviceb'Device - 2']"
"1202272","6449.129533819","192.168.15.3","192.168.15.4","MQTT","70","Connect Ack"
"1202275","6449.132052527","192.168.15.3","192.168.15.4","MQTT","70","Publish Ack (id=6363)"
"1202277","6449.133007251","192.168.15.4","192.168.15.3","MQTT","68","Disconnect Req"
"1203436","6450.136777437","192.168.15.4","192.168.15.3","MQTT","90","Connect Command"
"1203438","6450.139786262","192.168.15.4","192.168.15.3","MQTT","97","Publish Message (id=6364) [Deviceb'Device - 2']"
"1203439","6450.140179745","192.168.15.3","192.168.15.4","MQTT","70","Connect Ack"
"1203442","6450.142684438","192.168.15.3","192.168.15.4","MQTT","70","Publish Ack (id=6364)"
"1203444","6450.143027536","192.168.15.4","192.168.15.3","MQTT","68","Disconnect Req"
"1204771","6451.147283631","192.168.15.4","192.168.15.3","MQTT","90","Connect Command"
"1204773","6451.152167258","192.168.15.4","192.168.15.3","MQTT","97","Publish Message (id=6365) [Deviceb'Device - 2']"
"1204774","6451.152527408","192.168.15.3","192.168.15.4","MQTT","70","Connect Ack"
"1204777","6451.155140455","192.168.15.3","192.168.15.4","MQTT","70","Publish Ack (id=6365)"
"1204779","6451.155491178","192.168.15.4","192.168.15.3","MQTT","68","Disconnect Req"
"1205725","6452.159481661","192.168.15.4","192.168.15.3","MQTT","90","Connect Command"
"1205727","6452.162515444","192.168.15.4","192.168.15.3","MQTT","97","Publish Message (id=6366) [Deviceb'Device - 2']"
"1205728","6452.162904950","192.168.15.3","192.168.15.4","MQTT","70","Connect Ack"
"1205731","6452.165357894","192.168.15.3","192.168.15.4","MQTT","70","Publish Ack (id=6366)"
"1205733","6452.165793848","192.168.15.4","192.168.15.3","MQTT","68","Disconnect Req"
"1207146","6453.169719840","192.168.15.4","192.168.15.3","MQTT","90","Connect Command"
"1207148","6453.172721762","192.168.15.4","192.168.15.3","MQTT","97","Publish Message (id=6367) [Deviceb'Device - 2']"
"1207149","6453.173114003","192.168.15.3","192.168.15.4","MQTT","70","Connect Ack"
"1207188","6453.177680842","192.168.15.3","192.168.15.4","MQTT","70","Publish Ack (id=6367)"
"1207198","6453.178384712","192.168.15.4","192.168.15.3","MQTT","68","Disconnect Req"
"1208686","6454.185739374","192.168.15.4","192.168.15.3","MQTT","90","Connect Command"
"1208688","6454.188574971","192.168.15.4","192.168.15.3","MQTT","97","Publish Message (id=6368) [Deviceb'Device - 2']"
"1208690","6454.192897959","192.168.15.3","192.168.15.4","MQTT","70","Connect Ack"
"1208692","6454.195411539","192.168.15.3","192.168.15.4","MQTT","70","Publish Ack (id=6368)"
"1208694","6454.196061487","192.168.15.4","192.168.15.3","MQTT","68","Disconnect Req"
"1210134","6455.200387837","192.168.15.4","192.168.15.3","MQTT","90","Connect Command"
"1210136","6455.203254664","192.168.15.4","192.168.15.3","MQTT","97","Publish Message (id=6369) [Deviceb'Device - 2']"
"1210137","6455.203657715","192.168.15.3","192.168.15.4","MQTT","70","Connect Ack"
"1210173","6455.208298133","192.168.15.3","192.168.15.4","MQTT","70","Publish Ack (id=6369)"
"1210175","6455.208733616","192.168.15.4","192.168.15.3","MQTT","68","Disconnect Req"
"1211167","6456.212860401","192.168.15.4","192.168.15.3","MQTT","90","Connect Command"
"1211169","6456.215551996","192.168.15.4","192.168.15.3","MQTT","97","Publish Message (id=6370) [Deviceb'Device - 2']"
"1211170","6456.215936643","192.168.15.3","192.168.15.4","MQTT","70","Connect Ack"
"1211173","6456.218408774","192.168.15.3","192.168.15.4","MQTT","70","Publish Ack (id=6370)"
"1211175","6456.218836632","192.168.15.4","192.168.15.3","MQTT","68","Disconnect Req"
"1212578","6457.222569774","192.168.15.4","192.168.15.3","MQTT","90","Connect Command"
"1212580","6457.225620768","192.168.15.4","192.168.15.3","MQTT","97","Publish Message (id=6371) [Deviceb'Device - 2']"
"1212581","6457.226028829","192.168.15.3","192.168.15.4","MQTT","70","Connect Ack"
"1212585","6457.228645173","192.168.15.3","192.168.15.4","MQTT","70","Publish Ack (id=6371)"
"1212587","6457.229147883","192.168.15.4","192.168.15.3","MQTT","68","Disconnect Req"
"1213530","6458.233112072","192.168.15.4","192.168.15.3","MQTT","90","Connect Command"
"1213532","6458.236028102","192.168.15.4","192.168.15.3","MQTT","97","Publish Message (id=6372) [Deviceb'Device - 2']"
"1213533","6458.236437135","192.168.15.3","192.168.15.4","MQTT","70","Connect Ack"
"1213536","6458.238884929","192.168.15.3","192.168.15.4","MQTT","70","Publish Ack (id=6372)"
"1213538","6458.239290005","192.168.15.4","192.168.15.3","MQTT","68","Disconnect Req"
"1214937","6459.243132424","192.168.15.4","192.168.15.3","MQTT","90","Connect Command"
"1214939","6459.246077028","192.168.15.4","192.168.15.3","MQTT","97","Publish Message (id=6373) [Deviceb'Device - 2']"
"1214941","6459.250471822","192.168.15.3","192.168.15.4","MQTT","70","Connect Ack"
"1214943","6459.253078367","192.168.15.3","192.168.15.4","MQTT","70","Publish Ack (id=6373)"
"1214945","6459.253393031","192.168.15.4","192.168.15.3","MQTT","68","Disconnect Req"
"1215968","6460.257413008","192.168.15.4","192.168.15.3","MQTT","90","Connect Command"
"1215970","6460.260397026","192.168.15.4","192.168.15.3","MQTT","97","Publish Message (id=6374) [Deviceb'Device - 2']"
"1215971","6460.260875740","192.168.15.3","192.168.15.4","MQTT","70","Connect Ack"
"1215974","6460.263424626","192.168.15.3","192.168.15.4","MQTT","70","Publish Ack (id=6374)"
"1215976","6460.264023648","192.168.15.4","192.168.15.3","MQTT","68","Disconnect Req"
"1217405","6461.267858235","192.168.15.4","192.168.15.3","MQTT","90","Connect Command"
"1217407","6461.271405757","192.168.15.4","192.168.15.3","MQTT","97","Publish Message (id=6375) [Deviceb'Device - 2']"
"1217408","6461.271786066","192.168.15.3","192.168.15.4","MQTT","70","Connect Ack"
"1217411","6461.274536824","192.168.15.3","192.168.15.4","MQTT","70","Publish Ack (id=6375)"
"1217413","6461.275407559","192.168.15.4","192.168.15.3","MQTT","68","Disconnect Req"
"1218370","6462.279812364","192.168.15.4","192.168.15.3","MQTT","90","Connect Command"
"1218372","6462.282856836","192.168.15.4","192.168.15.3","MQTT","97","Publish Message (id=6376) [Deviceb'Device - 2']"
"1218373","6462.283226535","192.168.15.3","192.168.15.4","MQTT","70","Connect Ack"
"1218376","6462.285667687","192.168.15.3","192.168.15.4","MQTT","70","Publish Ack (id=6376)"
"1218378","6462.286093041","192.168.15.4","192.168.15.3","MQTT","68","Disconnect Req"
"1219793","6463.289461989","192.168.15.4","192.168.15.3","MQTT","90","Connect Command"
"1219795","6463.292465875","192.168.15.4","192.168.15.3","MQTT","97","Publish Message (id=6377) [Deviceb'Device - 2']"
"1219796","6463.292948397","192.168.15.3","192.168.15.4","MQTT","70","Connect Ack"
"1219801","6463.295391092","192.168.15.3","192.168.15.4","MQTT","70","Publish Ack (id=6377)"
"1219803","6463.295858556","192.168.15.4","192.168.15.3","MQTT","68","Disconnect Req"
"1220788","6464.299852927","192.168.15.4","192.168.15.3","MQTT","90","Connect Command"
"1220790","6464.302719794","192.168.15.4","192.168.15.3","MQTT","97","Publish Message (id=6378) [Deviceb'Device - 2']"
"1220792","6464.307032693","192.168.15.3","192.168.15.4","MQTT","70","Connect Ack"
"1220794","6464.309498050","192.168.15.3","192.168.15.4","MQTT","70","Publish Ack (id=6378)"
"1220796","6464.309796995","192.168.15.4","192.168.15.3","MQTT","68","Disconnect Req"
"1222170","6465.313486853","192.168.15.4","192.168.15.3","MQTT","90","Connect Command"
"1222172","6465.316462114","192.168.15.4","192.168.15.3","MQTT","97","Publish Message (id=6379) [Deviceb'Device - 2']"
"1222173","6465.316829458","192.168.15.3","192.168.15.4","MQTT","70","Connect Ack"
"1222176","6465.319842561","192.168.15.3","192.168.15.4","MQTT","70","Publish Ack (id=6379)"
"1222178","6465.320236015","192.168.15.4","192.168.15.3","MQTT","68","Disconnect Req"
"1222970","6466.324342720","192.168.15.4","192.168.15.3","MQTT","90","Connect Command"
"1222972","6466.327325496","192.168.15.4","192.168.15.3","MQTT","97","Publish Message (id=6380) [Deviceb'Device - 2']"
"1222973","6466.327793430","192.168.15.3","192.168.15.4","MQTT","70","Connect Ack"
"1222976","6466.330370489","192.168.15.3","192.168.15.4","MQTT","70","Publish Ack (id=6380)"
"1222978","6466.330764153","192.168.15.4","192.168.15.3","MQTT","68","Disconnect Req"
"1224311","6467.335292105","192.168.15.4","192.168.15.3","MQTT","90","Connect Command"
"1224313","6467.338322942","192.168.15.4","192.168.15.3","MQTT","97","Publish Message (id=6381) [Deviceb'Device - 2']"
"1224314","6467.338725833","192.168.15.3","192.168.15.4","MQTT","70","Connect Ack"
"1224317","6467.341184949","192.168.15.3","192.168.15.4","MQTT","70","Publish Ack (id=6381)"
"1224319","6467.341536584","192.168.15.4","192.168.15.3","MQTT","68","Disconnect Req"
"1225603","6468.345001669","192.168.15.4","192.168.15.3","MQTT","90","Connect Command"
"1225605","6468.347967723","192.168.15.4","192.168.15.3","MQTT","97","Publish Message (id=6382) [Deviceb'Device - 2']"
"1225606","6468.348355355","192.168.15.3","192.168.15.4","MQTT","70","Connect Ack"
"1225609","6468.350890745","192.168.15.3","192.168.15.4","MQTT","70","Publish Ack (id=6382)"
"1225611","6468.351349662","192.168.15.4","192.168.15.3","MQTT","68","Disconnect Req"
"1226875","6469.355456320","192.168.15.4","192.168.15.3","MQTT","90","Connect Command"
"1226877","6469.358128139","192.168.15.4","192.168.15.3","MQTT","97","Publish Message (id=6383) [Deviceb'Device - 2']"
"1226879","6469.362454183","192.168.15.3","192.168.15.4","MQTT","70","Connect Ack"
"1226881","6469.364914591","192.168.15.3","192.168.15.4","MQTT","70","Publish Ack (id=6383)"
"1226883","6469.365660651","192.168.15.4","192.168.15.3","MQTT","68","Disconnect Req"
"1228021","6470.369915019","192.168.15.4","192.168.15.3","MQTT","90","Connect Command"
"1228034","6470.372860163","192.168.15.4","192.168.15.3","MQTT","97","Publish Message (id=6384) [Deviceb'Device - 2']"
"1228036","6470.373294153","192.168.15.3","192.168.15.4","MQTT","70","Connect Ack"
"1228039","6470.375726178","192.168.15.3","192.168.15.4","MQTT","70","Publish Ack (id=6384)"
"1228041","6470.376434206","192.168.15.4","192.168.15.3","MQTT","68","Disconnect Req"
"1229378","6471.380798653","192.168.15.4","192.168.15.3","MQTT","90","Connect Command"
"1229380","6471.383726475","192.168.15.4","192.168.15.3","MQTT","97","Publish Message (id=6385) [Deviceb'Device - 2']"
"1229381","6471.384186965","192.168.15.3","192.168.15.4","MQTT","70","Connect Ack"
"1229384","6471.387140545","192.168.15.3","192.168.15.4","MQTT","70","Publish Ack (id=6385)"
"1229386","6471.387564657","192.168.15.4","192.168.15.3","MQTT","68","Disconnect Req"
"1230412","6472.391434269","192.168.15.4","192.168.15.3","MQTT","90","Connect Command"
"1230429","6472.394415001","192.168.15.4","192.168.15.3","MQTT","97","Publish Message (id=6386) [Deviceb'Device - 2']"
"1230430","6472.394861485","192.168.15.3","192.168.15.4","MQTT","70","Connect Ack"
"1230434","6472.397399861","192.168.15.3","192.168.15.4","MQTT","70","Publish Ack (id=6386)"
"1230436","6472.397755694","192.168.15.4","192.168.15.3","MQTT","68","Disconnect Req"
"1231685","6473.401328436","192.168.15.4","192.168.15.3","MQTT","90","Connect Command"
"1231687","6473.404382797","192.168.15.4","192.168.15.3","MQTT","97","Publish Message (id=6387) [Deviceb'Device - 2']"
"1231688","6473.404805345","192.168.15.3","192.168.15.4","MQTT","70","Connect Ack"
"1231691","6473.407232792","192.168.15.3","192.168.15.4","MQTT","70","Publish Ack (id=6387)"
"1231693","6473.407842624","192.168.15.4","192.168.15.3","MQTT","68","Disconnect Req"
"1232873","6474.411751502","192.168.15.4","192.168.15.3","MQTT","90","Connect Command"
"1232875","6474.414686799","192.168.15.4","192.168.15.3","MQTT","97","Publish Message (id=6388) [Deviceb'Device - 2']"
"1232877","6474.419036648","192.168.15.3","192.168.15.4","MQTT","70","Connect Ack"
"1232879","6474.421456660","192.168.15.3","192.168.15.4","MQTT","70","Publish Ack (id=6388)"
"1232881","6474.421896661","192.168.15.4","192.168.15.3","MQTT","68","Disconnect Req"
"1234023","6475.425283444","192.168.15.4","192.168.15.3","MQTT","90","Connect Command"
"1234025","6475.428298941","192.168.15.4","192.168.15.3","MQTT","97","Publish Message (id=6389) [Deviceb'Device - 2']"
"1234026","6475.428670413","192.168.15.3","192.168.15.4","MQTT","70","Connect Ack"
"1234029","6475.431183141","192.168.15.3","192.168.15.4","MQTT","70","Publish Ack (id=6389)"
"1234031","6475.431547650","192.168.15.4","192.168.15.3","MQTT","68","Disconnect Req"
"1235139","6476.435570104","192.168.15.4","192.168.15.3","MQTT","90","Connect Command"
"1235142","6476.438481255","192.168.15.4","192.168.15.3","MQTT","97","Publish Message (id=6390) [Deviceb'Device - 2']"
"1235143","6476.438928941","192.168.15.3","192.168.15.4","MQTT","70","Connect Ack"
"1235146","6476.441371546","192.168.15.3","192.168.15.4","MQTT","70","Publish Ack (id=6390)"
"1235148","6476.441706890","192.168.15.4","192.168.15.3","MQTT","68","Disconnect Req"
"1236476","6477.445407777","192.168.15.4","192.168.15.3","MQTT","90","Connect Command"
"1236478","6477.448418376","192.168.15.4","192.168.15.3","MQTT","97","Publish Message (id=6391) [Deviceb'Device - 2']"
"1236479","6477.448832639","192.168.15.3","192.168.15.4","MQTT","70","Connect Ack"
"1236482","6477.451292797","192.168.15.3","192.168.15.4","MQTT","70","Publish Ack (id=6391)"
"1236484","6477.451997388","192.168.15.4","192.168.15.3","MQTT","68","Disconnect Req"
"1237772","6478.455963088","192.168.15.4","192.168.15.3","MQTT","90","Connect Command"
"1237774","6478.458883405","192.168.15.4","192.168.15.3","MQTT","97","Publish Message (id=6392) [Deviceb'Device - 2']"
"1237775","6478.459310793","192.168.15.3","192.168.15.4","MQTT","70","Connect Ack"
"1237778","6478.461697813","192.168.15.3","192.168.15.4","MQTT","70","Publish Ack (id=6392)"
"1237780","6478.462492615","192.168.15.4","192.168.15.3","MQTT","68","Disconnect Req"
"1238935","6479.466633376","192.168.15.4","192.168.15.3","MQTT","90","Connect Command"
"1238937","6479.469536771","192.168.15.4","192.168.15.3","MQTT","97","Publish Message (id=6393) [Deviceb'Device - 2']"
"1238939","6479.473852145","192.168.15.3","192.168.15.4","MQTT","70","Connect Ack"
"1238941","6479.476346437","192.168.15.3","192.168.15.4","MQTT","70","Publish Ack (id=6393)"
"1238943","6479.477049566","192.168.15.4","192.168.15.3","MQTT","68","Disconnect Req"
"1240082","6480.481302239","192.168.15.4","192.168.15.3","MQTT","90","Connect Command"
"1240084","6480.484152084","192.168.15.4","192.168.15.3","MQTT","97","Publish Message (id=6394) [Deviceb'Device - 2']"
"1240085","6480.484576486","192.168.15.3","192.168.15.4","MQTT","70","Connect Ack"
"1240088","6480.487065940","192.168.15.3","192.168.15.4","MQTT","70","Publish Ack (id=6394)"
"1240090","6480.487542680","192.168.15.4","192.168.15.3","MQTT","68","Disconnect Req"
"1241417","6481.491406630","192.168.15.4","192.168.15.3","MQTT","90","Connect Command"
"1241419","6481.494439931","192.168.15.4","192.168.15.3","MQTT","97","Publish Message (id=6395) [Deviceb'Device - 2']"
"1241420","6481.494852951","192.168.15.3","192.168.15.4","MQTT","70","Connect Ack"
"1241423","6481.497370688","192.168.15.3","192.168.15.4","MQTT","70","Publish Ack (id=6395)"
"1241425","6481.497879951","192.168.15.4","192.168.15.3","MQTT","68","Disconnect Req"
"1242650","6482.502708554","192.168.15.4","192.168.15.3","MQTT","90","Connect Command"
"1242652","6482.505533441","192.168.15.4","192.168.15.3","MQTT","97","Publish Message (id=6396) [Deviceb'Device - 2']"
"1242653","6482.505960348","192.168.15.3","192.168.15.4","MQTT","70","Connect Ack"
"1242656","6482.508531155","192.168.15.3","192.168.15.4","MQTT","70","Publish Ack (id=6396)"
"1242658","6482.509038865","192.168.15.4","192.168.15.3","MQTT","68","Disconnect Req"
"1243935","6483.514057677","192.168.15.4","192.168.15.3","MQTT","90","Connect Command"
"1243957","6483.518843550","192.168.15.4","192.168.15.3","MQTT","97","Publish Message (id=6397) [Deviceb'Device - 2']"
"1243958","6483.519245309","192.168.15.3","192.168.15.4","MQTT","70","Connect Ack"
"1243961","6483.521813161","192.168.15.3","192.168.15.4","MQTT","70","Publish Ack (id=6397)"
"1243963","6483.522211143","192.168.15.4","192.168.15.3","MQTT","68","Disconnect Req"
"1245093","6484.525974726","192.168.15.4","192.168.15.3","MQTT","90","Connect Command"
"1245095","6484.528985184","192.168.15.4","192.168.15.3","MQTT","97","Publish Message (id=6398) [Deviceb'Device - 2']"
"1245096","6484.529548989","192.168.15.3","192.168.15.4","MQTT","70","Connect Ack"
"1245099","6484.531929557","192.168.15.3","192.168.15.4","MQTT","70","Publish Ack (id=6398)"
"1245101","6484.532313512","192.168.15.4","192.168.15.3","MQTT","68","Disconnect Req"
"1246202","6485.536243961","192.168.15.4","192.168.15.3","MQTT","90","Connect Command"
"1246204","6485.539243007","192.168.15.4","192.168.15.3","MQTT","97","Publish Message (id=6399) [Deviceb'Device - 2']"
"1246205","6485.539620029","192.168.15.3","192.168.15.4","MQTT","70","Connect Ack"
"1246208","6485.542194694","192.168.15.3","192.168.15.4","MQTT","70","Publish Ack (id=6399)"
"1246210","6485.542968516","192.168.15.4","192.168.15.3","MQTT","68","Disconnect Req"
"1247361","6486.557158901","192.168.15.4","192.168.15.3","MQTT","90","Connect Command"
"1247493","6486.567638382","192.168.15.4","192.168.15.3","MQTT","97","Publish Message (id=6400) [Deviceb'Device - 2']"
"1247494","6486.567647900","192.168.15.3","192.168.15.4","MQTT","70","Connect Ack"
"1247498","6486.570518183","192.168.15.3","192.168.15.4","MQTT","70","Publish Ack (id=6400)"
"1247500","6486.570837627","192.168.15.4","192.168.15.3","MQTT","68","Disconnect Req"
"1248634","6487.574703444","192.168.15.4","192.168.15.3","MQTT","90","Connect Command"
"1248636","6487.579650952","192.168.15.4","192.168.15.3","MQTT","97","Publish Message (id=6401) [Deviceb'Device - 2']"
"1248637","6487.580064784","192.168.15.3","192.168.15.4","MQTT","70","Connect Ack"
"1248640","6487.582634169","192.168.15.3","192.168.15.4","MQTT","70","Publish Ack (id=6401)"
"1248642","6487.583112633","192.168.15.4","192.168.15.3","MQTT","68","Disconnect Req"
"1249782","6488.587308325","192.168.15.4","192.168.15.3","MQTT","90","Connect Command"
"1249797","6488.592082125","192.168.15.4","192.168.15.3","MQTT","97","Publish Message (id=6402) [Deviceb'Device - 2']"
"1249807","6488.592914037","192.168.15.3","192.168.15.4","MQTT","70","Connect Ack"
"1249816","6488.594877727","192.168.15.3","192.168.15.4","MQTT","70","Publish Ack (id=6402)"
"1249818","6488.595631702","192.168.15.4","192.168.15.3","MQTT","68","Disconnect Req"
"1251062","6489.599512981","192.168.15.4","192.168.15.3","MQTT","90","Connect Command"
"1251064","6489.602927883","192.168.15.4","192.168.15.3","MQTT","97","Publish Message (id=6403) [Deviceb'Device - 2']"
"1251066","6489.606862778","192.168.15.3","192.168.15.4","MQTT","70","Connect Ack"
"1251068","6489.609270828","192.168.15.3","192.168.15.4","MQTT","70","Publish Ack (id=6403)"
"1251070","6489.609642360","192.168.15.4","192.168.15.3","MQTT","68","Disconnect Req"
"1252358","6490.613427588","192.168.15.4","192.168.15.3","MQTT","90","Connect Command"
"1252360","6490.616374105","192.168.15.4","192.168.15.3","MQTT","97","Publish Message (id=6404) [Deviceb'Device - 2']"
"1252361","6490.616777237","192.168.15.3","192.168.15.4","MQTT","70","Connect Ack"
"1252364","6490.619361339","192.168.15.3","192.168.15.4","MQTT","70","Publish Ack (id=6404)"
"1252373","6490.619990087","192.168.15.4","192.168.15.3","MQTT","68","Disconnect Req"
"1253380","6491.623950798","192.168.15.4","192.168.15.3","MQTT","90","Connect Command"
"1253382","6491.626996873","192.168.15.4","192.168.15.3","MQTT","97","Publish Message (id=6405) [Deviceb'Device - 2']"
"1253383","6491.627438989","192.168.15.3","192.168.15.4","MQTT","70","Connect Ack"
"1253386","6491.629679652","192.168.15.3","192.168.15.4","MQTT","70","Publish Ack (id=6405)"
"1253388","6491.630013082","192.168.15.4","192.168.15.3","MQTT","68","Disconnect Req"
"1254586","6492.634338793","192.168.15.4","192.168.15.3","MQTT","90","Connect Command"
"1254588","6492.637255524","192.168.15.4","192.168.15.3","MQTT","97","Publish Message (id=6406) [Deviceb'Device - 2']"
"1254589","6492.637690376","192.168.15.3","192.168.15.4","MQTT","70","Connect Ack"
"1254592","6492.639932372","192.168.15.3","192.168.15.4","MQTT","70","Publish Ack (id=6406)"
"1254594","6492.640198114","192.168.15.4","192.168.15.3","MQTT","68","Disconnect Req"
"1255734","6493.644399842","192.168.15.4","192.168.15.3","MQTT","90","Connect Command"
"1255736","6493.647324478","192.168.15.4","192.168.15.3","MQTT","97","Publish Message (id=6407) [Deviceb'Device - 2']"
"1255737","6493.647743009","192.168.15.3","192.168.15.4","MQTT","70","Connect Ack"
"1255740","6493.650009661","192.168.15.3","192.168.15.4","MQTT","70","Publish Ack (id=6407)"
"1255742","6493.650692622","192.168.15.4","192.168.15.3","MQTT","68","Disconnect Req"
"1257309","6494.654687950","192.168.15.4","192.168.15.3","MQTT","90","Connect Command"
"1257311","6494.657764794","192.168.15.4","192.168.15.3","MQTT","97","Publish Message (id=6408) [Deviceb'Device - 2']"
"1257313","6494.661930595","192.168.15.3","192.168.15.4","MQTT","70","Connect Ack"
"1257315","6494.664360326","192.168.15.3","192.168.15.4","MQTT","70","Publish Ack (id=6408)"
"1257317","6494.664625046","192.168.15.4","192.168.15.3","MQTT","68","Disconnect Req"
"1258290","6495.668766041","192.168.15.4","192.168.15.3","MQTT","90","Connect Command"
"1258292","6495.671517239","192.168.15.4","192.168.15.3","MQTT","97","Publish Message (id=6409) [Deviceb'Device - 2']"
"1258293","6495.671908678","192.168.15.3","192.168.15.4","MQTT","70","Connect Ack"
"1258296","6495.674743094","192.168.15.3","192.168.15.4","MQTT","70","Publish Ack (id=6409)"
"1258298","6495.675507428","192.168.15.4","192.168.15.3","MQTT","68","Disconnect Req"
"1259699","6496.680209744","192.168.15.4","192.168.15.3","MQTT","90","Connect Command"
"1259701","6496.684914173","192.168.15.4","192.168.15.3","MQTT","97","Publish Message (id=6410) [Deviceb'Device - 2']"
"1259702","6496.685367289","192.168.15.3","192.168.15.4","MQTT","70","Connect Ack"
"1259705","6496.687559190","192.168.15.3","192.168.15.4","MQTT","70","Publish Ack (id=6410)"
"1259707","6496.688021033","192.168.15.4","192.168.15.3","MQTT","68","Disconnect Req"
"1260645","6497.691924531","192.168.15.4","192.168.15.3","MQTT","90","Connect Command"
"1260647","6497.694932755","192.168.15.4","192.168.15.3","MQTT","97","Publish Message (id=6411) [Deviceb'Device - 2']"
"1260648","6497.695364440","192.168.15.3","192.168.15.4","MQTT","70","Connect Ack"
"1260651","6497.697639038","192.168.15.3","192.168.15.4","MQTT","70","Publish Ack (id=6411)"
"1260653","6497.698432738","192.168.15.4","192.168.15.3","MQTT","68","Disconnect Req"
"1261972","6498.702556191","192.168.15.4","192.168.15.3","MQTT","90","Connect Command"
"1262003","6498.706539688","192.168.15.4","192.168.15.3","MQTT","97","Publish Message (id=6412) [Deviceb'Device - 2']"
"1262004","6498.706551209","192.168.15.3","192.168.15.4","MQTT","70","Connect Ack"
"1262008","6498.709387769","192.168.15.3","192.168.15.4","MQTT","70","Publish Ack (id=6412)"
"1262010","6498.709850093","192.168.15.4","192.168.15.3","MQTT","68","Disconnect Req"
"1262963","6499.713588841","192.168.15.4","192.168.15.3","MQTT","90","Connect Command"
"1262965","6499.716625498","192.168.15.4","192.168.15.3","MQTT","97","Publish Message (id=6413) [Deviceb'Device - 2']"
"1262967","6499.720872402","192.168.15.3","192.168.15.4","MQTT","70","Connect Ack"
"1262969","6499.723391402","192.168.15.3","192.168.15.4","MQTT","70","Publish Ack (id=6413)"
"1262971","6499.723649790","192.168.15.4","192.168.15.3","MQTT","68","Disconnect Req"
"1264320","6500.727251941","192.168.15.4","192.168.15.3","MQTT","90","Connect Command"
"1264370","6500.731820232","192.168.15.4","192.168.15.3","MQTT","97","Publish Message (id=6414) [Deviceb'Device - 2']"
"1264371","6500.731828027","192.168.15.3","192.168.15.4","MQTT","70","Connect Ack"
"1264375","6500.734356555","192.168.15.3","192.168.15.4","MQTT","70","Publish Ack (id=6414)"
"1264377","6500.735115048","192.168.15.4","192.168.15.3","MQTT","68","Disconnect Req"
"1265549","6501.739591120","192.168.15.4","192.168.15.3","MQTT","90","Connect Command"
"1265551","6501.742517038","192.168.15.4","192.168.15.3","MQTT","97","Publish Message (id=6415) [Deviceb'Device - 2']"
"1265552","6501.742902957","192.168.15.3","192.168.15.4","MQTT","70","Connect Ack"
"1265555","6501.745890633","192.168.15.3","192.168.15.4","MQTT","70","Publish Ack (id=6415)"
"1265557","6501.746556290","192.168.15.4","192.168.15.3","MQTT","68","Disconnect Req"
"1266896","6502.750856802","192.168.15.4","192.168.15.3","MQTT","90","Connect Command"
"1266898","6502.753781628","192.168.15.4","192.168.15.3","MQTT","97","Publish Message (id=6416) [Deviceb'Device - 2']"
"1266899","6502.754175593","192.168.15.3","192.168.15.4","MQTT","70","Connect Ack"
"1266902","6502.756443618","192.168.15.3","192.168.15.4","MQTT","70","Publish Ack (id=6416)"
"1266904","6502.756924517","192.168.15.4","192.168.15.3","MQTT","68","Disconnect Req"
"1267950","6503.761762955","192.168.15.4","192.168.15.3","MQTT","90","Connect Command"
"1267993","6503.765088429","192.168.15.4","192.168.15.3","MQTT","97","Publish Message (id=6417) [Deviceb'Device - 2']"
"1267995","6503.765110230","192.168.15.3","192.168.15.4","MQTT","70","Connect Ack"
"1267998","6503.767713138","192.168.15.3","192.168.15.4","MQTT","70","Publish Ack (id=6417)"
"1268000","6503.768204526","192.168.15.4","192.168.15.3","MQTT","68","Disconnect Req"
"1269426","6504.772228708","192.168.15.4","192.168.15.3","MQTT","90","Connect Command"
"1269428","6504.775711859","192.168.15.4","192.168.15.3","MQTT","97","Publish Message (id=6418) [Deviceb'Device - 2']"
"1269430","6504.779398856","192.168.15.3","192.168.15.4","MQTT","70","Connect Ack"
"1269432","6504.781837613","192.168.15.3","192.168.15.4","MQTT","70","Publish Ack (id=6418)"
"1269434","6504.782140566","192.168.15.4","192.168.15.3","MQTT","68","Disconnect Req"
"1270333","6505.785933160","192.168.15.4","192.168.15.3","MQTT","90","Connect Command"
"1270380","6505.790834802","192.168.15.4","192.168.15.3","MQTT","97","Publish Message (id=6419) [Deviceb'Device - 2']"
"1270385","6505.791036102","192.168.15.3","192.168.15.4","MQTT","70","Connect Ack"
"1270388","6505.794860468","192.168.15.3","192.168.15.4","MQTT","70","Publish Ack (id=6419)"
"1270390","6505.795320467","192.168.15.4","192.168.15.3","MQTT","68","Disconnect Req"
"1271606","6506.799577430","192.168.15.4","192.168.15.3","MQTT","90","Connect Command"
"1271610","6506.802543464","192.168.15.4","192.168.15.3","MQTT","97","Publish Message (id=6420) [Deviceb'Device - 2']"
"1271611","6506.802960201","192.168.15.3","192.168.15.4","MQTT","70","Connect Ack"
"1271670","6506.807326110","192.168.15.3","192.168.15.4","MQTT","70","Publish Ack (id=6420)"
"1271673","6506.807891218","192.168.15.4","192.168.15.3","MQTT","68","Disconnect Req"
"1272636","6507.811812497","192.168.15.4","192.168.15.3","MQTT","90","Connect Command"
"1272638","6507.816937260","192.168.15.4","192.168.15.3","MQTT","97","Publish Message (id=6421) [Deviceb'Device - 2']"
"1272639","6507.817285198","192.168.15.3","192.168.15.4","MQTT","70","Connect Ack"
"1272643","6507.819535610","192.168.15.3","192.168.15.4","MQTT","70","Publish Ack (id=6421)"
"1272645","6507.819990600","192.168.15.4","192.168.15.3","MQTT","68","Disconnect Req"
"1273931","6508.823896119","192.168.15.4","192.168.15.3","MQTT","90","Connect Command"
"1273933","6508.826821276","192.168.15.4","192.168.15.3","MQTT","97","Publish Message (id=6422) [Deviceb'Device - 2']"
"1273934","6508.827209890","192.168.15.3","192.168.15.4","MQTT","70","Connect Ack"
"1273937","6508.829692161","192.168.15.3","192.168.15.4","MQTT","70","Publish Ack (id=6422)"
"1273939","6508.830163110","192.168.15.4","192.168.15.3","MQTT","68","Disconnect Req"
"1275169","6509.834415587","192.168.15.4","192.168.15.3","MQTT","90","Connect Command"
"1275171","6509.837187935","192.168.15.4","192.168.15.3","MQTT","97","Publish Message (id=6423) [Deviceb'Device - 2']"
"1275173","6509.841406737","192.168.15.3","192.168.15.4","MQTT","70","Connect Ack"
"1275175","6509.843911670","192.168.15.3","192.168.15.4","MQTT","70","Publish Ack (id=6423)"
"1275177","6509.844293651","192.168.15.4","192.168.15.3","MQTT","68","Disconnect Req"
"1276462","6510.848649133","192.168.15.4","192.168.15.3","MQTT","90","Connect Command"
"1276464","6510.851624415","192.168.15.4","192.168.15.3","MQTT","97","Publish Message (id=6424) [Deviceb'Device - 2']"
"1276465","6510.851953957","192.168.15.3","192.168.15.4","MQTT","70","Connect Ack"
"1276468","6510.854392465","192.168.15.3","192.168.15.4","MQTT","70","Publish Ack (id=6424)"
"1276470","6510.855214638","192.168.15.4","192.168.15.3","MQTT","68","Disconnect Req"
"1277494","6511.858909122","192.168.15.4","192.168.15.3","MQTT","90","Connect Command"
"1277496","6511.861849978","192.168.15.4","192.168.15.3","MQTT","97","Publish Message (id=6425) [Deviceb'Device - 2']"
"1277497","6511.862299438","192.168.15.3","192.168.15.4","MQTT","70","Connect Ack"
"1277500","6511.864910501","192.168.15.3","192.168.15.4","MQTT","70","Publish Ack (id=6425)"
"1277502","6511.865694633","192.168.15.4","192.168.15.3","MQTT","68","Disconnect Req"
"1278914","6512.869493425","192.168.15.4","192.168.15.3","MQTT","90","Connect Command"
"1278916","6512.872484717","192.168.15.4","192.168.15.3","MQTT","97","Publish Message (id=6426) [Deviceb'Device - 2']"
"1278917","6512.872868933","192.168.15.3","192.168.15.4","MQTT","70","Connect Ack"
"1278920","6512.874974461","192.168.15.3","192.168.15.4","MQTT","70","Publish Ack (id=6426)"
"1278922","6512.875306268","192.168.15.4","192.168.15.3","MQTT","68","Disconnect Req"
"1279931","6513.878760599","192.168.15.4","192.168.15.3","MQTT","90","Connect Command"
"1279933","6513.882247658","192.168.15.4","192.168.15.3","MQTT","97","Publish Message (id=6427) [Deviceb'Device - 2']"
"1279934","6513.882588532","192.168.15.3","192.168.15.4","MQTT","70","Connect Ack"
"1279937","6513.885191651","192.168.15.3","192.168.15.4","MQTT","70","Publish Ack (id=6427)"
"1279939","6513.885910800","192.168.15.4","192.168.15.3","MQTT","68","Disconnect Req"
"1281207","6514.890058883","192.168.15.4","192.168.15.3","MQTT","90","Connect Command"
"1281209","6514.893043963","192.168.15.4","192.168.15.3","MQTT","97","Publish Message (id=6428) [Deviceb'Device - 2']"
"1281211","6514.897261842","192.168.15.3","192.168.15.4","MQTT","70","Connect Ack"
"1281213","6514.899743511","192.168.15.3","192.168.15.4","MQTT","70","Publish Ack (id=6428)"
"1281215","6514.900134761","192.168.15.4","192.168.15.3","MQTT","68","Disconnect Req"
"1282498","6515.904089399","192.168.15.4","192.168.15.3","MQTT","90","Connect Command"
"1282500","6515.907058719","192.168.15.4","192.168.15.3","MQTT","97","Publish Message (id=6429) [Deviceb'Device - 2']"
"1282501","6515.907431614","192.168.15.3","192.168.15.4","MQTT","70","Connect Ack"
"1282504","6515.910159047","192.168.15.3","192.168.15.4","MQTT","70","Publish Ack (id=6429)"
"1282506","6515.910735056","192.168.15.4","192.168.15.3","MQTT","68","Disconnect Req"
"1283788","6516.914323454","192.168.15.4","192.168.15.3","MQTT","90","Connect Command"
"1283790","6516.917370832","192.168.15.4","192.168.15.3","MQTT","97","Publish Message (id=6430) [Deviceb'Device - 2']"
"1283791","6516.917791366","192.168.15.3","192.168.15.4","MQTT","70","Connect Ack"
"1283794","6516.919979881","192.168.15.3","192.168.15.4","MQTT","70","Publish Ack (id=6430)"
"1283796","6516.920251715","192.168.15.4","192.168.15.3","MQTT","68","Disconnect Req"
"1284959","6517.925711378","192.168.15.4","192.168.15.3","MQTT","90","Connect Command"
"1284975","6517.930619903","192.168.15.4","192.168.15.3","MQTT","97","Publish Message (id=6431) [Deviceb'Device - 2']"
"1284976","6517.931061186","192.168.15.3","192.168.15.4","MQTT","70","Connect Ack"
"1284979","6517.933276462","192.168.15.3","192.168.15.4","MQTT","70","Publish Ack (id=6431)"
"1284981","6517.933754195","192.168.15.4","192.168.15.3","MQTT","68","Disconnect Req"
"1286171","6518.937339728","192.168.15.4","192.168.15.3","MQTT","90","Connect Command"
"1286173","6518.940335208","192.168.15.4","192.168.15.3","MQTT","97","Publish Message (id=6432) [Deviceb'Device - 2']"
"1286174","6518.940744591","192.168.15.3","192.168.15.4","MQTT","70","Connect Ack"
"1286177","6518.942892670","192.168.15.3","192.168.15.4","MQTT","70","Publish Ack (id=6432)"
"1286179","6518.943195603","192.168.15.4","192.168.15.3","MQTT","68","Disconnect Req"
"1287325","6519.946799802","192.168.15.4","192.168.15.3","MQTT","90","Connect Command"
"1287327","6519.949881305","192.168.15.4","192.168.15.3","MQTT","97","Publish Message (id=6433) [Deviceb'Device - 2']"
"1287329","6519.953997963","192.168.15.3","192.168.15.4","MQTT","70","Connect Ack"
"1287331","6519.956439586","192.168.15.3","192.168.15.4","MQTT","70","Publish Ack (id=6433)"
"1287333","6519.956754181","192.168.15.4","192.168.15.3","MQTT","68","Disconnect Req"
"1288536","6520.960498425","192.168.15.4","192.168.15.3","MQTT","90","Connect Command"
"1288538","6520.963520105","192.168.15.4","192.168.15.3","MQTT","97","Publish Message (id=6434) [Deviceb'Device - 2']"
"1288539","6520.963857061","192.168.15.3","192.168.15.4","MQTT","70","Connect Ack"
"1288542","6520.966615012","192.168.15.3","192.168.15.4","MQTT","70","Publish Ack (id=6434)"
"1288544","6520.967156866","192.168.15.4","192.168.15.3","MQTT","68","Disconnect Req"
"1289721","6521.972199936","192.168.15.4","192.168.15.3","MQTT","90","Connect Command"
"1289726","6521.975227436","192.168.15.4","192.168.15.3","MQTT","97","Publish Message (id=6435) [Deviceb'Device - 2']"
"1289727","6521.975657419","192.168.15.3","192.168.15.4","MQTT","70","Connect Ack"
"1289782","6521.980231281","192.168.15.3","192.168.15.4","MQTT","70","Publish Ack (id=6435)"
"1289785","6521.980696500","192.168.15.4","192.168.15.3","MQTT","68","Disconnect Req"
"1290858","6522.985332882","192.168.15.4","192.168.15.3","MQTT","90","Connect Command"
"1290860","6522.990128894","192.168.15.4","192.168.15.3","MQTT","97","Publish Message (id=6436) [Deviceb'Device - 2']"
"1290861","6522.990493743","192.168.15.3","192.168.15.4","MQTT","70","Connect Ack"
"1290864","6522.992726242","192.168.15.3","192.168.15.4","MQTT","70","Publish Ack (id=6436)"
"1290866","6522.993128321","192.168.15.4","192.168.15.3","MQTT","68","Disconnect Req"
"1292278","6523.997167706","192.168.15.4","192.168.15.3","MQTT","90","Connect Command"
"1292280","6524.000849172","192.168.15.4","192.168.15.3","MQTT","97","Publish Message (id=6437) [Deviceb'Device - 2']"
"1292281","6524.000863669","192.168.15.3","192.168.15.4","MQTT","70","Connect Ack"
"1292316","6524.005398488","192.168.15.3","192.168.15.4","MQTT","70","Publish Ack (id=6437)"
"1292329","6524.006274904","192.168.15.4","192.168.15.3","MQTT","68","Disconnect Req"
"1293439","6525.010375545","192.168.15.4","192.168.15.3","MQTT","90","Connect Command"
"1293441","6525.013385222","192.168.15.4","192.168.15.3","MQTT","97","Publish Message (id=6438) [Deviceb'Device - 2']"
"1293443","6525.017590307","192.168.15.3","192.168.15.4","MQTT","70","Connect Ack"
"1293445","6525.020022162","192.168.15.3","192.168.15.4","MQTT","70","Publish Ack (id=6438)"
"1293447","6525.020633918","192.168.15.4","192.168.15.3","MQTT","68","Disconnect Req"
"1294487","6526.024166877","192.168.15.4","192.168.15.3","MQTT","90","Connect Command"
"1294489","6526.027182014","192.168.15.4","192.168.15.3","MQTT","97","Publish Message (id=6439) [Deviceb'Device - 2']"
"1294490","6526.027578553","192.168.15.3","192.168.15.4","MQTT","70","Connect Ack"
"1294493","6526.029875203","192.168.15.3","192.168.15.4","MQTT","70","Publish Ack (id=6439)"
"1294495","6526.030168227","192.168.15.4","192.168.15.3","MQTT","68","Disconnect Req"
"1295823","6527.034668725","192.168.15.4","192.168.15.3","MQTT","90","Connect Command"
"1295852","6527.038869342","192.168.15.4","192.168.15.3","MQTT","97","Publish Message (id=6440) [Deviceb'Device - 2']"
"1295864","6527.039671097","192.168.15.3","192.168.15.4","MQTT","70","Connect Ack"
"1295867","6527.041787616","192.168.15.3","192.168.15.4","MQTT","70","Publish Ack (id=6440)"
"1295869","6527.042290095","192.168.15.4","192.168.15.3","MQTT","68","Disconnect Req"
"1296985","6528.046263589","192.168.15.4","192.168.15.3","MQTT","90","Connect Command"
"1296987","6528.049334892","192.168.15.4","192.168.15.3","MQTT","97","Publish Message (id=6441) [Deviceb'Device - 2']"
"1296988","6528.049739997","192.168.15.3","192.168.15.4","MQTT","70","Connect Ack"
"1296991","6528.052314852","192.168.15.3","192.168.15.4","MQTT","70","Publish Ack (id=6441)"
"1296993","6528.053168215","192.168.15.4","192.168.15.3","MQTT","68","Disconnect Req"
"1298062","6529.057746622","192.168.15.4","192.168.15.3","MQTT","90","Connect Command"
"1298064","6529.060763272","192.168.15.4","192.168.15.3","MQTT","97","Publish Message (id=6442) [Deviceb'Device - 2']"
"1298065","6529.061168247","192.168.15.3","192.168.15.4","MQTT","70","Connect Ack"
"1298068","6529.063398360","192.168.15.3","192.168.15.4","MQTT","70","Publish Ack (id=6442)"
"1298070","6529.063771606","192.168.15.4","192.168.15.3","MQTT","68","Disconnect Req"
"1299237","6530.068341939","192.168.15.4","192.168.15.3","MQTT","90","Connect Command"
"1299239","6530.073110579","192.168.15.4","192.168.15.3","MQTT","97","Publish Message (id=6443) [Deviceb'Device - 2']"
"1299241","6530.077176541","192.168.15.3","192.168.15.4","MQTT","70","Connect Ack"
"1299243","6530.079781894","192.168.15.3","192.168.15.4","MQTT","70","Publish Ack (id=6443)"
"1299245","6530.080239148","192.168.15.4","192.168.15.3","MQTT","68","Disconnect Req"
"1300900","6531.088611395","192.168.15.4","192.168.15.3","MQTT","90","Connect Command"
"1300902","6531.091164319","192.168.15.4","192.168.15.3","MQTT","97","Publish Message (id=6444) [Deviceb'Device - 2']"
"1300903","6531.091504652","192.168.15.3","192.168.15.4","MQTT","70","Connect Ack"
"1300906","6531.093750185","192.168.15.3","192.168.15.4","MQTT","70","Publish Ack (id=6444)"
"1300908","6531.096467419","192.168.15.4","192.168.15.3","MQTT","68","Disconnect Req"
"1302064","6532.100088429","192.168.15.4","192.168.15.3","MQTT","90","Connect Command"
"1302066","6532.103039325","192.168.15.4","192.168.15.3","MQTT","97","Publish Message (id=6445) [Deviceb'Device - 2']"
"1302067","6532.103379127","192.168.15.3","192.168.15.4","MQTT","70","Connect Ack"
"1302074","6532.105570007","192.168.15.3","192.168.15.4","MQTT","70","Publish Ack (id=6445)"
"1302076","6532.106202532","192.168.15.4","192.168.15.3","MQTT","68","Disconnect Req"
"1302882","6533.110477759","192.168.15.4","192.168.15.3","MQTT","90","Connect Command"
"1302935","6533.115631938","192.168.15.4","192.168.15.3","MQTT","97","Publish Message (id=6446) [Deviceb'Device - 2']"
"1302950","6533.116732948","192.168.15.3","192.168.15.4","MQTT","70","Connect Ack"
"1302954","6533.118510637","192.168.15.3","192.168.15.4","MQTT","70","Publish Ack (id=6446)"
"1302956","6533.119213315","192.168.15.4","192.168.15.3","MQTT","68","Disconnect Req"
"1303900","6534.123491097","192.168.15.4","192.168.15.3","MQTT","90","Connect Command"
"1303902","6534.126449988","192.168.15.4","192.168.15.3","MQTT","97","Publish Message (id=6447) [Deviceb'Device - 2']"
"1303903","6534.126836679","192.168.15.3","192.168.15.4","MQTT","70","Connect Ack"
"1303906","6534.129126455","192.168.15.3","192.168.15.4","MQTT","70","Publish Ack (id=6447)"
"1303908","6534.129721710","192.168.15.4","192.168.15.3","MQTT","68","Disconnect Req"
"1305193","6535.134003331","192.168.15.4","192.168.15.3","MQTT","90","Connect Command"
"1305195","6535.137036201","192.168.15.4","192.168.15.3","MQTT","97","Publish Message (id=6448) [Deviceb'Device - 2']"
"1305197","6535.141284278","192.168.15.3","192.168.15.4","MQTT","70","Connect Ack"
"1305199","6535.143848303","192.168.15.3","192.168.15.4","MQTT","70","Publish Ack (id=6448)"
"1305201","6535.144506015","192.168.15.4","192.168.15.3","MQTT","68","Disconnect Req"
"1306837","6536.148549477","192.168.15.4","192.168.15.3","MQTT","90","Connect Command"
"1306839","6536.151497848","192.168.15.4","192.168.15.3","MQTT","97","Publish Message (id=6449) [Deviceb'Device - 2']"
"1306840","6536.151892954","192.168.15.3","192.168.15.4","MQTT","70","Connect Ack"
"1306843","6536.154559813","192.168.15.3","192.168.15.4","MQTT","70","Publish Ack (id=6449)"
"1306845","6536.155055940","192.168.15.4","192.168.15.3","MQTT","68","Disconnect Req"
"1308112","6537.158344957","192.168.15.4","192.168.15.3","MQTT","90","Connect Command"
"1308114","6537.161361156","192.168.15.4","192.168.15.3","MQTT","97","Publish Message (id=6450) [Deviceb'Device - 2']"
"1308115","6537.161712049","192.168.15.3","192.168.15.4","MQTT","70","Connect Ack"
"1308120","6537.164354262","192.168.15.3","192.168.15.4","MQTT","70","Publish Ack (id=6450)"
"1308122","6537.164855248","192.168.15.4","192.168.15.3","MQTT","68","Disconnect Req"
"1308977","6538.168994092","192.168.15.4","192.168.15.3","MQTT","90","Connect Command"
"1308979","6538.172003117","192.168.15.4","192.168.15.3","MQTT","97","Publish Message (id=6451) [Deviceb'Device - 2']"
"1308984","6538.172699583","192.168.15.3","192.168.15.4","MQTT","70","Connect Ack"
"1309028","6538.175700173","192.168.15.3","192.168.15.4","MQTT","70","Publish Ack (id=6451)"
"1309030","6538.176267935","192.168.15.4","192.168.15.3","MQTT","68","Disconnect Req"
"1310216","6539.179937083","192.168.15.4","192.168.15.3","MQTT","90","Connect Command"
"1310218","6539.182899350","192.168.15.4","192.168.15.3","MQTT","97","Publish Message (id=6452) [Deviceb'Device - 2']"
"1310219","6539.183264580","192.168.15.3","192.168.15.4","MQTT","70","Connect Ack"
"1310222","6539.185572521","192.168.15.3","192.168.15.4","MQTT","70","Publish Ack (id=6452)"
"1310224","6539.185972687","192.168.15.4","192.168.15.3","MQTT","68","Disconnect Req"
"1311365","6540.190544089","192.168.15.4","192.168.15.3","MQTT","90","Connect Command"
"1311367","6540.193433117","192.168.15.4","192.168.15.3","MQTT","97","Publish Message (id=6453) [Deviceb'Device - 2']"
"1311369","6540.197740165","192.168.15.3","192.168.15.4","MQTT","70","Connect Ack"
"1311371","6540.200275626","192.168.15.3","192.168.15.4","MQTT","70","Publish Ack (id=6453)"
"1311373","6540.201039349","192.168.15.4","192.168.15.3","MQTT","68","Disconnect Req"
"1312567","6541.205277002","192.168.15.4","192.168.15.3","MQTT","90","Connect Command"
"1312569","6541.208341141","192.168.15.4","192.168.15.3","MQTT","97","Publish Message (id=6454) [Deviceb'Device - 2']"
"1312570","6541.208716681","192.168.15.3","192.168.15.4","MQTT","70","Connect Ack"
"1312573","6541.210858898","192.168.15.3","192.168.15.4","MQTT","70","Publish Ack (id=6454)"
"1312575","6541.211593677","192.168.15.4","192.168.15.3","MQTT","68","Disconnect Req"
"1313745","6542.215232849","192.168.15.4","192.168.15.3","MQTT","90","Connect Command"
"1313747","6542.218196008","192.168.15.4","192.168.15.3","MQTT","97","Publish Message (id=6455) [Deviceb'Device - 2']"
"1313748","6542.218616272","192.168.15.3","192.168.15.4","MQTT","70","Connect Ack"
"1313751","6542.221232465","192.168.15.3","192.168.15.4","MQTT","70","Publish Ack (id=6455)"
"1313753","6542.221923210","192.168.15.4","192.168.15.3","MQTT","68","Disconnect Req"
"1315167","6543.225837022","192.168.15.4","192.168.15.3","MQTT","90","Connect Command"
"1315169","6543.228822593","192.168.15.4","192.168.15.3","MQTT","97","Publish Message (id=6456) [Deviceb'Device - 2']"
"1315170","6543.229179087","192.168.15.3","192.168.15.4","MQTT","70","Connect Ack"
"1315205","6543.231850354","192.168.15.3","192.168.15.4","MQTT","70","Publish Ack (id=6456)"
"1315207","6543.232350169","192.168.15.4","192.168.15.3","MQTT","68","Disconnect Req"
"1316404","6544.237278127","192.168.15.4","192.168.15.3","MQTT","90","Connect Command"
"1316449","6544.241070723","192.168.15.4","192.168.15.3","MQTT","97","Publish Message (id=6457) [Deviceb'Device - 2']"
"1316450","6544.241079039","192.168.15.3","192.168.15.4","MQTT","70","Connect Ack"
"1316454","6544.243553975","192.168.15.3","192.168.15.4","MQTT","70","Publish Ack (id=6457)"
"1316456","6544.244346273","192.168.15.4","192.168.15.3","MQTT","68","Disconnect Req"
"1317799","6545.248459042","192.168.15.4","192.168.15.3","MQTT","90","Connect Command"
"1317801","6545.251386623","192.168.15.4","192.168.15.3","MQTT","97","Publish Message (id=6458) [Deviceb'Device - 2']"
"1317803","6545.255584435","192.168.15.3","192.168.15.4","MQTT","70","Connect Ack"
"1317805","6545.258201310","192.168.15.3","192.168.15.4","MQTT","70","Publish Ack (id=6458)"
"1317807","6545.258759234","192.168.15.4","192.168.15.3","MQTT","68","Disconnect Req"
"1318461","6546.262781283","192.168.15.4","192.168.15.3","MQTT","90","Connect Command"
"1318463","6546.265644903","192.168.15.4","192.168.15.3","MQTT","97","Publish Message (id=6459) [Deviceb'Device - 2']"
"1318464","6546.266039088","192.168.15.3","192.168.15.4","MQTT","70","Connect Ack"
"1318467","6546.268338823","192.168.15.3","192.168.15.4","MQTT","70","Publish Ack (id=6459)"
"1318469","6546.268672013","192.168.15.4","192.168.15.3","MQTT","68","Disconnect Req"
"1319716","6547.272885665","192.168.15.4","192.168.15.3","MQTT","90","Connect Command"
"1319718","6547.275877067","192.168.15.4","192.168.15.3","MQTT","97","Publish Message (id=6460) [Deviceb'Device - 2']"
"1319719","6547.276219484","192.168.15.3","192.168.15.4","MQTT","70","Connect Ack"
"1319722","6547.278604230","192.168.15.3","192.168.15.4","MQTT","70","Publish Ack (id=6460)"
"1319724","6547.279174397","192.168.15.4","192.168.15.3","MQTT","68","Disconnect Req"
"1320811","6548.283077993","192.168.15.4","192.168.15.3","MQTT","90","Connect Command"
"1320814","6548.286111585","192.168.15.4","192.168.15.3","MQTT","97","Publish Message (id=6461) [Deviceb'Device - 2']"
"1320815","6548.287005003","192.168.15.3","192.168.15.4","MQTT","70","Connect Ack"
"1320818","6548.289716947","192.168.15.3","192.168.15.4","MQTT","70","Publish Ack (id=6461)"
"1320820","6548.290128766","192.168.15.4","192.168.15.3","MQTT","68","Disconnect Req"
"1322284","6549.294764836","192.168.15.4","192.168.15.3","MQTT","90","Connect Command"
"1322286","6549.298174940","192.168.15.4","192.168.15.3","MQTT","97","Publish Message (id=6462) [Deviceb'Device - 2']"
"1322287","6549.298191020","192.168.15.3","192.168.15.4","MQTT","70","Connect Ack"
"1322290","6549.301031046","192.168.15.3","192.168.15.4","MQTT","70","Publish Ack (id=6462)"
"1322292","6549.301382250","192.168.15.4","192.168.15.3","MQTT","68","Disconnect Req"
"1323128","6550.305193273","192.168.15.4","192.168.15.3","MQTT","90","Connect Command"
"1323130","6550.308076681","192.168.15.4","192.168.15.3","MQTT","97","Publish Message (id=6463) [Deviceb'Device - 2']"
"1323132","6550.312452900","192.168.15.3","192.168.15.4","MQTT","70","Connect Ack"
"1323134","6550.314924830","192.168.15.3","192.168.15.4","MQTT","70","Publish Ack (id=6463)"
"1323136","6550.315270373","192.168.15.4","192.168.15.3","MQTT","68","Disconnect Req"
"1324452","6551.319211663","192.168.15.4","192.168.15.3","MQTT","90","Connect Command"
"1324454","6551.322108917","192.168.15.4","192.168.15.3","MQTT","97","Publish Message (id=6464) [Deviceb'Device - 2']"
"1324455","6551.322526115","192.168.15.3","192.168.15.4","MQTT","70","Connect Ack"
"1324458","6551.325111500","192.168.15.3","192.168.15.4","MQTT","70","Publish Ack (id=6464)"
"1324460","6551.325505715","192.168.15.4","192.168.15.3","MQTT","68","Disconnect Req"
"1325715","6552.329080353","192.168.15.4","192.168.15.3","MQTT","90","Connect Command"
"1325717","6552.331985803","192.168.15.4","192.168.15.3","MQTT","97","Publish Message (id=6465) [Deviceb'Device - 2']"
"1325718","6552.332365891","192.168.15.3","192.168.15.4","MQTT","70","Connect Ack"
"1325721","6552.334957818","192.168.15.3","192.168.15.4","MQTT","70","Publish Ack (id=6465)"
"1325723","6552.336153758","192.168.15.4","192.168.15.3","MQTT","68","Disconnect Req"
"1326869","6553.339798389","192.168.15.4","192.168.15.3","MQTT","90","Connect Command"
"1326871","6553.342810821","192.168.15.4","192.168.15.3","MQTT","97","Publish Message (id=6466) [Deviceb'Device - 2']"
"1326872","6553.343207621","192.168.15.3","192.168.15.4","MQTT","70","Connect Ack"
"1326875","6553.345755144","192.168.15.3","192.168.15.4","MQTT","70","Publish Ack (id=6466)"
"1326877","6553.346191659","192.168.15.4","192.168.15.3","MQTT","68","Disconnect Req"
"1328163","6554.349965704","192.168.15.4","192.168.15.3","MQTT","90","Connect Command"
"1328165","6554.353499832","192.168.15.4","192.168.15.3","MQTT","97","Publish Message (id=6467) [Deviceb'Device - 2']"
"1328166","6554.353771976","192.168.15.3","192.168.15.4","MQTT","70","Connect Ack"
"1328212","6554.357105034","192.168.15.3","192.168.15.4","MQTT","70","Publish Ack (id=6467)"
"1328214","6554.358067443","192.168.15.4","192.168.15.3","MQTT","68","Disconnect Req"
"1329498","6555.362066434","192.168.15.4","192.168.15.3","MQTT","90","Connect Command"
"1329500","6555.365024984","192.168.15.4","192.168.15.3","MQTT","97","Publish Message (id=6468) [Deviceb'Device - 2']"
"1329512","6555.366204934","192.168.15.3","192.168.15.4","MQTT","70","Connect Ack"
"1329536","6555.367920426","192.168.15.3","192.168.15.4","MQTT","70","Publish Ack (id=6468)"
"1329538","6555.368308308","192.168.15.4","192.168.15.3","MQTT","68","Disconnect Req"
"1330441","6556.372795323","192.168.15.4","192.168.15.3","MQTT","90","Connect Command"
"1330443","6556.376121037","192.168.15.4","192.168.15.3","MQTT","97","Publish Message (id=6469) [Deviceb'Device - 2']"
"1330444","6556.376135855","192.168.15.3","192.168.15.4","MQTT","70","Connect Ack"
"1330447","6556.379440980","192.168.15.3","192.168.15.4","MQTT","70","Publish Ack (id=6469)"
"1330449","6556.380172582","192.168.15.4","192.168.15.3","MQTT","68","Disconnect Req"
"1331887","6557.383931902","192.168.15.4","192.168.15.3","MQTT","90","Connect Command"
"1331889","6557.386915640","192.168.15.4","192.168.15.3","MQTT","97","Publish Message (id=6470) [Deviceb'Device - 2']"
"1331890","6557.387355601","192.168.15.3","192.168.15.4","MQTT","70","Connect Ack"
"1331893","6557.389851177","192.168.15.3","192.168.15.4","MQTT","70","Publish Ack (id=6470)"
"1331895","6557.390240352","192.168.15.4","192.168.15.3","MQTT","68","Disconnect Req"
"1332971","6558.394683745","192.168.15.4","192.168.15.3","MQTT","90","Connect Command"
"1332991","6558.399506528","192.168.15.4","192.168.15.3","MQTT","97","Publish Message (id=6471) [Deviceb'Device - 2']"
"1332992","6558.399904680","192.168.15.3","192.168.15.4","MQTT","70","Connect Ack"
"1332995","6558.402306719","192.168.15.3","192.168.15.4","MQTT","70","Publish Ack (id=6471)"
"1332997","6558.402642313","192.168.15.4","192.168.15.3","MQTT","68","Disconnect Req"
"1334374","6559.409007348","192.168.15.4","192.168.15.3","MQTT","90","Connect Command"
"1334458","6559.415193016","192.168.15.4","192.168.15.3","MQTT","97","Publish Message (id=6472) [Deviceb'Device - 2']"
"1334459","6559.415203215","192.168.15.3","192.168.15.4","MQTT","70","Connect Ack"
"1334462","6559.418053010","192.168.15.3","192.168.15.4","MQTT","70","Publish Ack (id=6472)"
"1334464","6559.418450441","192.168.15.4","192.168.15.3","MQTT","68","Disconnect Req"
"1335570","6560.422101459","192.168.15.4","192.168.15.3","MQTT","90","Connect Command"
"1335572","6560.425128909","192.168.15.4","192.168.15.3","MQTT","97","Publish Message (id=6473) [Deviceb'Device - 2']"
"1335574","6560.429495720","192.168.15.3","192.168.15.4","MQTT","70","Connect Ack"
"1335576","6560.431972380","192.168.15.3","192.168.15.4","MQTT","70","Publish Ack (id=6473)"
"1335578","6560.432320107","192.168.15.4","192.168.15.3","MQTT","68","Disconnect Req"
"1345258","6561.484968486","192.168.15.4","192.168.15.3","MQTT","90","Connect Command"
"1345843","6561.536017603","192.168.15.4","192.168.15.3","MQTT","97","Publish Message (id=6474) [Deviceb'Device - 2']"
"1345846","6561.536116961","192.168.15.3","192.168.15.4","MQTT","70","Connect Ack"
"1346453","6561.584978555","192.168.15.3","192.168.15.4","MQTT","70","Publish Ack (id=6474)"
"1346464","6561.585650835","192.168.15.4","192.168.15.3","MQTT","68","Disconnect Req"
"1353866","6562.672296663","192.168.15.4","192.168.15.3","MQTT","90","Connect Command"
"1354641","6562.745040012","192.168.15.4","192.168.15.3","MQTT","97","Publish Message (id=6475) [Deviceb'Device - 2']"
"1354642","6562.745050682","192.168.15.3","192.168.15.4","MQTT","70","Connect Ack"
"1355250","6562.795252027","192.168.15.3","192.168.15.4","MQTT","70","Publish Ack (id=6475)"
"1355258","6562.795739218","192.168.15.4","192.168.15.3","MQTT","68","Disconnect Req"
"1368178","6563.855620074","192.168.15.4","192.168.15.3","MQTT","90","Connect Command"
"1369089","6563.928909956","192.168.15.4","192.168.15.3","MQTT","97","Publish Message (id=6476) [Deviceb'Device - 2']"
"1369090","6563.928919814","192.168.15.3","192.168.15.4","MQTT","70","Connect Ack"
"1369886","6563.993538762","192.168.15.3","192.168.15.4","MQTT","70","Publish Ack (id=6476)"
"1369896","6563.994252020","192.168.15.4","192.168.15.3","MQTT","68","Disconnect Req"
"1372122","6564.998859187","192.168.15.4","192.168.15.3","MQTT","90","Connect Command"
"1372124","6565.001897498","192.168.15.4","192.168.15.3","MQTT","97","Publish Message (id=6477) [Deviceb'Device - 2']"
"1372125","6565.002312392","192.168.15.3","192.168.15.4","MQTT","70","Connect Ack"
"1372128","6565.004764856","192.168.15.3","192.168.15.4","MQTT","70","Publish Ack (id=6477)"
"1372130","6565.005137881","192.168.15.4","192.168.15.3","MQTT","68","Disconnect Req"
"1373284","6566.008900363","192.168.15.4","192.168.15.3","MQTT","90","Connect Command"
"1373286","6566.011812275","192.168.15.4","192.168.15.3","MQTT","97","Publish Message (id=6478) [Deviceb'Device - 2']"
"1373288","6566.016139201","192.168.15.3","192.168.15.4","MQTT","70","Connect Ack"
"1373290","6566.018588238","192.168.15.3","192.168.15.4","MQTT","70","Publish Ack (id=6478)"
"1373292","6566.019143908","192.168.15.4","192.168.15.3","MQTT","68","Disconnect Req"
"1374491","6567.023384995","192.168.15.4","192.168.15.3","MQTT","90","Connect Command"
"1374493","6567.026262112","192.168.15.4","192.168.15.3","MQTT","97","Publish Message (id=6479) [Deviceb'Device - 2']"
"1374494","6567.026632231","192.168.15.3","192.168.15.4","MQTT","70","Connect Ack"
"1374497","6567.030570242","192.168.15.3","192.168.15.4","MQTT","70","Publish Ack (id=6479)"
"1374499","6567.031273661","192.168.15.4","192.168.15.3","MQTT","68","Disconnect Req"
"1375573","6568.035483380","192.168.15.4","192.168.15.3","MQTT","90","Connect Command"
"1375575","6568.038390353","192.168.15.4","192.168.15.3","MQTT","97","Publish Message (id=6480) [Deviceb'Device - 2']"
"1375576","6568.038811819","192.168.15.3","192.168.15.4","MQTT","70","Connect Ack"
"1375579","6568.041483106","192.168.15.3","192.168.15.4","MQTT","70","Publish Ack (id=6480)"
"1375581","6568.042290833","192.168.15.4","192.168.15.3","MQTT","68","Disconnect Req"
"1376883","6569.046215594","192.168.15.4","192.168.15.3","MQTT","90","Connect Command"
"1376885","6569.049231642","192.168.15.4","192.168.15.3","MQTT","97","Publish Message (id=6481) [Deviceb'Device - 2']"
"1376886","6569.049650434","192.168.15.3","192.168.15.4","MQTT","70","Connect Ack"
"1376889","6569.052297936","192.168.15.3","192.168.15.4","MQTT","70","Publish Ack (id=6481)"
"1376891","6569.052736525","192.168.15.4","192.168.15.3","MQTT","68","Disconnect Req"
"1377944","6570.057160861","192.168.15.4","192.168.15.3","MQTT","90","Connect Command"
"1377946","6570.060032226","192.168.15.4","192.168.15.3","MQTT","97","Publish Message (id=6482) [Deviceb'Device - 2']"
"1377947","6570.060495862","192.168.15.3","192.168.15.4","MQTT","70","Connect Ack"
"1377950","6570.062912799","192.168.15.3","192.168.15.4","MQTT","70","Publish Ack (id=6482)"
"1377952","6570.063741124","192.168.15.4","192.168.15.3","MQTT","68","Disconnect Req"
"1379415","6571.067502387","192.168.15.4","192.168.15.3","MQTT","90","Connect Command"
"1379417","6571.071324680","192.168.15.4","192.168.15.3","MQTT","97","Publish Message (id=6483) [Deviceb'Device - 2']"
"1379419","6571.074850231","192.168.15.3","192.168.15.4","MQTT","70","Connect Ack"
"1379421","6571.077235899","192.168.15.3","192.168.15.4","MQTT","70","Publish Ack (id=6483)"
"1379423","6571.077665421","192.168.15.4","192.168.15.3","MQTT","68","Disconnect Req"
"1380465","6572.081940255","192.168.15.4","192.168.15.3","MQTT","90","Connect Command"
"1380470","6572.084748121","192.168.15.4","192.168.15.3","MQTT","97","Publish Message (id=6484) [Deviceb'Device - 2']"
"1380471","6572.085152134","192.168.15.3","192.168.15.4","MQTT","70","Connect Ack"
"1380474","6572.087637470","192.168.15.3","192.168.15.4","MQTT","70","Publish Ack (id=6484)"
"1380476","6572.088373281","192.168.15.4","192.168.15.3","MQTT","68","Disconnect Req"
"1381959","6573.092405357","192.168.15.4","192.168.15.3","MQTT","90","Connect Command"
"1381961","6573.095434460","192.168.15.4","192.168.15.3","MQTT","97","Publish Message (id=6485) [Deviceb'Device - 2']"
"1381962","6573.095914558","192.168.15.3","192.168.15.4","MQTT","70","Connect Ack"
"1381965","6573.098512737","192.168.15.3","192.168.15.4","MQTT","70","Publish Ack (id=6485)"
"1381967","6573.099050974","192.168.15.4","192.168.15.3","MQTT","68","Disconnect Req"
"1382984","6574.103347521","192.168.15.4","192.168.15.3","MQTT","90","Connect Command"
"1382986","6574.106264923","192.168.15.4","192.168.15.3","MQTT","97","Publish Message (id=6486) [Deviceb'Device - 2']"
"1382987","6574.106669879","192.168.15.3","192.168.15.4","MQTT","70","Connect Ack"
"1382990","6574.109072909","192.168.15.3","192.168.15.4","MQTT","70","Publish Ack (id=6486)"
"1382992","6574.109999841","192.168.15.4","192.168.15.3","MQTT","68","Disconnect Req"
"1384290","6575.114235052","192.168.15.4","192.168.15.3","MQTT","90","Connect Command"
"1384292","6575.119762637","192.168.15.4","192.168.15.3","MQTT","97","Publish Message (id=6487) [Deviceb'Device - 2']"
"1384293","6575.120017348","192.168.15.3","192.168.15.4","MQTT","70","Connect Ack"
"1384296","6575.122766984","192.168.15.3","192.168.15.4","MQTT","70","Publish Ack (id=6487)"
"1384298","6575.123252171","192.168.15.4","192.168.15.3","MQTT","68","Disconnect Req"
"1385449","6576.127132131","192.168.15.4","192.168.15.3","MQTT","90","Connect Command"
"1385451","6576.130150364","192.168.15.4","192.168.15.3","MQTT","97","Publish Message (id=6488) [Deviceb'Device - 2']"
"1385453","6576.134599141","192.168.15.3","192.168.15.4","MQTT","70","Connect Ack"
"1385455","6576.137202279","192.168.15.3","192.168.15.4","MQTT","70","Publish Ack (id=6488)"
"1385457","6576.137876573","192.168.15.4","192.168.15.3","MQTT","68","Disconnect Req"
"1386422","6577.142012349","192.168.15.4","192.168.15.3","MQTT","90","Connect Command"
"1386424","6577.145024831","192.168.15.4","192.168.15.3","MQTT","97","Publish Message (id=6489) [Deviceb'Device - 2']"
"1386425","6577.145393036","192.168.15.3","192.168.15.4","MQTT","70","Connect Ack"
"1386428","6577.148082558","192.168.15.3","192.168.15.4","MQTT","70","Publish Ack (id=6489)"
"1386430","6577.148515907","192.168.15.4","192.168.15.3","MQTT","68","Disconnect Req"
"1387775","6578.152185202","192.168.15.4","192.168.15.3","MQTT","90","Connect Command"
"1387777","6578.157144122","192.168.15.4","192.168.15.3","MQTT","97","Publish Message (id=6490) [Deviceb'Device - 2']"
"1387778","6578.157502449","192.168.15.3","192.168.15.4","MQTT","70","Connect Ack"
"1387781","6578.160129493","192.168.15.3","192.168.15.4","MQTT","70","Publish Ack (id=6490)"
"1387783","6578.160534859","192.168.15.4","192.168.15.3","MQTT","68","Disconnect Req"
"1389049","6579.164317007","192.168.15.4","192.168.15.3","MQTT","90","Connect Command"
"1389051","6579.167309361","192.168.15.4","192.168.15.3","MQTT","97","Publish Message (id=6491) [Deviceb'Device - 2']"
"1389052","6579.167762888","192.168.15.3","192.168.15.4","MQTT","70","Connect Ack"
"1389055","6579.170150199","192.168.15.3","192.168.15.4","MQTT","70","Publish Ack (id=6491)"
"1389057","6579.170556296","192.168.15.4","192.168.15.3","MQTT","68","Disconnect Req"
"1390228","6580.174917820","192.168.15.4","192.168.15.3","MQTT","90","Connect Command"
"1390230","6580.177797692","192.168.15.4","192.168.15.3","MQTT","97","Publish Message (id=6492) [Deviceb'Device - 2']"
"1390231","6580.178264003","192.168.15.3","192.168.15.4","MQTT","70","Connect Ack"
"1390234","6580.180870929","192.168.15.3","192.168.15.4","MQTT","70","Publish Ack (id=6492)"
"1390236","6580.181353791","192.168.15.4","192.168.15.3","MQTT","68","Disconnect Req"
"1391524","6581.185462558","192.168.15.4","192.168.15.3","MQTT","90","Connect Command"
"1391526","6581.190311410","192.168.15.4","192.168.15.3","MQTT","97","Publish Message (id=6493) [Deviceb'Device - 2']"
"1391528","6581.194692498","192.168.15.3","192.168.15.4","MQTT","70","Connect Ack"
"1391530","6581.197235964","192.168.15.3","192.168.15.4","MQTT","70","Publish Ack (id=6493)"
"1391532","6581.197691585","192.168.15.4","192.168.15.3","MQTT","68","Disconnect Req"
"1392572","6582.201833325","192.168.15.4","192.168.15.3","MQTT","90","Connect Command"
"1392574","6582.204858872","192.168.15.4","192.168.15.3","MQTT","97","Publish Message (id=6494) [Deviceb'Device - 2']"
"1392575","6582.205276931","192.168.15.3","192.168.15.4","MQTT","70","Connect Ack"
"1392578","6582.207717844","192.168.15.3","192.168.15.4","MQTT","70","Publish Ack (id=6494)"
"1392580","6582.208141504","192.168.15.4","192.168.15.3","MQTT","68","Disconnect Req"
"1393834","6583.211754616","192.168.15.4","192.168.15.3","MQTT","90","Connect Command"
"1393836","6583.214727784","192.168.15.4","192.168.15.3","MQTT","97","Publish Message (id=6495) [Deviceb'Device - 2']"
"1393837","6583.215131747","192.168.15.3","192.168.15.4","MQTT","70","Connect Ack"
"1393840","6583.217506224","192.168.15.3","192.168.15.4","MQTT","70","Publish Ack (id=6495)"
"1393842","6583.217768009","192.168.15.4","192.168.15.3","MQTT","68","Disconnect Req"
"1395069","6584.222612849","192.168.15.4","192.168.15.3","MQTT","90","Connect Command"
"1395071","6584.225585315","192.168.15.4","192.168.15.3","MQTT","97","Publish Message (id=6496) [Deviceb'Device - 2']"
"1395072","6584.225995270","192.168.15.3","192.168.15.4","MQTT","70","Connect Ack"
"1395075","6584.228525651","192.168.15.3","192.168.15.4","MQTT","70","Publish Ack (id=6496)"
"1395077","6584.228780051","192.168.15.4","192.168.15.3","MQTT","68","Disconnect Req"
"1396206","6585.233005943","192.168.15.4","192.168.15.3","MQTT","90","Connect Command"
"1396208","6585.235662522","192.168.15.4","192.168.15.3","MQTT","97","Publish Message (id=6497) [Deviceb'Device - 2']"
"1396209","6585.236665287","192.168.15.3","192.168.15.4","MQTT","70","Connect Ack"
"1396213","6585.238653874","192.168.15.3","192.168.15.4","MQTT","70","Publish Ack (id=6497)"
"1396215","6585.241026007","192.168.15.4","192.168.15.3","MQTT","68","Disconnect Req"
"1397297","6586.244697461","192.168.15.4","192.168.15.3","MQTT","90","Connect Command"
"1397299","6586.247643227","192.168.15.4","192.168.15.3","MQTT","97","Publish Message (id=6498) [Deviceb'Device - 2']"
"1397301","6586.252072476","192.168.15.3","192.168.15.4","MQTT","70","Connect Ack"
"1397303","6586.255653863","192.168.15.3","192.168.15.4","MQTT","70","Publish Ack (id=6498)"
"1397305","6586.256250220","192.168.15.4","192.168.15.3","MQTT","68","Disconnect Req"
"1398532","6587.260566994","192.168.15.4","192.168.15.3","MQTT","90","Connect Command"
"1398534","6587.263527288","192.168.15.4","192.168.15.3","MQTT","97","Publish Message (id=6499) [Deviceb'Device - 2']"
"1398535","6587.263979112","192.168.15.3","192.168.15.4","MQTT","70","Connect Ack"
"1398538","6587.266490186","192.168.15.3","192.168.15.4","MQTT","70","Publish Ack (id=6499)"
"1398540","6587.266865415","192.168.15.4","192.168.15.3","MQTT","68","Disconnect Req"
"1399787","6588.270614067","192.168.15.4","192.168.15.3","MQTT","90","Connect Command"
"1399809","6588.273561506","192.168.15.4","192.168.15.3","MQTT","97","Publish Message (id=6500) [Deviceb'Device - 2']"
"1399810","6588.273946864","192.168.15.3","192.168.15.4","MQTT","70","Connect Ack"
"1399813","6588.276396112","192.168.15.3","192.168.15.4","MQTT","70","Publish Ack (id=6500)"
"1399815","6588.276901056","192.168.15.4","192.168.15.3","MQTT","68","Disconnect Req"
"1400941","6589.281039044","192.168.15.4","192.168.15.3","MQTT","90","Connect Command"
"1400943","6589.284009687","192.168.15.4","192.168.15.3","MQTT","97","Publish Message (id=6501) [Deviceb'Device - 2']"
"1400944","6589.284396528","192.168.15.3","192.168.15.4","MQTT","70","Connect Ack"
"1400947","6589.286850374","192.168.15.3","192.168.15.4","MQTT","70","Publish Ack (id=6501)"
"1400950","6589.287642912","192.168.15.4","192.168.15.3","MQTT","68","Disconnect Req"
"1401936","6590.292099502","192.168.15.4","192.168.15.3","MQTT","90","Connect Command"
"1401938","6590.294891979","192.168.15.4","192.168.15.3","MQTT","97","Publish Message (id=6502) [Deviceb'Device - 2']"
"1401939","6590.295245897","192.168.15.3","192.168.15.4","MQTT","70","Connect Ack"
"1401942","6590.297802508","192.168.15.3","192.168.15.4","MQTT","70","Publish Ack (id=6502)"
"1401944","6590.298488254","192.168.15.4","192.168.15.3","MQTT","68","Disconnect Req"
"1403465","6591.302810060","192.168.15.4","192.168.15.3","MQTT","90","Connect Command"
"1403467","6591.305712364","192.168.15.4","192.168.15.3","MQTT","97","Publish Message (id=6503) [Deviceb'Device - 2']"
"1403486","6591.311309620","192.168.15.3","192.168.15.4","MQTT","70","Connect Ack"
"1403501","6591.313713152","192.168.15.3","192.168.15.4","MQTT","70","Publish Ack (id=6503)"
"1403503","6591.314456256","192.168.15.4","192.168.15.3","MQTT","68","Disconnect Req"
"1404351","6592.318610777","192.168.15.4","192.168.15.3","MQTT","90","Connect Command"
"1404354","6592.324779273","192.168.15.4","192.168.15.3","MQTT","97","Publish Message (id=6504) [Deviceb'Device - 2']"
"1404355","6592.325139243","192.168.15.3","192.168.15.4","MQTT","70","Connect Ack"
"1404358","6592.327696845","192.168.15.3","192.168.15.4","MQTT","70","Publish Ack (id=6504)"
"1404360","6592.328220354","192.168.15.4","192.168.15.3","MQTT","68","Disconnect Req"
"1405904","6593.331920367","192.168.15.4","192.168.15.3","MQTT","90","Connect Command"
"1405906","6593.334970691","192.168.15.4","192.168.15.3","MQTT","97","Publish Message (id=6505) [Deviceb'Device - 2']"
"1405907","6593.335333356","192.168.15.3","192.168.15.4","MQTT","70","Connect Ack"
"1405910","6593.337861864","192.168.15.3","192.168.15.4","MQTT","70","Publish Ack (id=6505)"
"1405917","6593.338319549","192.168.15.4","192.168.15.3","MQTT","68","Disconnect Req"
"1413064","6594.382477017","192.168.15.4","192.168.15.3","MQTT","90","Connect Command"
"1413491","6594.420559055","192.168.15.4","192.168.15.3","MQTT","97","Publish Message (id=6506) [Deviceb'Device - 2']"
"1413495","6594.420784811","192.168.15.3","192.168.15.4","MQTT","70","Connect Ack"
"1413984","6594.461479394","192.168.15.3","192.168.15.4","MQTT","70","Publish Ack (id=6506)"
"1413992","6594.461940335","192.168.15.4","192.168.15.3","MQTT","68","Disconnect Req"
"1426985","6595.509188265","192.168.15.4","192.168.15.3","MQTT","90","Connect Command"
"1427513","6595.552300706","192.168.15.4","192.168.15.3","MQTT","97","Publish Message (id=6507) [Deviceb'Device - 2']"
"1427530","6595.553570666","192.168.15.3","192.168.15.4","MQTT","70","Connect Ack"
"1428011","6595.592525302","192.168.15.3","192.168.15.4","MQTT","70","Publish Ack (id=6507)"
"1428019","6595.593066554","192.168.15.4","192.168.15.3","MQTT","68","Disconnect Req"
"1440904","6596.651575422","192.168.15.4","192.168.15.3","MQTT","90","Connect Command"
"1441748","6596.720141059","192.168.15.4","192.168.15.3","MQTT","97","Publish Message (id=6508) [Deviceb'Device - 2']"
"1441764","6596.721340836","192.168.15.3","192.168.15.4","MQTT","70","Connect Ack"
"1442318","6596.766089680","192.168.15.3","192.168.15.4","MQTT","70","Publish Ack (id=6508)"
"1442327","6596.766616345","192.168.15.4","192.168.15.3","MQTT","68","Disconnect Req"
"1446866","6597.770211182","192.168.15.4","192.168.15.3","MQTT","90","Connect Command"
"1446868","6597.773108587","192.168.15.4","192.168.15.3","MQTT","97","Publish Message (id=6509) [Deviceb'Device - 2']"
"1446869","6597.773513642","192.168.15.3","192.168.15.4","MQTT","70","Connect Ack"
"1446872","6597.776191792","192.168.15.3","192.168.15.4","MQTT","70","Publish Ack (id=6509)"
"1446874","6597.776654717","192.168.15.4","192.168.15.3","MQTT","68","Disconnect Req"
"1448183","6598.784273548","192.168.15.4","192.168.15.3","MQTT","90","Connect Command"
"1448185","6598.789183746","192.168.15.4","192.168.15.3","MQTT","97","Publish Message (id=6510) [Deviceb'Device - 2']"
"1448186","6598.789559777","192.168.15.3","192.168.15.4","MQTT","70","Connect Ack"
"1448189","6598.792434418","192.168.15.3","192.168.15.4","MQTT","70","Publish Ack (id=6510)"
"1448191","6598.792922040","192.168.15.4","192.168.15.3","MQTT","68","Disconnect Req"
"1449430","6599.797816714","192.168.15.4","192.168.15.3","MQTT","90","Connect Command"
"1449432","6599.800628166","192.168.15.4","192.168.15.3","MQTT","97","Publish Message (id=6511) [Deviceb'Device - 2']"
"1449433","6599.801040586","192.168.15.3","192.168.15.4","MQTT","70","Connect Ack"
"1449436","6599.803683199","192.168.15.3","192.168.15.4","MQTT","70","Publish Ack (id=6511)"
"1449438","6599.804582118","192.168.15.4","192.168.15.3","MQTT","68","Disconnect Req"
"1450539","6600.808614594","192.168.15.4","192.168.15.3","MQTT","90","Connect Command"
"1450541","6600.813526956","192.168.15.4","192.168.15.3","MQTT","97","Publish Message (id=6512) [Deviceb'Device - 2']"
"1450542","6600.813958200","192.168.15.3","192.168.15.4","MQTT","70","Connect Ack"
"1450545","6600.816531633","192.168.15.3","192.168.15.4","MQTT","70","Publish Ack (id=6512)"
"1450547","6600.816798958","192.168.15.4","192.168.15.3","MQTT","68","Disconnect Req"
"1451602","6601.820886178","192.168.15.4","192.168.15.3","MQTT","90","Connect Command"
"1451604","6601.825799903","192.168.15.4","192.168.15.3","MQTT","97","Publish Message (id=6513) [Deviceb'Device - 2']"
"1451655","6601.831673361","192.168.15.3","192.168.15.4","MQTT","70","Connect Ack"
"1451658","6601.834314542","192.168.15.3","192.168.15.4","MQTT","70","Publish Ack (id=6513)"
"1451660","6601.834635618","192.168.15.4","192.168.15.3","MQTT","68","Disconnect Req"
"1453012","6602.839116282","192.168.15.4","192.168.15.3","MQTT","90","Connect Command"
"1453014","6602.841768624","192.168.15.4","192.168.15.3","MQTT","97","Publish Message (id=6514) [Deviceb'Device - 2']"
"1453015","6602.842124296","192.168.15.3","192.168.15.4","MQTT","70","Connect Ack"
"1453018","6602.844856368","192.168.15.3","192.168.15.4","MQTT","70","Publish Ack (id=6514)"
"1453020","6602.845216669","192.168.15.4","192.168.15.3","MQTT","68","Disconnect Req"
"1454059","6603.848915557","192.168.15.4","192.168.15.3","MQTT","90","Connect Command"
"1454061","6603.851798173","192.168.15.4","192.168.15.3","MQTT","97","Publish Message (id=6515) [Deviceb'Device - 2']"
"1454062","6603.852225100","192.168.15.3","192.168.15.4","MQTT","70","Connect Ack"
"1454065","6603.854821316","192.168.15.3","192.168.15.4","MQTT","70","Publish Ack (id=6515)"
"1454067","6603.856001516","192.168.15.4","192.168.15.3","MQTT","68","Disconnect Req"
"1455180","6604.860310487","192.168.15.4","192.168.15.3","MQTT","90","Connect Command"
"1455182","6604.863202622","192.168.15.4","192.168.15.3","MQTT","97","Publish Message (id=6516) [Deviceb'Device - 2']"
"1455183","6604.863628927","192.168.15.3","192.168.15.4","MQTT","70","Connect Ack"
"1455186","6604.866136105","192.168.15.3","192.168.15.4","MQTT","70","Publish Ack (id=6516)"
"1455188","6604.866799087","192.168.15.4","192.168.15.3","MQTT","68","Disconnect Req"
"1456387","6605.870648441","192.168.15.4","192.168.15.3","MQTT","90","Connect Command"
"1456389","6605.873680911","192.168.15.4","192.168.15.3","MQTT","97","Publish Message (id=6517) [Deviceb'Device - 2']"
"1456390","6605.874101285","192.168.15.3","192.168.15.4","MQTT","70","Connect Ack"
"1456393","6605.876556224","192.168.15.3","192.168.15.4","MQTT","70","Publish Ack (id=6517)"
"1456395","6605.876848796","192.168.15.4","192.168.15.3","MQTT","68","Disconnect Req"
"1457718","6606.881149573","192.168.15.4","192.168.15.3","MQTT","90","Connect Command"
"1457720","6606.884045135","192.168.15.4","192.168.15.3","MQTT","97","Publish Message (id=6518) [Deviceb'Device - 2']"
"1457722","6606.888403019","192.168.15.3","192.168.15.4","MQTT","70","Connect Ack"
"1457760","6606.892196557","192.168.15.3","192.168.15.4","MQTT","70","Publish Ack (id=6518)"
"1457763","6606.893212506","192.168.15.4","192.168.15.3","MQTT","68","Disconnect Req"
"1458941","6607.897247893","192.168.15.4","192.168.15.3","MQTT","90","Connect Command"
"1458945","6607.900212485","192.168.15.4","192.168.15.3","MQTT","97","Publish Message (id=6519) [Deviceb'Device - 2']"
"1458947","6607.900643148","192.168.15.3","192.168.15.4","MQTT","70","Connect Ack"
"1458952","6607.903160134","192.168.15.3","192.168.15.4","MQTT","70","Publish Ack (id=6519)"
"1458954","6607.903457185","192.168.15.4","192.168.15.3","MQTT","68","Disconnect Req"
"1460165","6608.907784474","192.168.15.4","192.168.15.3","MQTT","90","Connect Command"
"1460168","6608.913640028","192.168.15.4","192.168.15.3","MQTT","97","Publish Message (id=6520) [Deviceb'Device - 2']"
"1460169","6608.914066955","192.168.15.3","192.168.15.4","MQTT","70","Connect Ack"
"1460172","6608.916504711","192.168.15.3","192.168.15.4","MQTT","70","Publish Ack (id=6520)"
"1460174","6608.917196728","192.168.15.4","192.168.15.3","MQTT","68","Disconnect Req"
"1461337","6609.921768580","192.168.15.4","192.168.15.3","MQTT","90","Connect Command"
"1461339","6609.926593466","192.168.15.4","192.168.15.3","MQTT","97","Publish Message (id=6521) [Deviceb'Device - 2']"
"1461346","6609.927317745","192.168.15.3","192.168.15.4","MQTT","70","Connect Ack"
"1461388","6609.930311992","192.168.15.3","192.168.15.4","MQTT","70","Publish Ack (id=6521)"
"1461391","6609.931091165","192.168.15.4","192.168.15.3","MQTT","68","Disconnect Req"
"1462693","6610.934998641","192.168.15.4","192.168.15.3","MQTT","90","Connect Command"
"1462695","6610.937980295","192.168.15.4","192.168.15.3","MQTT","97","Publish Message (id=6522) [Deviceb'Device - 2']"
"1462696","6610.938424895","192.168.15.3","192.168.15.4","MQTT","70","Connect Ack"
"1462725","6610.942192244","192.168.15.3","192.168.15.4","MQTT","70","Publish Ack (id=6522)"
"1462734","6610.942755779","192.168.15.4","192.168.15.3","MQTT","68","Disconnect Req"
"1463776","6611.947924799","192.168.15.4","192.168.15.3","MQTT","90","Connect Command"
"1463880","6611.956032219","192.168.15.4","192.168.15.3","MQTT","97","Publish Message (id=6523) [Deviceb'Device - 2']"
"1463881","6611.956973347","192.168.15.3","192.168.15.4","MQTT","70","Connect Ack"
"1463884","6611.959031235","192.168.15.3","192.168.15.4","MQTT","70","Publish Ack (id=6523)"
"1463886","6611.959777485","192.168.15.4","192.168.15.3","MQTT","68","Disconnect Req"
"1464960","6612.964113363","192.168.15.4","192.168.15.3","MQTT","90","Connect Command"
"1464962","6612.967024914","192.168.15.4","192.168.15.3","MQTT","97","Publish Message (id=6524) [Deviceb'Device - 2']"
"1464963","6612.967478531","192.168.15.3","192.168.15.4","MQTT","70","Connect Ack"
"1464966","6612.969935664","192.168.15.3","192.168.15.4","MQTT","70","Publish Ack (id=6524)"
"1464968","6612.970600150","192.168.15.4","192.168.15.3","MQTT","68","Disconnect Req"
"1466158","6613.974867849","192.168.15.4","192.168.15.3","MQTT","90","Connect Command"
"1466160","6613.977661107","192.168.15.4","192.168.15.3","MQTT","97","Publish Message (id=6525) [Deviceb'Device - 2']"
"1466161","6613.978661968","192.168.15.3","192.168.15.4","MQTT","70","Connect Ack"
"1466164","6613.980535017","192.168.15.3","192.168.15.4","MQTT","70","Publish Ack (id=6525)"
"1466166","6613.980788075","192.168.15.4","192.168.15.3","MQTT","68","Disconnect Req"
"1467593","6614.984826792","192.168.15.4","192.168.15.3","MQTT","90","Connect Command"
"1467595","6614.987766497","192.168.15.4","192.168.15.3","MQTT","97","Publish Message (id=6526) [Deviceb'Device - 2']"
"1467596","6614.988280388","192.168.15.3","192.168.15.4","MQTT","70","Connect Ack"
"1467600","6614.990540168","192.168.15.3","192.168.15.4","MQTT","70","Publish Ack (id=6526)"
"1467602","6614.991348916","192.168.15.4","192.168.15.3","MQTT","68","Disconnect Req"
"1468726","6615.995418873","192.168.15.4","192.168.15.3","MQTT","90","Connect Command"
"1468728","6615.998434581","192.168.15.4","192.168.15.3","MQTT","97","Publish Message (id=6527) [Deviceb'Device - 2']"
"1468729","6615.998870094","192.168.15.3","192.168.15.4","MQTT","70","Connect Ack"
"1468732","6616.001289095","192.168.15.3","192.168.15.4","MQTT","70","Publish Ack (id=6527)"
"1468734","6616.001522085","192.168.15.4","192.168.15.3","MQTT","68","Disconnect Req"
"1469792","6617.005948716","192.168.15.4","192.168.15.3","MQTT","90","Connect Command"
"1469794","6617.008818709","192.168.15.4","192.168.15.3","MQTT","97","Publish Message (id=6528) [Deviceb'Device - 2']"
"1469796","6617.013127982","192.168.15.3","192.168.15.4","MQTT","70","Connect Ack"
"1469798","6617.015684923","192.168.15.3","192.168.15.4","MQTT","70","Publish Ack (id=6528)"
"1469800","6617.016321446","192.168.15.4","192.168.15.3","MQTT","68","Disconnect Req"
"1471075","6618.020172981","192.168.15.4","192.168.15.3","MQTT","90","Connect Command"
"1471120","6618.026294167","192.168.15.4","192.168.15.3","MQTT","97","Publish Message (id=6529) [Deviceb'Device - 2']"
"1471121","6618.026687009","192.168.15.3","192.168.15.4","MQTT","70","Connect Ack"
"1471124","6618.029195810","192.168.15.3","192.168.15.4","MQTT","70","Publish Ack (id=6529)"
"1471126","6618.030516896","192.168.15.4","192.168.15.3","MQTT","68","Disconnect Req"
"1472225","6619.034640807","192.168.15.4","192.168.15.3","MQTT","90","Connect Command"
"1472227","6619.037723371","192.168.15.4","192.168.15.3","MQTT","97","Publish Message (id=6530) [Deviceb'Device - 2']"
"1472228","6619.038153003","192.168.15.3","192.168.15.4","MQTT","70","Connect Ack"
"1472231","6619.040302906","192.168.15.3","192.168.15.4","MQTT","70","Publish Ack (id=6530)"
"1472233","6619.041140178","192.168.15.4","192.168.15.3","MQTT","68","Disconnect Req"
"1473262","6620.045060704","192.168.15.4","192.168.15.3","MQTT","90","Connect Command"
"1473264","6620.048155312","192.168.15.4","192.168.15.3","MQTT","97","Publish Message (id=6531) [Deviceb'Device - 2']"
"1473268","6620.048776536","192.168.15.3","192.168.15.4","MQTT","70","Connect Ack"
"1473305","6620.051236744","192.168.15.3","192.168.15.4","MQTT","70","Publish Ack (id=6531)"
"1473307","6620.051770833","192.168.15.4","192.168.15.3","MQTT","68","Disconnect Req"
"1474728","6621.055805546","192.168.15.4","192.168.15.3","MQTT","90","Connect Command"
"1474730","6621.058698964","192.168.15.4","192.168.15.3","MQTT","97","Publish Message (id=6532) [Deviceb'Device - 2']"
"1474731","6621.059097838","192.168.15.3","192.168.15.4","MQTT","70","Connect Ack"
"1474734","6621.061222362","192.168.15.3","192.168.15.4","MQTT","70","Publish Ack (id=6532)"
"1474736","6621.061728959","192.168.15.4","192.168.15.3","MQTT","68","Disconnect Req"
"1475787","6622.065485456","192.168.15.4","192.168.15.3","MQTT","90","Connect Command"
"1475789","6622.068329499","192.168.15.4","192.168.15.3","MQTT","97","Publish Message (id=6533) [Deviceb'Device - 2']"
"1475791","6622.072698024","192.168.15.3","192.168.15.4","MQTT","70","Connect Ack"
"1475836","6622.077608573","192.168.15.3","192.168.15.4","MQTT","70","Publish Ack (id=6533)"
"1475845","6622.078187006","192.168.15.4","192.168.15.3","MQTT","68","Disconnect Req"
"1477124","6623.082752463","192.168.15.4","192.168.15.3","MQTT","90","Connect Command"
"1477126","6623.085634709","192.168.15.4","192.168.15.3","MQTT","97","Publish Message (id=6534) [Deviceb'Device - 2']"
"1477127","6623.086023884","192.168.15.3","192.168.15.4","MQTT","70","Connect Ack"
"1477130","6623.088589372","192.168.15.3","192.168.15.4","MQTT","70","Publish Ack (id=6534)"
"1477132","6623.089758862","192.168.15.4","192.168.15.3","MQTT","68","Disconnect Req"
"1478129","6624.093409402","192.168.15.4","192.168.15.3","MQTT","90","Connect Command"
"1478131","6624.096451650","192.168.15.4","192.168.15.3","MQTT","97","Publish Message (id=6535) [Deviceb'Device - 2']"
"1478132","6624.096860723","192.168.15.3","192.168.15.4","MQTT","70","Connect Ack"
"1478135","6624.099368852","192.168.15.3","192.168.15.4","MQTT","70","Publish Ack (id=6535)"
"1478137","6624.099763007","192.168.15.4","192.168.15.3","MQTT","68","Disconnect Req"
"1479394","6625.103798364","192.168.15.4","192.168.15.3","MQTT","90","Connect Command"
"1479396","6625.106695338","192.168.15.4","192.168.15.3","MQTT","97","Publish Message (id=6536) [Deviceb'Device - 2']"
"1479397","6625.107081768","192.168.15.3","192.168.15.4","MQTT","70","Connect Ack"
"1479400","6625.109816125","192.168.15.3","192.168.15.4","MQTT","70","Publish Ack (id=6536)"
"1479402","6625.110675368","192.168.15.4","192.168.15.3","MQTT","68","Disconnect Req"
"1480515","6626.116049666","192.168.15.4","192.168.15.3","MQTT","90","Connect Command"
"1480517","6626.118923987","192.168.15.4","192.168.15.3","MQTT","97","Publish Message (id=6537) [Deviceb'Device - 2']"
"1480518","6626.119332238","192.168.15.3","192.168.15.4","MQTT","70","Connect Ack"
"1480521","6626.121765236","192.168.15.3","192.168.15.4","MQTT","70","Publish Ack (id=6537)"
"1480523","6626.122386109","192.168.15.4","192.168.15.3","MQTT","68","Disconnect Req"
"1481814","6627.126173278","192.168.15.4","192.168.15.3","MQTT","90","Connect Command"
"1481878","6627.132508920","192.168.15.4","192.168.15.3","MQTT","97","Publish Message (id=6538) [Deviceb'Device - 2']"
"1481879","6627.135085558","192.168.15.3","192.168.15.4","MQTT","70","Connect Ack"
"1481882","6627.138702413","192.168.15.3","192.168.15.4","MQTT","70","Publish Ack (id=6538)"
"1481884","6627.139243736","192.168.15.4","192.168.15.3","MQTT","68","Disconnect Req"
"1482849","6628.143266160","192.168.15.4","192.168.15.3","MQTT","90","Connect Command"
"1482851","6628.146221654","192.168.15.4","192.168.15.3","MQTT","97","Publish Message (id=6539) [Deviceb'Device - 2']"
"1482852","6628.146581484","192.168.15.3","192.168.15.4","MQTT","70","Connect Ack"
"1482855","6628.149107227","192.168.15.3","192.168.15.4","MQTT","70","Publish Ack (id=6539)"
"1482857","6628.149510920","192.168.15.4","192.168.15.3","MQTT","68","Disconnect Req"
"1484156","6629.153314331","192.168.15.4","192.168.15.3","MQTT","90","Connect Command"
"1484158","6629.156302838","192.168.15.4","192.168.15.3","MQTT","97","Publish Message (id=6540) [Deviceb'Device - 2']"
"1484159","6629.156617212","192.168.15.3","192.168.15.4","MQTT","70","Connect Ack"
"1484162","6629.158819623","192.168.15.3","192.168.15.4","MQTT","70","Publish Ack (id=6540)"
"1484164","6629.159370484","192.168.15.4","192.168.15.3","MQTT","68","Disconnect Req"
"1485222","6630.163603528","192.168.15.4","192.168.15.3","MQTT","90","Connect Command"
"1485224","6630.166621721","192.168.15.4","192.168.15.3","MQTT","97","Publish Message (id=6541) [Deviceb'Device - 2']"
"1485225","6630.166992201","192.168.15.3","192.168.15.4","MQTT","70","Connect Ack"
"1485228","6630.169591402","192.168.15.3","192.168.15.4","MQTT","70","Publish Ack (id=6541)"
"1485230","6630.169901178","192.168.15.4","192.168.15.3","MQTT","68","Disconnect Req"
"1486670","6631.173660837","192.168.15.4","192.168.15.3","MQTT","90","Connect Command"
"1486672","6631.176659534","192.168.15.4","192.168.15.3","MQTT","97","Publish Message (id=6542) [Deviceb'Device - 2']"
"1486673","6631.177040884","192.168.15.3","192.168.15.4","MQTT","70","Connect Ack"
"1486676","6631.179616791","192.168.15.3","192.168.15.4","MQTT","70","Publish Ack (id=6542)"
"1486678","6631.179883275","192.168.15.4","192.168.15.3","MQTT","68","Disconnect Req"
"1487635","6632.183825150","192.168.15.4","192.168.15.3","MQTT","90","Connect Command"
"1487637","6632.186861567","192.168.15.4","192.168.15.3","MQTT","97","Publish Message (id=6543) [Deviceb'Device - 2']"
"1487638","6632.187254820","192.168.15.3","192.168.15.4","MQTT","70","Connect Ack"
"1487641","6632.189696213","192.168.15.3","192.168.15.4","MQTT","70","Publish Ack (id=6543)"
"1487643","6632.190188734","192.168.15.4","192.168.15.3","MQTT","68","Disconnect Req"
"1488908","6633.193875407","192.168.15.4","192.168.15.3","MQTT","90","Connect Command"
"1488910","6633.196936962","192.168.15.4","192.168.15.3","MQTT","97","Publish Message (id=6544) [Deviceb'Device - 2']"
"1488911","6633.197330335","192.168.15.3","192.168.15.4","MQTT","70","Connect Ack"
"1488914","6633.199972398","192.168.15.3","192.168.15.4","MQTT","70","Publish Ack (id=6544)"
"1488916","6633.200279378","192.168.15.4","192.168.15.3","MQTT","68","Disconnect Req"
"1489822","6634.205097810","192.168.15.4","192.168.15.3","MQTT","90","Connect Command"
"1489824","6634.207922277","192.168.15.4","192.168.15.3","MQTT","97","Publish Message (id=6545) [Deviceb'Device - 2']"
"1489825","6634.208998250","192.168.15.3","192.168.15.4","MQTT","70","Connect Ack"
"1489828","6634.210878643","192.168.15.3","192.168.15.4","MQTT","70","Publish Ack (id=6545)"
"1489830","6634.211194200","192.168.15.4","192.168.15.3","MQTT","68","Disconnect Req"
"1491212","6635.214788750","192.168.15.4","192.168.15.3","MQTT","90","Connect Command"
"1491214","6635.219715860","192.168.15.4","192.168.15.3","MQTT","97","Publish Message (id=6546) [Deviceb'Device - 2']"
"1491215","6635.220068366","192.168.15.3","192.168.15.4","MQTT","70","Connect Ack"
"1491218","6635.222390163","192.168.15.3","192.168.15.4","MQTT","70","Publish Ack (id=6546)"
"1491220","6635.222938920","192.168.15.4","192.168.15.3","MQTT","68","Disconnect Req"
"1492360","6636.226979753","192.168.15.4","192.168.15.3","MQTT","90","Connect Command"
"1492362","6636.230006823","192.168.15.4","192.168.15.3","MQTT","97","Publish Message (id=6547) [Deviceb'Device - 2']"
"1492363","6636.230331707","192.168.15.3","192.168.15.4","MQTT","70","Connect Ack"
"1492366","6636.233496657","192.168.15.3","192.168.15.4","MQTT","70","Publish Ack (id=6547)"
"1492368","6636.234359427","192.168.15.4","192.168.15.3","MQTT","68","Disconnect Req"
"1493613","6637.238019613","192.168.15.4","192.168.15.3","MQTT","90","Connect Command"
"1493620","6637.240957114","192.168.15.4","192.168.15.3","MQTT","97","Publish Message (id=6548) [Deviceb'Device - 2']"
"1493622","6637.245053574","192.168.15.3","192.168.15.4","MQTT","70","Connect Ack"
"1493624","6637.247513402","192.168.15.3","192.168.15.4","MQTT","70","Publish Ack (id=6548)"
"1493626","6637.247825692","192.168.15.4","192.168.15.3","MQTT","68","Disconnect Req"
"1494700","6638.251178728","192.168.15.4","192.168.15.3","MQTT","90","Connect Command"
"1494702","6638.254198253","192.168.15.4","192.168.15.3","MQTT","97","Publish Message (id=6549) [Deviceb'Device - 2']"
"1494703","6638.254567311","192.168.15.3","192.168.15.4","MQTT","70","Connect Ack"
"1494706","6638.257266551","192.168.15.3","192.168.15.4","MQTT","70","Publish Ack (id=6549)"
"1494708","6638.257749013","192.168.15.4","192.168.15.3","MQTT","68","Disconnect Req"
"1495975","6639.262285806","192.168.15.4","192.168.15.3","MQTT","90","Connect Command"
"1495977","6639.265051863","192.168.15.4","192.168.15.3","MQTT","97","Publish Message (id=6550) [Deviceb'Device - 2']"
"1495978","6639.265421210","192.168.15.3","192.168.15.4","MQTT","70","Connect Ack"
"1495981","6639.268163923","192.168.15.3","192.168.15.4","MQTT","70","Publish Ack (id=6550)"
"1495983","6639.268880537","192.168.15.4","192.168.15.3","MQTT","68","Disconnect Req"
"1497260","6640.273700576","192.168.15.4","192.168.15.3","MQTT","90","Connect Command"
"1497262","6640.276702458","192.168.15.4","192.168.15.3","MQTT","97","Publish Message (id=6551) [Deviceb'Device - 2']"
"1497263","6640.277111862","192.168.15.3","192.168.15.4","MQTT","70","Connect Ack"
"1497266","6640.279748674","192.168.15.3","192.168.15.4","MQTT","70","Publish Ack (id=6551)"
"1497268","6640.280075983","192.168.15.4","192.168.15.3","MQTT","68","Disconnect Req"
"1498691","6641.283954493","192.168.15.4","192.168.15.3","MQTT","90","Connect Command"
"1498693","6641.286984799","192.168.15.4","192.168.15.3","MQTT","97","Publish Message (id=6552) [Deviceb'Device - 2']"
"1498694","6641.287639927","192.168.15.3","192.168.15.4","MQTT","70","Connect Ack"
"1498697","6641.289959701","192.168.15.3","192.168.15.4","MQTT","70","Publish Ack (id=6552)"
"1498699","6641.290402077","192.168.15.4","192.168.15.3","MQTT","68","Disconnect Req"
"1499653","6642.294510722","192.168.15.4","192.168.15.3","MQTT","90","Connect Command"
"1499655","6642.297598296","192.168.15.4","192.168.15.3","MQTT","97","Publish Message (id=6553) [Deviceb'Device - 2']"
"1499657","6642.301913580","192.168.15.3","192.168.15.4","MQTT","70","Connect Ack"
"1499659","6642.304352649","192.168.15.3","192.168.15.4","MQTT","70","Publish Ack (id=6553)"
"1499661","6642.304873223","192.168.15.4","192.168.15.3","MQTT","68","Disconnect Req"
"1500924","6643.308595129","192.168.15.4","192.168.15.3","MQTT","90","Connect Command"
"1500926","6643.311552306","192.168.15.4","192.168.15.3","MQTT","97","Publish Message (id=6554) [Deviceb'Device - 2']"
"1500927","6643.311953113","192.168.15.3","192.168.15.4","MQTT","70","Connect Ack"
"1500930","6643.314566772","192.168.15.3","192.168.15.4","MQTT","70","Publish Ack (id=6554)"
"1500932","6643.315085422","192.168.15.4","192.168.15.3","MQTT","68","Disconnect Req"
"1501891","6644.318909862","192.168.15.4","192.168.15.3","MQTT","90","Connect Command"
"1501893","6644.322221700","192.168.15.4","192.168.15.3","MQTT","97","Publish Message (id=6555) [Deviceb'Device - 2']"
"1501894","6644.322236278","192.168.15.3","192.168.15.4","MQTT","70","Connect Ack"
"1501897","6644.324774965","192.168.15.3","192.168.15.4","MQTT","70","Publish Ack (id=6555)"
"1501899","6644.325196401","192.168.15.4","192.168.15.3","MQTT","68","Disconnect Req"
"1503303","6645.338406146","192.168.15.4","192.168.15.3","MQTT","90","Connect Command"
"1503305","6645.342031266","192.168.15.4","192.168.15.3","MQTT","97","Publish Message (id=6556) [Deviceb'Device - 2']"
"1503306","6645.342386357","192.168.15.3","192.168.15.4","MQTT","70","Connect Ack"
"1503309","6645.345011097","192.168.15.3","192.168.15.4","MQTT","70","Publish Ack (id=6556)"
"1503311","6645.345394301","192.168.15.4","192.168.15.3","MQTT","68","Disconnect Req"
"1504484","6646.348963499","192.168.15.4","192.168.15.3","MQTT","90","Connect Command"
"1504486","6646.353943039","192.168.15.4","192.168.15.3","MQTT","97","Publish Message (id=6557) [Deviceb'Device - 2']"
"1504487","6646.354299462","192.168.15.3","192.168.15.4","MQTT","70","Connect Ack"
"1504490","6646.356527211","192.168.15.3","192.168.15.4","MQTT","70","Publish Ack (id=6557)"
"1504492","6646.356870751","192.168.15.4","192.168.15.3","MQTT","68","Disconnect Req"
"1505709","6647.360994609","192.168.15.4","192.168.15.3","MQTT","90","Connect Command"
"1505711","6647.364056795","192.168.15.4","192.168.15.3","MQTT","97","Publish Message (id=6558) [Deviceb'Device - 2']"
"1505713","6647.368208991","192.168.15.3","192.168.15.4","MQTT","70","Connect Ack"
"1505715","6647.370687955","192.168.15.3","192.168.15.4","MQTT","70","Publish Ack (id=6558)"
"1505717","6647.371122135","192.168.15.4","192.168.15.3","MQTT","68","Disconnect Req"
"1506890","6648.375183926","192.168.15.4","192.168.15.3","MQTT","90","Connect Command"
"1506892","6648.378253136","192.168.15.4","192.168.15.3","MQTT","97","Publish Message (id=6559) [Deviceb'Device - 2']"
"1506893","6648.378612344","192.168.15.3","192.168.15.4","MQTT","70","Connect Ack"
"1506896","6648.381181719","192.168.15.3","192.168.15.4","MQTT","70","Publish Ack (id=6559)"
"1506898","6648.381498248","192.168.15.4","192.168.15.3","MQTT","68","Disconnect Req"
"1508065","6649.385761179","192.168.15.4","192.168.15.3","MQTT","90","Connect Command"
"1508067","6649.388782769","192.168.15.4","192.168.15.3","MQTT","97","Publish Message (id=6560) [Deviceb'Device - 2']"
"1508068","6649.389139303","192.168.15.3","192.168.15.4","MQTT","70","Connect Ack"
"1508071","6649.391806302","192.168.15.3","192.168.15.4","MQTT","70","Publish Ack (id=6560)"
"1508073","6649.392140333","192.168.15.4","192.168.15.3","MQTT","68","Disconnect Req"
"1509013","6650.395587975","192.168.15.4","192.168.15.3","MQTT","90","Connect Command"
"1509015","6650.398605948","192.168.15.4","192.168.15.3","MQTT","97","Publish Message (id=6561) [Deviceb'Device - 2']"
"1509016","6650.399051540","192.168.15.3","192.168.15.4","MQTT","70","Connect Ack"
"1509019","6650.401748997","192.168.15.3","192.168.15.4","MQTT","70","Publish Ack (id=6561)"
"1509021","6650.402045637","192.168.15.4","192.168.15.3","MQTT","68","Disconnect Req"
"1510385","6651.407855213","192.168.15.4","192.168.15.3","MQTT","90","Connect Command"
"1510387","6651.410777244","192.168.15.4","192.168.15.3","MQTT","97","Publish Message (id=6562) [Deviceb'Device - 2']"
"1510388","6651.411136262","192.168.15.3","192.168.15.4","MQTT","70","Connect Ack"
"1510391","6651.413706219","192.168.15.3","192.168.15.4","MQTT","70","Publish Ack (id=6562)"
"1510393","6651.414021344","192.168.15.4","192.168.15.3","MQTT","68","Disconnect Req"
"1511417","6652.417336116","192.168.15.4","192.168.15.3","MQTT","90","Connect Command"
"1511419","6652.421568153","192.168.15.4","192.168.15.3","MQTT","97","Publish Message (id=6563) [Deviceb'Device - 2']"
"1511422","6652.424528066","192.168.15.3","192.168.15.4","MQTT","70","Connect Ack"
"1511424","6652.427162514","192.168.15.3","192.168.15.4","MQTT","70","Publish Ack (id=6563)"
"1511426","6652.427588699","192.168.15.4","192.168.15.3","MQTT","68","Disconnect Req"
"1512868","6653.431381034","192.168.15.4","192.168.15.3","MQTT","90","Connect Command"
"1512870","6653.434298286","192.168.15.4","192.168.15.3","MQTT","97","Publish Message (id=6564) [Deviceb'Device - 2']"
"1512871","6653.435820152","192.168.15.3","192.168.15.4","MQTT","70","Connect Ack"
"1512874","6653.438358779","192.168.15.3","192.168.15.4","MQTT","70","Publish Ack (id=6564)"
"1512876","6653.438843765","192.168.15.4","192.168.15.3","MQTT","68","Disconnect Req"
"1513785","6654.443185910","192.168.15.4","192.168.15.3","MQTT","90","Connect Command"
"1513787","6654.448140121","192.168.15.4","192.168.15.3","MQTT","97","Publish Message (id=6565) [Deviceb'Device - 2']"
"1513788","6654.449074446","192.168.15.3","192.168.15.4","MQTT","70","Connect Ack"
"1513791","6654.451173272","192.168.15.3","192.168.15.4","MQTT","70","Publish Ack (id=6565)"
"1513793","6654.451506522","192.168.15.4","192.168.15.3","MQTT","68","Disconnect Req"
"1515244","6655.455993771","192.168.15.4","192.168.15.3","MQTT","90","Connect Command"
"1515246","6655.458931873","192.168.15.4","192.168.15.3","MQTT","97","Publish Message (id=6566) [Deviceb'Device - 2']"
"1515247","6655.459344803","192.168.15.3","192.168.15.4","MQTT","70","Connect Ack"
"1515250","6655.461595967","192.168.15.3","192.168.15.4","MQTT","70","Publish Ack (id=6566)"
"1515252","6655.462027031","192.168.15.4","192.168.15.3","MQTT","68","Disconnect Req"
"1516466","6656.465660408","192.168.15.4","192.168.15.3","MQTT","90","Connect Command"
"1516468","6656.468675225","192.168.15.4","192.168.15.3","MQTT","97","Publish Message (id=6567) [Deviceb'Device - 2']"
"1516469","6656.469121027","192.168.15.3","192.168.15.4","MQTT","70","Connect Ack"
"1516472","6656.471579101","192.168.15.3","192.168.15.4","MQTT","70","Publish Ack (id=6567)"
"1516474","6656.472045483","192.168.15.4","192.168.15.3","MQTT","68","Disconnect Req"
"1517858","6657.476103713","192.168.15.4","192.168.15.3","MQTT","90","Connect Command"
"1517860","6657.479146031","192.168.15.4","192.168.15.3","MQTT","97","Publish Message (id=6568) [Deviceb'Device - 2']"
"1517862","6657.483281295","192.168.15.3","192.168.15.4","MQTT","70","Connect Ack"
"1517864","6657.485795796","192.168.15.3","192.168.15.4","MQTT","70","Publish Ack (id=6568)"
"1517866","6657.486220669","192.168.15.4","192.168.15.3","MQTT","68","Disconnect Req"
"1518743","6658.490211973","192.168.15.4","192.168.15.3","MQTT","90","Connect Command"
"1518745","6658.493258119","192.168.15.4","192.168.15.3","MQTT","97","Publish Message (id=6569) [Deviceb'Device - 2']"
"1518746","6658.493619131","192.168.15.3","192.168.15.4","MQTT","70","Connect Ack"
"1518749","6658.495963290","192.168.15.3","192.168.15.4","MQTT","70","Publish Ack (id=6569)"
"1518751","6658.496272284","192.168.15.4","192.168.15.3","MQTT","68","Disconnect Req"
"1520179","6659.499826393","192.168.15.4","192.168.15.3","MQTT","90","Connect Command"
"1520181","6659.502879402","192.168.15.4","192.168.15.3","MQTT","97","Publish Message (id=6570) [Deviceb'Device - 2']"
"1520182","6659.503238060","192.168.15.3","192.168.15.4","MQTT","70","Connect Ack"
"1520185","6659.505745758","192.168.15.3","192.168.15.4","MQTT","70","Publish Ack (id=6570)"
"1520187","6659.506259909","192.168.15.4","192.168.15.3","MQTT","68","Disconnect Req"
"1521344","6660.521631137","192.168.15.4","192.168.15.3","MQTT","90","Connect Command"
"1521363","6660.526435105","192.168.15.4","192.168.15.3","MQTT","97","Publish Message (id=6571) [Deviceb'Device - 2']"
"1521364","6660.526830973","192.168.15.3","192.168.15.4","MQTT","70","Connect Ack"
"1521367","6660.529059324","192.168.15.3","192.168.15.4","MQTT","70","Publish Ack (id=6571)"
"1521369","6660.529408744","192.168.15.4","192.168.15.3","MQTT","68","Disconnect Req"
"1522490","6661.532897290","192.168.15.4","192.168.15.3","MQTT","90","Connect Command"
"1522492","6661.537698482","192.168.15.4","192.168.15.3","MQTT","97","Publish Message (id=6572) [Deviceb'Device - 2']"
"1522493","6661.538048343","192.168.15.3","192.168.15.4","MQTT","70","Connect Ack"
"1522496","6661.540621555","192.168.15.3","192.168.15.4","MQTT","70","Publish Ack (id=6572)"
"1522498","6661.541020439","192.168.15.4","192.168.15.3","MQTT","68","Disconnect Req"
"1523825","6662.545192948","192.168.15.4","192.168.15.3","MQTT","90","Connect Command"
"1523827","6662.548223394","192.168.15.4","192.168.15.3","MQTT","97","Publish Message (id=6573) [Deviceb'Device - 2']"
"1523829","6662.552566741","192.168.15.3","192.168.15.4","MQTT","70","Connect Ack"
"1523831","6662.555021710","192.168.15.3","192.168.15.4","MQTT","70","Publish Ack (id=6573)"
"1523833","6662.555369517","192.168.15.4","192.168.15.3","MQTT","68","Disconnect Req"
"1524920","6663.559406099","192.168.15.4","192.168.15.3","MQTT","90","Connect Command"
"1524922","6663.562298094","192.168.15.4","192.168.15.3","MQTT","97","Publish Message (id=6574) [Deviceb'Device - 2']"
"1524923","6663.562698952","192.168.15.3","192.168.15.4","MQTT","70","Connect Ack"
"1524926","6663.565208914","192.168.15.3","192.168.15.4","MQTT","70","Publish Ack (id=6574)"
"1524928","6663.565597719","192.168.15.4","192.168.15.3","MQTT","68","Disconnect Req"
"1526278","6664.569417152","192.168.15.4","192.168.15.3","MQTT","90","Connect Command"
"1526320","6664.573677171","192.168.15.4","192.168.15.3","MQTT","97","Publish Message (id=6575) [Deviceb'Device - 2']"
"1526321","6664.573686749","192.168.15.3","192.168.15.4","MQTT","70","Connect Ack"
"1526324","6664.576629860","192.168.15.3","192.168.15.4","MQTT","70","Publish Ack (id=6575)"
"1526326","6664.577116761","192.168.15.4","192.168.15.3","MQTT","68","Disconnect Req"
"1527421","6665.581019592","192.168.15.4","192.168.15.3","MQTT","90","Connect Command"
"1527423","6665.584033096","192.168.15.4","192.168.15.3","MQTT","97","Publish Message (id=6576) [Deviceb'Device - 2']"
"1527424","6665.584440125","192.168.15.3","192.168.15.4","MQTT","70","Connect Ack"
"1527427","6665.586715735","192.168.15.3","192.168.15.4","MQTT","70","Publish Ack (id=6576)"
"1527429","6665.587610285","192.168.15.4","192.168.15.3","MQTT","68","Disconnect Req"
"1528641","6666.591522975","192.168.15.4","192.168.15.3","MQTT","90","Connect Command"
"1528643","6666.596348954","192.168.15.4","192.168.15.3","MQTT","97","Publish Message (id=6577) [Deviceb'Device - 2']"
"1528644","6666.596788415","192.168.15.3","192.168.15.4","MQTT","70","Connect Ack"
"1528647","6666.599364232","192.168.15.3","192.168.15.4","MQTT","70","Publish Ack (id=6577)"
"1528649","6666.599798833","192.168.15.4","192.168.15.3","MQTT","68","Disconnect Req"
"1529698","6667.605138299","192.168.15.4","192.168.15.3","MQTT","90","Connect Command"
"1529700","6667.608069949","192.168.15.4","192.168.15.3","MQTT","97","Publish Message (id=6578) [Deviceb'Device - 2']"
"1529702","6667.612193691","192.168.15.3","192.168.15.4","MQTT","70","Connect Ack"
"1529704","6667.614697683","192.168.15.3","192.168.15.4","MQTT","70","Publish Ack (id=6578)"
"1529706","6667.615032565","192.168.15.4","192.168.15.3","MQTT","68","Disconnect Req"
"1530983","6668.618844446","192.168.15.4","192.168.15.3","MQTT","90","Connect Command"
"1530985","6668.621841710","192.168.15.4","192.168.15.3","MQTT","97","Publish Message (id=6579) [Deviceb'Device - 2']"
"1530986","6668.622250582","192.168.15.3","192.168.15.4","MQTT","70","Connect Ack"
"1530989","6668.624820468","192.168.15.3","192.168.15.4","MQTT","70","Publish Ack (id=6579)"
"1530991","6668.625243327","192.168.15.4","192.168.15.3","MQTT","68","Disconnect Req"
"1532171","6669.629817179","192.168.15.4","192.168.15.3","MQTT","90","Connect Command"
"1532173","6669.633154605","192.168.15.4","192.168.15.3","MQTT","97","Publish Message (id=6580) [Deviceb'Device - 2']"
"1532174","6669.634440745","192.168.15.3","192.168.15.4","MQTT","70","Connect Ack"
"1532177","6669.636074051","192.168.15.3","192.168.15.4","MQTT","70","Publish Ack (id=6580)"
"1532179","6669.636750810","192.168.15.4","192.168.15.3","MQTT","68","Disconnect Req"
"1533414","6670.640969441","192.168.15.4","192.168.15.3","MQTT","90","Connect Command"
"1533416","6670.643909456","192.168.15.4","192.168.15.3","MQTT","97","Publish Message (id=6581) [Deviceb'Device - 2']"
"1533417","6670.644314571","192.168.15.3","192.168.15.4","MQTT","70","Connect Ack"
"1533420","6670.647879057","192.168.15.3","192.168.15.4","MQTT","70","Publish Ack (id=6581)"
"1533422","6670.648560905","192.168.15.4","192.168.15.3","MQTT","68","Disconnect Req"
"1534635","6671.652503064","192.168.15.4","192.168.15.3","MQTT","90","Connect Command"
"1534637","6671.655369641","192.168.15.4","192.168.15.3","MQTT","97","Publish Message (id=6582) [Deviceb'Device - 2']"
"1534638","6671.655701488","192.168.15.3","192.168.15.4","MQTT","70","Connect Ack"
"1534641","6671.658373997","192.168.15.3","192.168.15.4","MQTT","70","Publish Ack (id=6582)"
"1534643","6671.658775496","192.168.15.4","192.168.15.3","MQTT","68","Disconnect Req"
"1536022","6672.662777488","192.168.15.4","192.168.15.3","MQTT","90","Connect Command"
"1536024","6672.665801412","192.168.15.4","192.168.15.3","MQTT","97","Publish Message (id=6583) [Deviceb'Device - 2']"
"1536026","6672.670541439","192.168.15.3","192.168.15.4","MQTT","70","Connect Ack"
"1536028","6672.673165307","192.168.15.3","192.168.15.4","MQTT","70","Publish Ack (id=6583)"
"1536030","6672.673520979","192.168.15.4","192.168.15.3","MQTT","68","Disconnect Req"
"1537064","6673.677403226","192.168.15.4","192.168.15.3","MQTT","90","Connect Command"
"1537066","6673.680426027","192.168.15.4","192.168.15.3","MQTT","97","Publish Message (id=6584) [Deviceb'Device - 2']"
"1537067","6673.680828348","192.168.15.3","192.168.15.4","MQTT","70","Connect Ack"
"1537070","6673.683489646","192.168.15.3","192.168.15.4","MQTT","70","Publish Ack (id=6584)"
"1537072","6673.683865737","192.168.15.4","192.168.15.3","MQTT","68","Disconnect Req"
"1538233","6674.687794572","192.168.15.4","192.168.15.3","MQTT","90","Connect Command"
"1538235","6674.690668753","192.168.15.4","192.168.15.3","MQTT","97","Publish Message (id=6585) [Deviceb'Device - 2']"
"1538236","6674.691071023","192.168.15.3","192.168.15.4","MQTT","70","Connect Ack"
"1538239","6674.693602727","192.168.15.3","192.168.15.4","MQTT","70","Publish Ack (id=6585)"
"1538241","6674.694353857","192.168.15.4","192.168.15.3","MQTT","68","Disconnect Req"
"1539212","6675.698633144","192.168.15.4","192.168.15.3","MQTT","90","Connect Command"
"1539214","6675.701648953","192.168.15.4","192.168.15.3","MQTT","97","Publish Message (id=6586) [Deviceb'Device - 2']"
"1539215","6675.702081040","192.168.15.3","192.168.15.4","MQTT","70","Connect Ack"
"1539218","6675.704236843","192.168.15.3","192.168.15.4","MQTT","70","Publish Ack (id=6586)"
"1539220","6675.704736678","192.168.15.4","192.168.15.3","MQTT","68","Disconnect Req"
"1540628","6676.708891210","192.168.15.4","192.168.15.3","MQTT","90","Connect Command"
"1540630","6676.711811799","192.168.15.4","192.168.15.3","MQTT","97","Publish Message (id=6587) [Deviceb'Device - 2']"
"1540631","6676.712253123","192.168.15.3","192.168.15.4","MQTT","70","Connect Ack"
"1540634","6676.714778755","192.168.15.3","192.168.15.4","MQTT","70","Publish Ack (id=6587)"
"1540636","6676.715330738","192.168.15.4","192.168.15.3","MQTT","68","Disconnect Req"
"1541646","6677.719713744","192.168.15.4","192.168.15.3","MQTT","90","Connect Command"
"1541648","6677.724471895","192.168.15.4","192.168.15.3","MQTT","97","Publish Message (id=6588) [Deviceb'Device - 2']"
"1541649","6677.726901555","192.168.15.3","192.168.15.4","MQTT","70","Connect Ack"
"1541652","6677.729416778","192.168.15.3","192.168.15.4","MQTT","70","Publish Ack (id=6588)"
"1541654","6677.730071345","192.168.15.4","192.168.15.3","MQTT","68","Disconnect Req"
"1542900","6678.734218655","192.168.15.4","192.168.15.3","MQTT","90","Connect Command"
"1542902","6678.737252859","192.168.15.4","192.168.15.3","MQTT","97","Publish Message (id=6589) [Deviceb'Device - 2']"
"1542903","6678.737697399","192.168.15.3","192.168.15.4","MQTT","70","Connect Ack"
"1542906","6678.743163067","192.168.15.3","192.168.15.4","MQTT","70","Publish Ack (id=6589)"
"1542908","6678.743702586","192.168.15.4","192.168.15.3","MQTT","68","Disconnect Req"
"1544293","6679.748513641","192.168.15.4","192.168.15.3","MQTT","90","Connect Command"
"1544295","6679.751453817","192.168.15.4","192.168.15.3","MQTT","97","Publish Message (id=6590) [Deviceb'Device - 2']"
"1544296","6679.751834186","192.168.15.3","192.168.15.4","MQTT","70","Connect Ack"
"1544299","6679.754063087","192.168.15.3","192.168.15.4","MQTT","70","Publish Ack (id=6590)"
"1544301","6679.754837130","192.168.15.4","192.168.15.3","MQTT","68","Disconnect Req"
"1545611","6680.759088367","192.168.15.4","192.168.15.3","MQTT","90","Connect Command"
"1545613","6680.761975343","192.168.15.4","192.168.15.3","MQTT","97","Publish Message (id=6591) [Deviceb'Device - 2']"
"1545615","6680.762331796","192.168.15.3","192.168.15.4","MQTT","70","Connect Ack"
"1545649","6680.764899899","192.168.15.3","192.168.15.4","MQTT","70","Publish Ack (id=6591)"
"1545651","6680.765607176","192.168.15.4","192.168.15.3","MQTT","68","Disconnect Req"
"1546435","6681.770005081","192.168.15.4","192.168.15.3","MQTT","90","Connect Command"
"1546438","6681.772908818","192.168.15.4","192.168.15.3","MQTT","97","Publish Message (id=6592) [Deviceb'Device - 2']"
"1546439","6681.773261745","192.168.15.3","192.168.15.4","MQTT","70","Connect Ack"
"1546442","6681.775558485","192.168.15.3","192.168.15.4","MQTT","70","Publish Ack (id=6592)"
"1546444","6681.776638075","192.168.15.4","192.168.15.3","MQTT","68","Disconnect Req"
"1547834","6682.780531968","192.168.15.4","192.168.15.3","MQTT","90","Connect Command"
"1547836","6682.783590267","192.168.15.4","192.168.15.3","MQTT","97","Publish Message (id=6593) [Deviceb'Device - 2']"
"1547838","6682.787833605","192.168.15.3","192.168.15.4","MQTT","70","Connect Ack"
"1547890","6682.792502437","192.168.15.3","192.168.15.4","MQTT","70","Publish Ack (id=6593)"
"1547898","6682.792962366","192.168.15.4","192.168.15.3","MQTT","68","Disconnect Req"
"1548947","6683.796498846","192.168.15.4","192.168.15.3","MQTT","90","Connect Command"
"1548949","6683.799545623","192.168.15.4","192.168.15.3","MQTT","97","Publish Message (id=6594) [Deviceb'Device - 2']"
"1548950","6683.799936913","192.168.15.3","192.168.15.4","MQTT","70","Connect Ack"
"1548953","6683.802454290","192.168.15.3","192.168.15.4","MQTT","70","Publish Ack (id=6594)"
"1548955","6683.802780977","192.168.15.4","192.168.15.3","MQTT","68","Disconnect Req"
"1550024","6684.806187771","192.168.15.4","192.168.15.3","MQTT","90","Connect Command"
"1550026","6684.809227164","192.168.15.4","192.168.15.3","MQTT","97","Publish Message (id=6595) [Deviceb'Device - 2']"
"1550027","6684.809650735","192.168.15.3","192.168.15.4","MQTT","70","Connect Ack"
"1550030","6684.812257250","192.168.15.3","192.168.15.4","MQTT","70","Publish Ack (id=6595)"
"1550032","6684.812792502","192.168.15.4","192.168.15.3","MQTT","68","Disconnect Req"
"1551339","6685.816688681","192.168.15.4","192.168.15.3","MQTT","90","Connect Command"
"1551341","6685.819708708","192.168.15.4","192.168.15.3","MQTT","97","Publish Message (id=6596) [Deviceb'Device - 2']"
"1551342","6685.820041056","192.168.15.3","192.168.15.4","MQTT","70","Connect Ack"
"1551377","6685.823751287","192.168.15.3","192.168.15.4","MQTT","70","Publish Ack (id=6596)"
"1551391","6685.824559133","192.168.15.4","192.168.15.3","MQTT","68","Disconnect Req"
"1552578","6686.828946451","192.168.15.4","192.168.15.3","MQTT","90","Connect Command"
"1552580","6686.831931041","192.168.15.4","192.168.15.3","MQTT","97","Publish Message (id=6597) [Deviceb'Device - 2']"
"1552581","6686.832344472","192.168.15.3","192.168.15.4","MQTT","70","Connect Ack"
"1552584","6686.834598231","192.168.15.3","192.168.15.4","MQTT","70","Publish Ack (id=6597)"
"1552586","6686.835352015","192.168.15.4","192.168.15.3","MQTT","68","Disconnect Req"
"1553770","6687.839423938","192.168.15.4","192.168.15.3","MQTT","90","Connect Command"
"1553772","6687.842697955","192.168.15.4","192.168.15.3","MQTT","97","Publish Message (id=6598) [Deviceb'Device - 2']"
"1553774","6687.846665051","192.168.15.3","192.168.15.4","MQTT","70","Connect Ack"
"1553776","6687.849513904","192.168.15.3","192.168.15.4","MQTT","70","Publish Ack (id=6598)"
"1553778","6687.850047953","192.168.15.4","192.168.15.3","MQTT","68","Disconnect Req"
"1555160","6688.854416808","192.168.15.4","192.168.15.3","MQTT","90","Connect Command"
"1555162","6688.857411086","192.168.15.4","192.168.15.3","MQTT","97","Publish Message (id=6599) [Deviceb'Device - 2']"
"1555163","6688.857847340","192.168.15.3","192.168.15.4","MQTT","70","Connect Ack"
"1555166","6688.861137517","192.168.15.3","192.168.15.4","MQTT","70","Publish Ack (id=6599)"
"1555168","6688.861558823","192.168.15.4","192.168.15.3","MQTT","68","Disconnect Req"
"1556059","6689.865486145","192.168.15.4","192.168.15.3","MQTT","90","Connect Command"
"1556061","6689.868529345","192.168.15.4","192.168.15.3","MQTT","97","Publish Message (id=6600) [Deviceb'Device - 2']"
"1556062","6689.868862274","192.168.15.3","192.168.15.4","MQTT","70","Connect Ack"
"1556065","6689.871336750","192.168.15.3","192.168.15.4","MQTT","70","Publish Ack (id=6600)"
"1556067","6689.871643559","192.168.15.4","192.168.15.3","MQTT","68","Disconnect Req"
"1557304","6690.875479828","192.168.15.4","192.168.15.3","MQTT","90","Connect Command"
"1557306","6690.878530413","192.168.15.4","192.168.15.3","MQTT","97","Publish Message (id=6601) [Deviceb'Device - 2']"
"1557307","6690.878886005","192.168.15.3","192.168.15.4","MQTT","70","Connect Ack"
"1557310","6690.881208012","192.168.15.3","192.168.15.4","MQTT","70","Publish Ack (id=6601)"
"1557312","6690.881440251","192.168.15.4","192.168.15.3","MQTT","68","Disconnect Req"
"1558508","6691.885712944","192.168.15.4","192.168.15.3","MQTT","90","Connect Command"
"1558510","6691.888594940","192.168.15.4","192.168.15.3","MQTT","97","Publish Message (id=6602) [Deviceb'Device - 2']"
"1558511","6691.888989075","192.168.15.3","192.168.15.4","MQTT","70","Connect Ack"
"1558514","6691.891591182","192.168.15.3","192.168.15.4","MQTT","70","Publish Ack (id=6602)"
"1558516","6691.892474822","192.168.15.4","192.168.15.3","MQTT","68","Disconnect Req"
"1559727","6692.896338665","192.168.15.4","192.168.15.3","MQTT","90","Connect Command"
"1559729","6692.899400871","192.168.15.4","192.168.15.3","MQTT","97","Publish Message (id=6603) [Deviceb'Device - 2']"
"1559731","6692.903627457","192.168.15.3","192.168.15.4","MQTT","70","Connect Ack"
"1559733","6692.906185992","192.168.15.3","192.168.15.4","MQTT","70","Publish Ack (id=6603)"
"1559735","6692.906583693","192.168.15.4","192.168.15.3","MQTT","68","Disconnect Req"
"1560912","6693.910666941","192.168.15.4","192.168.15.3","MQTT","90","Connect Command"
"1560943","6693.913061546","192.168.15.4","192.168.15.3","MQTT","97","Publish Message (id=6604) [Deviceb'Device - 2']"
"1560944","6693.913490106","192.168.15.3","192.168.15.4","MQTT","70","Connect Ack"
"1560947","6693.915971274","192.168.15.3","192.168.15.4","MQTT","70","Publish Ack (id=6604)"
"1560949","6693.916435190","192.168.15.4","192.168.15.3","MQTT","68","Disconnect Req"
"1562155","6694.920366159","192.168.15.4","192.168.15.3","MQTT","90","Connect Command"
"1562157","6694.923346761","192.168.15.4","192.168.15.3","MQTT","97","Publish Message (id=6605) [Deviceb'Device - 2']"
"1562158","6694.923660805","192.168.15.3","192.168.15.4","MQTT","70","Connect Ack"
"1562161","6694.926417403","192.168.15.3","192.168.15.4","MQTT","70","Publish Ack (id=6605)"
"1562163","6694.926870840","192.168.15.4","192.168.15.3","MQTT","68","Disconnect Req"
"1563359","6695.933476365","192.168.15.4","192.168.15.3","MQTT","90","Connect Command"
"1563374","6695.938268590","192.168.15.4","192.168.15.3","MQTT","97","Publish Message (id=6606) [Deviceb'Device - 2']"
"1563375","6695.938698683","192.168.15.3","192.168.15.4","MQTT","70","Connect Ack"
"1563378","6695.941577382","192.168.15.3","192.168.15.4","MQTT","70","Publish Ack (id=6606)"
"1563380","6695.942127151","192.168.15.4","192.168.15.3","MQTT","68","Disconnect Req"
"1564484","6696.946308728","192.168.15.4","192.168.15.3","MQTT","90","Connect Command"
"1564486","6696.948919752","192.168.15.4","192.168.15.3","MQTT","97","Publish Message (id=6607) [Deviceb'Device - 2']"
"1564487","6696.949305781","192.168.15.3","192.168.15.4","MQTT","70","Connect Ack"
"1564490","6696.951969905","192.168.15.3","192.168.15.4","MQTT","70","Publish Ack (id=6607)"
"1564492","6696.952710585","192.168.15.4","192.168.15.3","MQTT","68","Disconnect Req"
"1565776","6697.957222595","192.168.15.4","192.168.15.3","MQTT","90","Connect Command"
"1565778","6697.960139557","192.168.15.4","192.168.15.3","MQTT","97","Publish Message (id=6608) [Deviceb'Device - 2']"
"1565779","6697.960653077","192.168.15.3","192.168.15.4","MQTT","70","Connect Ack"
"1565782","6697.963093599","192.168.15.3","192.168.15.4","MQTT","70","Publish Ack (id=6608)"
"1565784","6697.963878983","192.168.15.4","192.168.15.3","MQTT","68","Disconnect Req"
"1566884","6698.968204161","192.168.15.4","192.168.15.3","MQTT","90","Connect Command"
"1566886","6698.971177890","192.168.15.4","192.168.15.3","MQTT","97","Publish Message (id=6609) [Deviceb'Device - 2']"
"1566887","6698.971553620","192.168.15.3","192.168.15.4","MQTT","70","Connect Ack"
"1566890","6698.974018157","192.168.15.3","192.168.15.4","MQTT","70","Publish Ack (id=6609)"
"1566892","6698.974678925","192.168.15.4","192.168.15.3","MQTT","68","Disconnect Req"
"1568202","6699.979246541","192.168.15.4","192.168.15.3","MQTT","90","Connect Command"
"1568204","6699.982910514","192.168.15.4","192.168.15.3","MQTT","97","Publish Message (id=6610) [Deviceb'Device - 2']"
"1568205","6699.983315920","192.168.15.3","192.168.15.4","MQTT","70","Connect Ack"
"1568208","6699.985495930","192.168.15.3","192.168.15.4","MQTT","70","Publish Ack (id=6610)"
"1568210","6699.986143113","192.168.15.4","192.168.15.3","MQTT","68","Disconnect Req"
"1569556","6700.990526671","192.168.15.4","192.168.15.3","MQTT","90","Connect Command"
"1569559","6700.993103350","192.168.15.4","192.168.15.3","MQTT","97","Publish Message (id=6611) [Deviceb'Device - 2']"
"1569560","6700.993494119","192.168.15.3","192.168.15.4","MQTT","70","Connect Ack"
"1569563","6700.996106104","192.168.15.3","192.168.15.4","MQTT","70","Publish Ack (id=6611)"
"1569565","6700.996834501","192.168.15.4","192.168.15.3","MQTT","68","Disconnect Req"
"1570421","6702.000787236","192.168.15.4","192.168.15.3","MQTT","90","Connect Command"
"1570423","6702.003714277","192.168.15.4","192.168.15.3","MQTT","97","Publish Message (id=6612) [Deviceb'Device - 2']"
"1570424","6702.004106999","192.168.15.3","192.168.15.4","MQTT","70","Connect Ack"
"1570427","6702.006723383","192.168.15.3","192.168.15.4","MQTT","70","Publish Ack (id=6612)"
"1570429","6702.007342483","192.168.15.4","192.168.15.3","MQTT","68","Disconnect Req"
"1571737","6703.011598092","192.168.15.4","192.168.15.3","MQTT","90","Connect Command"
"1571739","6703.014504504","192.168.15.4","192.168.15.3","MQTT","97","Publish Message (id=6613) [Deviceb'Device - 2']"
"1571740","6703.017169139","192.168.15.3","192.168.15.4","MQTT","70","Connect Ack"
"1571743","6703.019772919","192.168.15.3","192.168.15.4","MQTT","70","Publish Ack (id=6613)"
"1571745","6703.020104726","192.168.15.4","192.168.15.3","MQTT","68","Disconnect Req"
"1572802","6704.024741946","192.168.15.4","192.168.15.3","MQTT","90","Connect Command"
"1572804","6704.027624773","192.168.15.4","192.168.15.3","MQTT","97","Publish Message (id=6614) [Deviceb'Device - 2']"
"1572805","6704.027968403","192.168.15.3","192.168.15.4","MQTT","70","Connect Ack"
"1572808","6704.030848805","192.168.15.3","192.168.15.4","MQTT","70","Publish Ack (id=6614)"
"1572810","6704.031170754","192.168.15.4","192.168.15.3","MQTT","68","Disconnect Req"
"1574059","6705.034853069","192.168.15.4","192.168.15.3","MQTT","90","Connect Command"
"1574061","6705.037865592","192.168.15.4","192.168.15.3","MQTT","97","Publish Message (id=6615) [Deviceb'Device - 2']"
"1574062","6705.038313839","192.168.15.3","192.168.15.4","MQTT","70","Connect Ack"
"1574124","6705.043034820","192.168.15.3","192.168.15.4","MQTT","70","Publish Ack (id=6615)"
"1574127","6705.043449584","192.168.15.4","192.168.15.3","MQTT","68","Disconnect Req"
"1575230","6706.047444952","192.168.15.4","192.168.15.3","MQTT","90","Connect Command"
"1575232","6706.050509823","192.168.15.4","192.168.15.3","MQTT","97","Publish Message (id=6616) [Deviceb'Device - 2']"
"1575233","6706.050896073","192.168.15.3","192.168.15.4","MQTT","70","Connect Ack"
"1575236","6706.053642803","192.168.15.3","192.168.15.4","MQTT","70","Publish Ack (id=6616)"
"1575238","6706.053895220","192.168.15.4","192.168.15.3","MQTT","68","Disconnect Req"
"1576488","6707.057666235","192.168.15.4","192.168.15.3","MQTT","90","Connect Command"
"1576490","6707.060697383","192.168.15.4","192.168.15.3","MQTT","97","Publish Message (id=6617) [Deviceb'Device - 2']"
"1576491","6707.061056241","192.168.15.3","192.168.15.4","MQTT","70","Connect Ack"
"1576494","6707.063620846","192.168.15.3","192.168.15.4","MQTT","70","Publish Ack (id=6617)"
"1576496","6707.063854147","192.168.15.4","192.168.15.3","MQTT","68","Disconnect Req"
"1577658","6708.067227151","192.168.15.4","192.168.15.3","MQTT","90","Connect Command"
"1577660","6708.070189108","192.168.15.4","192.168.15.3","MQTT","97","Publish Message (id=6618) [Deviceb'Device - 2']"
"1577662","6708.074348728","192.168.15.3","192.168.15.4","MQTT","70","Connect Ack"
"1577664","6708.076797805","192.168.15.3","192.168.15.4","MQTT","70","Publish Ack (id=6618)"
"1577666","6708.077282311","192.168.15.4","192.168.15.3","MQTT","68","Disconnect Req"
"1578996","6709.081558361","192.168.15.4","192.168.15.3","MQTT","90","Connect Command"
"1578998","6709.084488307","192.168.15.4","192.168.15.3","MQTT","97","Publish Message (id=6619) [Deviceb'Device - 2']"
"1578999","6709.084877533","192.168.15.3","192.168.15.4","MQTT","70","Connect Ack"
"1579002","6709.087570561","192.168.15.3","192.168.15.4","MQTT","70","Publish Ack (id=6619)"
"1579004","6709.088100112","192.168.15.4","192.168.15.3","MQTT","68","Disconnect Req"
"1580425","6710.092069343","192.168.15.4","192.168.15.3","MQTT","90","Connect Command"
"1580427","6710.095157047","192.168.15.4","192.168.15.3","MQTT","97","Publish Message (id=6620) [Deviceb'Device - 2']"
"1580428","6710.095893549","192.168.15.3","192.168.15.4","MQTT","70","Connect Ack"
"1580451","6710.098948311","192.168.15.3","192.168.15.4","MQTT","70","Publish Ack (id=6620)"
"1580456","6710.099202412","192.168.15.4","192.168.15.3","MQTT","68","Disconnect Req"
"1581398","6711.103031797","192.168.15.4","192.168.15.3","MQTT","90","Connect Command"
"1581400","6711.107227225","192.168.15.4","192.168.15.3","MQTT","97","Publish Message (id=6621) [Deviceb'Device - 2']"
"1581401","6711.107608936","192.168.15.3","192.168.15.4","MQTT","70","Connect Ack"
"1581404","6711.110260106","192.168.15.3","192.168.15.4","MQTT","70","Publish Ack (id=6621)"
"1581406","6711.110871631","192.168.15.4","192.168.15.3","MQTT","68","Disconnect Req"
"1582655","6712.115369783","192.168.15.4","192.168.15.3","MQTT","90","Connect Command"
"1582657","6712.118256888","192.168.15.4","192.168.15.3","MQTT","97","Publish Message (id=6622) [Deviceb'Device - 2']"
"1582658","6712.118742145","192.168.15.3","192.168.15.4","MQTT","70","Connect Ack"
"1582661","6712.121246608","192.168.15.3","192.168.15.4","MQTT","70","Publish Ack (id=6622)"
"1582663","6712.121571933","192.168.15.4","192.168.15.3","MQTT","68","Disconnect Req"
"1583758","6713.125757243","192.168.15.4","192.168.15.3","MQTT","90","Connect Command"
"1583792","6713.130827353","192.168.15.4","192.168.15.3","MQTT","97","Publish Message (id=6623) [Deviceb'Device - 2']"
"1583808","6713.135756978","192.168.15.3","192.168.15.4","MQTT","70","Connect Ack"
"1583810","6713.138270067","192.168.15.3","192.168.15.4","MQTT","70","Publish Ack (id=6623)"
"1583812","6713.138596904","192.168.15.4","192.168.15.3","MQTT","68","Disconnect Req"
"1584765","6714.142566588","192.168.15.4","192.168.15.3","MQTT","90","Connect Command"
"1584767","6714.145538815","192.168.15.4","192.168.15.3","MQTT","97","Publish Message (id=6624) [Deviceb'Device - 2']"
"1584768","6714.145875191","192.168.15.3","192.168.15.4","MQTT","70","Connect Ack"
"1584771","6714.148568410","192.168.15.3","192.168.15.4","MQTT","70","Publish Ack (id=6624)"
"1584778","6714.149134259","192.168.15.4","192.168.15.3","MQTT","68","Disconnect Req"
"1586036","6715.152735487","192.168.15.4","192.168.15.3","MQTT","90","Connect Command"
"1586051","6715.156245019","192.168.15.4","192.168.15.3","MQTT","97","Publish Message (id=6625) [Deviceb'Device - 2']"
"1586061","6715.157023831","192.168.15.3","192.168.15.4","MQTT","70","Connect Ack"
"1586080","6715.159190845","192.168.15.3","192.168.15.4","MQTT","70","Publish Ack (id=6625)"
"1586082","6715.159511401","192.168.15.4","192.168.15.3","MQTT","68","Disconnect Req"
"1587431","6716.163178855","192.168.15.4","192.168.15.3","MQTT","90","Connect Command"
"1587433","6716.166206306","192.168.15.4","192.168.15.3","MQTT","97","Publish Message (id=6626) [Deviceb'Device - 2']"
"1587434","6716.166657568","192.168.15.3","192.168.15.4","MQTT","70","Connect Ack"
"1587437","6716.168743209","192.168.15.3","192.168.15.4","MQTT","70","Publish Ack (id=6626)"
"1587439","6716.169010014","192.168.15.4","192.168.15.3","MQTT","68","Disconnect Req"
"1588607","6717.173051285","192.168.15.4","192.168.15.3","MQTT","90","Connect Command"
"1588609","6717.175924304","192.168.15.4","192.168.15.3","MQTT","97","Publish Message (id=6627) [Deviceb'Device - 2']"
"1588610","6717.176282360","192.168.15.3","192.168.15.4","MQTT","70","Connect Ack"
"1588647","6717.180275786","192.168.15.3","192.168.15.4","MQTT","70","Publish Ack (id=6627)"
"1588650","6717.181085786","192.168.15.4","192.168.15.3","MQTT","68","Disconnect Req"
"1589687","6718.185025926","192.168.15.4","192.168.15.3","MQTT","90","Connect Command"
"1589689","6718.187913572","192.168.15.4","192.168.15.3","MQTT","97","Publish Message (id=6628) [Deviceb'Device - 2']"
"1589691","6718.192146351","192.168.15.3","192.168.15.4","MQTT","70","Connect Ack"
"1589693","6718.194646134","192.168.15.3","192.168.15.4","MQTT","70","Publish Ack (id=6628)"
"1589695","6718.195006686","192.168.15.4","192.168.15.3","MQTT","68","Disconnect Req"
"1590915","6719.198770252","192.168.15.4","192.168.15.3","MQTT","90","Connect Command"
"1590917","6719.201774289","192.168.15.4","192.168.15.3","MQTT","97","Publish Message (id=6629) [Deviceb'Device - 2']"
"1590918","6719.202340779","192.168.15.3","192.168.15.4","MQTT","70","Connect Ack"
"1590921","6719.204281797","192.168.15.3","192.168.15.4","MQTT","70","Publish Ack (id=6629)"
"1590923","6719.204627791","192.168.15.4","192.168.15.3","MQTT","68","Disconnect Req"
"1591963","6720.208361281","192.168.15.4","192.168.15.3","MQTT","90","Connect Command"
"1591966","6720.213776604","192.168.15.4","192.168.15.3","MQTT","97","Publish Message (id=6630) [Deviceb'Device - 2']"
"1591967","6720.214220653","192.168.15.3","192.168.15.4","MQTT","70","Connect Ack"
"1591970","6720.216711379","192.168.15.3","192.168.15.4","MQTT","70","Publish Ack (id=6630)"
"1591972","6720.216958947","192.168.15.4","192.168.15.3","MQTT","68","Disconnect Req"
"1593351","6721.221165152","192.168.15.4","192.168.15.3","MQTT","90","Connect Command"
"1593353","6721.224093835","192.168.15.4","192.168.15.3","MQTT","97","Publish Message (id=6631) [Deviceb'Device - 2']"
"1593354","6721.224444127","192.168.15.3","192.168.15.4","MQTT","70","Connect Ack"
"1593357","6721.226777948","192.168.15.3","192.168.15.4","MQTT","70","Publish Ack (id=6631)"
"1593359","6721.227073236","192.168.15.4","192.168.15.3","MQTT","68","Disconnect Req"
"1594512","6722.230914350","192.168.15.4","192.168.15.3","MQTT","90","Connect Command"
"1594514","6722.233956188","192.168.15.4","192.168.15.3","MQTT","97","Publish Message (id=6632) [Deviceb'Device - 2']"
"1594515","6722.234338911","192.168.15.3","192.168.15.4","MQTT","70","Connect Ack"
"1594518","6722.237042801","192.168.15.3","192.168.15.4","MQTT","70","Publish Ack (id=6632)"
"1594520","6722.237686437","192.168.15.4","192.168.15.3","MQTT","68","Disconnect Req"
"1595735","6723.242516902","192.168.15.4","192.168.15.3","MQTT","90","Connect Command"
"1595737","6723.245184503","192.168.15.4","192.168.15.3","MQTT","97","Publish Message (id=6633) [Deviceb'Device - 2']"
"1595739","6723.249492864","192.168.15.3","192.168.15.4","MQTT","70","Connect Ack"
"1595741","6723.251988480","192.168.15.3","192.168.15.4","MQTT","70","Publish Ack (id=6633)"
"1595743","6723.252349822","192.168.15.4","192.168.15.3","MQTT","68","Disconnect Req"
"1597064","6724.255813975","192.168.15.4","192.168.15.3","MQTT","90","Connect Command"
"1597066","6724.258848299","192.168.15.4","192.168.15.3","MQTT","97","Publish Message (id=6634) [Deviceb'Device - 2']"
"1597067","6724.259238026","192.168.15.3","192.168.15.4","MQTT","70","Connect Ack"
"1597070","6724.261751726","192.168.15.3","192.168.15.4","MQTT","70","Publish Ack (id=6634)"
"1597072","6724.262028098","192.168.15.4","192.168.15.3","MQTT","68","Disconnect Req"
"1598411","6725.265602651","192.168.15.4","192.168.15.3","MQTT","90","Connect Command"
"1598413","6725.269083709","192.168.15.4","192.168.15.3","MQTT","97","Publish Message (id=6635) [Deviceb'Device - 2']"
"1598414","6725.269094840","192.168.15.3","192.168.15.4","MQTT","70","Connect Ack"
"1598417","6725.272003145","192.168.15.3","192.168.15.4","MQTT","70","Publish Ack (id=6635)"
"1598419","6725.272293223","192.168.15.4","192.168.15.3","MQTT","68","Disconnect Req"
"1599370","6726.276324288","192.168.15.4","192.168.15.3","MQTT","90","Connect Command"
"1599372","6726.279849028","192.168.15.4","192.168.15.3","MQTT","97","Publish Message (id=6636) [Deviceb'Device - 2']"
"1599373","6726.280754960","192.168.15.3","192.168.15.4","MQTT","70","Connect Ack"
"1599376","6726.282437229","192.168.15.3","192.168.15.4","MQTT","70","Publish Ack (id=6636)"
"1599378","6726.282805004","192.168.15.4","192.168.15.3","MQTT","68","Disconnect Req"
"1600705","6727.286332308","192.168.15.4","192.168.15.3","MQTT","90","Connect Command"
"1600707","6727.291805631","192.168.15.4","192.168.15.3","MQTT","97","Publish Message (id=6637) [Deviceb'Device - 2']"
"1600708","6727.292229713","192.168.15.3","192.168.15.4","MQTT","70","Connect Ack"
"1600711","6727.294909185","192.168.15.3","192.168.15.4","MQTT","70","Publish Ack (id=6637)"
"1600713","6727.295230883","192.168.15.4","192.168.15.3","MQTT","68","Disconnect Req"
"1601912","6728.300727470","192.168.15.4","192.168.15.3","MQTT","90","Connect Command"
"1601914","6728.303150468","192.168.15.4","192.168.15.3","MQTT","97","Publish Message (id=6638) [Deviceb'Device - 2']"
"1601916","6728.307367026","192.168.15.3","192.168.15.4","MQTT","70","Connect Ack"
"1601918","6728.311353870","192.168.15.3","192.168.15.4","MQTT","70","Publish Ack (id=6638)"
"1601920","6728.311904390","192.168.15.4","192.168.15.3","MQTT","68","Disconnect Req"
"1602985","6729.316078027","192.168.15.4","192.168.15.3","MQTT","90","Connect Command"
"1602987","6729.319078016","192.168.15.4","192.168.15.3","MQTT","97","Publish Message (id=6639) [Deviceb'Device - 2']"
"1602988","6729.319467893","192.168.15.3","192.168.15.4","MQTT","70","Connect Ack"
"1602991","6729.321907432","192.168.15.3","192.168.15.4","MQTT","70","Publish Ack (id=6639)"
"1602993","6729.322176360","192.168.15.4","192.168.15.3","MQTT","68","Disconnect Req"
"1604112","6730.325346211","192.168.15.4","192.168.15.3","MQTT","90","Connect Command"
"1604114","6730.328382008","192.168.15.4","192.168.15.3","MQTT","97","Publish Message (id=6640) [Deviceb'Device - 2']"
"1604115","6730.328829473","192.168.15.3","192.168.15.4","MQTT","70","Connect Ack"
"1604118","6730.331080597","192.168.15.3","192.168.15.4","MQTT","70","Publish Ack (id=6640)"
"1604120","6730.331338785","192.168.15.4","192.168.15.3","MQTT","68","Disconnect Req"
"1605419","6731.334961733","192.168.15.4","192.168.15.3","MQTT","90","Connect Command"
"1605421","6731.338017387","192.168.15.4","192.168.15.3","MQTT","97","Publish Message (id=6641) [Deviceb'Device - 2']"
"1605422","6731.338405881","192.168.15.3","192.168.15.4","MQTT","70","Connect Ack"
"1605425","6731.340683605","192.168.15.3","192.168.15.4","MQTT","70","Publish Ack (id=6641)"
"1605427","6731.340951682","192.168.15.4","192.168.15.3","MQTT","68","Disconnect Req"
"1606453","6732.345170035","192.168.15.4","192.168.15.3","MQTT","90","Connect Command"
"1606455","6732.348121301","192.168.15.4","192.168.15.3","MQTT","97","Publish Message (id=6642) [Deviceb'Device - 2']"
"1606456","6732.348524193","192.168.15.3","192.168.15.4","MQTT","70","Connect Ack"
"1606459","6732.350773012","192.168.15.3","192.168.15.4","MQTT","70","Publish Ack (id=6642)"
"1606461","6732.351142380","192.168.15.4","192.168.15.3","MQTT","68","Disconnect Req"
"1607753","6733.354539492","192.168.15.4","192.168.15.3","MQTT","90","Connect Command"
"1607755","6733.357541715","192.168.15.4","192.168.15.3","MQTT","97","Publish Message (id=6643) [Deviceb'Device - 2']"
"1607757","6733.361776056","192.168.15.3","192.168.15.4","MQTT","70","Connect Ack"
"1607759","6733.364241715","192.168.15.3","192.168.15.4","MQTT","70","Publish Ack (id=6643)"
"1607761","6733.364480086","192.168.15.4","192.168.15.3","MQTT","68","Disconnect Req"
"1608880","6734.368139093","192.168.15.4","192.168.15.3","MQTT","90","Connect Command"
"1608882","6734.371184227","192.168.15.4","192.168.15.3","MQTT","97","Publish Message (id=6644) [Deviceb'Device - 2']"
"1608883","6734.371621173","192.168.15.3","192.168.15.4","MQTT","70","Connect Ack"
"1608886","6734.374289505","192.168.15.3","192.168.15.4","MQTT","70","Publish Ack (id=6644)"
"1608888","6734.374556820","192.168.15.4","192.168.15.3","MQTT","68","Disconnect Req"
"1610186","6735.378354159","192.168.15.4","192.168.15.3","MQTT","90","Connect Command"
"1610188","6735.381405876","192.168.15.4","192.168.15.3","MQTT","97","Publish Message (id=6645) [Deviceb'Device - 2']"
"1610189","6735.381850075","192.168.15.3","192.168.15.4","MQTT","70","Connect Ack"
"1610192","6735.383911040","192.168.15.3","192.168.15.4","MQTT","70","Publish Ack (id=6645)"
"1610194","6735.384712504","192.168.15.4","192.168.15.3","MQTT","68","Disconnect Req"
"1611271","6736.388225516","192.168.15.4","192.168.15.3","MQTT","90","Connect Command"
"1611273","6736.393590514","192.168.15.4","192.168.15.3","MQTT","97","Publish Message (id=6646) [Deviceb'Device - 2']"
"1611274","6736.393983828","192.168.15.3","192.168.15.4","MQTT","70","Connect Ack"
"1611277","6736.396555066","192.168.15.3","192.168.15.4","MQTT","70","Publish Ack (id=6646)"
"1611279","6736.396869440","192.168.15.4","192.168.15.3","MQTT","68","Disconnect Req"
"1612600","6737.401174229","192.168.15.4","192.168.15.3","MQTT","90","Connect Command"
"1612602","6737.405124824","192.168.15.4","192.168.15.3","MQTT","97","Publish Message (id=6647) [Deviceb'Device - 2']"
"1612603","6737.405493321","192.168.15.3","192.168.15.4","MQTT","70","Connect Ack"
"1612606","6737.407850705","192.168.15.3","192.168.15.4","MQTT","70","Publish Ack (id=6647)"
"1612608","6737.408331744","192.168.15.4","192.168.15.3","MQTT","68","Disconnect Req"
"1613718","6738.412042060","192.168.15.4","192.168.15.3","MQTT","90","Connect Command"
"1613720","6738.415017793","192.168.15.4","192.168.15.3","MQTT","97","Publish Message (id=6648) [Deviceb'Device - 2']"
"1613722","6738.419897905","192.168.15.3","192.168.15.4","MQTT","70","Connect Ack"
"1613724","6738.422920847","192.168.15.3","192.168.15.4","MQTT","70","Publish Ack (id=6648)"
"1613726","6738.423193673","192.168.15.4","192.168.15.3","MQTT","68","Disconnect Req"
"1615172","6739.428449741","192.168.15.4","192.168.15.3","MQTT","90","Connect Command"
"1615174","6739.433361582","192.168.15.4","192.168.15.3","MQTT","97","Publish Message (id=6649) [Deviceb'Device - 2']"
"1615175","6739.433745026","192.168.15.3","192.168.15.4","MQTT","70","Connect Ack"
"1615178","6739.436358224","192.168.15.3","192.168.15.4","MQTT","70","Publish Ack (id=6649)"
"1615180","6739.436733243","192.168.15.4","192.168.15.3","MQTT","68","Disconnect Req"
"1616271","6740.440278218","192.168.15.4","192.168.15.3","MQTT","90","Connect Command"
"1616273","6740.443302763","192.168.15.4","192.168.15.3","MQTT","97","Publish Message (id=6650) [Deviceb'Device - 2']"
"1616274","6740.443733086","192.168.15.3","192.168.15.4","MQTT","70","Connect Ack"
"1616277","6740.446399996","192.168.15.3","192.168.15.4","MQTT","70","Publish Ack (id=6650)"
"1616279","6740.446699702","192.168.15.4","192.168.15.3","MQTT","68","Disconnect Req"
"1617474","6741.450510189","192.168.15.4","192.168.15.3","MQTT","90","Connect Command"
"1617476","6741.453546596","192.168.15.4","192.168.15.3","MQTT","97","Publish Message (id=6651) [Deviceb'Device - 2']"
"1617477","6741.453983572","192.168.15.3","192.168.15.4","MQTT","70","Connect Ack"
"1617480","6741.456608662","192.168.15.3","192.168.15.4","MQTT","70","Publish Ack (id=6651)"
"1617482","6741.456871629","192.168.15.4","192.168.15.3","MQTT","68","Disconnect Req"
"1618518","6742.460405304","192.168.15.4","192.168.15.3","MQTT","90","Connect Command"
"1618520","6742.463402117","192.168.15.4","192.168.15.3","MQTT","97","Publish Message (id=6652) [Deviceb'Device - 2']"
"1618521","6742.463789689","192.168.15.3","192.168.15.4","MQTT","70","Connect Ack"
"1618524","6742.466477378","192.168.15.3","192.168.15.4","MQTT","70","Publish Ack (id=6652)"
"1618526","6742.466860492","192.168.15.4","192.168.15.3","MQTT","68","Disconnect Req"
"1618887","6743.470680969","192.168.15.4","192.168.15.3","MQTT","90","Connect Command"
"1618889","6743.473685566","192.168.15.4","192.168.15.3","MQTT","97","Publish Message (id=6653) [Deviceb'Device - 2']"
"1618891","6743.477924376","192.168.15.3","192.168.15.4","MQTT","70","Connect Ack"
"1618893","6743.480403961","192.168.15.3","192.168.15.4","MQTT","70","Publish Ack (id=6653)"
"1618895","6743.480669453","192.168.15.4","192.168.15.3","MQTT","68","Disconnect Req"
"1619081","6744.484438613","192.168.15.4","192.168.15.3","MQTT","90","Connect Command"
"1619083","6744.487883523","192.168.15.4","192.168.15.3","MQTT","97","Publish Message (id=6654) [Deviceb'Device - 2']"
"1619084","6744.488267549","192.168.15.3","192.168.15.4","MQTT","70","Connect Ack"
"1619087","6744.490812778","192.168.15.3","192.168.15.4","MQTT","70","Publish Ack (id=6654)"
"1619089","6744.491044596","192.168.15.4","192.168.15.3","MQTT","68","Disconnect Req"
"1619572","6745.495662361","192.168.15.4","192.168.15.3","MQTT","90","Connect Command"
"1619574","6745.498589883","192.168.15.4","192.168.15.3","MQTT","97","Publish Message (id=6655) [Deviceb'Device - 2']"
"1619575","6745.498982164","192.168.15.3","192.168.15.4","MQTT","70","Connect Ack"
"1619578","6745.501263315","192.168.15.3","192.168.15.4","MQTT","70","Publish Ack (id=6655)"
"1619580","6745.501589020","192.168.15.4","192.168.15.3","MQTT","68","Disconnect Req"
"1619846","6746.506015834","192.168.15.4","192.168.15.3","MQTT","90","Connect Command"
"1619848","6746.508896648","192.168.15.4","192.168.15.3","MQTT","97","Publish Message (id=6656) [Deviceb'Device - 2']"
"1619849","6746.509337190","192.168.15.3","192.168.15.4","MQTT","70","Connect Ack"
"1619866","6746.511498615","192.168.15.3","192.168.15.4","MQTT","70","Publish Ack (id=6656)"
"1619868","6746.511826464","192.168.15.4","192.168.15.3","MQTT","68","Disconnect Req"
"1620133","6747.516302180","192.168.15.4","192.168.15.3","MQTT","90","Connect Command"
"1620135","6747.519262715","192.168.15.4","192.168.15.3","MQTT","97","Publish Message (id=6657) [Deviceb'Device - 2']"
"1620136","6747.519674723","192.168.15.3","192.168.15.4","MQTT","70","Connect Ack"
"1620139","6747.522282541","192.168.15.3","192.168.15.4","MQTT","70","Publish Ack (id=6657)"
"1620141","6747.522586866","192.168.15.4","192.168.15.3","MQTT","68","Disconnect Req"
"1620390","6748.526403549","192.168.15.4","192.168.15.3","MQTT","90","Connect Command"
"1620392","6748.529314770","192.168.15.4","192.168.15.3","MQTT","97","Publish Message (id=6658) [Deviceb'Device - 2']"
"1620394","6748.533513284","192.168.15.3","192.168.15.4","MQTT","70","Connect Ack"
"1620396","6748.536026713","192.168.15.3","192.168.15.4","MQTT","70","Publish Ack (id=6658)"
"1620398","6748.536402323","192.168.15.4","192.168.15.3","MQTT","68","Disconnect Req"
"1620688","6749.540317262","192.168.15.4","192.168.15.3","MQTT","90","Connect Command"
"1620690","6749.543099720","192.168.15.4","192.168.15.3","MQTT","97","Publish Message (id=6659) [Deviceb'Device - 2']"
"1620691","6749.543538038","192.168.15.3","192.168.15.4","MQTT","70","Connect Ack"
"1620694","6749.546041788","192.168.15.3","192.168.15.4","MQTT","70","Publish Ack (id=6659)"
"1620696","6749.546282513","192.168.15.4","192.168.15.3","MQTT","68","Disconnect Req"
"1620924","6750.549958902","192.168.15.4","192.168.15.3","MQTT","90","Connect Command"
"1620926","6750.552998385","192.168.15.4","192.168.15.3","MQTT","97","Publish Message (id=6660) [Deviceb'Device - 2']"
"1620927","6750.553401998","192.168.15.3","192.168.15.4","MQTT","70","Connect Ack"
"1620930","6750.555504671","192.168.15.3","192.168.15.4","MQTT","70","Publish Ack (id=6660)"
"1620932","6750.555863449","192.168.15.4","192.168.15.3","MQTT","68","Disconnect Req"
"1621185","6751.560151093","192.168.15.4","192.168.15.3","MQTT","90","Connect Command"
"1621187","6751.563077663","192.168.15.4","192.168.15.3","MQTT","97","Publish Message (id=6661) [Deviceb'Device - 2']"
"1621188","6751.563424148","192.168.15.3","192.168.15.4","MQTT","70","Connect Ack"
"1621191","6751.566118970","192.168.15.3","192.168.15.4","MQTT","70","Publish Ack (id=6661)"
"1621193","6751.566457450","192.168.15.4","192.168.15.3","MQTT","68","Disconnect Req"
"1621445","6752.570398279","192.168.15.4","192.168.15.3","MQTT","90","Connect Command"
"1621447","6752.573456969","192.168.15.4","192.168.15.3","MQTT","97","Publish Message (id=6662) [Deviceb'Device - 2']"
"1621448","6752.573877453","192.168.15.3","192.168.15.4","MQTT","70","Connect Ack"
"1621451","6752.576729282","192.168.15.3","192.168.15.4","MQTT","70","Publish Ack (id=6662)"
"1621453","6752.576978322","192.168.15.4","192.168.15.3","MQTT","68","Disconnect Req"
"1621814","6753.580497584","192.168.15.4","192.168.15.3","MQTT","90","Connect Command"
"1621816","6753.584259553","192.168.15.4","192.168.15.3","MQTT","97","Publish Message (id=6663) [Deviceb'Device - 2']"
"1621818","6753.607709624","192.168.15.3","192.168.15.4","MQTT","70","Connect Ack"
"1621820","6753.610197275","192.168.15.3","192.168.15.4","MQTT","70","Publish Ack (id=6663)"
"1621822","6753.610477294","192.168.15.4","192.168.15.3","MQTT","68","Disconnect Req"
"1622150","6754.614660522","192.168.15.4","192.168.15.3","MQTT","90","Connect Command"
"1622152","6754.619540684","192.168.15.4","192.168.15.3","MQTT","97","Publish Message (id=6664) [Deviceb'Device - 2']"
"1622153","6754.620492402","192.168.15.3","192.168.15.4","MQTT","70","Connect Ack"
"1622156","6754.622546604","192.168.15.3","192.168.15.4","MQTT","70","Publish Ack (id=6664)"
"1622158","6754.622818558","192.168.15.4","192.168.15.3","MQTT","68","Disconnect Req"
"1622426","6755.626682673","192.168.15.4","192.168.15.3","MQTT","90","Connect Command"
"1622428","6755.629709552","192.168.15.4","192.168.15.3","MQTT","97","Publish Message (id=6665) [Deviceb'Device - 2']"
"1622429","6755.630121571","192.168.15.3","192.168.15.4","MQTT","70","Connect Ack"
"1622432","6755.633208564","192.168.15.3","192.168.15.4","MQTT","70","Publish Ack (id=6665)"
"1622434","6755.633482442","192.168.15.4","192.168.15.3","MQTT","68","Disconnect Req"
"1622801","6756.637462606","192.168.15.4","192.168.15.3","MQTT","90","Connect Command"
"1622803","6756.640507790","192.168.15.4","192.168.15.3","MQTT","97","Publish Message (id=6666) [Deviceb'Device - 2']"
"1622804","6756.641402722","192.168.15.3","192.168.15.4","MQTT","70","Connect Ack"
"1622807","6756.643628748","192.168.15.3","192.168.15.4","MQTT","70","Publish Ack (id=6666)"
"1622809","6756.643891344","192.168.15.4","192.168.15.3","MQTT","68","Disconnect Req"
"1623094","6757.647430345","192.168.15.4","192.168.15.3","MQTT","90","Connect Command"
"1623096","6757.650331498","192.168.15.4","192.168.15.3","MQTT","97","Publish Message (id=6667) [Deviceb'Device - 2']"
"1623097","6757.650688282","192.168.15.3","192.168.15.4","MQTT","70","Connect Ack"
"1623100","6757.652857681","192.168.15.3","192.168.15.4","MQTT","70","Publish Ack (id=6667)"
"1623102","6757.653458777","192.168.15.4","192.168.15.3","MQTT","68","Disconnect Req"
"1623311","6758.657601480","192.168.15.4","192.168.15.3","MQTT","90","Connect Command"
"1623313","6758.660493354","192.168.15.4","192.168.15.3","MQTT","97","Publish Message (id=6668) [Deviceb'Device - 2']"
"1623321","6758.664712647","192.168.15.3","192.168.15.4","MQTT","70","Connect Ack"
"1623323","6758.667181142","192.168.15.3","192.168.15.4","MQTT","70","Publish Ack (id=6668)"
"1623325","6758.667504312","192.168.15.4","192.168.15.3","MQTT","68","Disconnect Req"
"1623622","6759.671729972","192.168.15.4","192.168.15.3","MQTT","90","Connect Command"
"1623624","6759.674652133","192.168.15.4","192.168.15.3","MQTT","97","Publish Message (id=6669) [Deviceb'Device - 2']"
"1623625","6759.675109307","192.168.15.3","192.168.15.4","MQTT","70","Connect Ack"
"1623628","6759.677562994","192.168.15.3","192.168.15.4","MQTT","70","Publish Ack (id=6669)"
"1623630","6759.677863361","192.168.15.4","192.168.15.3","MQTT","68","Disconnect Req"
"1623921","6760.681654121","192.168.15.4","192.168.15.3","MQTT","90","Connect Command"
"1623923","6760.684521720","192.168.15.4","192.168.15.3","MQTT","97","Publish Message (id=6670) [Deviceb'Device - 2']"
"1623924","6760.684912598","192.168.15.3","192.168.15.4","MQTT","70","Connect Ack"
"1623927","6760.687377717","192.168.15.3","192.168.15.4","MQTT","70","Publish Ack (id=6670)"
"1623929","6760.688043745","192.168.15.4","192.168.15.3","MQTT","68","Disconnect Req"
"1624245","6761.692595141","192.168.15.4","192.168.15.3","MQTT","90","Connect Command"
"1624247","6761.695526971","192.168.15.4","192.168.15.3","MQTT","97","Publish Message (id=6671) [Deviceb'Device - 2']"
"1624248","6761.695946103","192.168.15.3","192.168.15.4","MQTT","70","Connect Ack"
"1624251","6761.698099442","192.168.15.3","192.168.15.4","MQTT","70","Publish Ack (id=6671)"
"1624253","6761.698398567","192.168.15.4","192.168.15.3","MQTT","68","Disconnect Req"
"1624550","6762.702682650","192.168.15.4","192.168.15.3","MQTT","90","Connect Command"
"1624552","6762.706088566","192.168.15.4","192.168.15.3","MQTT","97","Publish Message (id=6672) [Deviceb'Device - 2']"
"1624553","6762.706099136","192.168.15.3","192.168.15.4","MQTT","70","Connect Ack"
"1624556","6762.709112400","192.168.15.3","192.168.15.4","MQTT","70","Publish Ack (id=6672)"
"1624558","6762.709686524","192.168.15.4","192.168.15.3","MQTT","68","Disconnect Req"
"1624788","6763.714047373","192.168.15.4","192.168.15.3","MQTT","90","Connect Command"
"1624792","6763.716916624","192.168.15.4","192.168.15.3","MQTT","97","Publish Message (id=6673) [Deviceb'Device - 2']"
"1624794","6763.721907526","192.168.15.3","192.168.15.4","MQTT","70","Connect Ack"
"1624796","6763.724602137","192.168.15.3","192.168.15.4","MQTT","70","Publish Ack (id=6673)"
"1624798","6763.724950195","192.168.15.4","192.168.15.3","MQTT","68","Disconnect Req"
"1625113","6764.728751225","192.168.15.4","192.168.15.3","MQTT","90","Connect Command"
"1625115","6764.731777043","192.168.15.4","192.168.15.3","MQTT","97","Publish Message (id=6674) [Deviceb'Device - 2']"
"1625116","6764.732180004","192.168.15.3","192.168.15.4","MQTT","70","Connect Ack"
"1625119","6764.734427481","192.168.15.3","192.168.15.4","MQTT","70","Publish Ack (id=6674)"
"1625121","6764.734713011","192.168.15.4","192.168.15.3","MQTT","68","Disconnect Req"
"1625351","6765.738589774","192.168.15.4","192.168.15.3","MQTT","90","Connect Command"
"1625353","6765.741623597","192.168.15.4","192.168.15.3","MQTT","97","Publish Message (id=6675) [Deviceb'Device - 2']"
"1625354","6765.742062727","192.168.15.3","192.168.15.4","MQTT","70","Connect Ack"
"1625357","6765.744316585","192.168.15.3","192.168.15.4","MQTT","70","Publish Ack (id=6675)"
"1625359","6765.744595252","192.168.15.4","192.168.15.3","MQTT","68","Disconnect Req"
"1625736","6766.748987602","192.168.15.4","192.168.15.3","MQTT","90","Connect Command"
"1625738","6766.751947515","192.168.15.4","192.168.15.3","MQTT","97","Publish Message (id=6676) [Deviceb'Device - 2']"
"1625739","6766.752364953","192.168.15.3","192.168.15.4","MQTT","70","Connect Ack"
"1625742","6766.754964446","192.168.15.3","192.168.15.4","MQTT","70","Publish Ack (id=6676)"
"1625744","6766.755294219","192.168.15.4","192.168.15.3","MQTT","68","Disconnect Req"
"1626008","6767.759335244","192.168.15.4","192.168.15.3","MQTT","90","Connect Command"
"1626010","6767.762371552","192.168.15.4","192.168.15.3","MQTT","97","Publish Message (id=6677) [Deviceb'Device - 2']"
"1626011","6767.762744126","192.168.15.3","192.168.15.4","MQTT","70","Connect Ack"
"1626014","6767.765403030","192.168.15.3","192.168.15.4","MQTT","70","Publish Ack (id=6677)"
"1626016","6767.765674874","192.168.15.4","192.168.15.3","MQTT","68","Disconnect Req"
"1626318","6768.769083225","192.168.15.4","192.168.15.3","MQTT","90","Connect Command"
"1626320","6768.772028259","192.168.15.4","192.168.15.3","MQTT","97","Publish Message (id=6678) [Deviceb'Device - 2']"
"1626322","6768.776277559","192.168.15.3","192.168.15.4","MQTT","70","Connect Ack"
"1626324","6768.778821917","192.168.15.3","192.168.15.4","MQTT","70","Publish Ack (id=6678)"
"1626326","6768.779245247","192.168.15.4","192.168.15.3","MQTT","68","Disconnect Req"
"1626549","6769.783188027","192.168.15.4","192.168.15.3","MQTT","90","Connect Command"
"1626551","6769.786191012","192.168.15.4","192.168.15.3","MQTT","97","Publish Message (id=6679) [Deviceb'Device - 2']"
"1626552","6769.786639189","192.168.15.3","192.168.15.4","MQTT","70","Connect Ack"
"1626555","6769.788705904","192.168.15.3","192.168.15.4","MQTT","70","Publish Ack (id=6679)"
"1626557","6769.789023394","192.168.15.4","192.168.15.3","MQTT","68","Disconnect Req"
"1626855","6770.792683331","192.168.15.4","192.168.15.3","MQTT","90","Connect Command"
"1626872","6770.796516884","192.168.15.4","192.168.15.3","MQTT","97","Publish Message (id=6680) [Deviceb'Device - 2']"
"1626874","6770.796527925","192.168.15.3","192.168.15.4","MQTT","70","Connect Ack"
"1626877","6770.799026998","192.168.15.3","192.168.15.4","MQTT","70","Publish Ack (id=6680)"
"1626879","6770.799375636","192.168.15.4","192.168.15.3","MQTT","68","Disconnect Req"
"1627137","6771.802955462","192.168.15.4","192.168.15.3","MQTT","90","Connect Command"
"1627139","6771.805857115","192.168.15.4","192.168.15.3","MQTT","97","Publish Message (id=6681) [Deviceb'Device - 2']"
"1627140","6771.806200905","192.168.15.3","192.168.15.4","MQTT","70","Connect Ack"
"1627143","6771.808849309","192.168.15.3","192.168.15.4","MQTT","70","Publish Ack (id=6681)"
"1627145","6771.809128377","192.168.15.4","192.168.15.3","MQTT","68","Disconnect Req"
"1627391","6772.812785769","192.168.15.4","192.168.15.3","MQTT","90","Connect Command"
"1627393","6772.815778304","192.168.15.4","192.168.15.3","MQTT","97","Publish Message (id=6682) [Deviceb'Device - 2']"
"1627394","6772.816150588","192.168.15.3","192.168.15.4","MQTT","70","Connect Ack"
"1627397","6772.818446897","192.168.15.3","192.168.15.4","MQTT","70","Publish Ack (id=6682)"
"1627399","6772.818810274","192.168.15.4","192.168.15.3","MQTT","68","Disconnect Req"
"1627654","6773.822979293","192.168.15.4","192.168.15.3","MQTT","90","Connect Command"
"1627656","6773.825835891","192.168.15.4","192.168.15.3","MQTT","97","Publish Message (id=6683) [Deviceb'Device - 2']"
"1627658","6773.830062238","192.168.15.3","192.168.15.4","MQTT","70","Connect Ack"
"1627675","6773.832611204","192.168.15.3","192.168.15.4","MQTT","70","Publish Ack (id=6683)"
"1627677","6773.833538807","192.168.15.4","192.168.15.3","MQTT","68","Disconnect Req"
"1628003","6774.837800813","192.168.15.4","192.168.15.3","MQTT","90","Connect Command"
"1628005","6774.840732834","192.168.15.4","192.168.15.3","MQTT","97","Publish Message (id=6684) [Deviceb'Device - 2']"
"1628006","6774.841095700","192.168.15.3","192.168.15.4","MQTT","70","Connect Ack"
"1628009","6774.843385256","192.168.15.3","192.168.15.4","MQTT","70","Publish Ack (id=6684)"
"1628011","6774.844076312","192.168.15.4","192.168.15.3","MQTT","68","Disconnect Req"
"1628306","6775.848247167","192.168.15.4","192.168.15.3","MQTT","90","Connect Command"
"1628309","6775.851137138","192.168.15.4","192.168.15.3","MQTT","97","Publish Message (id=6685) [Deviceb'Device - 2']"
"1628310","6775.851541802","192.168.15.3","192.168.15.4","MQTT","70","Connect Ack"
"1628313","6775.854067455","192.168.15.3","192.168.15.4","MQTT","70","Publish Ack (id=6685)"
"1628316","6775.854845575","192.168.15.4","192.168.15.3","MQTT","68","Disconnect Req"
"1628645","6776.858659296","192.168.15.4","192.168.15.3","MQTT","90","Connect Command"
"1628647","6776.861576138","192.168.15.4","192.168.15.3","MQTT","97","Publish Message (id=6686) [Deviceb'Device - 2']"
"1628648","6776.861945696","192.168.15.3","192.168.15.4","MQTT","70","Connect Ack"
"1628651","6776.864272593","192.168.15.3","192.168.15.4","MQTT","70","Publish Ack (id=6686)"
"1628653","6776.864932660","192.168.15.4","192.168.15.3","MQTT","68","Disconnect Req"
"1628871","6777.869180933","192.168.15.4","192.168.15.3","MQTT","90","Connect Command"
"1628873","6777.872122501","192.168.15.4","192.168.15.3","MQTT","97","Publish Message (id=6687) [Deviceb'Device - 2']"
"1628874","6777.872535882","192.168.15.3","192.168.15.4","MQTT","70","Connect Ack"
"1628877","6777.874727223","192.168.15.3","192.168.15.4","MQTT","70","Publish Ack (id=6687)"
"1628879","6777.875055023","192.168.15.4","192.168.15.3","MQTT","68","Disconnect Req"
"1629223","6778.879559639","192.168.15.4","192.168.15.3","MQTT","90","Connect Command"
"1629226","6778.885912353","192.168.15.4","192.168.15.3","MQTT","97","Publish Message (id=6688) [Deviceb'Device - 2']"
"1629229","6778.890124753","192.168.15.3","192.168.15.4","MQTT","70","Connect Ack"
"1629231","6778.892596514","192.168.15.3","192.168.15.4","MQTT","70","Publish Ack (id=6688)"
"1629233","6778.893354596","192.168.15.4","192.168.15.3","MQTT","68","Disconnect Req"
"1629442","6779.897753684","192.168.15.4","192.168.15.3","MQTT","90","Connect Command"
"1629444","6779.900563363","192.168.15.4","192.168.15.3","MQTT","97","Publish Message (id=6689) [Deviceb'Device - 2']"
"1629445","6779.901448015","192.168.15.3","192.168.15.4","MQTT","70","Connect Ack"
"1629448","6779.903657420","192.168.15.3","192.168.15.4","MQTT","70","Publish Ack (id=6689)"
"1629450","6779.904532714","192.168.15.4","192.168.15.3","MQTT","68","Disconnect Req"
"1629818","6780.908808539","192.168.15.4","192.168.15.3","MQTT","90","Connect Command"
"1629820","6780.911765687","192.168.15.4","192.168.15.3","MQTT","97","Publish Message (id=6690) [Deviceb'Device - 2']"
"1629821","6780.912207893","192.168.15.3","192.168.15.4","MQTT","70","Connect Ack"
"1629824","6780.914309143","192.168.15.3","192.168.15.4","MQTT","70","Publish Ack (id=6690)"
"1629826","6780.914801714","192.168.15.4","192.168.15.3","MQTT","68","Disconnect Req"
"1630060","6781.918601921","192.168.15.4","192.168.15.3","MQTT","90","Connect Command"
"1630062","6781.921842454","192.168.15.4","192.168.15.3","MQTT","97","Publish Message (id=6691) [Deviceb'Device - 2']"
"1630063","6781.922196884","192.168.15.3","192.168.15.4","MQTT","70","Connect Ack"
"1630066","6781.924746422","192.168.15.3","192.168.15.4","MQTT","70","Publish Ack (id=6691)"
"1630068","6781.925417370","192.168.15.4","192.168.15.3","MQTT","68","Disconnect Req"
"1630414","6782.929590802","192.168.15.4","192.168.15.3","MQTT","90","Connect Command"
"1630418","6782.932478058","192.168.15.4","192.168.15.3","MQTT","97","Publish Message (id=6692) [Deviceb'Device - 2']"
"1630420","6782.932898373","192.168.15.3","192.168.15.4","MQTT","70","Connect Ack"
"1630423","6782.934947224","192.168.15.3","192.168.15.4","MQTT","70","Publish Ack (id=6692)"
"1630425","6782.935591361","192.168.15.4","192.168.15.3","MQTT","68","Disconnect Req"
"1630655","6783.939802936","192.168.15.4","192.168.15.3","MQTT","90","Connect Command"
"1630657","6783.942735037","192.168.15.4","192.168.15.3","MQTT","97","Publish Message (id=6693) [Deviceb'Device - 2']"
"1630660","6783.946985418","192.168.15.3","192.168.15.4","MQTT","70","Connect Ack"
"1630662","6783.949486194","192.168.15.3","192.168.15.4","MQTT","70","Publish Ack (id=6693)"
"1630664","6783.950081779","192.168.15.4","192.168.15.3","MQTT","68","Disconnect Req"
"1630997","6784.954846040","192.168.15.4","192.168.15.3","MQTT","90","Connect Command"
"1630999","6784.957599462","192.168.15.4","192.168.15.3","MQTT","97","Publish Message (id=6694) [Deviceb'Device - 2']"
"1631000","6784.958026539","192.168.15.3","192.168.15.4","MQTT","70","Connect Ack"
"1631003","6784.960678671","192.168.15.3","192.168.15.4","MQTT","70","Publish Ack (id=6694)"
"1631005","6784.961495514","192.168.15.4","192.168.15.3","MQTT","68","Disconnect Req"
"1631253","6785.966096527","192.168.15.4","192.168.15.3","MQTT","90","Connect Command"
"1631255","6785.968878303","192.168.15.4","192.168.15.3","MQTT","97","Publish Message (id=6695) [Deviceb'Device - 2']"
"1631256","6785.969227513","192.168.15.3","192.168.15.4","MQTT","70","Connect Ack"
"1631259","6785.971565992","192.168.15.3","192.168.15.4","MQTT","70","Publish Ack (id=6695)"
"1631261","6785.972265463","192.168.15.4","192.168.15.3","MQTT","68","Disconnect Req"
"1631595","6786.977034554","192.168.15.4","192.168.15.3","MQTT","90","Connect Command"
"1631597","6786.979953089","192.168.15.4","192.168.15.3","MQTT","97","Publish Message (id=6696) [Deviceb'Device - 2']"
"1631598","6786.980387319","192.168.15.3","192.168.15.4","MQTT","70","Connect Ack"
"1631601","6786.983028941","192.168.15.3","192.168.15.4","MQTT","70","Publish Ack (id=6696)"
"1631603","6786.983766936","192.168.15.4","192.168.15.3","MQTT","68","Disconnect Req"
"1631853","6787.988024378","192.168.15.4","192.168.15.3","MQTT","90","Connect Command"
"1631855","6787.991034707","192.168.15.4","192.168.15.3","MQTT","97","Publish Message (id=6697) [Deviceb'Device - 2']"
"1631856","6787.991357777","192.168.15.3","192.168.15.4","MQTT","70","Connect Ack"
"1631859","6787.993637685","192.168.15.3","192.168.15.4","MQTT","70","Publish Ack (id=6697)"
"1631861","6787.994349050","192.168.15.4","192.168.15.3","MQTT","68","Disconnect Req"
"1632165","6788.999116477","192.168.15.4","192.168.15.3","MQTT","90","Connect Command"
"1632167","6789.001856525","192.168.15.4","192.168.15.3","MQTT","97","Publish Message (id=6698) [Deviceb'Device - 2']"
"1632169","6789.006080847","192.168.15.3","192.168.15.4","MQTT","70","Connect Ack"
"1632171","6789.009127014","192.168.15.3","192.168.15.4","MQTT","70","Publish Ack (id=6698)"
"1632173","6789.009849900","192.168.15.4","192.168.15.3","MQTT","68","Disconnect Req"
"1632393","6790.014372225","192.168.15.4","192.168.15.3","MQTT","90","Connect Command"
"1632420","6790.017338921","192.168.15.4","192.168.15.3","MQTT","97","Publish Message (id=6699) [Deviceb'Device - 2']"
"1632421","6790.017728807","192.168.15.3","192.168.15.4","MQTT","70","Connect Ack"
"1632424","6790.020330634","192.168.15.3","192.168.15.4","MQTT","70","Publish Ack (id=6699)"
"1632426","6790.020992334","192.168.15.4","192.168.15.3","MQTT","68","Disconnect Req"
"1632742","6791.025554495","192.168.15.4","192.168.15.3","MQTT","90","Connect Command"
"1632744","6791.028330010","192.168.15.4","192.168.15.3","MQTT","97","Publish Message (id=6700) [Deviceb'Device - 2']"
"1632745","6791.029032047","192.168.15.3","192.168.15.4","MQTT","70","Connect Ack"
"1632748","6791.031054018","192.168.15.3","192.168.15.4","MQTT","70","Publish Ack (id=6700)"
"1632750","6791.031814615","192.168.15.4","192.168.15.3","MQTT","68","Disconnect Req"
"1633017","6792.036515548","192.168.15.4","192.168.15.3","MQTT","90","Connect Command"
"1633019","6792.039418213","192.168.15.4","192.168.15.3","MQTT","97","Publish Message (id=6701) [Deviceb'Device - 2']"
"1633020","6792.039787511","192.168.15.3","192.168.15.4","MQTT","70","Connect Ack"
"1633023","6792.042360423","192.168.15.3","192.168.15.4","MQTT","70","Publish Ack (id=6701)"
"1633025","6792.043012916","192.168.15.4","192.168.15.3","MQTT","68","Disconnect Req"
"1633357","6793.046673736","192.168.15.4","192.168.15.3","MQTT","90","Connect Command"
"1633359","6793.049614893","192.168.15.4","192.168.15.3","MQTT","97","Publish Message (id=6702) [Deviceb'Device - 2']"
"1633360","6793.049980043","192.168.15.3","192.168.15.4","MQTT","70","Connect Ack"
"1633363","6793.052529711","192.168.15.3","192.168.15.4","MQTT","70","Publish Ack (id=6702)"
"1633365","6793.053347296","192.168.15.4","192.168.15.3","MQTT","68","Disconnect Req"
"1633557","6794.057595535","192.168.15.4","192.168.15.3","MQTT","90","Connect Command"
"1633559","6794.062369015","192.168.15.4","192.168.15.3","MQTT","97","Publish Message (id=6703) [Deviceb'Device - 2']"
"1633561","6794.066575464","192.168.15.3","192.168.15.4","MQTT","70","Connect Ack"
"1633563","6794.069023039","192.168.15.3","192.168.15.4","MQTT","70","Publish Ack (id=6703)"
"1633565","6794.069762075","192.168.15.4","192.168.15.3","MQTT","68","Disconnect Req"
"1633848","6795.074187289","192.168.15.4","192.168.15.3","MQTT","90","Connect Command"
"1633850","6795.076933950","192.168.15.4","192.168.15.3","MQTT","97","Publish Message (id=6704) [Deviceb'Device - 2']"
"1633851","6795.077346559","192.168.15.3","192.168.15.4","MQTT","70","Connect Ack"
"1633854","6795.079619164","192.168.15.3","192.168.15.4","MQTT","70","Publish Ack (id=6704)"
"1633856","6795.080355215","192.168.15.4","192.168.15.3","MQTT","68","Disconnect Req"
"1634076","6796.084162712","192.168.15.4","192.168.15.3","MQTT","90","Connect Command"
"1634078","6796.087037774","192.168.15.4","192.168.15.3","MQTT","97","Publish Message (id=6705) [Deviceb'Device - 2']"
"1634079","6796.087464400","192.168.15.3","192.168.15.4","MQTT","70","Connect Ack"
"1634082","6796.089970206","192.168.15.3","192.168.15.4","MQTT","70","Publish Ack (id=6705)"
"1634084","6796.090303275","192.168.15.4","192.168.15.3","MQTT","68","Disconnect Req"
"1634464","6797.094565231","192.168.15.4","192.168.15.3","MQTT","90","Connect Command"
"1634466","6797.097475330","192.168.15.4","192.168.15.3","MQTT","97","Publish Message (id=6706) [Deviceb'Device - 2']"
"1634467","6797.099049645","192.168.15.3","192.168.15.4","MQTT","70","Connect Ack"
"1634470","6797.100107754","192.168.15.3","192.168.15.4","MQTT","70","Publish Ack (id=6706)"
"1634472","6797.100458758","192.168.15.4","192.168.15.3","MQTT","68","Disconnect Req"
"1634722","6798.104404899","192.168.15.4","192.168.15.3","MQTT","90","Connect Command"
"1634724","6798.107314036","192.168.15.4","192.168.15.3","MQTT","97","Publish Message (id=6707) [Deviceb'Device - 2']"
"1634725","6798.107682682","192.168.15.3","192.168.15.4","MQTT","70","Connect Ack"
"1634728","6798.110381853","192.168.15.3","192.168.15.4","MQTT","70","Publish Ack (id=6707)"
"1634730","6798.111122282","192.168.15.4","192.168.15.3","MQTT","68","Disconnect Req"
"1635031","6799.115208298","192.168.15.4","192.168.15.3","MQTT","90","Connect Command"
"1635033","6799.118136321","192.168.15.4","192.168.15.3","MQTT","97","Publish Message (id=6708) [Deviceb'Device - 2']"
"1635035","6799.122376042","192.168.15.3","192.168.15.4","MQTT","70","Connect Ack"
"1635037","6799.124899371","192.168.15.3","192.168.15.4","MQTT","70","Publish Ack (id=6708)"
"1635039","6799.125452275","192.168.15.4","192.168.15.3","MQTT","68","Disconnect Req"
"1635289","6800.129523352","192.168.15.4","192.168.15.3","MQTT","90","Connect Command"
"1635291","6800.132423222","192.168.15.4","192.168.15.3","MQTT","97","Publish Message (id=6709) [Deviceb'Device - 2']"
"1635292","6800.132852093","192.168.15.3","192.168.15.4","MQTT","70","Connect Ack"
"1635303","6800.136386932","192.168.15.3","192.168.15.4","MQTT","70","Publish Ack (id=6709)"
"1635314","6800.137081054","192.168.15.4","192.168.15.3","MQTT","68","Disconnect Req"
"1635630","6801.141344555","192.168.15.4","192.168.15.3","MQTT","90","Connect Command"
"1635632","6801.144338864","192.168.15.4","192.168.15.3","MQTT","97","Publish Message (id=6710) [Deviceb'Device - 2']"
"1635633","6801.144697591","192.168.15.3","192.168.15.4","MQTT","70","Connect Ack"
"1635636","6801.147310880","192.168.15.3","192.168.15.4","MQTT","70","Publish Ack (id=6710)"
"1635638","6801.148210369","192.168.15.4","192.168.15.3","MQTT","68","Disconnect Req"
"1635914","6802.152195515","192.168.15.4","192.168.15.3","MQTT","90","Connect Command"
"1635916","6802.156980807","192.168.15.4","192.168.15.3","MQTT","97","Publish Message (id=6711) [Deviceb'Device - 2']"
"1635917","6802.157415639","192.168.15.3","192.168.15.4","MQTT","70","Connect Ack"
"1635920","6802.159961870","192.168.15.3","192.168.15.4","MQTT","70","Publish Ack (id=6711)"
"1635922","6802.160609093","192.168.15.4","192.168.15.3","MQTT","68","Disconnect Req"
"1636224","6803.165910867","192.168.15.4","192.168.15.3","MQTT","90","Connect Command"
"1636226","6803.168870049","192.168.15.4","192.168.15.3","MQTT","97","Publish Message (id=6712) [Deviceb'Device - 2']"
"1636227","6803.169305692","192.168.15.3","192.168.15.4","MQTT","70","Connect Ack"
"1636230","6803.171842095","192.168.15.3","192.168.15.4","MQTT","70","Publish Ack (id=6712)"
"1636232","6803.172596621","192.168.15.4","192.168.15.3","MQTT","68","Disconnect Req"
"1636407","6804.176864161","192.168.15.4","192.168.15.3","MQTT","90","Connect Command"
"1636409","6804.180227126","192.168.15.4","192.168.15.3","MQTT","97","Publish Message (id=6713) [Deviceb'Device - 2']"
"1636411","6804.184511953","192.168.15.3","192.168.15.4","MQTT","70","Connect Ack"
"1636413","6804.187975838","192.168.15.3","192.168.15.4","MQTT","70","Publish Ack (id=6713)"
"1636415","6804.188395201","192.168.15.4","192.168.15.3","MQTT","68","Disconnect Req"
"1636726","6805.192902715","192.168.15.4","192.168.15.3","MQTT","90","Connect Command"
"1636728","6805.196316205","192.168.15.4","192.168.15.3","MQTT","97","Publish Message (id=6714) [Deviceb'Device - 2']"
"1636729","6805.196608517","192.168.15.3","192.168.15.4","MQTT","70","Connect Ack"
"1636732","6805.199417585","192.168.15.3","192.168.15.4","MQTT","70","Publish Ack (id=6714)"
"1636734","6805.199719105","192.168.15.4","192.168.15.3","MQTT","68","Disconnect Req"
"1636998","6806.203817246","192.168.15.4","192.168.15.3","MQTT","90","Connect Command"
"1637000","6806.206767682","192.168.15.4","192.168.15.3","MQTT","97","Publish Message (id=6715) [Deviceb'Device - 2']"
"1637001","6806.207201421","192.168.15.3","192.168.15.4","MQTT","70","Connect Ack"
"1637004","6806.209635361","192.168.15.3","192.168.15.4","MQTT","70","Publish Ack (id=6715)"
"1637006","6806.210458486","192.168.15.4","192.168.15.3","MQTT","68","Disconnect Req"
"1637376","6807.215035643","192.168.15.4","192.168.15.3","MQTT","90","Connect Command"
"1637378","6807.218025322","192.168.15.4","192.168.15.3","MQTT","97","Publish Message (id=6716) [Deviceb'Device - 2']"
"1637379","6807.218406823","192.168.15.3","192.168.15.4","MQTT","70","Connect Ack"
"1637382","6807.221054536","192.168.15.3","192.168.15.4","MQTT","70","Publish Ack (id=6716)"
"1637384","6807.221456325","192.168.15.4","192.168.15.3","MQTT","68","Disconnect Req"
"1637599","6808.225756919","192.168.15.4","192.168.15.3","MQTT","90","Connect Command"
"1637601","6808.228630580","192.168.15.4","192.168.15.3","MQTT","97","Publish Message (id=6717) [Deviceb'Device - 2']"
"1637602","6808.229044582","192.168.15.3","192.168.15.4","MQTT","70","Connect Ack"
"1637605","6808.231321865","192.168.15.3","192.168.15.4","MQTT","70","Publish Ack (id=6717)"
"1637607","6808.231731810","192.168.15.4","192.168.15.3","MQTT","68","Disconnect Req"
"1637918","6809.235660042","192.168.15.4","192.168.15.3","MQTT","90","Connect Command"
"1637920","6809.238689536","192.168.15.4","192.168.15.3","MQTT","97","Publish Message (id=6718) [Deviceb'Device - 2']"
"1637922","6809.242970145","192.168.15.3","192.168.15.4","MQTT","70","Connect Ack"
"1637924","6809.245524892","192.168.15.3","192.168.15.4","MQTT","70","Publish Ack (id=6718)"
"1637926","6809.246370891","192.168.15.4","192.168.15.3","MQTT","68","Disconnect Req"
"1638156","6810.250396737","192.168.15.4","192.168.15.3","MQTT","90","Connect Command"
"1638158","6810.253296426","192.168.15.4","192.168.15.3","MQTT","97","Publish Message (id=6719) [Deviceb'Device - 2']"
"1638159","6810.253687746","192.168.15.3","192.168.15.4","MQTT","70","Connect Ack"
"1638162","6810.256213589","192.168.15.3","192.168.15.4","MQTT","70","Publish Ack (id=6719)"
"1638164","6810.256567618","192.168.15.4","192.168.15.3","MQTT","68","Disconnect Req"
"1638488","6811.260215250","192.168.15.4","192.168.15.3","MQTT","90","Connect Command"
"1638490","6811.263166817","192.168.15.4","192.168.15.3","MQTT","97","Publish Message (id=6720) [Deviceb'Device - 2']"
"1638491","6811.263586480","192.168.15.3","192.168.15.4","MQTT","70","Connect Ack"
"1638494","6811.265997526","192.168.15.3","192.168.15.4","MQTT","70","Publish Ack (id=6720)"
"1638496","6811.266372334","192.168.15.4","192.168.15.3","MQTT","68","Disconnect Req"
"1638713","6812.269831711","192.168.15.4","192.168.15.3","MQTT","90","Connect Command"
"1638715","6812.272727112","192.168.15.4","192.168.15.3","MQTT","97","Publish Message (id=6721) [Deviceb'Device - 2']"
"1638716","6812.273139001","192.168.15.3","192.168.15.4","MQTT","70","Connect Ack"
"1638719","6812.275684771","192.168.15.3","192.168.15.4","MQTT","70","Publish Ack (id=6721)"
"1638721","6812.276481076","192.168.15.4","192.168.15.3","MQTT","68","Disconnect Req"
"1639027","6813.280514758","192.168.15.4","192.168.15.3","MQTT","90","Connect Command"
"1639029","6813.284408235","192.168.15.4","192.168.15.3","MQTT","97","Publish Message (id=6722) [Deviceb'Device - 2']"
"1639030","6813.284733109","192.168.15.3","192.168.15.4","MQTT","70","Connect Ack"
"1639033","6813.287392244","192.168.15.3","192.168.15.4","MQTT","70","Publish Ack (id=6722)"
"1639035","6813.287808000","192.168.15.4","192.168.15.3","MQTT","68","Disconnect Req"
"1639274","6814.291339373","192.168.15.4","192.168.15.3","MQTT","90","Connect Command"
"1639276","6814.294328251","192.168.15.4","192.168.15.3","MQTT","97","Publish Message (id=6723) [Deviceb'Device - 2']"
"1639278","6814.298621023","192.168.15.3","192.168.15.4","MQTT","70","Connect Ack"
"1639280","6814.301140073","192.168.15.3","192.168.15.4","MQTT","70","Publish Ack (id=6723)"
"1639282","6814.301677108","192.168.15.4","192.168.15.3","MQTT","68","Disconnect Req"
"1639605","6815.305602187","192.168.15.4","192.168.15.3","MQTT","90","Connect Command"
"1639607","6815.308571107","192.168.15.4","192.168.15.3","MQTT","97","Publish Message (id=6724) [Deviceb'Device - 2']"
"1639608","6815.309145543","192.168.15.3","192.168.15.4","MQTT","70","Connect Ack"
"1639611","6815.311398951","192.168.15.3","192.168.15.4","MQTT","70","Publish Ack (id=6724)"
"1639613","6815.311856936","192.168.15.4","192.168.15.3","MQTT","68","Disconnect Req"
"1639879","6816.315944711","192.168.15.4","192.168.15.3","MQTT","90","Connect Command"
"1639881","6816.318823030","192.168.15.4","192.168.15.3","MQTT","97","Publish Message (id=6725) [Deviceb'Device - 2']"
"1639882","6816.319258873","192.168.15.3","192.168.15.4","MQTT","70","Connect Ack"
"1639885","6816.321837406","192.168.15.3","192.168.15.4","MQTT","70","Publish Ack (id=6725)"
"1639887","6816.322258041","192.168.15.4","192.168.15.3","MQTT","68","Disconnect Req"
"1640253","6817.325723061","192.168.15.4","192.168.15.3","MQTT","90","Connect Command"
"1640255","6817.328736384","192.168.15.4","192.168.15.3","MQTT","97","Publish Message (id=6726) [Deviceb'Device - 2']"
"1640256","6817.329213306","192.168.15.3","192.168.15.4","MQTT","70","Connect Ack"
"1640259","6817.331749027","192.168.15.3","192.168.15.4","MQTT","70","Publish Ack (id=6726)"
"1640261","6817.332206802","192.168.15.4","192.168.15.3","MQTT","68","Disconnect Req"
"1640489","6818.336349122","192.168.15.4","192.168.15.3","MQTT","90","Connect Command"
"1640491","6818.339124557","192.168.15.4","192.168.15.3","MQTT","97","Publish Message (id=6727) [Deviceb'Device - 2']"
"1640492","6818.339508993","192.168.15.3","192.168.15.4","MQTT","70","Connect Ack"
"1640495","6818.342188587","192.168.15.3","192.168.15.4","MQTT","70","Publish Ack (id=6727)"
"1640497","6818.342647434","192.168.15.4","192.168.15.3","MQTT","68","Disconnect Req"
"1640860","6819.346353700","192.168.15.4","192.168.15.3","MQTT","90","Connect Command"
"1640862","6819.349391070","192.168.15.4","192.168.15.3","MQTT","97","Publish Message (id=6728) [Deviceb'Device - 2']"
"1640864","6819.353731882","192.168.15.3","192.168.15.4","MQTT","70","Connect Ack"
"1640866","6819.356183745","192.168.15.3","192.168.15.4","MQTT","70","Publish Ack (id=6728)"
"1640868","6819.356455699","192.168.15.4","192.168.15.3","MQTT","68","Disconnect Req"
"1641041","6820.360391941","192.168.15.4","192.168.15.3","MQTT","90","Connect Command"
"1641059","6820.363402059","192.168.15.4","192.168.15.3","MQTT","97","Publish Message (id=6729) [Deviceb'Device - 2']"
"1641060","6820.363794580","192.168.15.3","192.168.15.4","MQTT","70","Connect Ack"
"1641063","6820.366247556","192.168.15.3","192.168.15.4","MQTT","70","Publish Ack (id=6729)"
"1641065","6820.366543655","192.168.15.4","192.168.15.3","MQTT","68","Disconnect Req"
"1641470","6821.370527035","192.168.15.4","192.168.15.3","MQTT","90","Connect Command"
"1641472","6821.373935035","192.168.15.4","192.168.15.3","MQTT","97","Publish Message (id=6730) [Deviceb'Device - 2']"
"1641473","6821.373949643","192.168.15.3","192.168.15.4","MQTT","70","Connect Ack"
"1641476","6821.376879670","192.168.15.3","192.168.15.4","MQTT","70","Publish Ack (id=6730)"
"1641478","6821.377264327","192.168.15.4","192.168.15.3","MQTT","68","Disconnect Req"
"1641644","6822.381345112","192.168.15.4","192.168.15.3","MQTT","90","Connect Command"
"1641646","6822.384332346","192.168.15.4","192.168.15.3","MQTT","97","Publish Message (id=6731) [Deviceb'Device - 2']"
"1641647","6822.384736771","192.168.15.3","192.168.15.4","MQTT","70","Connect Ack"
"1641650","6822.387250581","192.168.15.3","192.168.15.4","MQTT","70","Publish Ack (id=6731)"
"1641652","6822.387546961","192.168.15.4","192.168.15.3","MQTT","68","Disconnect Req"
"1641936","6823.391852802","192.168.15.4","192.168.15.3","MQTT","90","Connect Command"
"1641938","6823.394812024","192.168.15.4","192.168.15.3","MQTT","97","Publish Message (id=6732) [Deviceb'Device - 2']"
"1641939","6823.395206159","192.168.15.3","192.168.15.4","MQTT","70","Connect Ack"
"1641942","6823.397799148","192.168.15.3","192.168.15.4","MQTT","70","Publish Ack (id=6732)"
"1641944","6823.398589662","192.168.15.4","192.168.15.3","MQTT","68","Disconnect Req"
"1642257","6824.402682301","192.168.15.4","192.168.15.3","MQTT","90","Connect Command"
"1642259","6824.405683732","192.168.15.4","192.168.15.3","MQTT","97","Publish Message (id=6733) [Deviceb'Device - 2']"
"1642261","6824.409939224","192.168.15.3","192.168.15.4","MQTT","70","Connect Ack"
"1642263","6824.412410904","192.168.15.3","192.168.15.4","MQTT","70","Publish Ack (id=6733)"
"1642265","6824.412817423","192.168.15.4","192.168.15.3","MQTT","68","Disconnect Req"
"1642682","6825.416714251","192.168.15.4","192.168.15.3","MQTT","90","Connect Command"
"1642684","6825.419736342","192.168.15.4","192.168.15.3","MQTT","97","Publish Message (id=6734) [Deviceb'Device - 2']"
"1642685","6825.420177295","192.168.15.3","192.168.15.4","MQTT","70","Connect Ack"
"1642688","6825.422856728","192.168.15.3","192.168.15.4","MQTT","70","Publish Ack (id=6734)"
"1642690","6825.423240814","192.168.15.4","192.168.15.3","MQTT","68","Disconnect Req"
"1642915","6826.427542689","192.168.15.4","192.168.15.3","MQTT","90","Connect Command"
"1642917","6826.430527279","192.168.15.4","192.168.15.3","MQTT","97","Publish Message (id=6735) [Deviceb'Device - 2']"
"1642918","6826.430938305","192.168.15.3","192.168.15.4","MQTT","70","Connect Ack"
"1642921","6826.433426106","192.168.15.3","192.168.15.4","MQTT","70","Publish Ack (id=6735)"
"1642923","6826.433721905","192.168.15.4","192.168.15.3","MQTT","68","Disconnect Req"
"1643228","6827.437772305","192.168.15.4","192.168.15.3","MQTT","90","Connect Command"
"1643230","6827.440783084","192.168.15.4","192.168.15.3","MQTT","97","Publish Message (id=6736) [Deviceb'Device - 2']"
"1643231","6827.441183721","192.168.15.3","192.168.15.4","MQTT","70","Connect Ack"
"1643234","6827.443648389","192.168.15.3","192.168.15.4","MQTT","70","Publish Ack (id=6736)"
"1643236","6827.443958174","192.168.15.4","192.168.15.3","MQTT","68","Disconnect Req"
"1643494","6828.447929995","192.168.15.4","192.168.15.3","MQTT","90","Connect Command"
"1643496","6828.450566587","192.168.15.4","192.168.15.3","MQTT","97","Publish Message (id=6737) [Deviceb'Device - 2']"
"1643497","6828.450980159","192.168.15.3","192.168.15.4","MQTT","70","Connect Ack"
"1643500","6828.453532883","192.168.15.3","192.168.15.4","MQTT","70","Publish Ack (id=6737)"
"1643502","6828.454152874","192.168.15.4","192.168.15.3","MQTT","68","Disconnect Req"
"1643763","6829.458320426","192.168.15.4","192.168.15.3","MQTT","90","Connect Command"
"1643765","6829.460955486","192.168.15.4","192.168.15.3","MQTT","97","Publish Message (id=6738) [Deviceb'Device - 2']"
"1643766","6829.465664294","192.168.15.3","192.168.15.4","MQTT","70","Connect Ack"
"1643769","6829.468661888","192.168.15.3","192.168.15.4","MQTT","70","Publish Ack (id=6738)"
"1643771","6829.469102941","192.168.15.4","192.168.15.3","MQTT","68","Disconnect Req"
"1643999","6830.473928467","192.168.15.4","192.168.15.3","MQTT","90","Connect Command"
"1644001","6830.476862301","192.168.15.4","192.168.15.3","MQTT","97","Publish Message (id=6739) [Deviceb'Device - 2']"
"1644002","6830.477247429","192.168.15.3","192.168.15.4","MQTT","70","Connect Ack"
"1644005","6830.479867049","192.168.15.3","192.168.15.4","MQTT","70","Publish Ack (id=6739)"
"1644007","6830.480713008","192.168.15.4","192.168.15.3","MQTT","68","Disconnect Req"
"1644331","6831.484613435","192.168.15.4","192.168.15.3","MQTT","90","Connect Command"
"1644333","6831.487659251","192.168.15.4","192.168.15.3","MQTT","97","Publish Message (id=6740) [Deviceb'Device - 2']"
"1644334","6831.488067903","192.168.15.3","192.168.15.4","MQTT","70","Connect Ack"
"1644337","6831.490653790","192.168.15.3","192.168.15.4","MQTT","70","Publish Ack (id=6740)"
"1644339","6831.491035381","192.168.15.4","192.168.15.3","MQTT","68","Disconnect Req"
"1644617","6832.495241237","192.168.15.4","192.168.15.3","MQTT","90","Connect Command"
"1644619","6832.498273808","192.168.15.4","192.168.15.3","MQTT","97","Publish Message (id=6741) [Deviceb'Device - 2']"
"1644620","6832.498742814","192.168.15.3","192.168.15.4","MQTT","70","Connect Ack"
"1644623","6832.501204746","192.168.15.3","192.168.15.4","MQTT","70","Publish Ack (id=6741)"
"1644625","6832.501882657","192.168.15.4","192.168.15.3","MQTT","68","Disconnect Req"
"1644906","6833.505691613","192.168.15.4","192.168.15.3","MQTT","90","Connect Command"
"1644908","6833.508709366","192.168.15.4","192.168.15.3","MQTT","97","Publish Message (id=6742) [Deviceb'Device - 2']"
"1644909","6833.509221654","192.168.15.3","192.168.15.4","MQTT","70","Connect Ack"
"1644912","6833.511643751","192.168.15.3","192.168.15.4","MQTT","70","Publish Ack (id=6742)"
"1644914","6833.511978774","192.168.15.4","192.168.15.3","MQTT","68","Disconnect Req"
"1645237","6834.515593513","192.168.15.4","192.168.15.3","MQTT","90","Connect Command"
"1645239","6834.518610123","192.168.15.4","192.168.15.3","MQTT","97","Publish Message (id=6743) [Deviceb'Device - 2']"
"1645240","6834.519495085","192.168.15.3","192.168.15.4","MQTT","70","Connect Ack"
"1645243","6834.521626663","192.168.15.3","192.168.15.4","MQTT","70","Publish Ack (id=6743)"
"1645245","6834.522351282","192.168.15.4","192.168.15.3","MQTT","68","Disconnect Req"
"1645487","6835.526795129","192.168.15.4","192.168.15.3","MQTT","90","Connect Command"
"1645489","6835.529858337","192.168.15.4","192.168.15.3","MQTT","97","Publish Message (id=6744) [Deviceb'Device - 2']"
"1645490","6835.530253564","192.168.15.3","192.168.15.4","MQTT","70","Connect Ack"
"1645493","6835.532860981","192.168.15.3","192.168.15.4","MQTT","70","Publish Ack (id=6744)"
"1645495","6835.533197447","192.168.15.4","192.168.15.3","MQTT","68","Disconnect Req"
"1645704","6836.537703231","192.168.15.4","192.168.15.3","MQTT","90","Connect Command"
"1645746","6836.540818588","192.168.15.4","192.168.15.3","MQTT","97","Publish Message (id=6745) [Deviceb'Device - 2']"
"1645747","6836.541128734","192.168.15.3","192.168.15.4","MQTT","70","Connect Ack"
"1645750","6836.543718788","192.168.15.3","192.168.15.4","MQTT","70","Publish Ack (id=6745)"
"1645752","6836.544114105","192.168.15.4","192.168.15.3","MQTT","68","Disconnect Req"
"1646070","6837.547317267","192.168.15.4","192.168.15.3","MQTT","90","Connect Command"
"1646072","6837.550324520","192.168.15.4","192.168.15.3","MQTT","97","Publish Message (id=6746) [Deviceb'Device - 2']"
"1646073","6837.550701613","192.168.15.3","192.168.15.4","MQTT","70","Connect Ack"
"1646076","6837.553267842","192.168.15.3","192.168.15.4","MQTT","70","Publish Ack (id=6746)"
"1646078","6837.553580312","192.168.15.4","192.168.15.3","MQTT","68","Disconnect Req"
"1646354","6838.556722801","192.168.15.4","192.168.15.3","MQTT","90","Connect Command"
"1646356","6838.559747617","192.168.15.4","192.168.15.3","MQTT","97","Publish Message (id=6747) [Deviceb'Device - 2']"
"1646357","6838.560128116","192.168.15.3","192.168.15.4","MQTT","70","Connect Ack"
"1646360","6838.562604546","192.168.15.3","192.168.15.4","MQTT","70","Publish Ack (id=6747)"
"1646362","6838.563480992","192.168.15.4","192.168.15.3","MQTT","68","Disconnect Req"
"1646679","6839.567222523","192.168.15.4","192.168.15.3","MQTT","90","Connect Command"
"1646681","6839.570588423","192.168.15.4","192.168.15.3","MQTT","97","Publish Message (id=6748) [Deviceb'Device - 2']"
"1646683","6839.574655599","192.168.15.3","192.168.15.4","MQTT","70","Connect Ack"
"1646685","6839.577273105","192.168.15.3","192.168.15.4","MQTT","70","Publish Ack (id=6748)"
"1646687","6839.577570136","192.168.15.4","192.168.15.3","MQTT","68","Disconnect Req"
"1646939","6840.581240654","192.168.15.4","192.168.15.3","MQTT","90","Connect Command"
"1646941","6840.584111759","192.168.15.4","192.168.15.3","MQTT","97","Publish Message (id=6749) [Deviceb'Device - 2']"
"1646942","6840.584508178","192.168.15.3","192.168.15.4","MQTT","70","Connect Ack"
"1646945","6840.587111928","192.168.15.3","192.168.15.4","MQTT","70","Publish Ack (id=6749)"
"1646947","6840.587507807","192.168.15.4","192.168.15.3","MQTT","68","Disconnect Req"
"1647238","6841.591744284","192.168.15.4","192.168.15.3","MQTT","90","Connect Command"
"1647240","6841.594733603","192.168.15.4","192.168.15.3","MQTT","97","Publish Message (id=6750) [Deviceb'Device - 2']"
"1647241","6841.595133489","192.168.15.3","192.168.15.4","MQTT","70","Connect Ack"
"1647244","6841.597575724","192.168.15.3","192.168.15.4","MQTT","70","Publish Ack (id=6750)"
"1647246","6841.597904826","192.168.15.4","192.168.15.3","MQTT","68","Disconnect Req"
"1647515","6842.601882755","192.168.15.4","192.168.15.3","MQTT","90","Connect Command"
"1647517","6842.604788265","192.168.15.4","192.168.15.3","MQTT","97","Publish Message (id=6751) [Deviceb'Device - 2']"
"1647518","6842.605206005","192.168.15.3","192.168.15.4","MQTT","70","Connect Ack"
"1647521","6842.607704746","192.168.15.3","192.168.15.4","MQTT","70","Publish Ack (id=6751)"
"1647523","6842.608095034","192.168.15.4","192.168.15.3","MQTT","68","Disconnect Req"
"1647792","6843.615903653","192.168.15.4","192.168.15.3","MQTT","90","Connect Command"
"1647794","6843.618906427","192.168.15.4","192.168.15.3","MQTT","97","Publish Message (id=6752) [Deviceb'Device - 2']"
"1647795","6843.619376996","192.168.15.3","192.168.15.4","MQTT","70","Connect Ack"
"1647798","6843.621936332","192.168.15.3","192.168.15.4","MQTT","70","Publish Ack (id=6752)"
"1647800","6843.622333733","192.168.15.4","192.168.15.3","MQTT","68","Disconnect Req"
"1648068","6844.626095615","192.168.15.4","192.168.15.3","MQTT","90","Connect Command"
"1648071","6844.630971930","192.168.15.4","192.168.15.3","MQTT","97","Publish Message (id=6753) [Deviceb'Device - 2']"
"1648075","6844.635286763","192.168.15.3","192.168.15.4","MQTT","70","Connect Ack"
"1648077","6844.638468486","192.168.15.3","192.168.15.4","MQTT","70","Publish Ack (id=6753)"
"1648079","6844.638790414","192.168.15.4","192.168.15.3","MQTT","68","Disconnect Req"
"1648357","6845.643384639","192.168.15.4","192.168.15.3","MQTT","90","Connect Command"
"1648359","6845.646369519","192.168.15.4","192.168.15.3","MQTT","97","Publish Message (id=6754) [Deviceb'Device - 2']"
"1648360","6845.646776488","192.168.15.3","192.168.15.4","MQTT","70","Connect Ack"
"1648363","6845.649174810","192.168.15.3","192.168.15.4","MQTT","70","Publish Ack (id=6754)"
"1648365","6845.649576910","192.168.15.4","192.168.15.3","MQTT","68","Disconnect Req"
"1648664","6846.653434283","192.168.15.4","192.168.15.3","MQTT","90","Connect Command"
"1648666","6846.656434051","192.168.15.4","192.168.15.3","MQTT","97","Publish Message (id=6755) [Deviceb'Device - 2']"
"1648667","6846.656901785","192.168.15.3","192.168.15.4","MQTT","70","Connect Ack"
"1648670","6846.659535873","192.168.15.3","192.168.15.4","MQTT","70","Publish Ack (id=6755)"
"1648672","6846.659960445","192.168.15.4","192.168.15.3","MQTT","68","Disconnect Req"
"1648917","6847.664085545","192.168.15.4","192.168.15.3","MQTT","90","Connect Command"
"1648919","6847.667041270","192.168.15.4","192.168.15.3","MQTT","97","Publish Message (id=6756) [Deviceb'Device - 2']"
"1648920","6847.667483075","192.168.15.3","192.168.15.4","MQTT","70","Connect Ack"
"1648923","6847.669945578","192.168.15.3","192.168.15.4","MQTT","70","Publish Ack (id=6756)"
"1648925","6847.670212072","192.168.15.4","192.168.15.3","MQTT","68","Disconnect Req"
"1649305","6848.673845252","192.168.15.4","192.168.15.3","MQTT","90","Connect Command"
"1649308","6848.676844590","192.168.15.4","192.168.15.3","MQTT","97","Publish Message (id=6757) [Deviceb'Device - 2']"
"1649309","6848.677270104","192.168.15.3","192.168.15.4","MQTT","70","Connect Ack"
"1649332","6848.679733338","192.168.15.3","192.168.15.4","MQTT","70","Publish Ack (id=6757)"
"1649334","6848.680216161","192.168.15.4","192.168.15.3","MQTT","68","Disconnect Req"
"1649549","6849.683736828","192.168.15.4","192.168.15.3","MQTT","90","Connect Command"
"1649551","6849.686774068","192.168.15.4","192.168.15.3","MQTT","97","Publish Message (id=6758) [Deviceb'Device - 2']"
"1649553","6849.691107096","192.168.15.3","192.168.15.4","MQTT","70","Connect Ack"
"1649555","6849.693522179","192.168.15.3","192.168.15.4","MQTT","70","Publish Ack (id=6758)"
"1649557","6849.694304558","192.168.15.4","192.168.15.3","MQTT","68","Disconnect Req"
"1649898","6850.699389893","192.168.15.4","192.168.15.3","MQTT","90","Connect Command"
"1649900","6850.704099973","192.168.15.4","192.168.15.3","MQTT","97","Publish Message (id=6759) [Deviceb'Device - 2']"
"1649901","6850.704468880","192.168.15.3","192.168.15.4","MQTT","70","Connect Ack"
"1649904","6850.707125019","192.168.15.3","192.168.15.4","MQTT","70","Publish Ack (id=6759)"
"1649906","6850.707511961","192.168.15.4","192.168.15.3","MQTT","68","Disconnect Req"
"1650130","6851.711285638","192.168.15.4","192.168.15.3","MQTT","90","Connect Command"
"1650132","6851.714266711","192.168.15.4","192.168.15.3","MQTT","97","Publish Message (id=6760) [Deviceb'Device - 2']"
"1650133","6851.714663250","192.168.15.3","192.168.15.4","MQTT","70","Connect Ack"
"1650136","6851.717123780","192.168.15.3","192.168.15.4","MQTT","70","Publish Ack (id=6760)"
"1650138","6851.717402737","192.168.15.4","192.168.15.3","MQTT","68","Disconnect Req"
"1650474","6852.721362296","192.168.15.4","192.168.15.3","MQTT","90","Connect Command"
"1650478","6852.724290599","192.168.15.4","192.168.15.3","MQTT","97","Publish Message (id=6761) [Deviceb'Device - 2']"
"1650479","6852.724713138","192.168.15.3","192.168.15.4","MQTT","70","Connect Ack"
"1650482","6852.727640720","192.168.15.3","192.168.15.4","MQTT","70","Publish Ack (id=6761)"
"1650484","6852.728308011","192.168.15.4","192.168.15.3","MQTT","68","Disconnect Req"
"1650705","6853.732944059","192.168.15.4","192.168.15.3","MQTT","90","Connect Command"
"1650707","6853.735888122","192.168.15.4","192.168.15.3","MQTT","97","Publish Message (id=6762) [Deviceb'Device - 2']"
"1650708","6853.736295712","192.168.15.3","192.168.15.4","MQTT","70","Connect Ack"
"1650711","6853.738837104","192.168.15.3","192.168.15.4","MQTT","70","Publish Ack (id=6762)"
"1650713","6853.739453249","192.168.15.4","192.168.15.3","MQTT","68","Disconnect Req"
"1651049","6854.743227087","192.168.15.4","192.168.15.3","MQTT","90","Connect Command"
"1651051","6854.746265359","192.168.15.4","192.168.15.3","MQTT","97","Publish Message (id=6763) [Deviceb'Device - 2']"
"1651053","6854.752218829","192.168.15.3","192.168.15.4","MQTT","70","Connect Ack"
"1651055","6854.754643981","192.168.15.3","192.168.15.4","MQTT","70","Publish Ack (id=6763)"
"1651057","6854.754972502","192.168.15.4","192.168.15.3","MQTT","68","Disconnect Req"
"1651271","6855.758268638","192.168.15.4","192.168.15.3","MQTT","90","Connect Command"
"1651273","6855.761266333","192.168.15.4","192.168.15.3","MQTT","97","Publish Message (id=6764) [Deviceb'Device - 2']"
"1651274","6855.761712786","192.168.15.3","192.168.15.4","MQTT","70","Connect Ack"
"1651277","6855.764099286","192.168.15.3","192.168.15.4","MQTT","70","Publish Ack (id=6764)"
"1651279","6855.764510212","192.168.15.4","192.168.15.3","MQTT","68","Disconnect Req"
"1651606","6856.768950291","192.168.15.4","192.168.15.3","MQTT","90","Connect Command"
"1651608","6856.771918630","192.168.15.4","192.168.15.3","MQTT","97","Publish Message (id=6765) [Deviceb'Device - 2']"
"1651609","6856.772369442","192.168.15.3","192.168.15.4","MQTT","70","Connect Ack"
"1651612","6856.775120560","192.168.15.3","192.168.15.4","MQTT","70","Publish Ack (id=6765)"
"1651614","6856.775375532","192.168.15.4","192.168.15.3","MQTT","68","Disconnect Req"
"1651844","6857.779329372","192.168.15.4","192.168.15.3","MQTT","90","Connect Command"
"1651846","6857.782247587","192.168.15.4","192.168.15.3","MQTT","97","Publish Message (id=6766) [Deviceb'Device - 2']"
"1651847","6857.782699681","192.168.15.3","192.168.15.4","MQTT","70","Connect Ack"
"1651851","6857.785247886","192.168.15.3","192.168.15.4","MQTT","70","Publish Ack (id=6766)"
"1651853","6857.785571598","192.168.15.4","192.168.15.3","MQTT","68","Disconnect Req"
"1652147","6858.789163414","192.168.15.4","192.168.15.3","MQTT","90","Connect Command"
"1652149","6858.791986478","192.168.15.4","192.168.15.3","MQTT","97","Publish Message (id=6767) [Deviceb'Device - 2']"
"1652150","6858.792447159","192.168.15.3","192.168.15.4","MQTT","70","Connect Ack"
"1652153","6858.794944598","192.168.15.3","192.168.15.4","MQTT","70","Publish Ack (id=6767)"
"1652155","6858.795308285","192.168.15.4","192.168.15.3","MQTT","68","Disconnect Req"
"1652436","6859.799055636","192.168.15.4","192.168.15.3","MQTT","90","Connect Command"
"1652438","6859.802066817","192.168.15.4","192.168.15.3","MQTT","97","Publish Message (id=6768) [Deviceb'Device - 2']"
"1652440","6859.806565437","192.168.15.3","192.168.15.4","MQTT","70","Connect Ack"
"1652442","6859.810174427","192.168.15.3","192.168.15.4","MQTT","70","Publish Ack (id=6768)"
"1652444","6859.810684782","192.168.15.4","192.168.15.3","MQTT","68","Disconnect Req"
"1652820","6860.814621040","192.168.15.4","192.168.15.3","MQTT","90","Connect Command"
"1652822","6860.817488879","192.168.15.4","192.168.15.3","MQTT","97","Publish Message (id=6769) [Deviceb'Device - 2']"
"1652823","6860.817888063","192.168.15.3","192.168.15.4","MQTT","70","Connect Ack"
"1652826","6860.820486834","192.168.15.3","192.168.15.4","MQTT","70","Publish Ack (id=6769)"
"1652828","6860.821061881","192.168.15.4","192.168.15.3","MQTT","68","Disconnect Req"
"1653034","6861.825007526","192.168.15.4","192.168.15.3","MQTT","90","Connect Command"
"1653036","6861.828039145","192.168.15.4","192.168.15.3","MQTT","97","Publish Message (id=6770) [Deviceb'Device - 2']"
"1653037","6861.828419684","192.168.15.3","192.168.15.4","MQTT","70","Connect Ack"
"1653040","6861.831443227","192.168.15.3","192.168.15.4","MQTT","70","Publish Ack (id=6770)"
"1653042","6861.832007914","192.168.15.4","192.168.15.3","MQTT","68","Disconnect Req"
"1653346","6862.835905139","192.168.15.4","192.168.15.3","MQTT","90","Connect Command"
"1653348","6862.838889779","192.168.15.4","192.168.15.3","MQTT","97","Publish Message (id=6771) [Deviceb'Device - 2']"
"1653349","6862.840088214","192.168.15.3","192.168.15.4","MQTT","70","Connect Ack"
"1653352","6862.841854832","192.168.15.3","192.168.15.4","MQTT","70","Publish Ack (id=6771)"
"1653354","6862.842163034","192.168.15.4","192.168.15.3","MQTT","68","Disconnect Req"
"1653555","6863.846375494","192.168.15.4","192.168.15.3","MQTT","90","Connect Command"
"1653557","6863.849365024","192.168.15.4","192.168.15.3","MQTT","97","Publish Message (id=6772) [Deviceb'Device - 2']"
"1653558","6863.849806077","192.168.15.3","192.168.15.4","MQTT","70","Connect Ack"
"1653561","6863.852328584","192.168.15.3","192.168.15.4","MQTT","70","Publish Ack (id=6772)"
"1653563","6863.852768254","192.168.15.4","192.168.15.3","MQTT","68","Disconnect Req"
"1653877","6864.856829420","192.168.15.4","192.168.15.3","MQTT","90","Connect Command"
"1653879","6864.859760779","192.168.15.4","192.168.15.3","MQTT","97","Publish Message (id=6773) [Deviceb'Device - 2']"
"1653881","6864.863980743","192.168.15.3","192.168.15.4","MQTT","70","Connect Ack"
"1653883","6864.866571990","192.168.15.3","192.168.15.4","MQTT","70","Publish Ack (id=6773)"
"1653885","6864.867084168","192.168.15.4","192.168.15.3","MQTT","68","Disconnect Req"
"1654158","6865.870790293","192.168.15.4","192.168.15.3","MQTT","90","Connect Command"
"1654160","6865.873803868","192.168.15.4","192.168.15.3","MQTT","97","Publish Message (id=6774) [Deviceb'Device - 2']"
"1654161","6865.874240653","192.168.15.3","192.168.15.4","MQTT","70","Connect Ack"
"1654164","6865.876724517","192.168.15.3","192.168.15.4","MQTT","70","Publish Ack (id=6774)"
"1654166","6865.877012361","192.168.15.4","192.168.15.3","MQTT","68","Disconnect Req"
"1654507","6866.881387260","192.168.15.4","192.168.15.3","MQTT","90","Connect Command"
"1654511","6866.884282150","192.168.15.4","192.168.15.3","MQTT","97","Publish Message (id=6775) [Deviceb'Device - 2']"
"1654512","6866.884686915","192.168.15.3","192.168.15.4","MQTT","70","Connect Ack"
"1654515","6866.887283352","192.168.15.3","192.168.15.4","MQTT","70","Publish Ack (id=6775)"
"1654517","6866.887846416","192.168.15.4","192.168.15.3","MQTT","68","Disconnect Req"
"1654805","6867.891734755","192.168.15.4","192.168.15.3","MQTT","90","Connect Command"
"1654807","6867.894749302","192.168.15.4","192.168.15.3","MQTT","97","Publish Message (id=6776) [Deviceb'Device - 2']"
"1654808","6867.895220803","192.168.15.3","192.168.15.4","MQTT","70","Connect Ack"
"1654811","6867.897745204","192.168.15.3","192.168.15.4","MQTT","70","Publish Ack (id=6776)"
"1654814","6867.898212236","192.168.15.4","192.168.15.3","MQTT","68","Disconnect Req"
"1655120","6868.901952767","192.168.15.4","192.168.15.3","MQTT","90","Connect Command"
"1655122","6868.904905276","192.168.15.4","192.168.15.3","MQTT","97","Publish Message (id=6777) [Deviceb'Device - 2']"
"1655123","6868.905336521","192.168.15.3","192.168.15.4","MQTT","70","Connect Ack"
"1655126","6868.907859358","192.168.15.3","192.168.15.4","MQTT","70","Publish Ack (id=6777)"
"1655128","6868.908139037","192.168.15.4","192.168.15.3","MQTT","68","Disconnect Req"
"1655370","6869.912452010","192.168.15.4","192.168.15.3","MQTT","90","Connect Command"
"1655372","6869.915372418","192.168.15.4","192.168.15.3","MQTT","97","Publish Message (id=6778) [Deviceb'Device - 2']"
"1655374","6869.920180754","192.168.15.3","192.168.15.4","MQTT","70","Connect Ack"
"1655376","6869.922658877","192.168.15.3","192.168.15.4","MQTT","70","Publish Ack (id=6778)"
"1655378","6869.922958874","192.168.15.4","192.168.15.3","MQTT","68","Disconnect Req"
"1655684","6870.927223327","192.168.15.4","192.168.15.3","MQTT","90","Connect Command"
"1655686","6870.930107517","192.168.15.4","192.168.15.3","MQTT","97","Publish Message (id=6779) [Deviceb'Device - 2']"
"1655687","6870.930502513","192.168.15.3","192.168.15.4","MQTT","70","Connect Ack"
"1655690","6870.933216251","192.168.15.3","192.168.15.4","MQTT","70","Publish Ack (id=6779)"
"1655692","6870.933692151","192.168.15.4","192.168.15.3","MQTT","68","Disconnect Req"
"1655908","6871.937677787","192.168.15.4","192.168.15.3","MQTT","90","Connect Command"
"1655910","6871.940720687","192.168.15.4","192.168.15.3","MQTT","97","Publish Message (id=6780) [Deviceb'Device - 2']"
"1655911","6871.941121715","192.168.15.3","192.168.15.4","MQTT","70","Connect Ack"
"1655914","6871.943563809","192.168.15.3","192.168.15.4","MQTT","70","Publish Ack (id=6780)"
"1655916","6871.944004913","192.168.15.4","192.168.15.3","MQTT","68","Disconnect Req"
"1656251","6872.947799377","192.168.15.4","192.168.15.3","MQTT","90","Connect Command"
"1656253","6872.950792904","192.168.15.4","192.168.15.3","MQTT","97","Publish Message (id=6781) [Deviceb'Device - 2']"
"1656254","6872.951247643","192.168.15.3","192.168.15.4","MQTT","70","Connect Ack"
"1656257","6872.953825845","192.168.15.3","192.168.15.4","MQTT","70","Publish Ack (id=6781)"
"1656259","6872.954292557","192.168.15.4","192.168.15.3","MQTT","68","Disconnect Req"
"1656500","6873.958712475","192.168.15.4","192.168.15.3","MQTT","90","Connect Command"
"1656502","6873.961623626","192.168.15.4","192.168.15.3","MQTT","97","Publish Message (id=6782) [Deviceb'Device - 2']"
"1656503","6873.962049641","192.168.15.3","192.168.15.4","MQTT","70","Connect Ack"
"1656506","6873.964563331","192.168.15.3","192.168.15.4","MQTT","70","Publish Ack (id=6782)"
"1656508","6873.964817872","192.168.15.4","192.168.15.3","MQTT","68","Disconnect Req"
"1656861","6874.968776588","192.168.15.4","192.168.15.3","MQTT","90","Connect Command"
"1656863","6874.971711654","192.168.15.4","192.168.15.3","MQTT","97","Publish Message (id=6783) [Deviceb'Device - 2']"
"1656865","6874.976077925","192.168.15.3","192.168.15.4","MQTT","70","Connect Ack"
"1656867","6874.978453764","192.168.15.3","192.168.15.4","MQTT","70","Publish Ack (id=6783)"
"1656869","6874.978941506","192.168.15.4","192.168.15.3","MQTT","68","Disconnect Req"
"1657091","6875.982917896","192.168.15.4","192.168.15.3","MQTT","90","Connect Command"
"1657093","6875.985981115","192.168.15.4","192.168.15.3","MQTT","97","Publish Message (id=6784) [Deviceb'Device - 2']"
"1657094","6875.986277254","192.168.15.3","192.168.15.4","MQTT","70","Connect Ack"
"1657097","6875.989215286","192.168.15.3","192.168.15.4","MQTT","70","Publish Ack (id=6784)"
"1657099","6875.989840468","192.168.15.4","192.168.15.3","MQTT","68","Disconnect Req"
"1657405","6876.996775178","192.168.15.4","192.168.15.3","MQTT","90","Connect Command"
"1657407","6876.999698162","192.168.15.4","192.168.15.3","MQTT","97","Publish Message (id=6785) [Deviceb'Device - 2']"
"1657408","6877.000526337","192.168.15.3","192.168.15.4","MQTT","70","Connect Ack"
"1657411","6877.002714602","192.168.15.3","192.168.15.4","MQTT","70","Publish Ack (id=6785)"
"1657413","6877.003223483","192.168.15.4","192.168.15.3","MQTT","68","Disconnect Req"
"1657647","6878.007382249","192.168.15.4","192.168.15.3","MQTT","90","Connect Command"
"1657649","6878.010417745","192.168.15.4","192.168.15.3","MQTT","97","Publish Message (id=6786) [Deviceb'Device - 2']"
"1657650","6878.010826267","192.168.15.3","192.168.15.4","MQTT","70","Connect Ack"
"1657653","6878.013322965","192.168.15.3","192.168.15.4","MQTT","70","Publish Ack (id=6786)"
"1657655","6878.013889054","192.168.15.4","192.168.15.3","MQTT","68","Disconnect Req"
"1657956","6879.018524521","192.168.15.4","192.168.15.3","MQTT","90","Connect Command"
"1657958","6879.021314423","192.168.15.4","192.168.15.3","MQTT","97","Publish Message (id=6787) [Deviceb'Device - 2']"
"1657959","6879.021743273","192.168.15.3","192.168.15.4","MQTT","70","Connect Ack"
"1657962","6879.024801813","192.168.15.3","192.168.15.4","MQTT","70","Publish Ack (id=6787)"
"1657964","6879.025346953","192.168.15.4","192.168.15.3","MQTT","68","Disconnect Req"
"1658228","6880.029815123","192.168.15.4","192.168.15.3","MQTT","90","Connect Command"
"1658230","6880.032693973","192.168.15.4","192.168.15.3","MQTT","97","Publish Message (id=6788) [Deviceb'Device - 2']"
"1658232","6880.036895022","192.168.15.3","192.168.15.4","MQTT","70","Connect Ack"
"1658234","6880.039350762","192.168.15.3","192.168.15.4","MQTT","70","Publish Ack (id=6788)"
"1658236","6880.039796434","192.168.15.4","192.168.15.3","MQTT","68","Disconnect Req"
"1658550","6881.043711380","192.168.15.4","192.168.15.3","MQTT","90","Connect Command"
"1658552","6881.046640996","192.168.15.4","192.168.15.3","MQTT","97","Publish Message (id=6789) [Deviceb'Device - 2']"
"1658553","6881.047046512","192.168.15.3","192.168.15.4","MQTT","70","Connect Ack"
"1658556","6881.049689236","192.168.15.3","192.168.15.4","MQTT","70","Publish Ack (id=6789)"
"1658558","6881.050260525","192.168.15.4","192.168.15.3","MQTT","68","Disconnect Req"
"1658843","6882.054722836","192.168.15.4","192.168.15.3","MQTT","90","Connect Command"
"1658845","6882.057314713","192.168.15.4","192.168.15.3","MQTT","97","Publish Message (id=6790) [Deviceb'Device - 2']"
"1658846","6882.057723596","192.168.15.3","192.168.15.4","MQTT","70","Connect Ack"
"1658849","6882.059975732","192.168.15.3","192.168.15.4","MQTT","70","Publish Ack (id=6790)"
"1658851","6882.060662389","192.168.15.4","192.168.15.3","MQTT","68","Disconnect Req"
"1659120","6883.064166299","192.168.15.4","192.168.15.3","MQTT","90","Connect Command"
"1659122","6883.067135700","192.168.15.4","192.168.15.3","MQTT","97","Publish Message (id=6791) [Deviceb'Device - 2']"
"1659123","6883.067534313","192.168.15.3","192.168.15.4","MQTT","70","Connect Ack"
"1659126","6883.069821926","192.168.15.3","192.168.15.4","MQTT","70","Publish Ack (id=6791)"
"1659128","6883.070266506","192.168.15.4","192.168.15.3","MQTT","68","Disconnect Req"
"1659509","6884.074129595","192.168.15.4","192.168.15.3","MQTT","90","Connect Command"
"1659511","6884.077179999","192.168.15.4","192.168.15.3","MQTT","97","Publish Message (id=6792) [Deviceb'Device - 2']"
"1659512","6884.077638295","192.168.15.3","192.168.15.4","MQTT","70","Connect Ack"
"1659515","6884.080197952","192.168.15.3","192.168.15.4","MQTT","70","Publish Ack (id=6792)"
"1659517","6884.080477690","192.168.15.4","192.168.15.3","MQTT","68","Disconnect Req"
"1659837","6885.086821507","192.168.15.4","192.168.15.3","MQTT","90","Connect Command"
"1659851","6885.091700136","192.168.15.4","192.168.15.3","MQTT","97","Publish Message (id=6793) [Deviceb'Device - 2']"
"1659853","6885.095906004","192.168.15.3","192.168.15.4","MQTT","70","Connect Ack"
"1659855","6885.098449691","192.168.15.3","192.168.15.4","MQTT","70","Publish Ack (id=6793)"
"1659857","6885.098837894","192.168.15.4","192.168.15.3","MQTT","68","Disconnect Req"
"1660065","6886.103062857","192.168.15.4","192.168.15.3","MQTT","90","Connect Command"
"1660067","6886.106095688","192.168.15.4","192.168.15.3","MQTT","97","Publish Message (id=6794) [Deviceb'Device - 2']"
"1660068","6886.106488591","192.168.15.3","192.168.15.4","MQTT","70","Connect Ack"
"1660071","6886.108789649","192.168.15.3","192.168.15.4","MQTT","70","Publish Ack (id=6794)"
"1660073","6886.109156853","192.168.15.4","192.168.15.3","MQTT","68","Disconnect Req"
"1660344","6887.113440547","192.168.15.4","192.168.15.3","MQTT","90","Connect Command"
"1660346","6887.118579748","192.168.15.4","192.168.15.3","MQTT","97","Publish Message (id=6795) [Deviceb'Device - 2']"
"1660347","6887.118958945","192.168.15.3","192.168.15.4","MQTT","70","Connect Ack"
"1660350","6887.121612920","192.168.15.3","192.168.15.4","MQTT","70","Publish Ack (id=6795)"
"1660352","6887.121883641","192.168.15.4","192.168.15.3","MQTT","68","Disconnect Req"
"1660614","6888.125658485","192.168.15.4","192.168.15.3","MQTT","90","Connect Command"
"1660616","6888.128614290","192.168.15.4","192.168.15.3","MQTT","97","Publish Message (id=6796) [Deviceb'Device - 2']"
"1660617","6888.129011271","192.168.15.3","192.168.15.4","MQTT","70","Connect Ack"
"1660620","6888.131651750","192.168.15.3","192.168.15.4","MQTT","70","Publish Ack (id=6796)"
"1660622","6888.132189396","192.168.15.4","192.168.15.3","MQTT","68","Disconnect Req"
"1660941","6889.135791002","192.168.15.4","192.168.15.3","MQTT","90","Connect Command"
"1660943","6889.138836306","192.168.15.4","192.168.15.3","MQTT","97","Publish Message (id=6797) [Deviceb'Device - 2']"
"1660944","6889.139297318","192.168.15.3","192.168.15.4","MQTT","70","Connect Ack"
"1660947","6889.141366758","192.168.15.3","192.168.15.4","MQTT","70","Publish Ack (id=6797)"
"1660949","6889.141657608","192.168.15.4","192.168.15.3","MQTT","68","Disconnect Req"
"1661176","6890.145545556","192.168.15.4","192.168.15.3","MQTT","90","Connect Command"
"1661178","6890.148493887","192.168.15.4","192.168.15.3","MQTT","97","Publish Message (id=6798) [Deviceb'Device - 2']"
"1661180","6890.152712419","192.168.15.3","192.168.15.4","MQTT","70","Connect Ack"
"1661182","6890.155236218","192.168.15.3","192.168.15.4","MQTT","70","Publish Ack (id=6798)"
"1661184","6890.155599003","192.168.15.4","192.168.15.3","MQTT","68","Disconnect Req"
"1661468","6891.160039707","192.168.15.4","192.168.15.3","MQTT","90","Connect Command"
"1661470","6891.163013917","192.168.15.4","192.168.15.3","MQTT","97","Publish Message (id=6799) [Deviceb'Device - 2']"
"1661471","6891.163377945","192.168.15.3","192.168.15.4","MQTT","70","Connect Ack"
"1661474","6891.165680095","192.168.15.3","192.168.15.4","MQTT","70","Publish Ack (id=6799)"
"1661476","6891.166269759","192.168.15.4","192.168.15.3","MQTT","68","Disconnect Req"
"1661762","6892.170510215","192.168.15.4","192.168.15.3","MQTT","90","Connect Command"
"1661764","6892.173437376","192.168.15.4","192.168.15.3","MQTT","97","Publish Message (id=6800) [Deviceb'Device - 2']"
"1661765","6892.173820670","192.168.15.3","192.168.15.4","MQTT","70","Connect Ack"
"1661768","6892.176140454","192.168.15.3","192.168.15.4","MQTT","70","Publish Ack (id=6800)"
"1661770","6892.176670566","192.168.15.4","192.168.15.3","MQTT","68","Disconnect Req"
"1662098","6893.180831039","192.168.15.4","192.168.15.3","MQTT","90","Connect Command"
"1662100","6893.183859542","192.168.15.4","192.168.15.3","MQTT","97","Publish Message (id=6801) [Deviceb'Device - 2']"
"1662101","6893.184284084","192.168.15.3","192.168.15.4","MQTT","70","Connect Ack"
"1662104","6893.186721611","192.168.15.3","192.168.15.4","MQTT","70","Publish Ack (id=6801)"
"1662106","6893.187348936","192.168.15.4","192.168.15.3","MQTT","68","Disconnect Req"
"1662368","6894.191770113","192.168.15.4","192.168.15.3","MQTT","90","Connect Command"
"1662370","6894.194665434","192.168.15.4","192.168.15.3","MQTT","97","Publish Message (id=6802) [Deviceb'Device - 2']"
"1662371","6894.195074607","192.168.15.3","192.168.15.4","MQTT","70","Connect Ack"
"1662374","6894.197182821","192.168.15.3","192.168.15.4","MQTT","70","Publish Ack (id=6802)"
"1662376","6894.198043688","192.168.15.4","192.168.15.3","MQTT","68","Disconnect Req"
"1662778","6895.202500302","192.168.15.4","192.168.15.3","MQTT","90","Connect Command"
"1662780","6895.205405943","192.168.15.4","192.168.15.3","MQTT","97","Publish Message (id=6803) [Deviceb'Device - 2']"
"1662782","6895.209483398","192.168.15.3","192.168.15.4","MQTT","70","Connect Ack"
"1662784","6895.211970277","192.168.15.3","192.168.15.4","MQTT","70","Publish Ack (id=6803)"
"1662786","6895.212413464","192.168.15.4","192.168.15.3","MQTT","68","Disconnect Req"
"1663068","6896.215969317","192.168.15.4","192.168.15.3","MQTT","90","Connect Command"
"1663070","6896.218995896","192.168.15.4","192.168.15.3","MQTT","97","Publish Message (id=6804) [Deviceb'Device - 2']"
"1663071","6896.219451938","192.168.15.3","192.168.15.4","MQTT","70","Connect Ack"
"1663074","6896.221490881","192.168.15.3","192.168.15.4","MQTT","70","Publish Ack (id=6804)"
"1663076","6896.221729512","192.168.15.4","192.168.15.3","MQTT","68","Disconnect Req"
"1663420","6897.226297958","192.168.15.4","192.168.15.3","MQTT","90","Connect Command"
"1663422","6897.229249756","192.168.15.4","192.168.15.3","MQTT","97","Publish Message (id=6805) [Deviceb'Device - 2']"
"1663423","6897.229671694","192.168.15.3","192.168.15.4","MQTT","70","Connect Ack"
"1663426","6897.232374351","192.168.15.3","192.168.15.4","MQTT","70","Publish Ack (id=6805)"
"1663428","6897.232937916","192.168.15.4","192.168.15.3","MQTT","68","Disconnect Req"
"1663669","6898.238202157","192.168.15.4","192.168.15.3","MQTT","90","Connect Command"
"1663671","6898.240517622","192.168.15.4","192.168.15.3","MQTT","97","Publish Message (id=6806) [Deviceb'Device - 2']"
"1663672","6898.240903712","192.168.15.3","192.168.15.4","MQTT","70","Connect Ack"
"1663675","6898.243611829","192.168.15.3","192.168.15.4","MQTT","70","Publish Ack (id=6806)"
"1663677","6898.244147391","192.168.15.4","192.168.15.3","MQTT","68","Disconnect Req"
"1664023","6899.247954400","192.168.15.4","192.168.15.3","MQTT","90","Connect Command"
"1664025","6899.250998532","192.168.15.4","192.168.15.3","MQTT","97","Publish Message (id=6807) [Deviceb'Device - 2']"
"1664026","6899.251361158","192.168.15.3","192.168.15.4","MQTT","70","Connect Ack"
"1664029","6899.254127575","192.168.15.3","192.168.15.4","MQTT","70","Publish Ack (id=6807)"
"1664031","6899.254441348","192.168.15.4","192.168.15.3","MQTT","68","Disconnect Req"
"1664285","6900.258387049","192.168.15.4","192.168.15.3","MQTT","90","Connect Command"
"1664287","6900.261292399","192.168.15.4","192.168.15.3","MQTT","97","Publish Message (id=6808) [Deviceb'Device - 2']"
"1664289","6900.265562809","192.168.15.3","192.168.15.4","MQTT","70","Connect Ack"
"1664291","6900.268030212","192.168.15.3","192.168.15.4","MQTT","70","Publish Ack (id=6808)"
"1664293","6900.268560514","192.168.15.4","192.168.15.3","MQTT","68","Disconnect Req"
"1664611","6901.274137497","192.168.15.4","192.168.15.3","MQTT","90","Connect Command"
"1664613","6901.279364945","192.168.15.4","192.168.15.3","MQTT","97","Publish Message (id=6809) [Deviceb'Device - 2']"
"1664614","6901.279734574","192.168.15.3","192.168.15.4","MQTT","70","Connect Ack"
"1664617","6901.282554683","192.168.15.3","192.168.15.4","MQTT","70","Publish Ack (id=6809)"
"1664619","6901.282859599","192.168.15.4","192.168.15.3","MQTT","68","Disconnect Req"
"1664850","6902.287160672","192.168.15.4","192.168.15.3","MQTT","90","Connect Command"
"1664852","6902.290204964","192.168.15.4","192.168.15.3","MQTT","97","Publish Message (id=6810) [Deviceb'Device - 2']"
"1664853","6902.290583740","192.168.15.3","192.168.15.4","MQTT","70","Connect Ack"
"1664856","6902.293157364","192.168.15.3","192.168.15.4","MQTT","70","Publish Ack (id=6810)"
"1664858","6902.293628333","192.168.15.4","192.168.15.3","MQTT","68","Disconnect Req"
"1665144","6903.297930510","192.168.15.4","192.168.15.3","MQTT","90","Connect Command"
"1665148","6903.300839517","192.168.15.4","192.168.15.3","MQTT","97","Publish Message (id=6811) [Deviceb'Device - 2']"
"1665149","6903.301227460","192.168.15.3","192.168.15.4","MQTT","70","Connect Ack"
"1665152","6903.303645810","192.168.15.3","192.168.15.4","MQTT","70","Publish Ack (id=6811)"
"1665154","6903.304027341","192.168.15.4","192.168.15.3","MQTT","68","Disconnect Req"
"1665346","6904.307899084","192.168.15.4","192.168.15.3","MQTT","90","Connect Command"
"1665348","6904.310874847","192.168.15.4","192.168.15.3","MQTT","97","Publish Message (id=6812) [Deviceb'Device - 2']"
"1665349","6904.311232333","192.168.15.3","192.168.15.4","MQTT","70","Connect Ack"
"1665352","6904.313577995","192.168.15.3","192.168.15.4","MQTT","70","Publish Ack (id=6812)"
"1665354","6904.314020451","192.168.15.4","192.168.15.3","MQTT","68","Disconnect Req"
"1665660","6905.318434008","192.168.15.4","192.168.15.3","MQTT","90","Connect Command"
"1665662","6905.323228698","192.168.15.4","192.168.15.3","MQTT","97","Publish Message (id=6813) [Deviceb'Device - 2']"
"1665664","6905.327421421","192.168.15.3","192.168.15.4","MQTT","70","Connect Ack"
"1665666","6905.329870168","192.168.15.3","192.168.15.4","MQTT","70","Publish Ack (id=6813)"
"1665668","6905.330330648","192.168.15.4","192.168.15.3","MQTT","68","Disconnect Req"
"1665872","6906.334155673","192.168.15.4","192.168.15.3","MQTT","90","Connect Command"
"1665874","6906.337153588","192.168.15.4","192.168.15.3","MQTT","97","Publish Message (id=6814) [Deviceb'Device - 2']"
"1665875","6906.337521753","192.168.15.3","192.168.15.4","MQTT","70","Connect Ack"
"1665878","6906.340321935","192.168.15.3","192.168.15.4","MQTT","70","Publish Ack (id=6814)"
"1665880","6906.340716671","192.168.15.4","192.168.15.3","MQTT","68","Disconnect Req"
"1666248","6907.345097136","192.168.15.4","192.168.15.3","MQTT","90","Connect Command"
"1666250","6907.348052490","192.168.15.4","192.168.15.3","MQTT","97","Publish Message (id=6815) [Deviceb'Device - 2']"
"1666251","6907.348474458","192.168.15.3","192.168.15.4","MQTT","70","Connect Ack"
"1666254","6907.351101522","192.168.15.3","192.168.15.4","MQTT","70","Publish Ack (id=6815)"
"1666256","6907.351589203","192.168.15.4","192.168.15.3","MQTT","68","Disconnect Req"
"1666446","6908.355896832","192.168.15.4","192.168.15.3","MQTT","90","Connect Command"
"1666448","6908.358855563","192.168.15.4","192.168.15.3","MQTT","97","Publish Message (id=6816) [Deviceb'Device - 2']"
"1666449","6908.359196597","192.168.15.3","192.168.15.4","MQTT","70","Connect Ack"
"1666452","6908.361545916","192.168.15.3","192.168.15.4","MQTT","70","Publish Ack (id=6816)"
"1666454","6908.362082170","192.168.15.4","192.168.15.3","MQTT","68","Disconnect Req"
"1666746","6909.366588874","192.168.15.4","192.168.15.3","MQTT","90","Connect Command"
"1666748","6909.369553165","192.168.15.4","192.168.15.3","MQTT","97","Publish Message (id=6817) [Deviceb'Device - 2']"
"1666749","6909.369965474","192.168.15.3","192.168.15.4","MQTT","70","Connect Ack"
"1666752","6909.372598881","192.168.15.3","192.168.15.4","MQTT","70","Publish Ack (id=6817)"
"1666754","6909.373104136","192.168.15.4","192.168.15.3","MQTT","68","Disconnect Req"
"1667016","6910.376746637","192.168.15.4","192.168.15.3","MQTT","90","Connect Command"
"1667018","6910.382346629","192.168.15.4","192.168.15.3","MQTT","97","Publish Message (id=6818) [Deviceb'Device - 2']"
"1667020","6910.386583425","192.168.15.3","192.168.15.4","MQTT","70","Connect Ack"
"1667022","6910.389077448","192.168.15.3","192.168.15.4","MQTT","70","Publish Ack (id=6818)"
"1667024","6910.389852773","192.168.15.4","192.168.15.3","MQTT","68","Disconnect Req"
"1667352","6911.393775656","192.168.15.4","192.168.15.3","MQTT","90","Connect Command"
"1667354","6911.396770285","192.168.15.4","192.168.15.3","MQTT","97","Publish Message (id=6819) [Deviceb'Device - 2']"
"1667355","6911.397176613","192.168.15.3","192.168.15.4","MQTT","70","Connect Ack"
"1667358","6911.399370598","192.168.15.3","192.168.15.4","MQTT","70","Publish Ack (id=6819)"
"1667360","6911.399767268","192.168.15.4","192.168.15.3","MQTT","68","Disconnect Req"
"1667594","6912.403609949","192.168.15.4","192.168.15.3","MQTT","90","Connect Command"
"1667596","6912.406604848","192.168.15.4","192.168.15.3","MQTT","97","Publish Message (id=6820) [Deviceb'Device - 2']"
"1667597","6912.407488979","192.168.15.3","192.168.15.4","MQTT","70","Connect Ack"
"1667600","6912.410257460","192.168.15.3","192.168.15.4","MQTT","70","Publish Ack (id=6820)"
"1667602","6912.410705587","192.168.15.4","192.168.15.3","MQTT","68","Disconnect Req"
"1668000","6913.414858865","192.168.15.4","192.168.15.3","MQTT","90","Connect Command"
"1668002","6913.417737916","192.168.15.4","192.168.15.3","MQTT","97","Publish Message (id=6821) [Deviceb'Device - 2']"
"1668003","6913.418162859","192.168.15.3","192.168.15.4","MQTT","70","Connect Ack"
"1668006","6913.420719690","192.168.15.3","192.168.15.4","MQTT","70","Publish Ack (id=6821)"
"1668008","6913.421383655","192.168.15.4","192.168.15.3","MQTT","68","Disconnect Req"
"1668251","6914.425570327","192.168.15.4","192.168.15.3","MQTT","90","Connect Command"
"1668253","6914.428580004","192.168.15.4","192.168.15.3","MQTT","97","Publish Message (id=6822) [Deviceb'Device - 2']"
"1668254","6914.429003214","192.168.15.3","192.168.15.4","MQTT","70","Connect Ack"
"1668257","6914.431608618","192.168.15.3","192.168.15.4","MQTT","70","Publish Ack (id=6822)"
"1668259","6914.431872326","192.168.15.4","192.168.15.3","MQTT","68","Disconnect Req"
"1668578","6915.435662307","192.168.15.4","192.168.15.3","MQTT","90","Connect Command"
"1668580","6915.438677184","192.168.15.4","192.168.15.3","MQTT","97","Publish Message (id=6823) [Deviceb'Device - 2']"
"1668581","6915.439357049","192.168.15.3","192.168.15.4","MQTT","70","Connect Ack"
"1668584","6915.441679077","192.168.15.3","192.168.15.4","MQTT","70","Publish Ack (id=6823)"
"1668586","6915.441908782","192.168.15.4","192.168.15.3","MQTT","68","Disconnect Req"
"1668756","6916.445275023","192.168.15.4","192.168.15.3","MQTT","90","Connect Command"
"1668758","6916.448243873","192.168.15.4","192.168.15.3","MQTT","97","Publish Message (id=6824) [Deviceb'Device - 2']"
"1668759","6916.448700796","192.168.15.3","192.168.15.4","MQTT","70","Connect Ack"
"1668762","6916.451145215","192.168.15.3","192.168.15.4","MQTT","70","Publish Ack (id=6824)"
"1668764","6916.451438349","192.168.15.4","192.168.15.3","MQTT","68","Disconnect Req"
"1669095","6917.455583172","192.168.15.4","192.168.15.3","MQTT","90","Connect Command"
"1669097","6917.458526704","192.168.15.4","192.168.15.3","MQTT","97","Publish Message (id=6825) [Deviceb'Device - 2']"
"1669098","6917.458889620","192.168.15.3","192.168.15.4","MQTT","70","Connect Ack"
"1669116","6917.462207519","192.168.15.3","192.168.15.4","MQTT","70","Publish Ack (id=6825)"
"1669119","6917.462681375","192.168.15.4","192.168.15.3","MQTT","68","Disconnect Req"
"1669364","6918.466435249","192.168.15.4","192.168.15.3","MQTT","90","Connect Command"
"1669366","6918.469367670","192.168.15.4","192.168.15.3","MQTT","97","Publish Message (id=6826) [Deviceb'Device - 2']"
"1669367","6918.469765862","192.168.15.3","192.168.15.4","MQTT","70","Connect Ack"
"1669370","6918.472158494","192.168.15.3","192.168.15.4","MQTT","70","Publish Ack (id=6826)"
"1669372","6918.472634774","192.168.15.4","192.168.15.3","MQTT","68","Disconnect Req"
"1669650","6919.477324426","192.168.15.4","192.168.15.3","MQTT","90","Connect Command"
"1669652","6919.480862201","192.168.15.3","192.168.15.4","MQTT","70","Connect Ack"
"1669653","6919.480893621","192.168.15.4","192.168.15.3","MQTT","97","Publish Message (id=6827) [Deviceb'Device - 2']"
"1669656","6919.483896225","192.168.15.3","192.168.15.4","MQTT","70","Publish Ack (id=6827)"
"1669658","6919.484283747","192.168.15.4","192.168.15.3","MQTT","68","Disconnect Req"
"1669871","6920.488186494","192.168.15.4","192.168.15.3","MQTT","90","Connect Command"
"1669895","6920.491768513","192.168.15.4","192.168.15.3","MQTT","97","Publish Message (id=6828) [Deviceb'Device - 2']"
"1669897","6920.495474135","192.168.15.3","192.168.15.4","MQTT","70","Connect Ack"
"1669899","6920.498287923","192.168.15.3","192.168.15.4","MQTT","70","Publish Ack (id=6828)"
"1669901","6920.498853952","192.168.15.4","192.168.15.3","MQTT","68","Disconnect Req"
"1670238","6921.502768571","192.168.15.4","192.168.15.3","MQTT","90","Connect Command"
"1670240","6921.505749664","192.168.15.4","192.168.15.3","MQTT","97","Publish Message (id=6829) [Deviceb'Device - 2']"
"1670241","6921.506241764","192.168.15.3","192.168.15.4","MQTT","70","Connect Ack"
"1670244","6921.508788997","192.168.15.3","192.168.15.4","MQTT","70","Publish Ack (id=6829)"
"1670246","6921.509303860","192.168.15.4","192.168.15.3","MQTT","68","Disconnect Req"
"1670532","6922.513201979","192.168.15.4","192.168.15.3","MQTT","90","Connect Command"
"1670534","6922.518739764","192.168.15.4","192.168.15.3","MQTT","97","Publish Message (id=6830) [Deviceb'Device - 2']"
"1670535","6922.519127827","192.168.15.3","192.168.15.4","MQTT","70","Connect Ack"
"1670538","6922.521600810","192.168.15.3","192.168.15.4","MQTT","70","Publish Ack (id=6830)"
"1670540","6922.521894204","192.168.15.4","192.168.15.3","MQTT","68","Disconnect Req"
"1670901","6923.525688257","192.168.15.4","192.168.15.3","MQTT","90","Connect Command"
"1670903","6923.528605910","192.168.15.4","192.168.15.3","MQTT","97","Publish Message (id=6831) [Deviceb'Device - 2']"
"1670904","6923.529017428","192.168.15.3","192.168.15.4","MQTT","70","Connect Ack"
"1670907","6923.531561205","192.168.15.3","192.168.15.4","MQTT","70","Publish Ack (id=6831)"
"1670909","6923.532203970","192.168.15.4","192.168.15.3","MQTT","68","Disconnect Req"
"1671128","6924.536030283","192.168.15.4","192.168.15.3","MQTT","90","Connect Command"
"1671131","6924.539045662","192.168.15.4","192.168.15.3","MQTT","97","Publish Message (id=6832) [Deviceb'Device - 2']"
"1671132","6924.539549834","192.168.15.3","192.168.15.4","MQTT","70","Connect Ack"
"1671135","6924.541913501","192.168.15.3","192.168.15.4","MQTT","70","Publish Ack (id=6832)"
"1671137","6924.542311673","192.168.15.4","192.168.15.3","MQTT","68","Disconnect Req"
"1671397","6925.546564092","192.168.15.4","192.168.15.3","MQTT","90","Connect Command"
"1671399","6925.549598456","192.168.15.4","192.168.15.3","MQTT","97","Publish Message (id=6833) [Deviceb'Device - 2']"
"1671401","6925.553950550","192.168.15.3","192.168.15.4","MQTT","70","Connect Ack"
"1671403","6925.556563188","192.168.15.3","192.168.15.4","MQTT","70","Publish Ack (id=6833)"
"1671405","6925.556926454","192.168.15.4","192.168.15.3","MQTT","68","Disconnect Req"
"1671677","6926.560858678","192.168.15.4","192.168.15.3","MQTT","90","Connect Command"
"1671679","6926.563774218","192.168.15.4","192.168.15.3","MQTT","97","Publish Message (id=6834) [Deviceb'Device - 2']"
"1671680","6926.564186276","192.168.15.3","192.168.15.4","MQTT","70","Connect Ack"
"1671683","6926.567060367","192.168.15.3","192.168.15.4","MQTT","70","Publish Ack (id=6834)"
"1671685","6926.567742156","192.168.15.4","192.168.15.3","MQTT","68","Disconnect Req"
"1671974","6927.572462358","192.168.15.4","192.168.15.3","MQTT","90","Connect Command"
"1671976","6927.575347811","192.168.15.4","192.168.15.3","MQTT","97","Publish Message (id=6835) [Deviceb'Device - 2']"
"1671977","6927.575757385","192.168.15.3","192.168.15.4","MQTT","70","Connect Ack"
"1671980","6927.578324276","192.168.15.3","192.168.15.4","MQTT","70","Publish Ack (id=6835)"
"1671982","6927.579098589","192.168.15.4","192.168.15.3","MQTT","68","Disconnect Req"
"1672253","6928.583727581","192.168.15.4","192.168.15.3","MQTT","90","Connect Command"
"1672255","6928.586724113","192.168.15.4","192.168.15.3","MQTT","97","Publish Message (id=6836) [Deviceb'Device - 2']"
"1672256","6928.587099252","192.168.15.3","192.168.15.4","MQTT","70","Connect Ack"
"1672290","6928.590751193","192.168.15.3","192.168.15.4","MQTT","70","Publish Ack (id=6836)"
"1672292","6928.591247852","192.168.15.4","192.168.15.3","MQTT","68","Disconnect Req"
"1672571","6929.594907843","192.168.15.4","192.168.15.3","MQTT","90","Connect Command"
"1672573","6929.597892613","192.168.15.4","192.168.15.3","MQTT","97","Publish Message (id=6837) [Deviceb'Device - 2']"
"1672574","6929.598322545","192.168.15.3","192.168.15.4","MQTT","70","Connect Ack"
"1672577","6929.600765191","192.168.15.3","192.168.15.4","MQTT","70","Publish Ack (id=6837)"
"1672579","6929.601236251","192.168.15.4","192.168.15.3","MQTT","68","Disconnect Req"
"1672880","6930.604852931","192.168.15.4","192.168.15.3","MQTT","90","Connect Command"
"1672882","6930.607764783","192.168.15.4","192.168.15.3","MQTT","97","Publish Message (id=6838) [Deviceb'Device - 2']"
"1672884","6930.612134281","192.168.15.3","192.168.15.4","MQTT","70","Connect Ack"
"1672886","6930.614599219","192.168.15.3","192.168.15.4","MQTT","70","Publish Ack (id=6838)"
"1672888","6930.614935364","192.168.15.4","192.168.15.3","MQTT","68","Disconnect Req"
"1673154","6931.618866358","192.168.15.4","192.168.15.3","MQTT","90","Connect Command"
"1673156","6931.621821322","192.168.15.4","192.168.15.3","MQTT","97","Publish Message (id=6839) [Deviceb'Device - 2']"
"1673157","6931.622286932","192.168.15.3","192.168.15.4","MQTT","70","Connect Ack"
"1673160","6931.624694762","192.168.15.3","192.168.15.4","MQTT","70","Publish Ack (id=6839)"
"1673162","6931.625046136","192.168.15.4","192.168.15.3","MQTT","68","Disconnect Req"
"1673349","6932.629449353","192.168.15.4","192.168.15.3","MQTT","90","Connect Command"
"1673351","6932.632290291","192.168.15.4","192.168.15.3","MQTT","97","Publish Message (id=6840) [Deviceb'Device - 2']"
"1673352","6932.632737907","192.168.15.3","192.168.15.4","MQTT","70","Connect Ack"
"1673355","6932.635103528","192.168.15.3","192.168.15.4","MQTT","70","Publish Ack (id=6840)"
"1673357","6932.635550672","192.168.15.4","192.168.15.3","MQTT","68","Disconnect Req"
"1673731","6933.639395895","192.168.15.4","192.168.15.3","MQTT","90","Connect Command"
"1673733","6933.642359926","192.168.15.4","192.168.15.3","MQTT","97","Publish Message (id=6841) [Deviceb'Device - 2']"
"1673734","6933.642756376","192.168.15.3","192.168.15.4","MQTT","70","Connect Ack"
"1673737","6933.645221474","192.168.15.3","192.168.15.4","MQTT","70","Publish Ack (id=6841)"
"1673739","6933.646028759","192.168.15.4","192.168.15.3","MQTT","68","Disconnect Req"
"1674098","6934.650434381","192.168.15.4","192.168.15.3","MQTT","90","Connect Command"
"1674100","6934.653374297","192.168.15.4","192.168.15.3","MQTT","97","Publish Message (id=6842) [Deviceb'Device - 2']"
"1674101","6934.653817334","192.168.15.3","192.168.15.4","MQTT","70","Connect Ack"
"1674104","6934.656248007","192.168.15.3","192.168.15.4","MQTT","70","Publish Ack (id=6842)"
"1674106","6934.656792917","192.168.15.4","192.168.15.3","MQTT","68","Disconnect Req"
"1674355","6935.661062683","192.168.15.4","192.168.15.3","MQTT","90","Connect Command"
"1674357","6935.665745021","192.168.15.4","192.168.15.3","MQTT","97","Publish Message (id=6843) [Deviceb'Device - 2']"
"1674435","6935.673660259","192.168.15.3","192.168.15.4","MQTT","70","Connect Ack"
"1674442","6935.676117652","192.168.15.3","192.168.15.4","MQTT","70","Publish Ack (id=6843)"
"1674444","6935.676578684","192.168.15.4","192.168.15.3","MQTT","68","Disconnect Req"
"1674758","6936.680068365","192.168.15.4","192.168.15.3","MQTT","90","Connect Command"
"1674760","6936.683077471","192.168.15.4","192.168.15.3","MQTT","97","Publish Message (id=6844) [Deviceb'Device - 2']"
"1674761","6936.683512052","192.168.15.3","192.168.15.4","MQTT","70","Connect Ack"
"1674764","6936.685849048","192.168.15.3","192.168.15.4","MQTT","70","Publish Ack (id=6844)"
"1674766","6936.686108639","192.168.15.4","192.168.15.3","MQTT","68","Disconnect Req"
"1675006","6937.690338309","192.168.15.4","192.168.15.3","MQTT","90","Connect Command"
"1675008","6937.693206830","192.168.15.4","192.168.15.3","MQTT","97","Publish Message (id=6845) [Deviceb'Device - 2']"
"1675009","6937.693658644","192.168.15.3","192.168.15.4","MQTT","70","Connect Ack"
"1675012","6937.696190118","192.168.15.3","192.168.15.4","MQTT","70","Publish Ack (id=6845)"
"1675014","6937.696509080","192.168.15.4","192.168.15.3","MQTT","68","Disconnect Req"
"1675289","6938.700276677","192.168.15.4","192.168.15.3","MQTT","90","Connect Command"
"1675291","6938.703223666","192.168.15.4","192.168.15.3","MQTT","97","Publish Message (id=6846) [Deviceb'Device - 2']"
"1675292","6938.703645554","192.168.15.3","192.168.15.4","MQTT","70","Connect Ack"
"1675295","6938.706155207","192.168.15.3","192.168.15.4","MQTT","70","Publish Ack (id=6846)"
"1675297","6938.706690368","192.168.15.4","192.168.15.3","MQTT","68","Disconnect Req"
"1675480","6939.710459929","192.168.15.4","192.168.15.3","MQTT","90","Connect Command"
"1675482","6939.713493662","192.168.15.4","192.168.15.3","MQTT","97","Publish Message (id=6847) [Deviceb'Device - 2']"
"1675483","6939.713906822","192.168.15.3","192.168.15.4","MQTT","70","Connect Ack"
"1675486","6939.716372722","192.168.15.3","192.168.15.4","MQTT","70","Publish Ack (id=6847)"
"1675488","6939.716621081","192.168.15.4","192.168.15.3","MQTT","68","Disconnect Req"
"1675828","6940.720947386","192.168.15.4","192.168.15.3","MQTT","90","Connect Command"
"1675830","6940.723858507","192.168.15.4","192.168.15.3","MQTT","97","Publish Message (id=6848) [Deviceb'Device - 2']"
"1675832","6940.728226000","192.168.15.3","192.168.15.4","MQTT","70","Connect Ack"
"1675836","6940.731171275","192.168.15.3","192.168.15.4","MQTT","70","Publish Ack (id=6848)"
"1675838","6940.731529963","192.168.15.4","192.168.15.3","MQTT","68","Disconnect Req"
"1676145","6941.735913958","192.168.15.4","192.168.15.3","MQTT","90","Connect Command"
"1676147","6941.738777048","192.168.15.4","192.168.15.3","MQTT","97","Publish Message (id=6849) [Deviceb'Device - 2']"
"1676148","6941.739194156","192.168.15.3","192.168.15.4","MQTT","70","Connect Ack"
"1676151","6941.741848332","192.168.15.3","192.168.15.4","MQTT","70","Publish Ack (id=6849)"
"1676157","6941.742302170","192.168.15.4","192.168.15.3","MQTT","68","Disconnect Req"
"1676452","6942.745615479","192.168.15.4","192.168.15.3","MQTT","90","Connect Command"
"1676454","6942.748573549","192.168.15.4","192.168.15.3","MQTT","97","Publish Message (id=6850) [Deviceb'Device - 2']"
"1676455","6942.749005696","192.168.15.3","192.168.15.4","MQTT","70","Connect Ack"
"1676458","6942.751533132","192.168.15.3","192.168.15.4","MQTT","70","Publish Ack (id=6850)"
"1676460","6942.751933709","192.168.15.4","192.168.15.3","MQTT","68","Disconnect Req"
"1676710","6943.756015251","192.168.15.4","192.168.15.3","MQTT","90","Connect Command"
"1676712","6943.758910081","192.168.15.4","192.168.15.3","MQTT","97","Publish Message (id=6851) [Deviceb'Device - 2']"
"1676713","6943.759304246","192.168.15.3","192.168.15.4","MQTT","70","Connect Ack"
"1676716","6943.762345703","192.168.15.3","192.168.15.4","MQTT","70","Publish Ack (id=6851)"
"1676718","6943.762773953","192.168.15.4","192.168.15.3","MQTT","68","Disconnect Req"
"1677084","6944.767777949","192.168.15.4","192.168.15.3","MQTT","90","Connect Command"
"1677086","6944.770706884","192.168.15.4","192.168.15.3","MQTT","97","Publish Message (id=6852) [Deviceb'Device - 2']"
"1677087","6944.771106169","192.168.15.3","192.168.15.4","MQTT","70","Connect Ack"
"1677090","6944.773554375","192.168.15.3","192.168.15.4","MQTT","70","Publish Ack (id=6852)"
"1677092","6944.774018121","192.168.15.4","192.168.15.3","MQTT","68","Disconnect Req"
"1677336","6945.778280938","192.168.15.4","192.168.15.3","MQTT","90","Connect Command"
"1677338","6945.781221013","192.168.15.4","192.168.15.3","MQTT","97","Publish Message (id=6853) [Deviceb'Device - 2']"
"1677340","6945.785607873","192.168.15.3","192.168.15.4","MQTT","70","Connect Ack"
"1677342","6945.788227283","192.168.15.3","192.168.15.4","MQTT","70","Publish Ack (id=6853)"
"1677344","6945.788667645","192.168.15.4","192.168.15.3","MQTT","68","Disconnect Req"
"1677673","6946.792317804","192.168.15.4","192.168.15.3","MQTT","90","Connect Command"
"1677675","6946.795021113","192.168.15.4","192.168.15.3","MQTT","97","Publish Message (id=6854) [Deviceb'Device - 2']"
"1677676","6946.795434093","192.168.15.3","192.168.15.4","MQTT","70","Connect Ack"
"1677679","6946.797930420","192.168.15.3","192.168.15.4","MQTT","70","Publish Ack (id=6854)"
"1677681","6946.798273879","192.168.15.4","192.168.15.3","MQTT","68","Disconnect Req"
"1677964","6947.801693514","192.168.15.4","192.168.15.3","MQTT","90","Connect Command"
"1677966","6947.804712669","192.168.15.4","192.168.15.3","MQTT","97","Publish Message (id=6855) [Deviceb'Device - 2']"
"1677967","6947.805142010","192.168.15.3","192.168.15.4","MQTT","70","Connect Ack"
"1677970","6947.807550973","192.168.15.3","192.168.15.4","MQTT","70","Publish Ack (id=6855)"
"1677972","6947.807774154","192.168.15.4","192.168.15.3","MQTT","68","Disconnect Req"
"1678294","6948.811587781","192.168.15.4","192.168.15.3","MQTT","90","Connect Command"
"1678297","6948.814845958","192.168.15.4","192.168.15.3","MQTT","97","Publish Message (id=6856) [Deviceb'Device - 2']"
"1678298","6948.815232729","192.168.15.3","192.168.15.4","MQTT","70","Connect Ack"
"1678301","6948.817864663","192.168.15.3","192.168.15.4","MQTT","70","Publish Ack (id=6856)"
"1678303","6948.818151645","192.168.15.4","192.168.15.3","MQTT","68","Disconnect Req"
"1680542","6949.822036909","192.168.15.4","192.168.15.3","MQTT","90","Connect Command"
"1680544","6949.824983367","192.168.15.4","192.168.15.3","MQTT","97","Publish Message (id=6857) [Deviceb'Device - 2']"
"1680545","6949.825415613","192.168.15.3","192.168.15.4","MQTT","70","Connect Ack"
"1680548","6949.827800159","192.168.15.3","192.168.15.4","MQTT","70","Publish Ack (id=6857)"
"1680550","6949.828298070","192.168.15.4","192.168.15.3","MQTT","68","Disconnect Req"
"1684458","6950.832022200","192.168.15.4","192.168.15.3","MQTT","90","Connect Command"
"1684460","6950.835029022","192.168.15.4","192.168.15.3","MQTT","97","Publish Message (id=6858) [Deviceb'Device - 2']"
"1684462","6950.839407566","192.168.15.3","192.168.15.4","MQTT","70","Connect Ack"
"1684464","6950.841856293","192.168.15.3","192.168.15.4","MQTT","70","Publish Ack (id=6858)"
"1684466","6950.842153044","192.168.15.4","192.168.15.3","MQTT","68","Disconnect Req"
"1685691","6951.846164617","192.168.15.4","192.168.15.3","MQTT","90","Connect Command"
"1685693","6951.849127606","192.168.15.4","192.168.15.3","MQTT","97","Publish Message (id=6859) [Deviceb'Device - 2']"
"1685694","6951.849533884","192.168.15.3","192.168.15.4","MQTT","70","Connect Ack"
"1685697","6951.852240989","192.168.15.3","192.168.15.4","MQTT","70","Publish Ack (id=6859)"
"1685699","6951.852796759","192.168.15.4","192.168.15.3","MQTT","68","Disconnect Req"
"1686193","6952.857369172","192.168.15.4","192.168.15.3","MQTT","90","Connect Command"
"1686195","6952.860315430","192.168.15.4","192.168.15.3","MQTT","97","Publish Message (id=6860) [Deviceb'Device - 2']"
"1686196","6952.860749270","192.168.15.3","192.168.15.4","MQTT","70","Connect Ack"
"1686199","6952.863165346","192.168.15.3","192.168.15.4","MQTT","70","Publish Ack (id=6860)"
"1686201","6952.864506159","192.168.15.4","192.168.15.3","MQTT","68","Disconnect Req"
"1686455","6953.868341369","192.168.15.4","192.168.15.3","MQTT","90","Connect Command"
"1686457","6953.871307815","192.168.15.4","192.168.15.3","MQTT","97","Publish Message (id=6861) [Deviceb'Device - 2']"
"1686458","6953.871695408","192.168.15.3","192.168.15.4","MQTT","70","Connect Ack"
"1686461","6953.874682873","192.168.15.3","192.168.15.4","MQTT","70","Publish Ack (id=6861)"
"1686463","6953.875443040","192.168.15.4","192.168.15.3","MQTT","68","Disconnect Req"
"1686745","6954.879279874","192.168.15.4","192.168.15.3","MQTT","90","Connect Command"
"1686748","6954.882261418","192.168.15.4","192.168.15.3","MQTT","97","Publish Message (id=6862) [Deviceb'Device - 2']"
"1686749","6954.882632579","192.168.15.3","192.168.15.4","MQTT","70","Connect Ack"
"1686752","6954.885126502","192.168.15.3","192.168.15.4","MQTT","70","Publish Ack (id=6862)"
"1686754","6954.885585639","192.168.15.4","192.168.15.3","MQTT","68","Disconnect Req"
"1687173","6955.889495131","192.168.15.4","192.168.15.3","MQTT","90","Connect Command"
"1687175","6955.892329307","192.168.15.4","192.168.15.3","MQTT","97","Publish Message (id=6863) [Deviceb'Device - 2']"
"1687177","6955.896642317","192.168.15.3","192.168.15.4","MQTT","70","Connect Ack"
"1687179","6955.899392985","192.168.15.3","192.168.15.4","MQTT","70","Publish Ack (id=6863)"
"1687181","6955.900072408","192.168.15.4","192.168.15.3","MQTT","68","Disconnect Req"
"1687518","6956.904839120","192.168.15.4","192.168.15.3","MQTT","90","Connect Command"
"1687520","6956.907616148","192.168.15.4","192.168.15.3","MQTT","97","Publish Message (id=6864) [Deviceb'Device - 2']"
"1687521","6956.908004963","192.168.15.3","192.168.15.4","MQTT","70","Connect Ack"
"1687525","6956.910708722","192.168.15.3","192.168.15.4","MQTT","70","Publish Ack (id=6864)"
"1687527","6956.911833047","192.168.15.4","192.168.15.3","MQTT","68","Disconnect Req"
"1687759","6957.915910175","192.168.15.4","192.168.15.3","MQTT","90","Connect Command"
"1687761","6957.918842306","192.168.15.4","192.168.15.3","MQTT","97","Publish Message (id=6865) [Deviceb'Device - 2']"
"1687762","6957.919277419","192.168.15.3","192.168.15.4","MQTT","70","Connect Ack"
"1687765","6957.921696620","192.168.15.3","192.168.15.4","MQTT","70","Publish Ack (id=6865)"
"1687767","6957.922278500","192.168.15.4","192.168.15.3","MQTT","68","Disconnect Req"
"1688133","6958.926332405","192.168.15.4","192.168.15.3","MQTT","90","Connect Command"
"1688135","6958.929327034","192.168.15.4","192.168.15.3","MQTT","97","Publish Message (id=6866) [Deviceb'Device - 2']"
"1688136","6958.929826247","192.168.15.3","192.168.15.4","MQTT","70","Connect Ack"
"1688139","6958.932331972","192.168.15.3","192.168.15.4","MQTT","70","Publish Ack (id=6866)"
"1688141","6958.932809244","192.168.15.4","192.168.15.3","MQTT","68","Disconnect Req"
"1688416","6959.936563654","192.168.15.4","192.168.15.3","MQTT","90","Connect Command"
"1688418","6959.941559725","192.168.15.4","192.168.15.3","MQTT","97","Publish Message (id=6867) [Deviceb'Device - 2']"
"1688419","6959.941878196","192.168.15.3","192.168.15.4","MQTT","70","Connect Ack"
"1688422","6959.944581645","192.168.15.3","192.168.15.4","MQTT","70","Publish Ack (id=6867)"
"1688424","6959.945269175","192.168.15.4","192.168.15.3","MQTT","68","Disconnect Req"
"1688777","6960.949879632","192.168.15.4","192.168.15.3","MQTT","90","Connect Command"
"1688779","6960.952822774","192.168.15.4","192.168.15.3","MQTT","97","Publish Message (id=6868) [Deviceb'Device - 2']"
"1688781","6960.957181651","192.168.15.3","192.168.15.4","MQTT","70","Connect Ack"
"1688783","6960.959668260","192.168.15.3","192.168.15.4","MQTT","70","Publish Ack (id=6868)"
"1688785","6960.960157454","192.168.15.4","192.168.15.3","MQTT","68","Disconnect Req"
"1689091","6961.964183928","192.168.15.4","192.168.15.3","MQTT","90","Connect Command"
"1689093","6961.967232389","192.168.15.4","192.168.15.3","MQTT","97","Publish Message (id=6869) [Deviceb'Device - 2']"
"1689094","6961.967608971","192.168.15.3","192.168.15.4","MQTT","70","Connect Ack"
"1689097","6961.970894289","192.168.15.3","192.168.15.4","MQTT","70","Publish Ack (id=6869)"
"1689099","6961.971655177","192.168.15.4","192.168.15.3","MQTT","68","Disconnect Req"
"1689458","6962.976136561","192.168.15.4","192.168.15.3","MQTT","90","Connect Command"
"1689460","6962.978857002","192.168.15.4","192.168.15.3","MQTT","97","Publish Message (id=6870) [Deviceb'Device - 2']"
"1689461","6962.979233654","192.168.15.3","192.168.15.4","MQTT","70","Connect Ack"
"1689464","6962.981827736","192.168.15.3","192.168.15.4","MQTT","70","Publish Ack (id=6870)"
"1689466","6962.982434673","192.168.15.4","192.168.15.3","MQTT","68","Disconnect Req"
"1689761","6963.986072694","192.168.15.4","192.168.15.3","MQTT","90","Connect Command"
"1689801","6963.991489981","192.168.15.4","192.168.15.3","MQTT","97","Publish Message (id=6871) [Deviceb'Device - 2']"
"1689802","6963.991505490","192.168.15.3","192.168.15.4","MQTT","70","Connect Ack"
"1689805","6963.994262811","192.168.15.3","192.168.15.4","MQTT","70","Publish Ack (id=6871)"
"1689807","6963.995082881","192.168.15.4","192.168.15.3","MQTT","68","Disconnect Req"
"1690164","6964.999497089","192.168.15.4","192.168.15.3","MQTT","90","Connect Command"
"1690166","6965.004662119","192.168.15.4","192.168.15.3","MQTT","97","Publish Message (id=6872) [Deviceb'Device - 2']"
"1690167","6965.005003364","192.168.15.3","192.168.15.4","MQTT","70","Connect Ack"
"1690186","6965.008335180","192.168.15.3","192.168.15.4","MQTT","70","Publish Ack (id=6872)"
"1690190","6965.009158916","192.168.15.4","192.168.15.3","MQTT","68","Disconnect Req"
"1690439","6966.013734430","192.168.15.4","192.168.15.3","MQTT","90","Connect Command"
"1690441","6966.016752132","192.168.15.4","192.168.15.3","MQTT","97","Publish Message (id=6873) [Deviceb'Device - 2']"
"1690443","6966.021098366","192.168.15.3","192.168.15.4","MQTT","70","Connect Ack"
"1690445","6966.023582470","192.168.15.3","192.168.15.4","MQTT","70","Publish Ack (id=6873)"
"1690447","6966.023899539","192.168.15.4","192.168.15.3","MQTT","68","Disconnect Req"
"1690789","6967.027890950","192.168.15.4","192.168.15.3","MQTT","90","Connect Command"
"1690791","6967.030878675","192.168.15.4","192.168.15.3","MQTT","97","Publish Message (id=6874) [Deviceb'Device - 2']"
"1690792","6967.031282398","192.168.15.3","192.168.15.4","MQTT","70","Connect Ack"
"1690795","6967.033807109","192.168.15.3","192.168.15.4","MQTT","70","Publish Ack (id=6874)"
"1690797","6967.034077571","192.168.15.4","192.168.15.3","MQTT","68","Disconnect Req"
"1691001","6968.038512758","192.168.15.4","192.168.15.3","MQTT","90","Connect Command"
"1691003","6968.041176993","192.168.15.4","192.168.15.3","MQTT","97","Publish Message (id=6875) [Deviceb'Device - 2']"
"1691004","6968.041605954","192.168.15.3","192.168.15.4","MQTT","70","Connect Ack"
"1691007","6968.044012672","192.168.15.3","192.168.15.4","MQTT","70","Publish Ack (id=6875)"
"1691009","6968.044302680","192.168.15.4","192.168.15.3","MQTT","68","Disconnect Req"
"1691376","6969.048483268","192.168.15.4","192.168.15.3","MQTT","90","Connect Command"
"1691378","6969.051355756","192.168.15.4","192.168.15.3","MQTT","97","Publish Message (id=6876) [Deviceb'Device - 2']"
"1691379","6969.051772784","192.168.15.3","192.168.15.4","MQTT","70","Connect Ack"
"1691382","6969.056139666","192.168.15.3","192.168.15.4","MQTT","70","Publish Ack (id=6876)"
"1691384","6969.056478146","192.168.15.4","192.168.15.3","MQTT","68","Disconnect Req"
"1691675","6970.062371541","192.168.15.4","192.168.15.3","MQTT","90","Connect Command"
"1691677","6970.065202731","192.168.15.4","192.168.15.3","MQTT","97","Publish Message (id=6877) [Deviceb'Device - 2']"
"1691678","6970.067049341","192.168.15.3","192.168.15.4","MQTT","70","Connect Ack"
"1691681","6970.071285205","192.168.15.3","192.168.15.4","MQTT","70","Publish Ack (id=6877)"
"1691683","6970.071715488","192.168.15.4","192.168.15.3","MQTT","68","Disconnect Req"
"1692014","6971.075717399","192.168.15.4","192.168.15.3","MQTT","90","Connect Command"
"1692016","6971.078739310","192.168.15.4","192.168.15.3","MQTT","97","Publish Message (id=6878) [Deviceb'Device - 2']"
"1692018","6971.083138432","192.168.15.3","192.168.15.4","MQTT","70","Connect Ack"
"1692020","6971.085982737","192.168.15.3","192.168.15.4","MQTT","70","Publish Ack (id=6878)"
"1692022","6971.086309555","192.168.15.4","192.168.15.3","MQTT","68","Disconnect Req"
"1692265","6972.090730098","192.168.15.4","192.168.15.3","MQTT","90","Connect Command"
"1692267","6972.093940665","192.168.15.4","192.168.15.3","MQTT","97","Publish Message (id=6879) [Deviceb'Device - 2']"
"1692268","6972.094184827","192.168.15.3","192.168.15.4","MQTT","70","Connect Ack"
"1692271","6972.097509269","192.168.15.3","192.168.15.4","MQTT","70","Publish Ack (id=6879)"
"1692273","6972.097805649","192.168.15.4","192.168.15.3","MQTT","68","Disconnect Req"
"1692578","6973.102097819","192.168.15.4","192.168.15.3","MQTT","90","Connect Command"
"1692580","6973.105063063","192.168.15.4","192.168.15.3","MQTT","97","Publish Message (id=6880) [Deviceb'Device - 2']"
"1692581","6973.105488406","192.168.15.3","192.168.15.4","MQTT","70","Connect Ack"
"1692584","6973.108060467","192.168.15.3","192.168.15.4","MQTT","70","Publish Ack (id=6880)"
"1692586","6973.108586661","192.168.15.4","192.168.15.3","MQTT","68","Disconnect Req"
"1692858","6974.112641974","192.168.15.4","192.168.15.3","MQTT","90","Connect Command"
"1692860","6974.115525463","192.168.15.4","192.168.15.3","MQTT","97","Publish Message (id=6881) [Deviceb'Device - 2']"
"1692861","6974.115970824","192.168.15.3","192.168.15.4","MQTT","70","Connect Ack"
"1692864","6974.118314874","192.168.15.3","192.168.15.4","MQTT","70","Publish Ack (id=6881)"
"1692866","6974.118743233","192.168.15.4","192.168.15.3","MQTT","68","Disconnect Req"
"1693170","6975.122555407","192.168.15.4","192.168.15.3","MQTT","90","Connect Command"
"1693172","6975.125530920","192.168.15.4","192.168.15.3","MQTT","97","Publish Message (id=6882) [Deviceb'Device - 2']"
"1693173","6975.125930936","192.168.15.3","192.168.15.4","MQTT","70","Connect Ack"
"1693176","6975.128488829","192.168.15.3","192.168.15.4","MQTT","70","Publish Ack (id=6882)"
"1693178","6975.129185175","192.168.15.4","192.168.15.3","MQTT","68","Disconnect Req"
"1693402","6976.133715818","192.168.15.4","192.168.15.3","MQTT","90","Connect Command"
"1693404","6976.136346939","192.168.15.4","192.168.15.3","MQTT","97","Publish Message (id=6883) [Deviceb'Device - 2']"
"1693423","6976.141071397","192.168.15.3","192.168.15.4","MQTT","70","Connect Ack"
"1693426","6976.143599765","192.168.15.3","192.168.15.4","MQTT","70","Publish Ack (id=6883)"
"1693428","6976.144008778","192.168.15.4","192.168.15.3","MQTT","68","Disconnect Req"
"1693682","6977.148485178","192.168.15.4","192.168.15.3","MQTT","90","Connect Command"
"1693684","6977.151436274","192.168.15.4","192.168.15.3","MQTT","97","Publish Message (id=6884) [Deviceb'Device - 2']"
"1693685","6977.151889811","192.168.15.3","192.168.15.4","MQTT","70","Connect Ack"
"1693688","6977.154336685","192.168.15.3","192.168.15.4","MQTT","70","Publish Ack (id=6884)"
"1693690","6977.154708538","192.168.15.4","192.168.15.3","MQTT","68","Disconnect Req"
"1693971","6978.158795744","192.168.15.4","192.168.15.3","MQTT","90","Connect Command"
"1693973","6978.161809930","192.168.15.4","192.168.15.3","MQTT","97","Publish Message (id=6885) [Deviceb'Device - 2']"
"1693974","6978.162190970","192.168.15.3","192.168.15.4","MQTT","70","Connect Ack"
"1693977","6978.164719578","192.168.15.3","192.168.15.4","MQTT","70","Publish Ack (id=6885)"
"1693979","6978.164999267","192.168.15.4","192.168.15.3","MQTT","68","Disconnect Req"
"1694300","6979.169530570","192.168.15.4","192.168.15.3","MQTT","90","Connect Command"
"1694302","6979.172126055","192.168.15.4","192.168.15.3","MQTT","97","Publish Message (id=6886) [Deviceb'Device - 2']"
"1694303","6979.172546790","192.168.15.3","192.168.15.4","MQTT","70","Connect Ack"
"1694306","6979.175806160","192.168.15.3","192.168.15.4","MQTT","70","Publish Ack (id=6886)"
"1694308","6979.176071341","192.168.15.4","192.168.15.3","MQTT","68","Disconnect Req"
"1694534","6980.180125253","192.168.15.4","192.168.15.3","MQTT","90","Connect Command"
"1694536","6980.183005917","192.168.15.4","192.168.15.3","MQTT","97","Publish Message (id=6887) [Deviceb'Device - 2']"
"1694537","6980.183420209","192.168.15.3","192.168.15.4","MQTT","70","Connect Ack"
"1694540","6980.186028338","192.168.15.3","192.168.15.4","MQTT","70","Publish Ack (id=6887)"
"1694542","6980.186447761","192.168.15.4","192.168.15.3","MQTT","68","Disconnect Req"
"1694866","6981.190651566","192.168.15.4","192.168.15.3","MQTT","90","Connect Command"
"1694868","6981.193417924","192.168.15.4","192.168.15.3","MQTT","97","Publish Message (id=6888) [Deviceb'Device - 2']"
"1694869","6981.193866291","192.168.15.3","192.168.15.4","MQTT","70","Connect Ack"
"1694872","6981.196312985","192.168.15.3","192.168.15.4","MQTT","70","Publish Ack (id=6888)"
"1694874","6981.196980597","192.168.15.4","192.168.15.3","MQTT","68","Disconnect Req"
"1695136","6982.200851954","192.168.15.4","192.168.15.3","MQTT","90","Connect Command"
"1695138","6982.203727378","192.168.15.4","192.168.15.3","MQTT","97","Publish Message (id=6889) [Deviceb'Device - 2']"
"1695139","6982.204138716","192.168.15.3","192.168.15.4","MQTT","70","Connect Ack"
"1695142","6982.206843657","192.168.15.3","192.168.15.4","MQTT","70","Publish Ack (id=6889)"
"1695144","6982.207513353","192.168.15.4","192.168.15.3","MQTT","68","Disconnect Req"
"1695452","6983.211474240","192.168.15.4","192.168.15.3","MQTT","90","Connect Command"
"1695454","6983.214415588","192.168.15.4","192.168.15.3","MQTT","97","Publish Message (id=6890) [Deviceb'Device - 2']"
"1695455","6983.214798602","192.168.15.3","192.168.15.4","MQTT","70","Connect Ack"
"1695458","6983.217638419","192.168.15.3","192.168.15.4","MQTT","70","Publish Ack (id=6890)"
"1695460","6983.218344483","192.168.15.4","192.168.15.3","MQTT","68","Disconnect Req"
"1695680","6984.222440736","192.168.15.4","192.168.15.3","MQTT","90","Connect Command"
"1695682","6984.225465341","192.168.15.4","192.168.15.3","MQTT","97","Publish Message (id=6891) [Deviceb'Device - 2']"
"1695683","6984.225843376","192.168.15.3","192.168.15.4","MQTT","70","Connect Ack"
"1695686","6984.228435243","192.168.15.3","192.168.15.4","MQTT","70","Publish Ack (id=6891)"
"1695688","6984.228823277","192.168.15.4","192.168.15.3","MQTT","68","Disconnect Req"
"1696012","6985.234161437","192.168.15.4","192.168.15.3","MQTT","90","Connect Command"
"1696014","6985.237122022","192.168.15.4","192.168.15.3","MQTT","97","Publish Message (id=6892) [Deviceb'Device - 2']"
"1696015","6985.237471483","192.168.15.3","192.168.15.4","MQTT","70","Connect Ack"
"1696018","6985.240160544","192.168.15.3","192.168.15.4","MQTT","70","Publish Ack (id=6892)"
"1696020","6985.240934767","192.168.15.4","192.168.15.3","MQTT","68","Disconnect Req"
"1696241","6986.245270895","192.168.15.4","192.168.15.3","MQTT","90","Connect Command"
"1696243","6986.248151068","192.168.15.4","192.168.15.3","MQTT","97","Publish Message (id=6893) [Deviceb'Device - 2']"
"1696245","6986.252420295","192.168.15.3","192.168.15.4","MQTT","70","Connect Ack"
"1696247","6986.254923275","192.168.15.3","192.168.15.4","MQTT","70","Publish Ack (id=6893)"
"1696250","6986.255895713","192.168.15.4","192.168.15.3","MQTT","68","Disconnect Req"
"1696626","6987.260534914","192.168.15.4","192.168.15.3","MQTT","90","Connect Command"
"1696628","6987.264018286","192.168.15.4","192.168.15.3","MQTT","97","Publish Message (id=6894) [Deviceb'Device - 2']"
"1696629","6987.264033635","192.168.15.3","192.168.15.4","MQTT","70","Connect Ack"
"1696632","6987.267062348","192.168.15.3","192.168.15.4","MQTT","70","Publish Ack (id=6894)"
"1696634","6987.267366734","192.168.15.4","192.168.15.3","MQTT","68","Disconnect Req"
"1696867","6988.271585168","192.168.15.4","192.168.15.3","MQTT","90","Connect Command"
"1696869","6988.274218174","192.168.15.4","192.168.15.3","MQTT","97","Publish Message (id=6895) [Deviceb'Device - 2']"
"1696870","6988.274624993","192.168.15.3","192.168.15.4","MQTT","70","Connect Ack"
"1696873","6988.277138042","192.168.15.3","192.168.15.4","MQTT","70","Publish Ack (id=6895)"
"1696875","6988.277868512","192.168.15.4","192.168.15.3","MQTT","68","Disconnect Req"
"1697137","6989.281637529","192.168.15.4","192.168.15.3","MQTT","90","Connect Command"
"1697139","6989.284671032","192.168.15.4","192.168.15.3","MQTT","97","Publish Message (id=6896) [Deviceb'Device - 2']"
"1697140","6989.285089132","192.168.15.3","192.168.15.4","MQTT","70","Connect Ack"
"1697143","6989.287499086","192.168.15.3","192.168.15.4","MQTT","70","Publish Ack (id=6896)"
"1697145","6989.288298948","192.168.15.4","192.168.15.3","MQTT","68","Disconnect Req"
"1697387","6990.292324248","192.168.15.4","192.168.15.3","MQTT","90","Connect Command"
"1697389","6990.295176609","192.168.15.4","192.168.15.3","MQTT","97","Publish Message (id=6897) [Deviceb'Device - 2']"
"1697390","6990.295613505","192.168.15.3","192.168.15.4","MQTT","70","Connect Ack"
"1697393","6990.298228586","192.168.15.3","192.168.15.4","MQTT","70","Publish Ack (id=6897)"
"1697395","6990.298659150","192.168.15.4","192.168.15.3","MQTT","68","Disconnect Req"
"1697794","6991.302442454","192.168.15.4","192.168.15.3","MQTT","90","Connect Command"
"1697796","6991.305349077","192.168.15.4","192.168.15.3","MQTT","97","Publish Message (id=6898) [Deviceb'Device - 2']"
"1697798","6991.309730096","192.168.15.3","192.168.15.4","MQTT","70","Connect Ack"
"1697800","6991.312191297","192.168.15.3","192.168.15.4","MQTT","70","Publish Ack (id=6898)"
"1697802","6991.312799556","192.168.15.4","192.168.15.3","MQTT","68","Disconnect Req"
"1698042","6992.316500145","192.168.15.4","192.168.15.3","MQTT","90","Connect Command"
"1698044","6992.319439670","192.168.15.4","192.168.15.3","MQTT","97","Publish Message (id=6899) [Deviceb'Device - 2']"
"1698045","6992.319927471","192.168.15.3","192.168.15.4","MQTT","70","Connect Ack"
"1698048","6992.322480225","192.168.15.3","192.168.15.4","MQTT","70","Publish Ack (id=6899)"
"1698050","6992.323192471","192.168.15.4","192.168.15.3","MQTT","68","Disconnect Req"
"1698376","6993.327364360","192.168.15.4","192.168.15.3","MQTT","90","Connect Command"
"1698378","6993.330320116","192.168.15.4","192.168.15.3","MQTT","97","Publish Message (id=6900) [Deviceb'Device - 2']"
"1698379","6993.330702078","192.168.15.3","192.168.15.4","MQTT","70","Connect Ack"
"1698382","6993.333358337","192.168.15.3","192.168.15.4","MQTT","70","Publish Ack (id=6900)"
"1698384","6993.334154863","192.168.15.4","192.168.15.3","MQTT","68","Disconnect Req"
"1698554","6994.338645404","192.168.15.4","192.168.15.3","MQTT","90","Connect Command"
"1698556","6994.341583076","192.168.15.4","192.168.15.3","MQTT","97","Publish Message (id=6901) [Deviceb'Device - 2']"
"1698557","6994.342025592","192.168.15.3","192.168.15.4","MQTT","70","Connect Ack"
"1698560","6994.344566383","192.168.15.3","192.168.15.4","MQTT","70","Publish Ack (id=6901)"
"1698562","6994.345072920","192.168.15.4","192.168.15.3","MQTT","68","Disconnect Req"
"1698931","6995.349493570","192.168.15.4","192.168.15.3","MQTT","90","Connect Command"
"1698933","6995.352195927","192.168.15.4","192.168.15.3","MQTT","97","Publish Message (id=6902) [Deviceb'Device - 2']"
"1698934","6995.352633955","192.168.15.3","192.168.15.4","MQTT","70","Connect Ack"
"1698937","6995.355242555","192.168.15.3","192.168.15.4","MQTT","70","Publish Ack (id=6902)"
"1698939","6995.355737650","192.168.15.4","192.168.15.3","MQTT","68","Disconnect Req"
"1699129","6996.359949124","192.168.15.4","192.168.15.3","MQTT","90","Connect Command"
"1699132","6996.362850477","192.168.15.4","192.168.15.3","MQTT","97","Publish Message (id=6903) [Deviceb'Device - 2']"
"1699134","6996.367165501","192.168.15.3","192.168.15.4","MQTT","70","Connect Ack"
"1699136","6996.369688498","192.168.15.3","192.168.15.4","MQTT","70","Publish Ack (id=6903)"
"1699138","6996.370338838","192.168.15.4","192.168.15.3","MQTT","68","Disconnect Req"
"1699487","6997.374142162","192.168.15.4","192.168.15.3","MQTT","90","Connect Command"
"1699491","6997.377050568","192.168.15.4","192.168.15.3","MQTT","97","Publish Message (id=6904) [Deviceb'Device - 2']"
"1699492","6997.377478757","192.168.15.3","192.168.15.4","MQTT","70","Connect Ack"
"1699495","6997.380023596","192.168.15.3","192.168.15.4","MQTT","70","Publish Ack (id=6904)"
"1699497","6997.380948784","192.168.15.4","192.168.15.3","MQTT","68","Disconnect Req"
"1699760","6998.384935806","192.168.15.4","192.168.15.3","MQTT","90","Connect Command"
"1699762","6998.387955983","192.168.15.4","192.168.15.3","MQTT","97","Publish Message (id=6905) [Deviceb'Device - 2']"
"1699763","6998.388369965","192.168.15.3","192.168.15.4","MQTT","70","Connect Ack"
"1699766","6998.390852426","192.168.15.3","192.168.15.4","MQTT","70","Publish Ack (id=6905)"
"1699768","6998.391152674","192.168.15.4","192.168.15.3","MQTT","68","Disconnect Req"
"1700095","6999.394751742","192.168.15.4","192.168.15.3","MQTT","90","Connect Command"
"1700097","6999.397797378","192.168.15.4","192.168.15.3","MQTT","97","Publish Message (id=6906) [Deviceb'Device - 2']"
"1700098","6999.398189739","192.168.15.3","192.168.15.4","MQTT","70","Connect Ack"
"1700101","6999.400720802","192.168.15.3","192.168.15.4","MQTT","70","Publish Ack (id=6906)"
"1700103","6999.401385308","192.168.15.4","192.168.15.3","MQTT","68","Disconnect Req"
"1700375","7000.405572477","192.168.15.4","192.168.15.3","MQTT","90","Connect Command"
"1700377","7000.408603134","192.168.15.4","192.168.15.3","MQTT","97","Publish Message (id=6907) [Deviceb'Device - 2']"
"1700378","7000.409012238","192.168.15.3","192.168.15.4","MQTT","70","Connect Ack"
"1700381","7000.411580310","192.168.15.3","192.168.15.4","MQTT","70","Publish Ack (id=6907)"
"1700383","7000.411975677","192.168.15.4","192.168.15.3","MQTT","68","Disconnect Req"
"1700705","7001.415676358","192.168.15.4","192.168.15.3","MQTT","90","Connect Command"
"1700707","7001.418655558","192.168.15.4","192.168.15.3","MQTT","97","Publish Message (id=6908) [Deviceb'Device - 2']"
"1700709","7001.423593159","192.168.15.3","192.168.15.4","MQTT","70","Connect Ack"
"1700711","7001.426100827","192.168.15.3","192.168.15.4","MQTT","70","Publish Ack (id=6908)"
"1700713","7001.426482188","192.168.15.4","192.168.15.3","MQTT","68","Disconnect Req"
"1700930","7002.430536868","192.168.15.4","192.168.15.3","MQTT","90","Connect Command"
"1700932","7002.433537228","192.168.15.4","192.168.15.3","MQTT","97","Publish Message (id=6909) [Deviceb'Device - 2']"
"1700933","7002.433902378","192.168.15.3","192.168.15.4","MQTT","70","Connect Ack"
"1700936","7002.438443710","192.168.15.3","192.168.15.4","MQTT","70","Publish Ack (id=6909)"
"1700938","7002.439335805","192.168.15.4","192.168.15.3","MQTT","68","Disconnect Req"
"1701222","7003.443484604","192.168.15.4","192.168.15.3","MQTT","90","Connect Command"
"1701224","7003.446569574","192.168.15.4","192.168.15.3","MQTT","97","Publish Message (id=6910) [Deviceb'Device - 2']"
"1701225","7003.446968097","192.168.15.3","192.168.15.4","MQTT","70","Connect Ack"
"1701228","7003.449461770","192.168.15.3","192.168.15.4","MQTT","70","Publish Ack (id=6910)"
"1701230","7003.450109494","192.168.15.4","192.168.15.3","MQTT","68","Disconnect Req"
"1701473","7004.454068344","192.168.15.4","192.168.15.3","MQTT","90","Connect Command"
"1701475","7004.457104401","192.168.15.4","192.168.15.3","MQTT","97","Publish Message (id=6911) [Deviceb'Device - 2']"
"1701476","7004.457499377","192.168.15.3","192.168.15.4","MQTT","70","Connect Ack"
"1701479","7004.460690348","192.168.15.3","192.168.15.4","MQTT","70","Publish Ack (id=6911)"
"1701481","7004.461365052","192.168.15.4","192.168.15.3","MQTT","68","Disconnect Req"
"1701862","7005.465428962","192.168.15.4","192.168.15.3","MQTT","90","Connect Command"
"1701864","7005.468172486","192.168.15.4","192.168.15.3","MQTT","97","Publish Message (id=6912) [Deviceb'Device - 2']"
"1701865","7005.468585677","192.168.15.3","192.168.15.4","MQTT","70","Connect Ack"
"1701868","7005.471180691","192.168.15.3","192.168.15.4","MQTT","70","Publish Ack (id=6912)"
"1701870","7005.471777018","192.168.15.4","192.168.15.3","MQTT","68","Disconnect Req"
"1702076","7006.476291378","192.168.15.4","192.168.15.3","MQTT","90","Connect Command"
"1702078","7006.479185477","192.168.15.4","192.168.15.3","MQTT","97","Publish Message (id=6913) [Deviceb'Device - 2']"
"1702080","7006.483530037","192.168.15.3","192.168.15.4","MQTT","70","Connect Ack"
"1702082","7006.486000465","192.168.15.3","192.168.15.4","MQTT","70","Publish Ack (id=6913)"
"1702084","7006.486761503","192.168.15.4","192.168.15.3","MQTT","68","Disconnect Req"
"1702347","7007.490503846","192.168.15.4","192.168.15.3","MQTT","90","Connect Command"
"1702349","7007.493372847","192.168.15.4","192.168.15.3","MQTT","97","Publish Message (id=6914) [Deviceb'Device - 2']"
"1702350","7007.493780438","192.168.15.3","192.168.15.4","MQTT","70","Connect Ack"
"1702365","7007.496942873","192.168.15.3","192.168.15.4","MQTT","70","Publish Ack (id=6914)"
"1702377","7007.497706486","192.168.15.4","192.168.15.3","MQTT","68","Disconnect Req"
"1702609","7008.501787077","192.168.15.4","192.168.15.3","MQTT","90","Connect Command"
"1702611","7008.504693469","192.168.15.4","192.168.15.3","MQTT","97","Publish Message (id=6915) [Deviceb'Device - 2']"
"1702612","7008.505072415","192.168.15.3","192.168.15.4","MQTT","70","Connect Ack"
"1702615","7008.507526583","192.168.15.3","192.168.15.4","MQTT","70","Publish Ack (id=6915)"
"1702617","7008.508087823","192.168.15.4","192.168.15.3","MQTT","68","Disconnect Req"
"1702863","7009.511814376","192.168.15.4","192.168.15.3","MQTT","90","Connect Command"
"1702865","7009.514718394","192.168.15.4","192.168.15.3","MQTT","97","Publish Message (id=6916) [Deviceb'Device - 2']"
"1702866","7009.515149579","192.168.15.3","192.168.15.4","MQTT","70","Connect Ack"
"1702869","7009.517520419","192.168.15.3","192.168.15.4","MQTT","70","Publish Ack (id=6916)"
"1702871","7009.518131865","192.168.15.4","192.168.15.3","MQTT","68","Disconnect Req"
"1703114","7010.522309299","192.168.15.4","192.168.15.3","MQTT","90","Connect Command"
"1703137","7010.525180234","192.168.15.4","192.168.15.3","MQTT","97","Publish Message (id=6917) [Deviceb'Device - 2']"
"1703139","7010.525614865","192.168.15.3","192.168.15.4","MQTT","70","Connect Ack"
"1703142","7010.528104020","192.168.15.3","192.168.15.4","MQTT","70","Publish Ack (id=6917)"
"1703144","7010.528835973","192.168.15.4","192.168.15.3","MQTT","68","Disconnect Req"
"1703456","7011.533340265","192.168.15.4","192.168.15.3","MQTT","90","Connect Command"
"1703458","7011.536320437","192.168.15.4","192.168.15.3","MQTT","97","Publish Message (id=6918) [Deviceb'Device - 2']"
"1703460","7011.541138692","192.168.15.3","192.168.15.4","MQTT","70","Connect Ack"
"1703462","7011.543696846","192.168.15.3","192.168.15.4","MQTT","70","Publish Ack (id=6918)"
"1703464","7011.544057588","192.168.15.4","192.168.15.3","MQTT","68","Disconnect Req"
"1703776","7012.547947360","192.168.15.4","192.168.15.3","MQTT","90","Connect Command"
"1703778","7012.550947459","192.168.15.4","192.168.15.3","MQTT","97","Publish Message (id=6919) [Deviceb'Device - 2']"
"1703779","7012.551370880","192.168.15.3","192.168.15.4","MQTT","70","Connect Ack"
"1703782","7012.554020857","192.168.15.3","192.168.15.4","MQTT","70","Publish Ack (id=6919)"
"1703784","7012.554383142","192.168.15.4","192.168.15.3","MQTT","68","Disconnect Req"
"1704104","7013.558260760","192.168.15.4","192.168.15.3","MQTT","90","Connect Command"
"1704106","7013.561143638","192.168.15.4","192.168.15.3","MQTT","97","Publish Message (id=6920) [Deviceb'Device - 2']"
"1704107","7013.561571807","192.168.15.3","192.168.15.4","MQTT","70","Connect Ack"
"1704110","7013.563974948","192.168.15.3","192.168.15.4","MQTT","70","Publish Ack (id=6920)"
"1704112","7013.564332554","192.168.15.4","192.168.15.3","MQTT","68","Disconnect Req"
"1704375","7014.568211486","192.168.15.4","192.168.15.3","MQTT","90","Connect Command"
"1704377","7014.571190325","192.168.15.4","192.168.15.3","MQTT","97","Publish Message (id=6921) [Deviceb'Device - 2']"
"1704378","7014.571609277","192.168.15.3","192.168.15.4","MQTT","70","Connect Ack"
"1704381","7014.574021785","192.168.15.3","192.168.15.4","MQTT","70","Publish Ack (id=6921)"
"1704383","7014.574252732","192.168.15.4","192.168.15.3","MQTT","68","Disconnect Req"
"1704672","7015.578558821","192.168.15.4","192.168.15.3","MQTT","90","Connect Command"
"1704674","7015.581499979","192.168.15.4","192.168.15.3","MQTT","97","Publish Message (id=6922) [Deviceb'Device - 2']"
"1704675","7015.581920734","192.168.15.3","192.168.15.4","MQTT","70","Connect Ack"
"1704678","7015.584552187","192.168.15.3","192.168.15.4","MQTT","70","Publish Ack (id=6922)"
"1704680","7015.585097017","192.168.15.4","192.168.15.3","MQTT","68","Disconnect Req"
"1704958","7016.590683316","192.168.15.4","192.168.15.3","MQTT","90","Connect Command"
"1704961","7016.595151579","192.168.15.4","192.168.15.3","MQTT","97","Publish Message (id=6923) [Deviceb'Device - 2']"
"1704963","7016.599872410","192.168.15.3","192.168.15.4","MQTT","70","Connect Ack"
"1704965","7016.602405387","192.168.15.3","192.168.15.4","MQTT","70","Publish Ack (id=6923)"
"1704967","7016.602707207","192.168.15.4","192.168.15.3","MQTT","68","Disconnect Req"
"1705217","7017.606122754","192.168.15.4","192.168.15.3","MQTT","90","Connect Command"
"1705219","7017.608995733","192.168.15.4","192.168.15.3","MQTT","97","Publish Message (id=6924) [Deviceb'Device - 2']"
"1705220","7017.609414695","192.168.15.3","192.168.15.4","MQTT","70","Connect Ack"
"1705223","7017.612063020","192.168.15.3","192.168.15.4","MQTT","70","Publish Ack (id=6924)"
"1705225","7017.612797267","192.168.15.4","192.168.15.3","MQTT","68","Disconnect Req"
"1705545","7018.616966189","192.168.15.4","192.168.15.3","MQTT","90","Connect Command"
"1705547","7018.620026672","192.168.15.4","192.168.15.3","MQTT","97","Publish Message (id=6925) [Deviceb'Device - 2']"
"1705548","7018.620425907","192.168.15.3","192.168.15.4","MQTT","70","Connect Ack"
"1705551","7018.623067909","192.168.15.3","192.168.15.4","MQTT","70","Publish Ack (id=6925)"
"1705553","7018.623512800","192.168.15.4","192.168.15.3","MQTT","68","Disconnect Req"
"1705859","7019.627445445","192.168.15.4","192.168.15.3","MQTT","90","Connect Command"
"1705861","7019.630889924","192.168.15.4","192.168.15.3","MQTT","97","Publish Message (id=6926) [Deviceb'Device - 2']"
"1705862","7019.630902608","192.168.15.3","192.168.15.4","MQTT","70","Connect Ack"
"1705865","7019.633865407","192.168.15.3","192.168.15.4","MQTT","70","Publish Ack (id=6926)"
"1705867","7019.634247559","192.168.15.4","192.168.15.3","MQTT","68","Disconnect Req"
"1706146","7020.637946162","192.168.15.4","192.168.15.3","MQTT","90","Connect Command"
"1706148","7020.640917226","192.168.15.4","192.168.15.3","MQTT","97","Publish Message (id=6927) [Deviceb'Device - 2']"
"1706149","7020.641357188","192.168.15.3","192.168.15.4","MQTT","70","Connect Ack"
"1706152","7020.643894553","192.168.15.3","192.168.15.4","MQTT","70","Publish Ack (id=6927)"
"1706154","7020.644225608","192.168.15.4","192.168.15.3","MQTT","68","Disconnect Req"
"1706419","7021.647818812","192.168.15.4","192.168.15.3","MQTT","90","Connect Command"
"1706421","7021.650797541","192.168.15.4","192.168.15.3","MQTT","97","Publish Message (id=6928) [Deviceb'Device - 2']"
"1706424","7021.655138294","192.168.15.3","192.168.15.4","MQTT","70","Connect Ack"
"1706426","7021.657570560","192.168.15.3","192.168.15.4","MQTT","70","Publish Ack (id=6928)"
"1706428","7021.657940739","192.168.15.4","192.168.15.3","MQTT","68","Disconnect Req"
"1706678","7022.662215432","192.168.15.4","192.168.15.3","MQTT","90","Connect Command"
"1706713","7022.666341018","192.168.15.4","192.168.15.3","MQTT","97","Publish Message (id=6929) [Deviceb'Device - 2']"
"1706714","7022.666350646","192.168.15.3","192.168.15.4","MQTT","70","Connect Ack"
"1706717","7022.669566172","192.168.15.3","192.168.15.4","MQTT","70","Publish Ack (id=6929)"
"1706719","7022.669920041","192.168.15.4","192.168.15.3","MQTT","68","Disconnect Req"
"1706981","7023.674028741","192.168.15.4","192.168.15.3","MQTT","90","Connect Command"
"1706983","7023.676916668","192.168.15.4","192.168.15.3","MQTT","97","Publish Message (id=6930) [Deviceb'Device - 2']"
"1706984","7023.677307096","192.168.15.3","192.168.15.4","MQTT","70","Connect Ack"
"1706987","7023.679901849","192.168.15.3","192.168.15.4","MQTT","70","Publish Ack (id=6930)"
"1706989","7023.680629685","192.168.15.4","192.168.15.3","MQTT","68","Disconnect Req"
"1707309","7024.684712293","192.168.15.4","192.168.15.3","MQTT","90","Connect Command"
"1707311","7024.687584140","192.168.15.4","192.168.15.3","MQTT","97","Publish Message (id=6931) [Deviceb'Device - 2']"
"1707312","7024.687992332","192.168.15.3","192.168.15.4","MQTT","70","Connect Ack"
"1707315","7024.690670432","192.168.15.3","192.168.15.4","MQTT","70","Publish Ack (id=6931)"
"1707317","7024.691355237","192.168.15.4","192.168.15.3","MQTT","68","Disconnect Req"
"1707493","7025.695405004","192.168.15.4","192.168.15.3","MQTT","90","Connect Command"
"1707495","7025.698136336","192.168.15.4","192.168.15.3","MQTT","97","Publish Message (id=6932) [Deviceb'Device - 2']"
"1707496","7025.698560317","192.168.15.3","192.168.15.4","MQTT","70","Connect Ack"
"1707499","7025.701094647","192.168.15.3","192.168.15.4","MQTT","70","Publish Ack (id=6932)"
"1707501","7025.701565747","192.168.15.4","192.168.15.3","MQTT","68","Disconnect Req"
"1707813","7026.705951261","192.168.15.4","192.168.15.3","MQTT","90","Connect Command"
"1707815","7026.708824700","192.168.15.4","192.168.15.3","MQTT","97","Publish Message (id=6933) [Deviceb'Device - 2']"
"1707817","7026.713183908","192.168.15.3","192.168.15.4","MQTT","70","Connect Ack"
"1707819","7026.715551993","192.168.15.3","192.168.15.4","MQTT","70","Publish Ack (id=6933)"
"1707821","7026.716339541","192.168.15.4","192.168.15.3","MQTT","68","Disconnect Req"
"1708089","7027.720830724","192.168.15.4","192.168.15.3","MQTT","90","Connect Command"
"1708091","7027.723705426","192.168.15.4","192.168.15.3","MQTT","97","Publish Message (id=6934) [Deviceb'Device - 2']"
"1708092","7027.724100984","192.168.15.3","192.168.15.4","MQTT","70","Connect Ack"
"1708095","7027.726549290","192.168.15.3","192.168.15.4","MQTT","70","Publish Ack (id=6934)"
"1708097","7027.726974654","192.168.15.4","192.168.15.3","MQTT","68","Disconnect Req"
"1708439","7028.730782385","192.168.15.4","192.168.15.3","MQTT","90","Connect Command"
"1708441","7028.733739734","192.168.15.4","192.168.15.3","MQTT","97","Publish Message (id=6935) [Deviceb'Device - 2']"
"1708442","7028.734138818","192.168.15.3","192.168.15.4","MQTT","70","Connect Ack"
"1708445","7028.736550425","192.168.15.3","192.168.15.4","MQTT","70","Publish Ack (id=6935)"
"1708447","7028.736837638","192.168.15.4","192.168.15.3","MQTT","68","Disconnect Req"
"1708706","7029.742103616","192.168.15.4","192.168.15.3","MQTT","90","Connect Command"
"1708708","7029.744954965","192.168.15.4","192.168.15.3","MQTT","97","Publish Message (id=6936) [Deviceb'Device - 2']"
"1708709","7029.745362024","192.168.15.3","192.168.15.4","MQTT","70","Connect Ack"
"1708712","7029.747892646","192.168.15.3","192.168.15.4","MQTT","70","Publish Ack (id=6936)"
"1708714","7029.748684001","192.168.15.4","192.168.15.3","MQTT","68","Disconnect Req"
"1709021","7030.752937716","192.168.15.4","192.168.15.3","MQTT","90","Connect Command"
"1709023","7030.755652717","192.168.15.4","192.168.15.3","MQTT","97","Publish Message (id=6937) [Deviceb'Device - 2']"
"1709024","7030.756217093","192.168.15.3","192.168.15.4","MQTT","70","Connect Ack"
"1709027","7030.758708472","192.168.15.3","192.168.15.4","MQTT","70","Publish Ack (id=6937)"
"1709029","7030.759184101","192.168.15.4","192.168.15.3","MQTT","68","Disconnect Req"
"1709260","7031.763317440","192.168.15.4","192.168.15.3","MQTT","90","Connect Command"
"1709262","7031.766357875","192.168.15.4","192.168.15.3","MQTT","97","Publish Message (id=6938) [Deviceb'Device - 2']"
"1709264","7031.770743883","192.168.15.3","192.168.15.4","MQTT","70","Connect Ack"
"1709266","7031.773334599","192.168.15.3","192.168.15.4","MQTT","70","Publish Ack (id=6938)"
"1709268","7031.773641439","192.168.15.4","192.168.15.3","MQTT","68","Disconnect Req"
"1709573","7032.777879575","192.168.15.4","192.168.15.3","MQTT","90","Connect Command"
"1709587","7032.780583545","192.168.15.4","192.168.15.3","MQTT","97","Publish Message (id=6939) [Deviceb'Device - 2']"
"1709588","7032.780977910","192.168.15.3","192.168.15.4","MQTT","70","Connect Ack"
"1709591","7032.783770016","192.168.15.3","192.168.15.4","MQTT","70","Publish Ack (id=6939)"
"1709593","7032.784136479","192.168.15.4","192.168.15.3","MQTT","68","Disconnect Req"
"1709799","7033.788147044","192.168.15.4","192.168.15.3","MQTT","90","Connect Command"
"1709801","7033.791063946","192.168.15.4","192.168.15.3","MQTT","97","Publish Message (id=6940) [Deviceb'Device - 2']"
"1709802","7033.791455747","192.168.15.3","192.168.15.4","MQTT","70","Connect Ack"
"1709805","7033.794047404","192.168.15.3","192.168.15.4","MQTT","70","Publish Ack (id=6940)"
"1709807","7033.794890718","192.168.15.4","192.168.15.3","MQTT","68","Disconnect Req"
"1710103","7034.799427129","192.168.15.4","192.168.15.3","MQTT","90","Connect Command"
"1710105","7034.802058071","192.168.15.4","192.168.15.3","MQTT","97","Publish Message (id=6941) [Deviceb'Device - 2']"
"1710106","7034.802475870","192.168.15.3","192.168.15.4","MQTT","70","Connect Ack"
"1710109","7034.804888259","192.168.15.3","192.168.15.4","MQTT","70","Publish Ack (id=6941)"
"1710111","7034.805308102","192.168.15.4","192.168.15.3","MQTT","68","Disconnect Req"
"1710380","7035.810521943","192.168.15.4","192.168.15.3","MQTT","90","Connect Command"
"1710382","7035.813456148","192.168.15.4","192.168.15.3","MQTT","97","Publish Message (id=6942) [Deviceb'Device - 2']"
"1710383","7035.813857236","192.168.15.3","192.168.15.4","MQTT","70","Connect Ack"
"1710386","7035.816308018","192.168.15.3","192.168.15.4","MQTT","70","Publish Ack (id=6942)"
"1710388","7035.816776322","192.168.15.4","192.168.15.3","MQTT","68","Disconnect Req"
"1710723","7036.820778643","192.168.15.4","192.168.15.3","MQTT","90","Connect Command"
"1710725","7036.823846600","192.168.15.4","192.168.15.3","MQTT","97","Publish Message (id=6943) [Deviceb'Device - 2']"
"1710727","7036.828149301","192.168.15.3","192.168.15.4","MQTT","70","Connect Ack"
"1710729","7036.830530531","192.168.15.3","192.168.15.4","MQTT","70","Publish Ack (id=6943)"
"1710731","7036.830882316","192.168.15.4","192.168.15.3","MQTT","68","Disconnect Req"
"1710952","7037.834620257","192.168.15.4","192.168.15.3","MQTT","90","Connect Command"
"1710954","7037.837626849","192.168.15.4","192.168.15.3","MQTT","97","Publish Message (id=6944) [Deviceb'Device - 2']"
"1710955","7037.838074565","192.168.15.3","192.168.15.4","MQTT","70","Connect Ack"
"1710958","7037.840467166","192.168.15.3","192.168.15.4","MQTT","70","Publish Ack (id=6944)"
"1710960","7037.841466394","192.168.15.4","192.168.15.3","MQTT","68","Disconnect Req"
"1711295","7038.845059723","192.168.15.4","192.168.15.3","MQTT","90","Connect Command"
"1711297","7038.848107843","192.168.15.4","192.168.15.3","MQTT","97","Publish Message (id=6945) [Deviceb'Device - 2']"
"1711298","7038.848561320","192.168.15.3","192.168.15.4","MQTT","70","Connect Ack"
"1711301","7038.851208122","192.168.15.3","192.168.15.4","MQTT","70","Publish Ack (id=6945)"
"1711303","7038.851443306","192.168.15.4","192.168.15.3","MQTT","68","Disconnect Req"
"1711513","7039.855527874","192.168.15.4","192.168.15.3","MQTT","90","Connect Command"
"1711515","7039.858435027","192.168.15.4","192.168.15.3","MQTT","97","Publish Message (id=6946) [Deviceb'Device - 2']"
"1711516","7039.858836807","192.168.15.3","192.168.15.4","MQTT","70","Connect Ack"
"1711519","7039.861382928","192.168.15.3","192.168.15.4","MQTT","70","Publish Ack (id=6946)"
"1711521","7039.862049718","192.168.15.4","192.168.15.3","MQTT","68","Disconnect Req"
"1711842","7040.866295901","192.168.15.4","192.168.15.3","MQTT","90","Connect Command"
"1711844","7040.869230046","192.168.15.4","192.168.15.3","MQTT","97","Publish Message (id=6947) [Deviceb'Device - 2']"
"1711845","7040.869630493","192.168.15.3","192.168.15.4","MQTT","70","Connect Ack"
"1711848","7040.872286351","192.168.15.3","192.168.15.4","MQTT","70","Publish Ack (id=6947)"
"1711850","7040.872958011","192.168.15.4","192.168.15.3","MQTT","68","Disconnect Req"
"1712080","7041.876695232","192.168.15.4","192.168.15.3","MQTT","90","Connect Command"
"1712082","7041.879625330","192.168.15.4","192.168.15.3","MQTT","97","Publish Message (id=6948) [Deviceb'Device - 2']"
"1712084","7041.883986761","192.168.15.3","192.168.15.4","MQTT","70","Connect Ack"
"1712086","7041.886463922","192.168.15.3","192.168.15.4","MQTT","70","Publish Ack (id=6948)"
"1712088","7041.886990838","192.168.15.4","192.168.15.3","MQTT","68","Disconnect Req"
"1712405","7042.890913210","192.168.15.4","192.168.15.3","MQTT","90","Connect Command"
"1712407","7042.893473648","192.168.15.4","192.168.15.3","MQTT","97","Publish Message (id=6949) [Deviceb'Device - 2']"
"1712408","7042.893918790","192.168.15.3","192.168.15.4","MQTT","70","Connect Ack"
"1712411","7042.896335727","192.168.15.3","192.168.15.4","MQTT","70","Publish Ack (id=6949)"
"1712413","7042.896653537","192.168.15.4","192.168.15.3","MQTT","68","Disconnect Req"
"1712631","7043.900753506","192.168.15.4","192.168.15.3","MQTT","90","Connect Command"
"1712657","7043.904512860","192.168.15.4","192.168.15.3","MQTT","97","Publish Message (id=6950) [Deviceb'Device - 2']"
"1712658","7043.904521105","192.168.15.3","192.168.15.4","MQTT","70","Connect Ack"
"1712662","7043.907529059","192.168.15.3","192.168.15.4","MQTT","70","Publish Ack (id=6950)"
"1712664","7043.908090220","192.168.15.4","192.168.15.3","MQTT","68","Disconnect Req"
"1712952","7044.912410053","192.168.15.4","192.168.15.3","MQTT","90","Connect Command"
"1712954","7044.915927279","192.168.15.3","192.168.15.4","MQTT","70","Connect Ack"
"1712955","7044.915967025","192.168.15.4","192.168.15.3","MQTT","97","Publish Message (id=6951) [Deviceb'Device - 2']"
"1712958","7044.918762868","192.168.15.3","192.168.15.4","MQTT","70","Publish Ack (id=6951)"
"1712960","7044.919597445","192.168.15.4","192.168.15.3","MQTT","68","Disconnect Req"
